1:	0.2332 0.0011 0.0089 0.1394 0.0088 0.0861 0.0011 0.1724 0.3490 	13
2:	0.3642 0.0000 0.0698 0.2492 0.0000 0.0514 0.0714 0.0326 0.1615 	14
3:	0.0944 0.0800 0.1963 0.0377 0.1908 0.1547 0.1181 0.0410 0.0871 	18
4:	0.0756 0.1818 0.0644 0.1436 0.0000 0.2650 0.0000 0.1311 0.1385 	11
5:	0.0727 0.3388 0.0000 0.1773 0.0000 0.1080 0.1667 0.0328 0.1036 	6
6:	0.0395 0.4723 0.0537 0.0272 0.3493 0.0078 0.0023 0.0046 0.0433 	17
7:	0.0000 0.0000 0.0000 0.1429 0.0000 0.2180 0.0000 0.0000 0.6392 	1
8:	0.0000 0.0000 0.0135 0.5153 0.0000 0.2659 0.0000 0.0820 0.1234 	1
9:	0.0000 0.0000 1.0000 0.0000 0.0000 0.0000 0.0000 0.0000 0.0000 	1
10:	0.1201 0.0000 0.1167 0.2522 0.0000 0.1508 0.0000 0.1871 0.1731 	1
11:	0.2807 0.0000 0.2260 0.0783 0.0000 0.1177 0.0000 0.0000 0.2973 	2
12:	0.2386 0.0000 0.0978 0.2184 0.1250 0.0882 0.0000 0.0241 0.2079 	8
13:	0.2857 0.0000 0.0000 0.0000 0.0000 0.6477 0.0000 0.0000 0.0666 	1
