1:	0.0000 0.6393 0.0000 0.0000 0.0000 0.0000 0.0000 0.0000 0.0000 0.0000 0.0000 0.0000 0.2193 0.0000 0.0000 0.0000 0.0000 0.1414 0.0000 	1
2:	0.2632 0.0000 0.0000 0.0000 0.0000 0.5000 0.0000 0.0000 0.0492 0.0000 0.0000 0.1525 0.0000 0.0351 0.0000 0.0000 0.0000 0.0000 0.0000 	2
3:	0.1316 0.0000 0.0016 0.1339 0.0027 0.0312 0.3441 0.0000 0.1239 0.0000 0.0000 0.0467 0.0000 0.0166 0.0000 0.0000 0.0000 0.0198 0.1480 	6
4:	0.0558 0.0000 0.0000 0.0000 0.0000 0.0000 0.2500 0.0000 0.1344 0.0000 0.0000 0.0001 0.0000 0.3632 0.0861 0.0000 0.0000 0.0271 0.0833 	4
5:	0.1231 0.0000 0.0176 0.2163 0.0000 0.0667 0.0307 0.0000 0.0067 0.0059 0.1158 0.0877 0.0000 0.0820 0.2010 0.0222 0.0222 0.0000 0.0022 	15
6:	0.0000 0.3750 0.0872 0.0000 0.0833 0.0000 0.0000 0.1250 0.0000 0.0000 0.0378 0.0000 0.0000 0.0779 0.0113 0.0000 0.0417 0.1608 0.0000 	8
7:	0.0335 0.0764 0.0932 0.0500 0.1253 0.1000 0.0167 0.0017 0.0834 0.0000 0.0568 0.0955 0.0220 0.0675 0.1463 0.0000 0.0247 0.0030 0.0043 	20
8:	0.0417 0.0265 0.1290 0.0476 0.0635 0.0000 0.0062 0.0000 0.0676 0.0000 0.1091 0.1295 0.1556 0.0920 0.0245 0.0000 0.0317 0.0437 0.0317 	21
9:	0.0491 0.0119 0.2475 0.0000 0.1191 0.0000 0.0238 0.0000 0.0000 0.0714 0.1096 0.2003 0.0476 0.0294 0.0137 0.0000 0.0238 0.0527 0.0000 	14
10:	0.0000 0.0000 0.0000 0.0000 0.0000 0.4598 0.0000 0.0000 0.0000 0.0000 0.2164 0.0000 0.0000 0.0000 0.0000 0.2381 0.0000 0.0000 0.0857 	1
11:	0.0000 0.0000 0.0000 0.0913 0.0000 0.2066 0.0000 0.0000 0.0000 0.4643 0.0000 0.0000 0.0156 0.0000 0.0000 0.1111 0.1111 0.0000 0.0000 	3
12:	0.0000 0.2000 0.0000 0.7911 0.0000 0.0000 0.0000 0.0000 0.0000 0.0000 0.0000 0.0000 0.0000 0.0000 0.0000 0.0000 0.0089 0.0000 0.0000 	5
13:	0.0000 0.0000 0.0000 0.4536 0.0000 0.0000 0.0000 0.0000 0.0000 0.0000 0.0000 0.0000 0.3333 0.0000 0.0000 0.0000 0.0464 0.1666 0.0000 	2
14:	0.0000 0.0775 0.0348 0.0000 0.2025 0.0372 0.0000 0.2000 0.0000 0.0000 0.0226 0.0000 0.2253 0.0000 0.0000 0.1333 0.0000 0.0667 0.0000 	5
15:	0.0000 0.3633 0.0149 0.0000 0.0000 0.1475 0.0000 0.2081 0.0000 0.0000 0.0174 0.0000 0.0000 0.0952 0.0000 0.1060 0.0000 0.0476 0.0000 	7
