0.0189325 0.0000998 0.9808679 0.0000998
0.9508718 0.0000992 0.0360384 0.0129906
0.3362159 0.0000997 0.6462626 0.0174219
0.9049788 0.0027456 0.0905564 0.0017192
0.2243618 0.0019918 0.7411156 0.0325308
0.1817381 0.0145182 0.7534716 0.0502721
0.0171578 0.0000997 0.9826428 0.0000997
0.0137791 0.0009918 0.9844332 0.0007959
0.8731613 0.0079583 0.1187807 0.0000998
0.9354194 0.0042896 0.0432159 0.0170752
0.9982575 0.0001006 0.0015421 0.0000998
0.9661296 0.0014420 0.0323285 0.0000999
0.5640084 0.0000996 0.2318899 0.2040022
0.7336962 0.0000996 0.1122175 0.1539867
0.9525811 0.0000992 0.0472205 0.0000992
0.5962059 0.0000997 0.2739779 0.1297165
0.0134442 0.0047270 0.9755785 0.0062503
0.9528539 0.0049318 0.0388317 0.0033826
0.9682001 0.0128498 0.0188502 0.0000999
0.9985997 0.0011060 0.0001944 0.0000999
0.9560173 0.0021053 0.0204657 0.0214116
0.6190315 0.0499996 0.1823312 0.1486376
0.1100459 0.0050533 0.0034428 0.8814580
0.0021082 0.0001014 0.9976906 0.0000998
0.0001000 0.0268411 0.9637150 0.0093439
0.8347319 0.0337530 0.0935410 0.0379741
0.8757979 0.0047379 0.1169566 0.0025077
0.0000999 0.9883344 0.0031120 0.0084538
0.8981778 0.0099877 0.0679019 0.0239326
0.0815209 0.0000993 0.9177083 0.0006716
0.9895347 0.0000998 0.0041383 0.0062273
0.9850689 0.0010684 0.0000999 0.0137627
0.9334143 0.0000999 0.0663857 0.0000999
0.9312103 0.0000999 0.0598046 0.0088852
0.8933072 0.0146319 0.0280063 0.0640546
0.4911222 0.1764625 0.0487999 0.2836155
0.0000996 0.0037746 0.0001015 0.9960243
0.9462725 0.0054391 0.0470724 0.0012161
0.9480627 0.0253014 0.0224586 0.0041773
0.8779609 0.0078826 0.1140566 0.0000999
0.9532940 0.0149059 0.0317000 0.0001001
0.8565608 0.0603019 0.0669650 0.0161723
0.8944317 0.0000994 0.0946825 0.0107863
0.0000998 0.9974691 0.0023313 0.0000998
0.7084175 0.1405985 0.0380960 0.1128881
0.0000996 0.0024724 0.0016277 0.9958003
0.0000995 0.0055199 0.0000995 0.9942811
0.9389256 0.0001078 0.0440173 0.0169492
0.8792318 0.0056461 0.1005865 0.0145356
0.8929321 0.0098545 0.0892605 0.0079530
0.9351731 0.0014741 0.0493070 0.0140458
0.2878729 0.2038949 0.1161589 0.3920734
0.0463978 0.0048615 0.9327650 0.0159757
0.0000995 0.0039601 0.0025064 0.9934340
0.9206361 0.0000991 0.0591508 0.0201139
0.8876831 0.0173481 0.0732411 0.0217278
0.0538925 0.0388734 0.8909321 0.0163020
0.9267555 0.0192916 0.0380845 0.0158683
0.9087557 0.0000992 0.0645737 0.0265714
0.9072110 0.0000996 0.0356946 0.0569947
0.9628153 0.0045344 0.0240003 0.0086501
0.9350453 0.0000998 0.0634233 0.0014316
0.8264733 0.0732107 0.0839902 0.0163259
0.9076207 0.0000997 0.0240750 0.0682046
0.8022111 0.0168191 0.0801237 0.1008461
0.9148887 0.0098676 0.0309535 0.0442902
0.9543689 0.0000993 0.0454324 0.0000993
0.9280071 0.0001000 0.0432853 0.0286076
0.9463525 0.0109677 0.0267903 0.0158895
0.9471683 0.0020296 0.0311297 0.0196724
0.8730859 0.0198611 0.0773545 0.0296985
0.8394608 0.0000995 0.0783727 0.0820670
0.8805876 0.0238597 0.0427949 0.0527579
0.8821876 0.0244677 0.0365503 0.0567945
0.9092504 0.0031794 0.0355924 0.0519778
0.9175087 0.0210335 0.0320058 0.0294521
0.0421851 0.0418905 0.8778580 0.0380664
0.9201906 0.0294381 0.0211043 0.0292669
0.9481717 0.0000994 0.0425224 0.0092064
0.9469877 0.0000998 0.0392851 0.0136275
0.8931306 0.0054107 0.0396199 0.0618388
0.8972226 0.0009296 0.0847246 0.0171232
0.7419652 0.0001000 0.1291666 0.1287682
0.9247602 0.0028683 0.0647761 0.0075954
0.8693403 0.0051227 0.1237530 0.0017839
0.9343435 0.0130757 0.0461910 0.0063899
0.9147385 0.0009940 0.0602423 0.0240252
0.0001001 0.8994290 0.0099636 0.0905072
0.4390619 0.2953582 0.0191290 0.2464509
0.0698713 0.0163306 0.8541185 0.0596795
0.4983904 0.0438139 0.0646137 0.3931820
0.8527232 0.0000999 0.0839841 0.0631928
0.4811223 0.1584068 0.0337652 0.3267057
0.7409799 0.0091591 0.0996618 0.1501992
0.3949699 0.0001001 0.5809703 0.0239597
0.3743641 0.3017318 0.0112671 0.3126370
0.9371191 0.0000991 0.0620211 0.0007608
0.0228431 0.9742411 0.0001001 0.0028157
0.8673921 0.0588729 0.0432189 0.0305161
0.0000999 0.9843416 0.0000999 0.0154587
0.0000999 0.9870602 0.0000999 0.0127401
0.0090677 0.9898909 0.0001841 0.0008573
0.0001009 0.9656866 0.0134920 0.0207205
0.0671618 0.0348235 0.8609073 0.0371074
0.0022571 0.9785875 0.0190551 0.0001003
0.0001001 0.9795047 0.0001001 0.0202951
0.0271981 0.9462684 0.0001004 0.0264331
0.0000997 0.9956418 0.0000997 0.0041588
0.0068989 0.9929012 0.0000999 0.0000999
0.0057115 0.9916579 0.0001001 0.0025306
0.0000995 0.9952152 0.0000995 0.0045857
0.0022007 0.9717039 0.0132469 0.0128485
0.0053538 0.9944023 0.0001438 0.0001001
0.0377921 0.1706186 0.7852431 0.0063462
0.0001001 0.9948867 0.0021328 0.0028804
0.9009255 0.0069798 0.0796869 0.0124078
0.1038183 0.2298780 0.1004570 0.5658468
0.9699168 0.0000996 0.0000996 0.0298841
0.4622090 0.2061834 0.0001007 0.3315069
0.5009918 0.2868776 0.0000999 0.2120307
0.8643996 0.0535113 0.0520509 0.0300382
0.2570977 0.1917925 0.0675255 0.4835844
0.9573326 0.0047175 0.0354987 0.0024512
0.9326919 0.0026621 0.0645460 0.0001000
0.0000994 0.9933160 0.0064852 0.0000994
0.9341866 0.0154010 0.0371042 0.0133082
0.3617092 0.4783777 0.0313347 0.1285784
0.0060987 0.9937012 0.0001001 0.0001001
0.7359165 0.1695459 0.0657695 0.0287681
0.9341942 0.0111525 0.0545533 0.0001000
0.9863340 0.0001076 0.0134586 0.0000998
0.9054955 0.0035132 0.0812607 0.0097307
0.1470611 0.7866206 0.0001003 0.0662179
0.0000997 0.9969121 0.0000997 0.0028885
0.6950583 0.2285705 0.0750313 0.0013399
0.0000998 0.9976401 0.0000998 0.0021603
0.0002392 0.9945462 0.0001000 0.0051145
0.8143957 0.1265881 0.0555663 0.0034498
0.9157962 0.0277084 0.0563954 0.0001000
0.0001009 0.9762862 0.0135010 0.0101119
0.8365535 0.0215875 0.1247042 0.0171548
0.0224927 0.9717464 0.0001018 0.0056591
0.9309689 0.0261379 0.0337520 0.0091411
0.0000996 0.9962073 0.0000996 0.0035934
0.0000998 0.9942983 0.0055020 0.0000998
0.8512323 0.0573533 0.0760511 0.0153633
0.9246340 0.0035989 0.0521955 0.0195716
0.9532815 0.0164849 0.0301335 0.0001001
0.9169278 0.0000998 0.0640359 0.0189366
0.9490131 0.0000992 0.0477197 0.0031680
0.4185342 0.4052569 0.0292976 0.1469114
0.9054027 0.0581903 0.0325234 0.0038836
0.9435580 0.0357419 0.0095162 0.0111839
0.8837974 0.0459180 0.0482639 0.0220206
0.9175200 0.0106261 0.0717539 0.0000999
0.0000999 0.9986064 0.0009239 0.0003699
0.0000998 0.9836860 0.0126053 0.0036089
0.9289745 0.0179701 0.0529520 0.0001034
0.0001000 0.9913206 0.0033733 0.0052060
0.0001002 0.9878876 0.0082472 0.0037650
0.0000998 0.9840704 0.0112342 0.0045956
0.0001519 0.9879302 0.0118181 0.0000998
0.0000998 0.9977829 0.0000998 0.0020175
0.0120676 0.9652981 0.0185077 0.0041266
