1.2552618 0.0284707 0.2362276 0.0628740 0.2864792 0.2305726 0.3706288 0.3100420 0.0345797 0.0067688 0.0048637 0.0293556 0.0594943 0.0175826 0.0348997 0.0903591 0.3071961 0.0397047 -0.0107637 0.0013897 0.0256874 0.0374643 -0.0743489 0.4242522 0.3648915 0.0156764 0.0385954 -0.1860967 0.0506277 0.3298405 -0.0108887 -0.0187419 0.0319068 0.0371867 -0.0081802 -0.0379023 -0.0969149 0.0211030 0.0148780 0.0369251 0.0237776 0.0153876 0.0452711 -0.1773065 -0.0249655 -0.0922023 -0.0971005 0.0066646 0.0407330 0.0365164 0.0325282 -0.0345035 0.3414907 -0.0940347 0.0216431 0.0105940 0.2682948 0.0181508 0.0318597 0.0117189 0.0098136 0.0329940 0.0317290 0.0064344 0.0216864 0.0162861 0.0225835 0.0209156 0.0175214 0.0186208 0.0237193 0.0173204 0.0041133 -0.0118763 0.0000123 0.0082632 0.2707718 0.0062963 0.0361838 0.0459700 0.0361530 0.0294887 0.0333104 0.0382714 0.0457489 0.0185933 0.0357736 -0.1865811 -0.0722068 0.3183463 -0.0176222 0.0263479 -0.0384874 0.0205978 0.2010423 -0.0860270 0.0174852 -0.1955392 0.0035948 -0.1977368 -0.2088653 -0.1857008 -0.1783573 0.3385140 -0.1899741 -0.1863001 -0.1888281 -0.2018803 -0.1856627 -0.1891961 -0.1922047 -0.1872323 -0.1998172 0.2028419 -0.1972699 0.0482017 -0.0532172 0.0072445 -0.0690844 -0.1048164 -0.0038641 -0.0488357 0.0210477 0.0217207 -0.1927135 0.0157212 -0.0918278 -0.1955865 -0.0186398 0.0355341 -0.0019691 0.0231741 -0.1698569 -0.1853808 -0.0190129 -0.2015546 -0.2033232 -0.0012446 0.0245402 -0.1751216 0.0370692 -0.1875843 0.0139797 -0.1888829 -0.1830110 0.0125659 0.0152173 0.0140696 0.0242676 0.0205375 -0.0796107 -0.0100688 -0.0111391 0.0199506 0.0298602 -0.1826998 -0.1749287 0.0137509 -0.1853211 -0.1755262 -0.1820148 -0.1898954 -0.1925838 -0.1864238
0.0284707 1.0526847 0.0530364 0.1145355 0.0415356 0.0247195 0.0215244 0.0119221 0.0678577 0.0972611 0.0773262 0.0968094 0.0619969 0.0817844 0.1186638 0.0605003 0.0293070 0.1013005 0.0977219 0.0781921 0.0948217 0.0363247 -0.0863137 0.0180884 0.0042892 0.0973917 0.0856622 -0.2464517 0.1164902 0.0400700 0.0921149 0.0893934 0.1055818 0.1021065 0.0863507 -0.0267637 -0.1240884 0.1123213 0.0869953 0.0700066 0.0927326 0.0818693 0.1212446 -0.2486187 0.0421693 -0.1220261 -0.1115941 0.1126150 0.1056048 0.0948216 0.1191688 -0.0723068 0.0018818 -0.1262559 0.1122664 0.0910296 0.0071281 0.1057517 0.1095248 0.0908668 0.1101544 0.1139038 0.0890798 0.1040821 0.0825872 0.1058905 0.0972257 0.0926295 0.0914351 0.1209592 0.0850995 0.0964274 0.0924288 0.0837281 0.1154339 0.1047975 0.0083667 0.0964944 0.1127319 0.1216596 0.0884573 0.0989800 0.0656289 0.0868365 0.0995986 0.1219553 0.1093134 -0.2518548 -0.0548593 -0.0054343 0.0050190 0.0875567 -0.0207042 0.0746038 0.0540144 -0.0669520 0.1074230 -0.2493061 0.0722074 -0.2506110 -0.2562558 -0.2413324 -0.2524058 0.0006566 -0.2483937 -0.2529463 -0.2374520 -0.2586279 -0.2472268 -0.2464290 -0.2647523 -0.2470991 -0.2544924 -0.0301680 -0.2629405 0.1629373 -0.1053512 0.1292431 -0.0482821 -0.0355779 0.0883731 -0.0671003 0.1084100 0.0997311 -0.2586008 0.1271977 -0.1020770 -0.2471970 0.0402671 0.1081040 0.1082312 0.0870916 -0.1978577 -0.2637129 0.0202561 -0.2603158 -0.2531734 0.0610364 0.1030162 -0.2437845 0.0705426 -0.2377375 0.1152920 -0.2540008 -0.2368757 0.0675587 0.1099695 0.0995759 0.1011475 0.1217168 -0.0814863 0.0913340 0.1336896 0.0860605 0.0981406 -0.2519584 -0.2568749 0.1163839 -0.2502650 -0.2427572 -0.2508125 -0.2395743 -0.2498582 -0.2485420
0.2362276 0.0530364 1.1664712 0.0650170 0.1892811 0.1598842 0.2365189 0.2180237 0.0513201 0.0355329 0.0425005 0.0328709 0.0589147 0.0504380 0.0530350 0.0763084 0.2152110 0.0513872 0.0417585 0.0431922 0.0594664 0.0477418 -0.0590521 0.2154676 0.1821263 0.0542985 0.0740559 -0.2029521 0.0363965 0.2238069 0.0435261 0.0406425 0.0662796 0.0461912 0.0271991 -0.0296010 -0.0801544 0.0453889 0.0231148 0.0514713 0.0308597 0.0459542 0.0662227 -0.2151784 -0.0021212 -0.0679498 -0.0774297 0.0406013 0.0606426 0.0698131 0.0531538 -0.0480555 0.2082165 -0.0710282 0.0441562 0.0545720 0.2143435 0.0572682 0.0473203 0.0599895 0.0289127 0.0288291 0.0350695 0.0444774 0.0435093 0.0348636 0.0454554 0.0479839 0.0440864 0.0511233 0.0529360 0.0654193 0.0384682 0.0211762 0.0322991 0.0429226 0.1623089 0.0229857 0.0385583 0.0412437 0.0291457 0.0493153 0.0625114 0.0558641 0.0793513 0.0737225 0.0577833 -0.1927468 -0.0606020 0.2016138 -0.0053376 0.0607164 -0.0315537 0.0506610 0.2571698 -0.0637899 0.0525448 -0.2025879 0.0365284 -0.2113261 -0.2164162 -0.2060830 -0.2145553 0.1916487 -0.2127789 -0.2121760 -0.2051970 -0.2105230 -0.2020816 -0.2146838 -0.2057631 -0.2076628 -0.2079554 0.1377184 -0.2087403 0.0578403 -0.0695956 0.0362270 -0.0498319 -0.0781244 0.0210621 -0.0408991 0.0430683 0.0600806 -0.2117674 0.0505672 -0.0966275 -0.2180504 -0.0100096 0.0409004 0.0605636 0.0437231 -0.1755808 -0.2072125 0.0004734 -0.2192709 -0.2159913 0.0344327 0.0331832 -0.2083223 0.0274425 -0.2079112 0.0399580 -0.2162463 -0.2001357 0.0271126 0.0386364 0.0449279 0.0430517 0.0306189 -0.0838766 0.0256784 0.0174243 0.0178889 0.0279686 -0.2101596 -0.2096735 0.0411615 -0.2054868 -0.1991574 -0.2125892 -0.1975598 -0.2028650 -0.1915461
0.0628740 0.1145355 0.0650170 0.9057536 0.0512738 0.0325610 0.0306575 0.0258341 0.0941067 0.1009110 0.1075918 0.0936738 0.0458308 0.0704838 0.1146894 0.0598102 0.0165914 0.0994724 0.0967726 0.1065639 0.0942478 0.0406352 -0.0971548 0.0315073 0.0162984 0.0782803 0.0840585 -0.2388938 0.1015700 0.0424774 0.1433989 0.1454936 0.0919870 0.0961430 0.0824955 -0.0274395 -0.1390710 0.0988428 0.1323750 0.0936814 0.0897591 0.0790996 0.1063880 -0.2541038 0.0289622 -0.1309719 -0.1322913 0.1035997 0.0958291 0.0838005 0.0988166 -0.0691068 0.0313953 -0.1378206 0.1090390 0.0966032 0.0126276 0.0772024 0.1139525 0.1124090 0.1003656 0.0881804 0.0772636 0.1017401 0.0685267 0.0991494 0.1175059 0.1012763 0.1084486 0.0832103 0.0771422 0.0796255 0.0883600 0.0826048 0.1004198 0.0920378 0.0062378 0.0953046 0.1143341 0.0973143 0.0935040 0.0722500 0.0701899 0.0967535 0.0829320 0.1128899 0.1096525 -0.2264769 -0.0617217 0.0236380 -0.0014303 0.1013416 -0.0238576 0.0660743 0.0605853 -0.0729569 0.1227659 -0.2352821 0.0743301 -0.2386031 -0.2456075 -0.2397899 -0.2387745 0.0253473 -0.2375987 -0.2370947 -0.2308579 -0.2381379 -0.2407672 -0.2327049 -0.2460752 -0.2425572 -0.2380757 -0.0067783 -0.2401276 0.0901898 -0.1008084 0.0827521 -0.0467785 -0.0408735 0.0861179 -0.0771930 0.1069277 0.0915092 -0.2441134 0.1055756 -0.0952188 -0.2370183 0.0339169 0.0677899 0.1176270 0.0911080 -0.1831914 -0.2545739 0.0208034 -0.2571035 -0.2432534 0.0559363 0.0978521 -0.2292422 0.0836160 -0.2375061 0.0865040 -0.2504581 -0.2370914 0.0678842 0.0839005 0.0892403 0.1045918 0.0962061 -0.0771415 0.0945758 0.0899900 0.0946950 0.0847399 -0.2312168 -0.2377610 0.0901370 -0.2417088 -0.2355677 -0.2407484 -0.2371323 -0.2372556 -0.2284770
0.2864792 0.0415356 0.1892811 0.0512738 0.9913642 0.1949471 0.3125429 0.2524035 0.0386290 0.0294643 0.0310490 0.0218429 0.0790403 0.0471880 0.0536971 0.0873874 0.2275857 0.0276380 0.0322179 0.0301160 0.0372562 0.0485312 -0.0400662 0.2822804 0.2379155 0.0276684 0.0386242 -0.1849031 0.0257230 0.2922115 0.0236234 0.0254617 0.1187955 0.0290974 0.0270565 -0.0283165 -0.0525851 0.0272748 0.0132462 0.0377939 0.0184899 0.0193574 0.0419263 -0.2001512 -0.0083596 -0.0522844 -0.0646306 0.0272400 0.0442752 0.0369606 0.0532449 -0.0180881 0.2872582 -0.0447832 0.0317750 0.0300869 0.2130577 0.0377269 0.0391963 0.0247935 0.0229775 0.0446808 0.0135223 0.0306280 0.0316616 0.0316815 0.0313583 0.0439603 0.0341874 0.0257136 0.0359885 0.0386794 0.0311125 0.0245250 0.0288367 0.0250521 0.2092209 0.0185356 0.0249674 0.0319491 0.0145590 0.0344223 0.0416592 0.0308440 0.0430066 0.0330006 0.0294221 -0.1879768 -0.0516446 0.2658896 -0.0016093 0.0348899 -0.0170841 0.0327697 0.1700259 -0.0594148 0.0345290 -0.1918569 0.0251464 -0.2037550 -0.1892661 -0.1930308 -0.1837656 0.2421621 -0.1807454 -0.1871361 -0.1828011 -0.1989591 -0.1903499 -0.1936588 -0.2015462 -0.1891289 -0.1935432 0.1639524 -0.2040322 0.0399452 -0.0371244 0.0149576 -0.0503717 -0.0771696 0.0217901 -0.0360858 0.0172254 0.0301819 -0.1991790 0.0267293 -0.0796990 -0.1958236 -0.0003326 0.0316189 0.0229091 0.0396981 -0.1600935 -0.1976224 -0.0082583 -0.1986842 -0.1920895 -0.0011118 0.0158305 -0.1836892 0.0329803 -0.1830506 0.0220953 -0.1974096 -0.1875322 0.0239584 0.0513504 0.0100031 0.0308637 0.0472319 -0.0629983 0.0446116 0.0057145 0.0038048 0.0512433 -0.1941367 -0.1900761 0.0272890 -0.1932799 -0.1891042 -0.1982253 -0.1958379 -0.2018187 -0.1822405
0.2305726 0.0247195 0.1598842 0.0325610 0.1949471 0.9921517 0.2636850 0.3448869 0.0701720 0.0283301 0.0426738 0.0313078 0.0731243 0.0411829 0.0201443 0.0958793 0.3444318 0.0180026 0.0289829 0.0405855 -0.0009314 0.0552775 -0.0158163 0.2398486 0.2091677 0.0171068 0.0379633 -0.1798224 0.0175546 0.2374778 0.0162750 0.0131092 0.0199797 0.0145521 0.0213395 -0.0175335 -0.0165560 0.0284114 0.0069965 0.0664310 0.0272957 0.0243148 0.0315029 -0.1826348 -0.0097474 -0.0237806 -0.0364719 0.0253777 0.0357184 0.0380027 0.0276377 -0.0155132 0.2185126 -0.0268995 0.0171557 0.0321423 0.2877657 0.0123225 0.0163230 0.0329550 0.0207671 0.0374664 0.0159467 0.0198171 0.0246231 0.0308005 0.0296707 0.0053797 0.0103427 0.0174589 0.0328294 0.0364248 0.0120465 0.0207300 0.0216172 0.0080784 0.2786610 0.0226043 0.0229709 0.0203559 0.0280503 0.0500460 0.0495957 0.0271837 0.0482724 0.0118095 0.0115857 -0.1607483 -0.0500558 0.2183468 0.0093927 0.0267863 -0.0219474 0.0123321 0.1528894 -0.0568550 0.0289605 -0.1809179 0.0109051 -0.1854120 -0.1829982 -0.1788082 -0.1743039 0.2083606 -0.1676740 -0.1807787 -0.1708953 -0.1860309 -0.1847557 -0.1798334 -0.1843232 -0.1711303 -0.1793777 0.2503812 -0.1784779 0.0252981 0.0030274 0.0083364 -0.0407142 -0.0678154 0.0154899 -0.0249804 0.0298890 0.0231031 -0.1826311 0.0221898 -0.0780674 -0.1762861 -0.0086334 0.0220819 0.0162787 0.0211340 -0.1558258 -0.1742746 -0.0123716 -0.1875997 -0.1820277 -0.0055801 0.0302607 -0.1715449 0.0395415 -0.1697011 0.0251313 -0.1769759 -0.1783362 0.0302001 0.0309572 0.0191841 0.0310585 0.0230962 -0.0722820 0.0183057 -0.0086787 0.0016379 0.0213831 -0.1721137 -0.1719821 0.0197787 -0.1748130 -0.1768274 -0.1649432 -0.1807638 -0.1931087 -0.1684527
0.3706288 0.0215244 0.2365189 0.0306575 0.3125429 0.2636850 1.2494513 0.3019103 0.0383546 0.0239082 0.0084230 0.0280235 0.0609159 0.0436171 0.0069293 0.0820312 0.3024134 0.0138056 0.0140485 0.0083836 0.0132484 0.0574093 -0.0761996 0.3774975 0.3173078 0.0235051 0.0239637 -0.1904046 0.0181655 0.3817648 -0.0020604 -0.0073322 0.0186685 0.0160389 0.0038466 -0.0417843 -0.0886718 0.0077970 0.0154926 0.0325047 0.0236182 0.0190094 0.0347443 -0.1874851 -0.0145357 -0.0837295 -0.0861457 0.0198076 0.0328984 0.0395444 0.0420704 -0.0339004 0.3589914 -0.0765295 0.0215414 0.0159190 0.2585460 0.0038232 0.0284447 0.0155777 0.0122203 0.0225356 0.0168344 -0.0035060 0.0129615 0.0018185 0.0377555 0.0067843 0.0118416 0.0230040 0.0112875 0.0197849 0.0087400 -0.0144400 -0.0034148 -0.0143680 0.2680568 0.0059867 0.0126825 0.0370051 0.0051415 0.0277365 0.0631275 0.0333025 0.0539744 0.0266757 0.0177176 -0.1810514 -0.0803989 0.3370121 -0.0199329 0.0376401 -0.0415069 0.0143923 0.1926780 -0.0843948 0.0276929 -0.1898016 0.0200533 -0.1949149 -0.2063279 -0.1816024 -0.1770006 0.3334506 -0.1822101 -0.1975459 -0.1830295 -0.1882820 -0.1824342 -0.2002188 -0.1879630 -0.1893058 -0.1826542 0.2328917 -0.1889486 0.0436427 -0.0563436 -0.0048705 -0.0693935 -0.0976590 0.0083234 -0.0524235 0.0361568 0.0139989 -0.1821461 0.0177149 -0.0939218 -0.1997530 -0.0210703 0.0325359 -0.0039376 0.0344716 -0.1639176 -0.1847638 -0.0267219 -0.1942141 -0.1790547 -0.0059119 0.0236224 -0.1700838 0.0211498 -0.1865430 0.0070510 -0.2016635 -0.1752750 0.0270671 0.0238096 0.0119960 0.0263041 0.0189053 -0.0833380 0.0050267 0.0018579 -0.0046196 0.0285696 -0.1865945 -0.1766203 0.0245157 -0.1868331 -0.1804839 -0.1922918 -0.1813262 -0.1818822 -0.1789771
0.3100420 0.0119221 0.2180237 0.0258341 0.2524035 0.3448869 0.3019103 1.2381217 0.0137442 0.0359521 0.0106485 0.0111784 0.0655904 0.0372823 0.0031837 0.1076408 0.4096991 0.0052582 0.0103854 0.0102201 0.0019259 0.0460692 -0.0571369 0.3173340 0.2773967 0.0147383 0.0329407 -0.1892364 0.0320216 0.2682346 0.0171046 0.0097430 0.0297450 0.0215017 0.0082244 -0.0379235 -0.0843745 0.0026303 0.0012572 0.0116421 0.0083801 0.0164802 0.0300972 -0.1901519 -0.0268423 -0.0817963 -0.0860101 0.0081881 0.0438582 0.0338155 0.0123945 -0.0389340 0.2857454 -0.0846045 0.0193672 0.0249972 0.3631894 0.0332632 0.0251604 0.0106823 -0.0016069 0.0178129 0.0092281 0.0131233 0.0151542 0.0264144 0.0179526 0.0253574 0.0058153 0.0046245 0.0202974 0.0191551 -0.0022967 0.0000078 0.0100761 0.0122618 0.4540926 0.0179190 0.0163777 0.0271124 0.0058719 0.0377343 0.0375293 0.0206927 0.0297581 0.0056848 0.0439619 -0.1742092 -0.0776185 0.2787920 -0.0189218 0.0175795 -0.0448236 0.0160679 0.2031460 -0.0794005 0.0281038 -0.1962901 -0.0054823 -0.2038786 -0.2002636 -0.1873607 -0.1786172 0.2750022 -0.1780674 -0.1896634 -0.1810930 -0.2075279 -0.1916723 -0.1941174 -0.1896488 -0.1848459 -0.1917635 0.3169497 -0.1871837 0.0266293 -0.0382226 -0.0019903 -0.0703249 -0.1005223 0.0084228 -0.0344911 0.0237352 0.0271520 -0.1773594 0.0017158 -0.0946902 -0.1932220 -0.0028080 0.0285531 0.0060959 0.0239188 -0.1714185 -0.1908294 -0.0197940 -0.2027531 -0.1969490 -0.0078030 0.0349768 -0.1766024 0.0333896 -0.1839389 0.0101590 -0.1926299 -0.1807340 0.0197249 0.0363717 0.0074565 0.0405528 0.0278023 -0.0736978 -0.0023855 0.0092300 0.0057091 0.0200429 -0.1796707 -0.1781772 0.0287490 -0.1766444 -0.1813152 -0.1818519 -0.1854893 -0.1880595 -0.1717155
0.0345797 0.0678577 0.0513201 0.0941067 0.0386290 0.0701720 0.0383546 0.0137442 1.0758970 0.0945325 0.0740171 0.0649955 0.0456086 0.0539385 0.0807467 0.0586612 0.0429200 0.0851742 0.0926630 0.0695951 0.0715351 0.0317720 -0.1058874 0.0521142 0.0363840 0.0553258 0.0997063 -0.2302358 0.0740687 0.0293987 0.0647008 0.0641897 0.1053622 0.0812193 0.0836292 -0.0255197 -0.1479863 0.0837713 0.0665761 1.0218780 0.0670844 0.1150515 0.0954074 -0.2443811 0.0142153 -0.1466823 -0.1517081 0.0893512 0.1016689 0.0830562 0.0835883 -0.0760580 0.0427041 -0.1459598 0.0745446 0.0821327 0.0063155 0.0572451 0.0912750 0.0995058 0.0769608 0.1043531 0.0991418 0.0852684 0.0526096 0.0791559 0.0943433 0.0797373 0.0693117 0.0689785 0.0879668 0.0832821 0.0799510 0.0798037 0.1130468 0.0760734 0.0116231 0.0697237 0.0873346 0.0789867 0.0839584 0.0859097 0.0628359 0.0972970 0.2038760 0.0907023 0.0782391 -0.2307297 -0.0643407 0.0212383 -0.0180729 0.0703100 -0.0402679 0.0307256 0.0583228 -0.0755573 0.1061988 -0.2290035 0.0488051 -0.2463409 -0.2428311 -0.2351010 -0.2429381 0.0127102 -0.2395257 -0.2279408 -0.2204593 -0.2484043 -0.2328421 -0.2337292 -0.2465938 -0.2289714 -0.2416140 -0.0091986 -0.2346616 0.1401758 -0.1229328 0.0935467 -0.0467550 -0.0480185 0.0729908 -0.0856172 0.0729260 0.0802075 -0.2510426 0.0600903 -0.0693284 -0.2352002 0.0268179 0.0917332 0.0767760 0.0857266 -0.1848461 -0.2414080 0.0376656 -0.2392364 -0.2414205 0.0329385 0.0734951 -0.2254292 0.1987005 -0.2288013 0.0739347 -0.2403229 -0.2423112 0.0575666 0.0610485 0.0698280 0.0535695 0.0806323 -0.0787567 0.0538255 0.0750713 0.0762526 0.0707465 -0.2467329 -0.2370220 0.0843735 -0.2302479 -0.2432093 -0.2414961 -0.2281298 -0.2543130 -0.2256202
0.0067688 0.0972611 0.0355329 0.1009110 0.0294643 0.0283301 0.0239082 0.0359521 0.0945325 1.0332015 0.0996385 0.1002181 0.0519027 0.0568847 0.0968779 0.0583347 0.0082403 0.1130107 0.1015430 0.0969811 0.0883397 0.0393868 -0.0989544 0.0093653 0.0078929 0.0811905 0.0909522 -0.2360794 0.0905688 0.0324572 0.0974716 0.0900449 0.0953533 0.1149614 0.0942455 -0.0208045 -0.1330431 0.1128084 0.1005569 0.0930380 0.0966431 0.0951781 0.1214140 -0.2337083 0.0175686 -0.1312165 -0.1112415 0.1022454 0.0828407 0.1188851 0.1025796 -0.0652234 0.0284519 -0.1206730 0.0997670 0.0706880 0.0128543 0.0785481 0.1017057 0.0845192 0.1125003 0.0687927 0.0676681 0.0988706 0.0703487 0.0974196 0.0893561 0.0962477 0.0848722 0.1016137 0.0808835 0.0904934 0.0845064 0.0878523 0.0998148 0.0787587 0.0280449 0.0965624 0.1107426 0.0974292 0.1110129 0.0980087 0.0582844 0.1224036 0.1000191 0.1089596 0.1057599 -0.2346524 -0.0115139 0.0252331 0.0061610 0.1012002 -0.0209800 0.0679365 0.0510055 -0.0693749 0.0990930 -0.2270574 0.0882777 -0.2378926 -0.2479281 -0.2391665 -0.2302801 0.0216878 -0.2388873 -0.2346595 -0.2349662 -0.2445283 -0.2360522 -0.2385680 -0.2468919 -0.2288651 -0.2354997 -0.0306574 -0.2427370 0.0852789 -0.0960661 0.0900357 -0.0386779 -0.0340492 0.0847079 -0.0745203 0.0892753 0.0969602 -0.2358208 0.0824653 -0.1001292 -0.2333623 0.0176451 0.0886514 0.1077944 0.0983834 -0.1868014 -0.2454369 0.0171861 -0.2502310 -0.2370762 0.0587734 0.1224941 -0.2337274 0.0675009 -0.2333270 0.0860040 -0.2417609 -0.2467473 0.0840748 0.0929745 0.1082960 0.1279173 0.1028214 -0.0663919 0.0749745 0.0846152 0.0788786 0.0939250 -0.2370565 -0.2297263 0.1162553 -0.2337562 -0.2378552 -0.2413099 -0.2418854 -0.2413465 -0.2310788
0.0048637 0.0773262 0.0425005 0.1075918 0.0310490 0.0426738 0.0084230 0.0106485 0.0740171 0.0996385 1.0614311 0.0909767 0.0382582 0.0536183 0.1292379 0.0471053 -0.0151125 0.0973693 0.1182706 1.0044469 0.0964654 0.0594978 -0.1123906 -0.0060710 -0.0103264 0.0649798 0.0885474 -0.2571945 0.0846229 0.0178097 0.1106903 0.1099196 0.0995754 0.0963187 0.0876406 -0.0282387 -0.1571923 0.0977925 0.1125584 0.0736201 0.0811761 0.0573203 0.1082498 -0.2573323 0.0310637 -0.1512171 -0.1522084 0.1473191 0.1002479 0.0836400 0.0889262 -0.0553317 0.0216216 -0.1611949 0.0946467 0.1091300 -0.0100132 0.0994032 0.1174895 0.0828353 0.1000886 0.1001264 0.0803981 0.0847032 0.0661807 0.0779311 0.0985132 0.0922795 0.0887524 0.1015672 0.0691865 0.0778226 0.0747368 0.0807272 0.0977789 0.0917500 -0.0047260 0.0854574 0.1200150 0.1105729 0.0862054 0.1261217 0.0588198 0.1002829 0.0846605 0.1096229 0.1117074 -0.2488304 -0.0648744 0.0069601 0.0250747 0.0867621 -0.0321505 0.0603615 0.0614441 -0.0852406 0.1021572 -0.2442060 0.0772104 -0.2529143 -0.2507794 -0.2364285 -0.2487338 -0.0098719 -0.2523872 -0.2535453 -0.2343995 -0.2449397 -0.2546950 -0.2462777 -0.2533511 -0.2434875 -0.2549126 -0.0415654 -0.2559167 0.0897277 -0.1286226 0.0942927 -0.0498633 -0.0507392 0.0904944 -0.0936785 0.0953742 0.0825880 -0.2498554 0.1003937 -0.1008461 -0.2544680 0.0341236 0.1182150 0.1069000 0.0838237 -0.2027815 -0.2544145 0.0164566 -0.2556609 -0.2370915 0.0726357 0.0955484 -0.2506560 0.0782858 -0.2463604 0.0941692 -0.2468796 -0.2438685 0.0694158 0.0764454 0.1063483 0.1008930 0.0959637 -0.0826057 0.0733930 0.0953583 0.0649513 0.1040847 -0.2563114 -0.2444598 0.0829879 -0.2526391 -0.2531589 -0.2435147 -0.2393350 -0.2412093 -0.2399913
0.0293556 0.0968094 0.0328709 0.0936738 0.0218429 0.0313078 0.0280235 0.0111784 0.0649955 0.1002181 0.0909767 1.0482819 0.0354228 0.0704406 0.1003524 0.0565452 0.0319595 0.0953107 0.1074230 0.0934379 0.1072208 0.0439851 -0.1016701 0.0101220 -0.0060954 0.0830714 0.0914889 -0.2361518 0.0904072 0.0263901 0.0969920 0.0986519 0.1128540 0.1221589 0.1214546 -0.0176643 -0.1457227 0.1021766 0.0849837 0.0658274 0.9549271 0.0864773 0.0623799 -0.2490150 0.0230353 -0.1538333 -0.1363482 0.0968525 0.1031287 0.0731427 0.0939011 -0.0893341 0.0134854 -0.1377754 0.0956312 0.0985041 0.0107554 0.0989895 0.0862979 0.0904771 0.1238541 0.0859578 0.0755948 0.0917236 0.0696054 0.0754583 0.1074786 0.1083669 0.0836761 0.0785953 0.0990290 0.0868212 0.0879366 0.0760033 0.0836788 0.0861961 0.0037654 0.0807332 0.0949593 0.0978046 0.0982557 0.1108385 0.0523299 0.1007335 0.0920630 0.0665794 0.1036671 -0.2337742 -0.0575274 -0.0068517 -0.0046482 0.0928944 -0.0298335 0.0501238 0.0287277 -0.0782237 0.0698749 -0.2447950 0.0754080 -0.2531595 -0.2530052 -0.2479139 -0.2413252 0.0214472 -0.2337858 -0.2394748 -0.2470514 -0.2504583 -0.2454916 -0.2458006 -0.2588615 -0.2443706 -0.2495279 -0.0147055 -0.2409489 0.0779172 -0.1313657 0.1012759 -0.0454221 -0.0397103 0.0699437 -0.0865956 0.1000747 0.1047953 -0.2577507 0.1139728 -0.1157800 -0.2400657 0.0273019 0.1100003 0.0944217 0.0849023 -0.1989348 -0.2544788 0.0071567 -0.2618106 -0.2499330 0.0458343 0.1117227 -0.2410836 0.0774954 -0.2338295 0.0794584 -0.2496826 -0.2538294 0.0854397 0.1101197 0.1044942 0.0881610 0.0868327 -0.0792873 0.1063356 0.0775023 0.0860832 0.0800820 -0.2544196 -0.2413742 0.0987757 -0.2381128 -0.2480393 -0.2490733 -0.2539765 -0.2458016 -0.2371636
0.0594943 0.0619969 0.0589147 0.0458308 0.0790403 0.0731243 0.0609159 0.0655904 0.0456086 0.0519027 0.0382582 0.0354228 1.0047779 0.1022477 0.0859960 0.1000702 0.1231687 0.0452372 0.0379878 0.0387797 0.0407008 0.0731919 0.1642020 0.0761374 0.0673186 0.0371377 0.0477113 -0.1816647 0.0457487 0.0824100 0.0407791 0.0421464 0.0433953 0.0434079 0.0628204 0.0476756 0.1966769 0.1014083 0.0383101 0.0461026 0.0330093 0.0457773 0.1108347 -0.1959090 0.0294248 0.1958829 0.1839827 0.0691281 0.0396125 0.0386695 0.0421850 0.0694900 0.0773768 0.1849193 0.0456674 0.0433367 0.0720559 0.0452308 0.0544253 0.0453163 0.0370600 0.0396099 0.0375222 0.0712021 0.0601803 0.0501327 0.0548478 0.0485106 0.0445035 0.0446004 0.0469459 0.0690423 0.0432787 0.0521193 0.0577249 0.0451791 0.0604649 0.0363267 0.0479394 0.0397784 0.0679792 0.0424089 0.0758978 0.0392303 0.0379654 0.0377785 0.0396121 -0.1535779 0.0155563 0.0738467 0.1002758 0.0653377 0.0603057 0.0719458 0.0731292 0.0248204 0.0506669 -0.1885011 0.0331647 -0.1891349 -0.1883271 -0.1864130 -0.1808991 0.0675328 -0.1857257 -0.1822036 -0.1742757 -0.1864014 -0.1896321 -0.1940211 -0.1910854 -0.1838232 -0.1963049 0.0345080 -0.1922112 0.0435826 0.0823025 0.0391066 0.0493759 0.0057331 0.0327638 0.0734761 0.0383891 0.0335047 -0.2025673 0.0442026 -0.0521308 -0.1911838 0.0089588 0.0424631 0.0389924 0.0325858 -0.1346525 -0.1952294 0.0001579 -0.1978894 -0.1904294 0.0150493 0.0267026 -0.1864323 0.0379500 -0.1837456 0.0269787 -0.1917008 -0.1916405 0.0397478 0.0354222 0.0419786 0.0390066 0.0507397 -0.0231155 0.0375356 0.0325564 0.0424266 0.0360698 -0.1906769 -0.1899368 0.0382800 -0.1926825 -0.1834287 -0.1852942 -0.1937259 -0.1880745 -0.1843926
0.0175826 0.0817844 0.0504380 0.0704838 0.0471880 0.0411829 0.0436171 0.0372823 0.0539385 0.0568847 0.0536183 0.0704406 0.1022477 0.9387515 0.0931293 0.0863622 0.0773085 0.0580128 0.0557744 0.0534152 0.0685540 0.0700428 0.0982994 0.0234485 0.0164605 0.0708939 0.0691883 -0.2059094 0.0696565 0.0161411 0.0574264 0.0548569 0.0638175 0.0704463 0.0719020 0.0380407 0.1097946 0.1241185 0.0642602 0.0546557 0.0674926 0.0652297 0.0636602 -0.2234691 0.0463172 0.1161584 0.1076854 0.0775689 0.0722461 0.0579523 0.0719944 0.0449236 0.0268519 0.0935111 0.0715571 0.0629037 0.0168090 0.0541598 0.0732200 0.0844374 0.0689508 0.0541384 0.0618076 0.0857788 0.0707238 0.0749437 0.0741676 0.0711003 0.0674532 0.0632919 0.0650473 0.0890610 0.0738057 0.0806524 0.0759389 0.0595529 0.0335532 0.0581259 0.0699906 0.0665717 0.0709599 0.0665139 0.0940685 0.0653512 0.0611955 0.0733605 0.0737043 -0.1806739 -0.0052920 0.0327369 0.0802842 0.0895502 0.0395636 0.0802153 0.0455046 0.0014236 0.0712415 -0.2102714 0.0649144 -0.2120574 -0.2173222 -0.2169843 -0.2003638 0.0367272 -0.2103799 -0.2076658 -0.1992429 -0.2172508 -0.2183969 -0.2204902 -0.2213707 -0.2113995 -0.2184995 -0.0098342 -0.2155746 0.0598116 0.0475976 0.0697707 0.0361089 0.0057260 0.0606505 0.0267762 0.0725684 0.0639611 -0.2175086 0.0751013 -0.0655919 -0.2154079 0.0350088 0.0750953 0.0615852 0.0489130 -0.1584399 -0.2198690 0.0108984 -0.2322858 -0.2242176 0.0257766 0.0628375 -0.2135477 0.0419137 -0.2002461 0.0588397 -0.2188625 -0.2101493 0.0382770 0.0702151 0.0637908 0.0771638 0.0541481 -0.0361036 0.0510893 0.0634553 0.0769557 0.0494885 -0.2196216 -0.2189024 0.0684431 -0.2122824 -0.2127723 -0.2119162 -0.2209368 -0.2172444 -0.2034929
0.0348997 0.1186638 0.0530350 0.1146894 0.0536971 0.0201443 0.0069293 0.0031837 0.0807467 0.0968779 0.1292379 0.1003524 0.0859960 0.0931293 1.0719854 0.1062978 0.0195489 0.1232195 0.1070033 0.1310956 0.1275835 0.0395907 -0.1103989 0.0095718 0.0018168 0.0665839 0.0984044 -0.2488389 0.0900825 0.0283141 0.1015716 0.0966016 0.1057110 0.1028745 0.0918601 -0.0224528 -0.1567821 0.1251134 0.1061137 0.0796531 0.0961274 0.0723021 0.1036154 -0.2437339 0.0266723 -0.1533244 -0.1537621 0.1052855 0.0753110 0.0934807 0.1048173 -0.0793214 0.0311067 -0.1493275 0.1043164 0.0917160 0.0069712 0.0888906 0.0915397 0.1164110 0.1443450 0.1018142 0.0835316 0.0907754 0.0883734 0.0884652 0.1123865 0.1079522 0.0861728 0.1012906 0.0941803 0.0878781 0.0988919 0.0859944 0.1053829 0.1062426 0.0029884 0.1012650 0.1115598 0.0906820 0.0831983 0.1043491 0.0530730 0.1100107 0.1081316 0.0822876 0.0999724 -0.2393994 -0.0570556 0.0035618 -0.0117183 0.0980779 -0.0322541 0.0668485 0.0694870 -0.0784329 0.1176045 -0.2390590 0.1065657 -0.2532454 -0.2572064 -0.2358770 -0.2495721 0.0232714 -0.2432911 -0.2454206 -0.2349149 -0.2550890 -0.2500245 -0.2499525 -0.2571608 -0.2443103 -0.2487580 -0.0223492 -0.2548280 0.0738552 -0.1304243 0.1066978 -0.0550645 -0.0438395 0.0635681 -0.0855361 0.0927958 0.1171545 -0.2579483 0.1111977 -0.1088446 -0.2497534 0.0357447 0.1076326 0.1232443 0.0940431 -0.1964265 -0.2450977 0.0075391 -0.2628441 -0.2504517 0.0461963 0.1011211 -0.2406655 0.0804612 -0.2352615 0.0886071 -0.2521041 -0.2357306 0.0882954 0.1144367 0.1065290 0.1240063 0.0869314 -0.0915596 0.1104769 0.1082617 0.1018724 0.0925956 -0.2546089 -0.2446634 0.0979022 -0.2496439 -0.2457361 -0.2381924 -0.2459605 -0.2439777 -0.2402730
0.0903591 0.0605003 0.0763084 0.0598102 0.0873874 0.0958793 0.0820312 0.1076408 0.0586612 0.0583347 0.0471053 0.0565452 0.1000702 0.0863622 0.1062978 0.9987761 0.1527402 0.0544212 0.0471968 0.0479428 0.0609568 0.0625217 0.0813421 0.0947326 0.0816577 0.0460947 0.0427459 -0.2057970 0.0602686 0.0885362 0.0544871 0.0556256 0.0575782 0.0587481 0.0598031 0.0291937 0.0915814 0.1142735 0.0467044 0.0592942 0.0510609 0.0514220 0.0609854 -0.2072353 0.0342888 0.0933613 0.0880789 0.0561975 0.0523643 0.0549271 0.0754929 0.0431485 0.0789914 0.0877097 0.0496721 0.0569224 0.0822521 0.0546050 0.0557225 0.0642779 0.0553017 0.0587190 0.0420834 0.0639131 0.0722332 0.0548973 0.0562074 0.0642641 0.0571236 0.0587247 0.0653689 0.0751380 0.0586300 0.0527281 0.0632161 0.0544573 0.0918218 0.0526756 0.0585687 0.0647009 0.0669246 0.0638667 0.0733826 0.0652625 0.0553090 0.0437610 0.0554132 -0.1711150 -0.0129278 0.0833442 0.0664502 0.0672444 0.0296680 0.0646805 0.0750529 -0.0025660 0.0589062 -0.2004306 0.0460467 -0.2083802 -0.2082086 -0.2074589 -0.1942759 0.0763576 -0.2044042 -0.2033082 -0.1986927 -0.2070172 -0.2087898 -0.2081449 -0.2087357 -0.1969744 -0.2060161 0.0461595 -0.2123915 0.0615364 0.0309955 0.0496183 0.0165525 -0.0157922 0.0433299 0.0276892 0.0544399 0.0647023 -0.2075629 0.0544264 -0.0632203 -0.2065045 0.0298719 0.0589848 0.0598161 0.0609418 -0.1518298 -0.2059814 -0.0084924 -0.2186470 -0.2127115 0.0211203 0.0442778 -0.1988994 0.0550916 -0.1952193 0.0400975 -0.2076364 -0.1998416 0.0533687 0.0575656 0.0635380 0.0582930 0.0650857 -0.0418085 0.0518217 0.0451025 0.0488343 0.0481140 -0.2070475 -0.2057586 0.0487283 -0.2058576 -0.2022078 -0.2032407 -0.2063239 -0.2120223 -0.1952992
0.3071961 0.0293070 0.2152110 0.0165914 0.2275857 0.3444318 0.3024134 0.4096991 0.0429200 0.0082403 -0.0151125 0.0319595 0.1231687 0.0773085 0.0195489 0.1527402 1.2628905 -0.0014936 0.0107881 -0.0137829 0.0126884 0.0394981 -0.0479043 0.2887326 0.2571264 0.0091945 0.0339805 -0.1640574 0.0013060 0.2738589 0.0214031 0.0135581 0.0235371 0.0161191 0.0031991 -0.0356348 -0.0574858 0.0010701 -0.0023428 0.0398390 0.0261274 0.0119931 0.0307272 -0.1838745 -0.0216845 -0.0637564 -0.0793753 0.0308628 0.0381495 0.0278999 0.0160324 -0.0294513 0.2799369 -0.0681708 0.0114001 0.0272186 0.3685551 0.0124835 0.0376959 0.0205583 0.0154488 0.0171221 0.0262359 0.0074629 0.0172692 -0.0000754 0.0197996 0.0129022 0.0049594 0.0075160 0.0250354 0.0194434 0.0192972 -0.0003240 0.0090650 0.0022728 0.3564336 0.0060964 0.0203972 0.0052497 0.0140120 0.0174130 0.0302332 0.0150716 0.0521865 -0.0046712 0.0092484 -0.1664727 -0.0695708 0.2618534 -0.0151835 0.0298923 -0.0417064 0.0211849 0.1799273 -0.0756180 0.0225493 -0.1815980 0.0171610 -0.1919970 -0.1913939 -0.1909093 -0.1716148 0.2604887 -0.1776914 -0.1780796 -0.1802071 -0.1858578 -0.1838126 -0.1856745 -0.1895072 -0.1718178 -0.1705325 0.3230805 -0.1823545 0.0089516 -0.0525106 0.0018842 -0.0687203 -0.0904394 -0.0026881 -0.0401118 0.0144635 0.0180641 -0.1751978 -0.0003649 -0.1005545 -0.1911135 -0.0122535 0.0180227 0.0053781 0.0185536 -0.1564868 -0.1757564 -0.0300405 -0.1896081 -0.1858958 -0.0013628 0.0096268 -0.1737697 0.0546257 -0.1772975 0.0034801 -0.1806576 -0.1833830 0.0043946 0.0224066 0.0171030 0.0113615 0.0170258 -0.0842883 0.0122945 0.0132548 0.0034805 0.0218620 -0.1899646 -0.1776377 0.0375631 -0.1827114 -0.1765085 -0.1816795 -0.1803976 -0.1916065 -0.1729113
0.0397047 0.1013005 0.0513872 0.0994724 0.0276380 0.0180026 0.0138056 0.0052582 0.0851742 0.1130107 0.0973693 0.0953107 0.0452372 0.0580128 0.1232195 0.0544212 -0.0014936 1.0181329 0.0929619 0.0973669 0.1124711 0.1017430 -0.0811471 0.0204607 0.0059433 0.0812132 0.0923703 -0.2370353 0.1051097 0.0309852 0.1171098 0.1174366 0.1207291 0.0945303 0.0802510 -0.0268741 -0.1404441 0.1102604 0.1091070 0.0813259 0.0878174 0.0661935 0.0940969 -0.2463096 0.0295443 -0.1304172 -0.1363620 0.1056671 0.0822714 0.0866761 0.1079930 -0.0652504 0.0056519 -0.1361148 0.1156390 0.0873633 0.0066283 0.1073495 0.1028962 0.0996278 0.1224105 0.0941778 0.0582685 0.0977720 0.0820353 0.0919587 0.0961648 0.0857929 0.0882933 0.1167493 0.0686638 0.0884040 0.0793980 0.0848549 0.0879688 0.1083493 -0.0011898 0.0879669 0.1185203 0.1169846 0.0880129 0.0836112 0.0699382 0.1168650 0.0891936 0.0983142 0.1028286 -0.2368492 0.0105377 0.0089419 -0.0092272 0.0967064 -0.0312830 0.0420815 0.0484135 -0.0707555 0.1101094 -0.2386355 0.0736166 -0.2388099 -0.2414078 -0.2394111 -0.2306752 -0.0075381 -0.2297587 -0.2352162 -0.2345737 -0.2359281 -0.2293536 -0.2423421 -0.2463664 -0.2359388 -0.2275801 -0.0194029 -0.2369167 0.0981141 -0.1067219 0.0869219 -0.0367709 -0.0417351 0.0709745 -0.0863427 0.0926505 0.1063183 -0.2467550 0.0966403 -0.0929913 -0.2309451 0.0187007 0.1029109 0.1053378 0.1002889 -0.1759989 -0.2402896 0.0119779 -0.2422612 -0.2384223 0.0360316 0.0845658 -0.2368421 0.0747870 -0.2370532 0.0821382 -0.2359977 -0.2283146 0.1027148 0.0961685 0.1123647 0.1160934 0.1203040 -0.0688240 0.0874935 0.0830863 0.0901308 0.1000215 -0.2354969 -0.2368589 0.0903152 -0.2371992 -0.2364324 -0.2363550 -0.2294853 -0.2430717 -0.2317431
-0.0107637 0.0977219 0.0417585 0.0967726 0.0322179 0.0289829 0.0140485 0.0103854 0.0926630 0.1015430 0.1182706 0.1074230 0.0379878 0.0557744 0.1070033 0.0471968 0.0107881 0.0929619 1.0057951 0.1162774 0.0972199 0.0789251 -0.1048309 0.0069235 -0.0033082 0.0816690 0.0946558 -0.2304516 0.0873487 0.0344601 0.1154141 0.1158342 0.1139663 0.1032447 0.0983614 -0.0262163 -0.1525459 0.1082174 0.1135482 0.0910558 0.1028353 0.0697596 0.1137681 -0.2383134 0.0248651 -0.1494384 -0.1418043 0.0965495 0.0782763 0.0783748 0.0681542 -0.0839252 0.0122394 -0.1472035 0.2068724 0.0888066 -0.0116311 0.0712717 0.1107574 0.0831282 0.1127353 0.0933158 0.0817478 0.0963220 0.0754013 0.0911939 0.1291853 0.1182049 0.0737201 0.1050767 0.0850328 0.0949028 0.0943971 0.0922491 0.1038005 0.0871509 0.0144025 0.0827301 0.1220007 0.0935859 0.0761689 0.0949303 0.0622270 0.1182869 0.0918041 0.0867539 0.0842842 -0.2292748 -0.0616428 0.0195079 -0.0217597 0.0742930 -0.0322499 0.0597442 0.0419783 -0.0806111 0.1216528 -0.2290353 0.0811626 -0.2365403 -0.2349918 -0.2297679 -0.2361621 -0.0044471 -0.2233038 -0.2304102 -0.2207608 -0.2295520 -0.2308136 -0.2394550 -0.2351106 -0.2373088 -0.2341462 -0.0221549 -0.2450394 0.0938670 -0.1253396 0.0934264 -0.0439410 -0.0431407 0.0667683 -0.1002714 0.1378183 0.1128828 -0.2444566 0.1204948 -0.0981445 -0.2352665 0.0407644 0.1039580 0.1118840 0.0847944 -0.1840460 -0.2388367 0.0040869 -0.2482579 -0.2398631 0.0667019 0.0957790 -0.2251430 0.0833729 -0.2165946 0.0908021 -0.2369069 -0.2472280 0.0789792 0.1033030 0.1128313 0.1169303 0.1032349 -0.0784615 0.0768001 0.0993748 0.0626326 0.1032320 -0.2428613 -0.2444334 0.1015487 -0.2281824 -0.2313886 -0.2323194 -0.2350323 -0.2352638 -0.2252209
0.0013897 0.0781921 0.0431922 0.1065639 0.0301160 0.0405855 0.0083836 0.0102201 0.0695951 0.0969811 1.0044469 0.0934379 0.0387797 0.0534152 0.1310956 0.0479428 -0.0137829 0.0973669 0.1162774 1.0430313 0.0981587 0.0602859 -0.1113131 -0.0120733 -0.0147637 0.0665762 0.0863927 -0.2558184 0.0855802 0.0186064 0.1079217 0.1091887 0.0983351 0.0958081 0.0862149 -0.0289523 -0.1597441 0.0999079 0.1116988 0.0690825 0.0833462 0.0560434 0.1034011 -0.2554827 0.0280833 -0.1530676 -0.1532729 0.1448215 0.1009131 0.0838171 0.0932736 -0.0556757 0.0177037 -0.1611301 0.0916126 0.1053727 -0.0108747 0.0993848 0.1167132 0.0808588 0.0992586 0.1000355 0.0796358 0.0834869 0.0657094 0.0788878 0.0959594 0.0930611 0.0882227 0.0988849 0.0683102 0.0775158 0.0750767 0.0808982 0.0993573 0.0912492 -0.0071524 0.0858620 0.1224468 0.1116370 0.0853325 0.1289611 0.0582837 0.0968731 0.0824906 0.1089444 0.1086877 -0.2458962 -0.0641073 0.0052486 0.0261219 0.0887835 -0.0318496 0.0600018 0.0604728 -0.0851152 0.0984126 -0.2420690 0.0804321 -0.2496432 -0.2493900 -0.2349588 -0.2468949 -0.0111997 -0.2485356 -0.2512433 -0.2332034 -0.2456442 -0.2511049 -0.2442739 -0.2520246 -0.2417018 -0.2515283 -0.0395779 -0.2532972 0.0900468 -0.1335852 0.0936715 -0.0496165 -0.0509909 0.0886641 -0.0944701 0.0895522 0.0823971 -0.2477542 0.1051953 -0.1021655 -0.2537121 0.0351846 0.1162077 0.1071408 0.0819065 -0.1994866 -0.2535726 0.0165753 -0.2510430 -0.2353137 0.0730621 0.0932393 -0.2473651 0.0753143 -0.2450160 0.0958744 -0.2456138 -0.2416813 0.0706790 0.0789736 0.1068743 0.1002035 0.0971554 -0.0814287 0.0750591 0.0981757 0.0649950 0.1011248 -0.2532059 -0.2438959 0.0843653 -0.2526282 -0.2504388 -0.2408515 -0.2392231 -0.2387724 -0.2368925
0.0256874 0.0948217 0.0594664 0.0942478 0.0372562 -0.0009314 0.0132484 0.0019259 0.0715351 0.0883397 0.0964654 0.1072208 0.0407008 0.0685540 0.1275835 0.0609568 0.0126884 0.1124711 0.0972199 0.0981587 1.0501393 0.0867279 -0.0612069 -0.0095637 -0.0123872 0.0825498 0.0953192 -0.2349820 0.0877930 0.0280202 0.1133381 0.1121184 0.1072685 0.0990254 0.0954580 -0.0211087 -0.1094024 0.1027106 0.1119360 0.0692189 0.1019935 0.0803546 0.0936844 -0.2453673 0.0325242 -0.1178999 -0.1128143 0.0887134 0.0879261 0.0860646 0.0782386 -0.0596089 0.0182748 -0.1027029 0.1179399 0.1120225 0.0062021 0.1134200 0.0961435 0.0972429 0.0873952 0.1000560 0.0537344 0.0942861 0.0795147 0.0960739 0.1167360 0.0972515 0.1008383 0.1004337 0.1026955 0.0818507 0.0959919 0.0839498 0.0996618 0.1040611 0.0015667 0.1150956 0.1021752 0.0827943 0.0925043 0.0801725 0.0673255 0.1014994 0.0976998 0.0744217 0.0845371 -0.2276034 -0.0562833 0.0217444 0.0013710 0.0839693 0.0137017 0.0775962 0.0621543 -0.0635070 0.0945017 -0.2301425 0.0761438 -0.2422022 -0.2378414 -0.2367709 -0.2347690 0.0118134 -0.2376850 -0.2436239 -0.2379672 -0.2418178 -0.2353888 -0.2392920 -0.2423030 -0.2379066 -0.2388318 -0.0240478 -0.2510886 0.0758389 -0.0948675 0.0980673 -0.0391855 -0.0442953 0.0860131 -0.0704267 0.1259955 0.0856413 -0.2481639 0.0967810 -0.0975156 -0.2471275 0.0313713 0.0933589 0.1089438 0.1202528 -0.1856329 -0.2396834 0.0034423 -0.2530539 -0.2440173 0.0707754 0.0968177 -0.2304040 0.0849061 -0.2383906 0.0873033 -0.2417011 -0.2297977 0.0981601 0.0800608 0.1204487 0.0989415 0.1137330 -0.0615030 0.0696165 0.0721688 0.0895407 0.1048001 -0.2403249 -0.2434822 0.0944886 -0.2367813 -0.2370982 -0.2431385 -0.2410221 -0.2368361 -0.2287596
0.0374643 0.0363247 0.0477418 0.0406352 0.0485312 0.0552775 0.0574093 0.0460692 0.0317720 0.0393868 0.0594978 0.0439851 0.0731919 0.0700428 0.0395907 0.0625217 0.0394981 0.1017430 0.0789251 0.0602859 0.0867279 0.9700807 0.1052848 0.0316014 0.0296040 0.0382501 0.0362106 -0.1502650 0.0361758 0.0443035 0.0343646 0.0332854 0.0259604 0.0429568 0.0535103 0.0349559 0.1129805 0.0491927 0.0439567 0.0319193 0.0400224 0.0311054 0.0507279 -0.1603239 0.0198921 0.1132910 0.1076491 0.0441783 0.0289762 0.0162388 0.0442855 0.0405889 0.0860970 0.1096524 0.0483072 0.0396111 0.0507271 0.0297141 0.0363555 0.0344516 0.0321601 0.0322816 0.0286895 0.0389281 0.0531068 0.0386810 0.0398648 0.0404038 0.0291656 0.0379676 0.0268573 0.0509114 0.0402333 0.0414749 0.0482653 0.0402798 0.0462913 0.0279483 0.0438726 0.0391192 0.0438582 0.0373192 0.0559141 0.0460032 0.0410329 0.0301749 0.0494877 -0.1196856 0.0084359 0.0632690 0.0685058 0.0564012 0.0394940 0.0561066 0.0578156 0.0041109 0.0273530 -0.1581859 0.0319916 -0.1626178 -0.1586495 -0.1575097 -0.1471117 0.0560328 -0.1560878 -0.1486145 -0.1414277 -0.1526280 -0.1479463 -0.1545686 -0.1571054 -0.1524492 -0.1500996 0.0173809 -0.1603110 0.0430891 0.0528714 0.0256168 0.0314291 0.0034055 0.0395876 0.0382228 0.0436248 0.0339854 -0.1580492 0.0392410 -0.0414881 -0.1581387 0.0193044 0.0350716 0.0433077 0.0395708 -0.1025238 -0.1507646 0.0000210 -0.1636981 -0.1531441 0.0150386 0.0384295 -0.1510391 0.0241439 -0.1441376 0.0359569 -0.1507955 -0.1573232 0.0375264 0.0265058 0.0477266 0.0402060 0.0369748 -0.0255591 0.0309008 0.0400449 0.0327625 0.0333237 -0.1560307 -0.1508974 0.0321663 -0.1556136 -0.1516887 -0.1410582 -0.1566608 -0.1512997 -0.1493343
-0.0743489 -0.0863137 -0.0590521 -0.0971548 -0.0400662 -0.0158163 -0.0761996 -0.0571369 -0.1058874 -0.0989544 -0.1123906 -0.1016701 0.1642020 0.0982994 -0.1103989 0.0813421 -0.0479043 -0.0811471 -0.1048309 -0.1113131 -0.0612069 0.1052848 1.4177274 -0.0705569 -0.0452319 -0.0523009 -0.0890041 -0.0061328 -0.0713259 -0.0613338 -0.0921503 -0.0781204 -0.1003710 -0.0813494 -0.0257575 0.2778808 1.2535999 -0.0936099 -0.0885784 -0.1017824 -0.0959443 -0.0820282 -0.0862843 -0.0123392 0.0376599 1.2417368 1.2134067 -0.0814077 -0.0889120 -0.0965128 -0.0785751 0.3960811 -0.0399495 1.1946011 -0.0864440 -0.0641760 -0.0369016 -0.0845024 -0.0712809 -0.0256123 -0.0905680 -0.0963676 -0.0785176 -0.0170459 0.0212278 -0.0494696 -0.1054015 -0.0646990 -0.0837133 -0.0744977 -0.0642233 0.0015123 -0.0469481 -0.0235266 -0.0519303 -0.0680945 -0.0235754 -0.0675730 -0.0919847 -0.0884866 -0.0326416 -0.0760251 0.0536124 -0.0888166 -0.0795230 -0.0898817 -0.0757794 0.1009208 0.2290926 -0.0026745 0.3849383 -0.0150868 0.3149885 0.0949340 -0.0484229 0.2992814 -0.0950111 -0.0141158 -0.0648738 -0.0004282 0.0083645 -0.0092944 0.0114929 -0.0266401 -0.0162891 0.0210376 0.0158571 -0.0032972 -0.0128709 -0.0086245 -0.0057261 0.0012643 -0.0054329 -0.0451961 -0.0095119 -0.0835992 0.5302963 -0.0781362 0.3165511 0.1764221 -0.0752514 0.4859812 -0.0999152 -0.1056335 -0.0158010 -0.0878174 0.1040569 -0.0089724 -0.0573851 -0.0981973 -0.1061692 -0.0859725 0.0549300 -0.0044971 -0.0715985 -0.0093954 0.0033303 -0.0850639 -0.1026251 0.0024165 -0.0660607 -0.0022035 -0.0884643 -0.0005104 -0.0120743 -0.0691057 -0.0811582 -0.1030382 -0.0869178 -0.0933480 0.1146523 -0.0919210 -0.0910000 -0.0729066 -0.0978923 -0.0066146 -0.0037965 -0.0967098 -0.0075897 -0.0041027 0.0005053 -0.0328366 -0.0120350 -0.0063690
