1.0000 0.6353 0.6679 0.8368 0.5701 0.5968 0.6726 0.5497 0.5729 0.6209 0.5856 0.6636 0.5319 0.5740 0.6207 0.6412 0.5638 0.8367 0.7846 0.8299 0.5505 0.5975 0.6345 0.5884 0.5297 0.6947 0.5095 0.8380 0.7112 0.6938 0.6515 0.6914 0.5725 0.6238 0.7976 0.5853 0.9693 0.7105 0.6281 0.6726 0.5743 0.4475 0.6690 0.6245 0.7277 0.6344 0.5828 0.5509 0.5561 0.6413
0.6353 1.0000 0.5796 0.6865 0.5891 0.6757 0.6405 0.5867 0.5817 0.6389 0.5752 0.6224 0.5361 0.6189 0.7202 0.5849 0.6158 0.6155 0.6196 0.6358 0.5456 0.5370 0.5937 0.5941 0.5932 0.6253 0.6191 0.6724 0.6751 0.5708 0.6199 0.6496 0.5803 0.6109 0.5971 0.5361 0.6400 0.5435 0.5963 0.6601 0.5675 0.4976 0.6021 0.5678 0.5967 0.5997 0.5827 0.6463 0.5521 0.5369
0.6679 0.5796 1.0000 0.6410 0.5246 0.5160 0.5496 0.5766 0.5180 0.5671 0.5586 0.5344 0.5192 0.5439 0.5975 0.5145 0.4833 0.6219 0.6192 0.6882 0.4931 0.6406 0.7153 0.5278 0.5016 0.5625 0.5240 0.6405 0.5780 0.6046 0.5507 0.6109 0.5193 0.5226 0.6300 0.5254 0.6686 0.5892 0.5830 0.6270 0.5132 0.5412 0.7096 0.6073 0.5676 0.5151 0.6224 0.5857 0.4969 0.6003
0.8368 0.6865 0.6410 1.0000 0.6210 0.6274 0.7345 0.5959 0.6148 0.6740 0.6302 0.7226 0.5465 0.6181 0.6695 0.6803 0.5916 0.8100 0.7701 0.8277 0.5853 0.5842 0.6195 0.6301 0.5689 0.7215 0.5441 0.8557 0.7836 0.6764 0.6398 0.7167 0.6133 0.6781 0.7477 0.5878 0.8378 0.6715 0.6230 0.6550 0.5968 0.4612 0.6633 0.6103 0.7374 0.6876 0.5790 0.5883 0.5867 0.6262
0.5701 0.5891 0.5246 0.6210 1.0000 0.6146 0.6737 0.6198 0.8283 0.8560 0.6454 0.6592 0.6269 0.6225 0.6221 0.6046 0.7491 0.5875 0.6294 0.5763 0.7573 0.5309 0.5352 0.8947 0.6592 0.6595 0.5568 0.6105 0.6909 0.5377 0.5426 0.7173 0.8409 0.6410 0.5820 0.6863 0.5740 0.5668 0.5707 0.5423 0.7489 0.4761 0.5964 0.5531 0.6391 0.6479 0.5531 0.5847 0.7581 0.5041
0.5968 0.6757 0.5160 0.6274 0.6146 1.0000 0.5910 0.5224 0.5947 0.6160 0.6100 0.5800 0.6096 0.5486 0.6873 0.5298 0.7101 0.5901 0.6629 0.5894 0.5739 0.5024 0.5226 0.6318 0.5422 0.6634 0.5970 0.6277 0.6227 0.5478 0.6452 0.6044 0.6214 0.5793 0.6524 0.5788 0.6010 0.6104 0.6536 0.6280 0.6355 0.4863 0.5865 0.5334 0.6370 0.5722 0.6302 0.6358 0.6399 0.4915
0.6726 0.6405 0.5496 0.7345 0.6737 0.5910 1.0000 0.7164 0.6592 0.7145 0.6557 0.9116 0.6063 0.7135 0.6681 0.8346 0.6300 0.6745 0.6655 0.6757 0.6384 0.5854 0.5868 0.6785 0.6080 0.7502 0.6049 0.7005 0.8973 0.6745 0.5597 0.6763 0.6725 0.8315 0.6364 0.6133 0.6753 0.6234 0.5629 0.6176 0.6686 0.4944 0.5732 0.6116 0.6942 0.8879 0.5456 0.6429 0.6583 0.6264
0.5497 0.5867 0.5766 0.5959 0.6198 0.5224 0.7164 1.0000 0.6035 0.6502 0.6097 0.7319 0.6195 0.7265 0.6154 0.7123 0.5681 0.5661 0.5403 0.5483 0.6147 0.5397 0.5852 0.6243 0.5983 0.6027 0.6949 0.5636 0.6880 0.5382 0.4947 0.6074 0.6339 0.6614 0.5191 0.5699 0.5497 0.5235 0.4972 0.5337 0.6259 0.5470 0.6067 0.5531 0.5892 0.7349 0.4822 0.6434 0.6304 0.5440
0.5729 0.5817 0.5180 0.6148 0.8283 0.5947 0.6592 0.6035 1.0000 0.8217 0.6122 0.6466 0.6052 0.6115 0.6104 0.5902 0.7216 0.5791 0.6112 0.5687 0.7474 0.5246 0.5292 0.8350 0.6717 0.6532 0.5448 0.6055 0.6746 0.5319 0.5268 0.7105 0.7966 0.6160 0.5777 0.6856 0.5769 0.5478 0.5411 0.5362 0.7107 0.4526 0.5750 0.5463 0.6277 0.6305 0.5251 0.5723 0.7246 0.4982
0.6209 0.6389 0.5671 0.6740 0.8560 0.6160 0.7145 0.6502 0.8217 1.0000 0.6489 0.6950 0.6106 0.6603 0.6590 0.6417 0.7271 0.6117 0.6361 0.6240 0.7461 0.5759 0.5803 0.8537 0.6983 0.6866 0.5695 0.6608 0.7330 0.5839 0.5619 0.7985 0.8527 0.6801 0.6100 0.6888 0.6254 0.5724 0.5638 0.5880 0.7341 0.4925 0.6049 0.6004 0.6376 0.6803 0.5403 0.6136 0.7286 0.5461
0.5856 0.5752 0.5586 0.6302 0.6454 0.6100 0.6557 0.6097 0.6122 0.6489 1.0000 0.6377 0.5550 0.6130 0.5914 0.6121 0.5841 0.6039 0.6011 0.6165 0.6373 0.5684 0.5909 0.6464 0.5538 0.6048 0.5162 0.5895 0.6599 0.5959 0.5760 0.6141 0.6175 0.6430 0.5992 0.6092 0.5870 0.6361 0.6052 0.6058 0.6264 0.4875 0.5787 0.6023 0.6046 0.6290 0.5863 0.5491 0.6315 0.5443
0.6636 0.6224 0.5344 0.7226 0.6592 0.5800 0.9116 0.7319 0.6466 0.6950 0.6377 1.0000 0.6169 0.7265 0.6459 0.8605 0.6293 0.6835 0.6486 0.6584 0.6375 0.5525 0.5556 0.6695 0.6069 0.7312 0.6309 0.6841 0.8588 0.6339 0.5491 0.6579 0.6695 0.7806 0.6207 0.5975 0.6638 0.6069 0.5460 0.5852 0.6537 0.4788 0.5684 0.5767 0.7149 0.9192 0.5253 0.6286 0.6551 0.5901
0.5319 0.5361 0.5192 0.5465 0.6269 0.6096 0.6063 0.6195 0.6052 0.6106 0.5550 0.6169 1.0000 0.6599 0.5999 0.5771 0.6342 0.5451 0.5958 0.5237 0.6192 0.5160 0.5356 0.6593 0.5435 0.6481 0.6282 0.5470 0.6135 0.4892 0.5069 0.5665 0.6489 0.5887 0.5821 0.6156 0.5356 0.5818 0.5165 0.5077 0.6968 0.4921 0.5407 0.5230 0.6338 0.6165 0.5414 0.5811 0.7018 0.4691
0.5740 0.6189 0.5439 0.6181 0.6225 0.5486 0.7135 0.7265 0.6115 0.6603 0.6130 0.7265 0.6599 1.0000 0.6378 0.6980 0.5743 0.5893 0.5539 0.5696 0.6143 0.5749 0.5959 0.6328 0.6232 0.6120 0.6392 0.5890 0.6952 0.5511 0.5101 0.6325 0.6310 0.6536 0.5385 0.5769 0.5742 0.5250 0.4985 0.5594 0.6233 0.4719 0.5509 0.5904 0.6015 0.7131 0.5244 0.5803 0.6179 0.5369
0.6207 0.7202 0.5975 0.6695 0.6221 0.6873 0.6681 0.6154 0.6104 0.6590 0.5914 0.6459 0.5999 0.6378 1.0000 0.6011 0.6585 0.6020 0.6359 0.6207 0.5673 0.5728 0.6026 0.6276 0.5968 0.6644 0.6591 0.6601 0.6917 0.5883 0.6222 0.6599 0.6232 0.6453 0.6142 0.5612 0.6251 0.5678 0.6156 0.6455 0.6139 0.5580 0.5944 0.5647 0.6088 0.6315 0.6471 0.7222 0.6009 0.5478
0.6412 0.5849 0.5145 0.6803 0.6046 0.5298 0.8346 0.7123 0.5902 0.6417 0.6121 0.8605 0.5771 0.6980 0.6011 1.0000 0.5791 0.6576 0.5993 0.6325 0.6286 0.5391 0.5411 0.6145 0.5841 0.6603 0.5963 0.6365 0.7859 0.6172 0.5344 0.6253 0.6158 0.7705 0.5940 0.5915 0.6368 0.6135 0.5092 0.5704 0.6354 0.4868 0.5300 0.5626 0.6536 0.8734 0.4922 0.5911 0.6160 0.5756
0.5638 0.6158 0.4833 0.5916 0.7491 0.7101 0.6300 0.5681 0.7216 0.7271 0.5841 0.6293 0.6342 0.5743 0.6585 0.5791 1.0000 0.5786 0.6319 0.5512 0.6966 0.4837 0.4896 0.7839 0.6194 0.6678 0.6118 0.5865 0.6473 0.5158 0.5946 0.6470 0.7542 0.5960 0.6088 0.6658 0.5677 0.5834 0.6071 0.5693 0.7237 0.4605 0.5541 0.5053 0.6451 0.6200 0.5825 0.6300 0.7443 0.4776
0.8367 0.6155 0.6219 0.8100 0.5875 0.5901 0.6745 0.5661 0.5791 0.6117 0.6039 0.6835 0.5451 0.5893 0.6020 0.6576 0.5786 1.0000 0.7641 0.7562 0.5684 0.5639 0.5977 0.6081 0.5318 0.6549 0.5225 0.7851 0.7089 0.6501 0.6511 0.6611 0.5669 0.6012 0.7534 0.5770 0.8305 0.6940 0.6274 0.6326 0.5772 0.4303 0.6605 0.5888 0.7713 0.6497 0.5850 0.5385 0.5717 0.6040
0.7846 0.6196 0.6192 0.7701 0.6294 0.6629 0.6655 0.5403 0.6112 0.6361 0.6011 0.6486 0.5958 0.5539 0.6359 0.5993 0.6319 0.7641 1.0000 0.7456 0.5739 0.5708 0.6054 0.6453 0.5192 0.7677 0.5225 0.8076 0.7031 0.6584 0.6581 0.6736 0.6205 0.6278 0.8342 0.6040 0.7928 0.7456 0.6789 0.6394 0.6361 0.4799 0.6822 0.5962 0.7659 0.6298 0.6251 0.5670 0.6309 0.6118
0.8299 0.6358 0.6882 0.8277 0.5763 0.5894 0.6757 0.5483 0.5687 0.6240 0.6165 0.6584 0.5237 0.5696 0.6207 0.6325 0.5512 0.7562 0.7456 1.0000 0.5409 0.6170 0.6573 0.5799 0.5253 0.6934 0.4964 0.7788 0.7141 0.7206 0.6072 0.6641 0.5705 0.6348 0.7609 0.5763 0.8277 0.7003 0.6456 0.6963 0.5613 0.4576 0.6411 0.6454 0.6973 0.6316 0.5961 0.5554 0.5450 0.6632
0.5505 0.5456 0.4931 0.5853 0.7573 0.5739 0.6384 0.6147 0.7474 0.7461 0.6373 0.6375 0.6192 0.6143 0.5673 0.6286 0.6966 0.5684 0.5739 0.5409 1.0000 0.4992 0.5064 0.7716 0.6271 0.5958 0.5296 0.5679 0.6508 0.5058 0.5536 0.6649 0.7366 0.6528 0.5781 0.7661 0.5542 0.6029 0.5115 0.5132 0.7583 0.4661 0.5297 0.5199 0.5848 0.6423 0.4940 0.5441 0.7440 0.4742
0.5975 0.5370 0.6406 0.5842 0.5309 0.5024 0.5854 0.5397 0.5246 0.5759 0.5684 0.5525 0.5160 0.5749 0.5728 0.5391 0.4837 0.5639 0.5708 0.6170 0.4992 1.0000 0.6929 0.5332 0.5182 0.5576 0.4624 0.5747 0.5817 0.6663 0.5087 0.6013 0.5247 0.5658 0.5831 0.5406 0.5981 0.5713 0.5614 0.6693 0.5309 0.4893 0.5624 0.7030 0.5166 0.5428 0.5848 0.5390 0.5136 0.6445
0.6345 0.5937 0.7153 0.6195 0.5352 0.5226 0.5868 0.5852 0.5292 0.5803 0.5909 0.5556 0.5356 0.5959 0.6026 0.5411 0.4896 0.5977 0.6054 0.6573 0.5064 0.6929 1.0000 0.5386 0.5210 0.5780 0.5195 0.6089 0.5959 0.6632 0.5413 0.6079 0.5290 0.5684 0.6226 0.5528 0.6349 0.6100 0.5963 0.7182 0.5391 0.4970 0.6055 0.7042 0.5456 0.5457 0.5906 0.5250 0.5229 0.6485
0.5884 0.5941 0.5278 0.6301 0.8947 0.6318 0.6785 0.6243 0.8350 0.8537 0.6464 0.6695 0.6593 0.6328 0.6276 0.6145 0.7839 0.6081 0.6453 0.5799 0.7716 0.5332 0.5386 1.0000 0.6615 0.6802 0.5689 0.6219 0.6953 0.5400 0.5594 0.7348 0.8485 0.6415 0.6118 0.7178 0.5925 0.5913 0.5665 0.5461 0.7812 0.4714 0.5969 0.5554 0.6650 0.6544 0.5483 0.5897 0.7928 0.5062
0.5297 0.5932 0.5016 0.5689 0.6592 0.5422 0.6080 0.5983 0.6717 0.6983 0.5538 0.6069 0.5435 0.6232 0.5968 0.5841 0.6194 0.5318 0.5192 0.5253 0.6271 0.5182 0.5210 0.6615 1.0000 0.5556 0.5669 0.5494 0.6064 0.5037 0.4931 0.6512 0.6557 0.5660 0.4985 0.5740 0.5280 0.4742 0.4806 0.5263 0.5957 0.4787 0.5063 0.5138 0.5462 0.5950 0.4830 0.5647 0.5885 0.4764
0.6947 0.6253 0.5625 0.7215 0.6595 0.6634 0.7502 0.6027 0.6532 0.6866 0.6048 0.7312 0.6481 0.6120 0.6644 0.6603 0.6678 0.6549 0.7677 0.6934 0.5958 0.5576 0.5780 0.6802 0.5556 1.0000 0.5820 0.7268 0.7589 0.6416 0.5743 0.6680 0.6938 0.7126 0.7290 0.6138 0.7004 0.6692 0.6075 0.6101 0.6724 0.4866 0.6165 0.5821 0.7318 0.7192 0.5675 0.6227 0.6758 0.5973
0.5095 0.6191 0.5240 0.5441 0.5568 0.5970 0.6049 0.6949 0.5448 0.5695 0.5162 0.6309 0.6282 0.6392 0.6591 0.5963 0.6118 0.5225 0.5225 0.4964 0.5296 0.4624 0.5195 0.5689 0.5669 0.5820 1.0000 0.5274 0.6014 0.4588 0.5113 0.5380 0.5894 0.5567 0.5016 0.4887 0.5079 0.4816 0.5059 0.5141 0.5655 0.5057 0.5573 0.4616 0.5846 0.6293 0.5284 0.6755 0.5793 0.4606
0.8380 0.6724 0.6405 0.8557 0.6105 0.6277 0.7005 0.5636 0.6055 0.6608 0.5895 0.6841 0.5470 0.5890 0.6601 0.6365 0.5865 0.7851 0.8076 0.7788 0.5679 0.5747 0.6089 0.6219 0.5494 0.7268 0.5274 1.0000 0.7469 0.6649 0.6495 0.7302 0.6067 0.6624 0.7714 0.5730 0.8487 0.6749 0.6136 0.6435 0.5994 0.4755 0.6610 0.6002 0.7279 0.6542 0.5768 0.5774 0.5775 0.6157
0.7112 0.6751 0.5780 0.7836 0.6909 0.6227 0.8973 0.6880 0.6746 0.7330 0.6599 0.8588 0.6135 0.6952 0.6917 0.7859 0.6473 0.7089 0.7031 0.7141 0.6508 0.5817 0.5959 0.6953 0.6064 0.7589 0.6014 0.7469 1.0000 0.6713 0.5933 0.6940 0.6816 0.8100 0.6768 0.6233 0.7171 0.6462 0.5848 0.6269 0.6794 0.4919 0.6009 0.6077 0.7215 0.8262 0.5672 0.6481 0.6669 0.6231
0.6938 0.5708 0.6046 0.6764 0.5377 0.5478 0.6745 0.5382 0.5319 0.5839 0.5959 0.6339 0.4892 0.5511 0.5883 0.6172 0.5158 0.6501 0.6584 0.7206 0.5058 0.6663 0.6632 0.5400 0.5037 0.6416 0.4588 0.6649 0.6713 1.0000 0.5515 0.6122 0.5312 0.6492 0.6739 0.5489 0.6946 0.6590 0.6082 0.7080 0.5403 0.4823 0.5657 0.6972 0.5937 0.6214 0.5702 0.5503 0.5217 0.7162
0.6515 0.6199 0.5507 0.6398 0.5426 0.6452 0.5597 0.4947 0.5268 0.5619 0.5760 0.5491 0.5069 0.5101 0.6222 0.5344 0.5946 0.6511 0.6581 0.6072 0.5536 0.5087 0.5413 0.5594 0.4931 0.5743 0.5113 0.6495 0.5933 0.5515 1.0000 0.6058 0.5314 0.5474 0.6723 0.5534 0.6544 0.6371 0.6713 0.6320 0.5711 0.4476 0.5824 0.5401 0.6062 0.5344 0.5972 0.5536 0.5426 0.5107
0.6914 0.6496 0.6109 0.7167 0.7173 0.6044 0.6763 0.6074 0.7105 0.7985 0.6141 0.6579 0.5665 0.6325 0.6599 0.6253 0.6470 0.6611 0.6736 0.6641 0.6649 0.6013 0.6079 0.7348 0.6512 0.6680 0.5380 0.7302 0.6940 0.6122 0.6058 1.0000 0.7205 0.6497 0.6586 0.6666 0.6938 0.5934 0.5638 0.6179 0.6867 0.4978 0.6319 0.6274 0.6303 0.6385 0.5339 0.5879 0.6585 0.5708
0.5725 0.5803 0.5193 0.6133 0.8409 0.6214 0.6725 0.6339 0.7966 0.8527 0.6175 0.6695 0.6489 0.6310 0.6232 0.6158 0.7542 0.5669 0.6205 0.5705 0.7366 0.5247 0.5290 0.8485 0.6557 0.6938 0.5894 0.6067 0.6816 0.5312 0.5314 0.7205 1.0000 0.6452 0.5950 0.6691 0.5766 0.5667 0.5510 0.5364 0.7558 0.4872 0.5865 0.5463 0.6333 0.6679 0.5264 0.5925 0.7798 0.4980
0.6238 0.6109 0.5226 0.6781 0.6410 0.5793 0.8315 0.6614 0.6160 0.6801 0.6430 0.7806 0.5887 0.6536 0.6453 0.7705 0.5960 0.6012 0.6278 0.6348 0.6528 0.5658 0.5684 0.6415 0.5660 0.7126 0.5567 0.6624 0.8100 0.6492 0.5474 0.6497 0.6452 1.0000 0.6256 0.6217 0.6283 0.6429 0.5273 0.5960 0.6868 0.5169 0.5271 0.5908 0.6091 0.8029 0.5122 0.6206 0.6487 0.6050
0.7976 0.5971 0.6300 0.7477 0.5820 0.6524 0.6364 0.5191 0.5777 0.6100 0.5992 0.6207 0.5821 0.5385 0.6142 0.5940 0.6088 0.7534 0.8342 0.7609 0.5781 0.5831 0.6226 0.6118 0.4985 0.7290 0.5016 0.7714 0.6768 0.6739 0.6723 0.6586 0.5950 0.6256 1.0000 0.6238 0.8020 0.8127 0.6515 0.6584 0.6332 0.4740 0.6419 0.6092 0.7186 0.6081 0.6057 0.5485 0.6155 0.6254
0.5853 0.5361 0.5254 0.5878 0.6863 0.5788 0.6133 0.5699 0.6856 0.6888 0.6092 0.5975 0.6156 0.5769 0.5612 0.5915 0.6658 0.5770 0.6040 0.5763 0.7661 0.5406 0.5528 0.7178 0.5740 0.6138 0.4887 0.5730 0.6233 0.5489 0.5534 0.6666 0.6691 0.6217 0.6238 1.0000 0.5877 0.6471 0.5431 0.5592 0.7448 0.4502 0.5460 0.5633 0.5897 0.5977 0.5219 0.5345 0.7312 0.5151
0.9693 0.6400 0.6686 0.8378 0.5740 0.6010 0.6753 0.5497 0.5769 0.6254 0.5870 0.6638 0.5356 0.5742 0.6251 0.6368 0.5677 0.8305 0.7928 0.8277 0.5542 0.5981 0.6349 0.5925 0.5280 0.7004 0.5079 0.8487 0.7171 0.6946 0.6544 0.6938 0.5766 0.6283 0.8020 0.5877 1.0000 0.7113 0.6288 0.6722 0.5784 0.4506 0.6669 0.6251 0.7241 0.6345 0.5833 0.5547 0.5600 0.6419
0.7105 0.5435 0.5892 0.6715 0.5668 0.6104 0.6234 0.5235 0.5478 0.5724 0.6361 0.6069 0.5818 0.5250 0.5678 0.6135 0.5834 0.6940 0.7456 0.7003 0.6029 0.5713 0.6100 0.5913 0.4742 0.6692 0.4816 0.6749 0.6462 0.6590 0.6371 0.5934 0.5667 0.6429 0.8127 0.6471 0.7113 1.0000 0.6550 0.6436 0.6456 0.5016 0.6008 0.5968 0.6757 0.6108 0.6133 0.5226 0.6245 0.6132
0.6281 0.5963 0.5830 0.6230 0.5707 0.6536 0.5629 0.4972 0.5411 0.5638 0.6052 0.5460 0.5165 0.4985 0.6156 0.5092 0.6071 0.6274 0.6789 0.6456 0.5115 0.5614 0.5963 0.5665 0.4806 0.6075 0.5059 0.6136 0.5848 0.6082 0.6713 0.5638 0.5510 0.5273 0.6515 0.5431 0.6288 0.6550 1.0000 0.7003 0.5496 0.4621 0.6313 0.6083 0.6186 0.5333 0.7114 0.5611 0.5654 0.5639
0.6726 0.6601 0.6270 0.6550 0.5423 0.6280 0.6176 0.5337 0.5362 0.5880 0.6058 0.5852 0.5077 0.5594 0.6455 0.5704 0.5693 0.6326 0.6394 0.6963 0.5132 0.6693 0.7182 0.5461 0.5263 0.6101 0.5141 0.6435 0.6269 0.7080 0.6320 0.6179 0.5364 0.5960 0.6584 0.5592 0.6722 0.6436 0.7003 1.0000 0.5450 0.4861 0.5882 0.7064 0.5774 0.5744 0.6600 0.5954 0.5288 0.6539
0.5743 0.5675 0.5132 0.5968 0.7489 0.6355 0.6686 0.6259 0.7107 0.7341 0.6264 0.6537 0.6968 0.6233 0.6139 0.6354 0.7237 0.5772 0.6361 0.5613 0.7583 0.5309 0.5391 0.7812 0.5957 0.6724 0.5655 0.5994 0.6794 0.5403 0.5711 0.6867 0.7558 0.6868 0.6332 0.7448 0.5784 0.6456 0.5496 0.5450 1.0000 0.5070 0.5655 0.5551 0.6332 0.6667 0.5389 0.5880 0.8563 0.5065
0.4475 0.4976 0.5412 0.4612 0.4761 0.4863 0.4944 0.5470 0.4526 0.4925 0.4875 0.4788 0.4921 0.4719 0.5580 0.4868 0.4605 0.4303 0.4799 0.4576 0.4661 0.4893 0.4970 0.4714 0.4787 0.4866 0.5057 0.4755 0.4919 0.4823 0.4476 0.4978 0.4872 0.5169 0.4740 0.4502 0.4506 0.5016 0.4621 0.4861 0.5070 1.0000 0.5313 0.4705 0.4377 0.4953 0.5056 0.6126 0.4808 0.4645
0.6690 0.6021 0.7096 0.6633 0.5964 0.5865 0.5732 0.6067 0.5750 0.6049 0.5787 0.5684 0.5407 0.5509 0.5944 0.5300 0.5541 0.6605 0.6822 0.6411 0.5297 0.5624 0.6055 0.5969 0.5063 0.6165 0.5573 0.6610 0.6009 0.5657 0.5824 0.6319 0.5865 0.5271 0.6419 0.5460 0.6669 0.6008 0.6313 0.5882 0.5655 0.5313 1.0000 0.5692 0.6506 0.5485 0.6176 0.6108 0.5770 0.5745
0.6245 0.5678 0.6073 0.6103 0.5531 0.5334 0.6116 0.5531 0.5463 0.6004 0.6023 0.5767 0.5230 0.5904 0.5647 0.5626 0.5053 0.5888 0.5962 0.6454 0.5199 0.7030 0.7042 0.5554 0.5138 0.5821 0.4616 0.6002 0.6077 0.6972 0.5401 0.6274 0.5463 0.5908 0.6092 0.5633 0.6251 0.5968 0.6083 0.7064 0.5551 0.4705 0.5692 1.0000 0.5390 0.5665 0.5577 0.5242 0.5354 0.6523
0.7277 0.5967 0.5676 0.7374 0.6391 0.6370 0.6942 0.5892 0.6277 0.6376 0.6046 0.7149 0.6338 0.6015 0.6088 0.6536 0.6451 0.7713 0.7659 0.6973 0.5848 0.5166 0.5456 0.6650 0.5462 0.7318 0.5846 0.7279 0.7215 0.5937 0.6062 0.6303 0.6333 0.6091 0.7186 0.5897 0.7241 0.6757 0.6186 0.5774 0.6332 0.4377 0.6506 0.5390 1.0000 0.6831 0.5918 0.5671 0.6416 0.5527
0.6344 0.5997 0.5151 0.6876 0.6479 0.5722 0.8879 0.7349 0.6305 0.6803 0.6290 0.9192 0.6165 0.7131 0.6315 0.8734 0.6200 0.6497 0.6298 0.6316 0.6423 0.5428 0.5457 0.6544 0.5950 0.7192 0.6293 0.6542 0.8262 0.6214 0.5344 0.6385 0.6679 0.8029 0.6081 0.5977 0.6345 0.6108 0.5333 0.5744 0.6667 0.4953 0.5485 0.5665 0.6831 1.0000 0.5158 0.6226 0.6650 0.5797
0.5828 0.5827 0.6224 0.5790 0.5531 0.6302 0.5456 0.4822 0.5251 0.5403 0.5863 0.5253 0.5414 0.5244 0.6471 0.4922 0.5825 0.5850 0.6251 0.5961 0.4940 0.5848 0.5906 0.5483 0.4830 0.5675 0.5284 0.5768 0.5672 0.5702 0.5972 0.5339 0.5264 0.5122 0.6057 0.5219 0.5833 0.6133 0.7114 0.6600 0.5389 0.5056 0.6176 0.5577 0.5918 0.5158 1.0000 0.6075 0.5451 0.5324
0.5509 0.6463 0.5857 0.5883 0.5847 0.6358 0.6429 0.6434 0.5723 0.6136 0.5491 0.6286 0.5811 0.5803 0.7222 0.5911 0.6300 0.5385 0.5670 0.5554 0.5441 0.5390 0.5250 0.5897 0.5647 0.6227 0.6755 0.5774 0.6481 0.5503 0.5536 0.5879 0.5925 0.6206 0.5485 0.5345 0.5547 0.5226 0.5611 0.5954 0.5880 0.6126 0.6108 0.5242 0.5671 0.6226 0.6075 1.0000 0.5795 0.5366
0.5561 0.5521 0.4969 0.5867 0.7581 0.6399 0.6583 0.6304 0.7246 0.7286 0.6315 0.6551 0.7018 0.6179 0.6009 0.6160 0.7443 0.5717 0.6309 0.5450 0.7440 0.5136 0.5229 0.7928 0.5885 0.6758 0.5793 0.5775 0.6669 0.5217 0.5426 0.6585 0.7798 0.6487 0.6155 0.7312 0.5600 0.6245 0.5654 0.5288 0.8563 0.4808 0.5770 0.5354 0.6416 0.6650 0.5451 0.5795 1.0000 0.4897
0.6413 0.5369 0.6003 0.6262 0.5041 0.4915 0.6264 0.5440 0.4982 0.5461 0.5443 0.5901 0.4691 0.5369 0.5478 0.5756 0.4776 0.6040 0.6118 0.6632 0.4742 0.6445 0.6485 0.5062 0.4764 0.5973 0.4606 0.6157 0.6231 0.7162 0.5107 0.5708 0.4980 0.6050 0.6254 0.5151 0.6419 0.6132 0.5639 0.6539 0.5065 0.4645 0.5745 0.6523 0.5527 0.5797 0.5324 0.5366 0.4897 1.0000
