1.0000	0.5110	0.4506	0.4103	0.5250	0.4378	0.3818	0.5541	0.4749	0.4350	0.4143	0.4710	0.4542	0.4706	0.4940	0.4196	0.4817	0.4663	0.4853	0.4282	0.4820	0.5111	0.4979	0.4275	0.4481	0.4073	0.4390	0.4465	0.4665	0.5052	0.4706	0.4407	0.3900	0.4212	0.4135	0.4549	0.3972	0.4421	0.4694	0.4178	0.4610	0.5136	0.3953	0.4333	0.4503	0.4516	0.5113	0.4414	0.4066	0.4756
0.5110	1.0000	0.4611	0.3934	0.4603	0.4826	0.3589	0.4978	0.4760	0.4490	0.4866	0.4623	0.4955	0.4979	0.4905	0.4668	0.5184	0.4659	0.4689	0.4651	0.5289	0.4625	0.4703	0.4339	0.4703	0.4251	0.4273	0.4672	0.5364	0.4619	0.5487	0.5403	0.3872	0.4490	0.4588	0.5129	0.4158	0.4493	0.4895	0.4509	0.4552	0.5106	0.3939	0.4387	0.4887	0.5007	0.4636	0.4697	0.4044	0.5146
0.4506	0.4611	1.0000	0.4311	0.4587	0.4447	0.3539	0.5047	0.4489	0.4487	0.4532	0.4414	0.4217	0.4768	0.4638	0.4386	0.4561	0.4514	0.5297	0.4459	0.5163	0.4699	0.4334	0.3875	0.4320	0.4465	0.3967	0.4420	0.4305	0.4212	0.4165	0.4448	0.4491	0.4894	0.4041	0.4523	0.3961	0.4886	0.4840	0.4740	0.3958	0.5020	0.3775	0.4207	0.4142	0.4733	0.4736	0.4463	0.4542	0.4052
0.4103	0.3934	0.4311	1.0000	0.4876	0.4691	0.3624	0.4294	0.4198	0.3821	0.4224	0.4496	0.4545	0.4048	0.3964	0.3770	0.3963	0.4422	0.5093	0.3950	0.3848	0.4014	0.4244	0.3665	0.4286	0.4251	0.4350	0.4436	0.4275	0.4405	0.4439	0.3665	0.3852	0.3979	0.3817	0.4144	0.3702	0.4012	0.4589	0.3997	0.4255	0.4200	0.3972	0.3951	0.4463	0.4130	0.3972	0.4207	0.3933	0.3685
0.5250	0.4603	0.4587	0.4876	1.0000	0.5354	0.4418	0.4947	0.4956	0.4357	0.4377	0.4459	0.5134	0.4470	0.4650	0.4474	0.4701	0.4758	0.5491	0.4702	0.4970	0.4929	0.5202	0.4518	0.5461	0.4071	0.4727	0.4911	0.5151	0.4816	0.4791	0.4441	0.4164	0.4227	0.4448	0.4594	0.4057	0.4498	0.5077	0.4906	0.4398	0.4924	0.4319	0.5077	0.5051	0.4920	0.5079	0.4634	0.4694	0.4336
0.4378	0.4826	0.4447	0.4691	0.5354	1.0000	0.4077	0.4520	0.4491	0.4522	0.4545	0.3928	0.4914	0.4882	0.4177	0.3903	0.4538	0.4623	0.4744	0.4887	0.4780	0.4528	0.4648	0.4191	0.4761	0.4114	0.4102	0.4936	0.4455	0.4116	0.5254	0.4725	0.3721	0.4075	0.4236	0.4565	0.3901	0.4888	0.4805	0.5396	0.4072	0.5411	0.4045	0.4621	0.4983	0.4565	0.4167	0.4409	0.4091	0.4482
0.3818	0.3589	0.3539	0.3624	0.4418	0.4077	1.0000	0.3822	0.3758	0.4150	0.3761	0.3721	0.3787	0.3742	0.4196	0.4083	0.3966	0.3775	0.3966	0.4017	0.3969	0.3724	0.3786	0.4753	0.4103	0.3977	0.3639	0.4356	0.3837	0.3525	0.4010	0.3699	0.4123	0.4021	0.4087	0.3551	0.3522	0.4153	0.3628	0.3906	0.3789	0.3749	0.3553	0.3922	0.3625	0.3748	0.4219	0.3981	0.3913	0.4496
0.5541	0.4978	0.5047	0.4294	0.4947	0.4520	0.3822	1.0000	0.4807	0.4890	0.4531	0.4413	0.4569	0.4825	0.4287	0.4173	0.4792	0.5075	0.5065	0.4807	0.4981	0.4898	0.5088	0.4141	0.4485	0.4002	0.4106	0.4502	0.4685	0.4373	0.5069	0.4709	0.4377	0.4825	0.3961	0.5401	0.3921	0.4757	0.5105	0.4637	0.4000	0.5495	0.4534	0.3815	0.4420	0.4899	0.4877	0.4915	0.4331	0.4532
0.4749	0.4760	0.4489	0.4198	0.4956	0.4491	0.3758	0.4807	1.0000	0.4298	0.3873	0.4299	0.4600	0.4846	0.4606	0.4798	0.4985	0.4518	0.4954	0.4084	0.4496	0.4565	0.4772	0.4480	0.4543	0.3835	0.4158	0.4518	0.4970	0.3857	0.4334	0.4446	0.4483	0.4521	0.4696	0.4618	0.3705	0.4126	0.4568	0.4343	0.4198	0.4287	0.4078	0.4056	0.4310	0.4437	0.4649	0.5086	0.4248	0.4766
0.4350	0.4490	0.4487	0.3821	0.4357	0.4522	0.4150	0.4890	0.4298	1.0000	0.4150	0.4365	0.4200	0.4701	0.4184	0.4305	0.4759	0.4231	0.4348	0.4820	0.4677	0.4327	0.4772	0.4276	0.4474	0.4152	0.4030	0.4306	0.4176	0.3749	0.4707	0.4376	0.3910	0.4710	0.4437	0.4684	0.3362	0.5145	0.5215	0.4274	0.4075	0.4653	0.4015	0.4145	0.4273	0.4617	0.4447	0.4386	0.4288	0.4267
0.4143	0.4866	0.4532	0.4224	0.4377	0.4545	0.3761	0.4531	0.3873	0.4150	1.0000	0.4245	0.4083	0.4078	0.4393	0.4440	0.4646	0.4518	0.4601	0.4712	0.4525	0.4170	0.4588	0.3860	0.4355	0.4200	0.4104	0.4550	0.4626	0.4722	0.4620	0.4326	0.4106	0.4298	0.3828	0.4412	0.3672	0.4358	0.4188	0.4766	0.4276	0.4173	0.4549	0.4092	0.4450	0.4774	0.4172	0.4687	0.4541	0.4160
0.4710	0.4623	0.4414	0.4496	0.4459	0.3928	0.3721	0.4413	0.4299	0.4365	0.4245	1.0000	0.4469	0.4485	0.4720	0.5068	0.4821	0.4178	0.4869	0.4224	0.4601	0.3966	0.3986	0.4170	0.4316	0.4241	0.4768	0.4434	0.4370	0.4713	0.4395	0.4313	0.3682	0.4917	0.4586	0.4385	0.3570	0.4983	0.4225	0.4183	0.4561	0.4078	0.3902	0.4074	0.4266	0.4511	0.4566	0.4587	0.4977	0.4392
0.4542	0.4955	0.4217	0.4545	0.5134	0.4914	0.3787	0.4569	0.4600	0.4200	0.4083	0.4469	1.0000	0.5291	0.4301	0.4231	0.4887	0.4802	0.4843	0.4813	0.4203	0.4406	0.4419	0.4326	0.4360	0.3953	0.4498	0.4376	0.5484	0.4441	0.4343	0.4416	0.3947	0.4057	0.4702	0.4793	0.3826	0.4220	0.4867	0.4759	0.4126	0.4942	0.4192	0.4133	0.4864	0.4215	0.4372	0.4521	0.4262	0.4549
0.4706	0.4979	0.4768	0.4048	0.4470	0.4882	0.3742	0.4825	0.4846	0.4701	0.4078	0.4485	0.5291	1.0000	0.4445	0.4472	0.5111	0.4318	0.4981	0.4710	0.4636	0.4149	0.5193	0.4365	0.4372	0.4308	0.4194	0.4374	0.4997	0.4217	0.4682	0.4429	0.3905	0.4375	0.5032	0.4587	0.4084	0.4645	0.4491	0.4512	0.4244	0.5559	0.3735	0.4045	0.4665	0.4228	0.4426	0.4399	0.4302	0.4797
0.4940	0.4905	0.4638	0.3964	0.4650	0.4177	0.4196	0.4287	0.4606	0.4184	0.4393	0.4720	0.4301	0.4445	1.0000	0.5398	0.5096	0.4248	0.4808	0.4312	0.4790	0.4430	0.4061	0.4716	0.4314	0.4522	0.4311	0.4857	0.4617	0.4496	0.4233	0.4551	0.4400	0.4232	0.4994	0.4130	0.3849	0.4679	0.3933	0.4379	0.5140	0.4119	0.3648	0.4850	0.4069	0.4764	0.5177	0.5020	0.4804	0.4992
0.4196	0.4668	0.4386	0.3770	0.4474	0.3903	0.4083	0.4173	0.4798	0.4305	0.4440	0.5068	0.4231	0.4472	0.5398	1.0000	0.5411	0.3969	0.4680	0.4601	0.4654	0.4281	0.4076	0.4830	0.4553	0.4665	0.4199	0.4812	0.4801	0.4300	0.4418	0.4696	0.4588	0.4865	0.5077	0.4260	0.3739	0.4449	0.4145	0.4256	0.5205	0.4031	0.3708	0.4588	0.4182	0.4492	0.5118	0.5137	0.4639	0.5193
0.4817	0.5184	0.4561	0.3963	0.4701	0.4538	0.3966	0.4792	0.4985	0.4759	0.4646	0.4821	0.4887	0.5111	0.5096	0.5411	1.0000	0.4147	0.5082	0.4970	0.4935	0.4319	0.4703	0.4669	0.4577	0.4423	0.4089	0.5187	0.4951	0.4118	0.4631	0.5221	0.4234	0.3949	0.5081	0.4827	0.3980	0.4567	0.4621	0.4560	0.5089	0.4613	0.4149	0.4359	0.4457	0.4451	0.5353	0.5566	0.4855	0.5337
0.4663	0.4659	0.4514	0.4422	0.4758	0.4623	0.3775	0.5075	0.4518	0.4231	0.4518	0.4178	0.4802	0.4318	0.4248	0.3969	0.4147	1.0000	0.4334	0.4262	0.4549	0.4241	0.4871	0.4194	0.4424	0.3666	0.4195	0.4399	0.4916	0.4116	0.4892	0.4302	0.3937	0.4722	0.3825	0.4702	0.3781	0.4173	0.4585	0.4319	0.3680	0.4481	0.4486	0.4092	0.4617	0.4538	0.4229	0.4291	0.3981	0.4308
0.4853	0.4689	0.5297	0.5093	0.5491	0.4744	0.3966	0.5065	0.4954	0.4348	0.4601	0.4869	0.4843	0.4981	0.4808	0.4680	0.5082	0.4334	1.0000	0.4546	0.4724	0.5206	0.4511	0.4049	0.4904	0.4719	0.4762	0.4784	0.4984	0.4801	0.4533	0.4601	0.4221	0.4324	0.5020	0.4583	0.4012	0.4510	0.4720	0.5269	0.4955	0.5144	0.3941	0.4311	0.4498	0.5014	0.5239	0.5187	0.4770	0.4312
0.4282	0.4651	0.4459	0.3950	0.4702	0.4887	0.4017	0.4807	0.4084	0.4820	0.4712	0.4224	0.4813	0.4710	0.4312	0.4601	0.4970	0.4262	0.4546	1.0000	0.4654	0.4434	0.4584	0.4075	0.4457	0.5167	0.4044	0.5032	0.4915	0.3972	0.4456	0.4010	0.4312	0.4389	0.4608	0.4697	0.3811	0.4955	0.4661	0.4694	0.4106	0.5055	0.4351	0.4136	0.5112	0.4688	0.4622	0.4720	0.4421	0.4963
0.4820	0.5289	0.5163	0.3848	0.4970	0.4780	0.3969	0.4981	0.4496	0.4677	0.4525	0.4601	0.4203	0.4636	0.4790	0.4654	0.4935	0.4549	0.4724	0.4654	1.0000	0.4277	0.4560	0.4735	0.4919	0.4171	0.4162	0.4638	0.4729	0.4430	0.4737	0.5234	0.3677	0.4809	0.4625	0.4849	0.4158	0.5289	0.4801	0.4576	0.4359	0.5270	0.3909	0.4366	0.5029	0.5102	0.4604	0.4222	0.4293	0.4537
0.5111	0.4625	0.4699	0.4014	0.4929	0.4528	0.3724	0.4898	0.4565	0.4327	0.4170	0.3966	0.4406	0.4149	0.4430	0.4281	0.4319	0.4241	0.5206	0.4434	0.4277	1.0000	0.4281	0.4068	0.4434	0.4125	0.3976	0.4759	0.4539	0.4244	0.4386	0.4754	0.4004	0.4275	0.4500	0.4291	0.3603	0.4154	0.4325	0.5051	0.4440	0.4408	0.3923	0.4437	0.4098	0.4561	0.5043	0.4724	0.4046	0.4077
0.4979	0.4703	0.4334	0.4244	0.5202	0.4648	0.3786	0.5088	0.4772	0.4772	0.4588	0.3986	0.4419	0.5193	0.4061	0.4076	0.4703	0.4871	0.4511	0.4584	0.4560	0.4281	1.0000	0.4099	0.4861	0.3678	0.4064	0.4461	0.4895	0.4168	0.5021	0.4271	0.3857	0.4209	0.4083	0.4404	0.3832	0.4084	0.5297	0.4125	0.3987	0.4961	0.4098	0.4088	0.4889	0.4714	0.4277	0.4097	0.3902	0.4372
0.4275	0.4339	0.3875	0.3665	0.4518	0.4191	0.4753	0.4141	0.4480	0.4276	0.3860	0.4170	0.4326	0.4365	0.4716	0.4830	0.4669	0.4194	0.4049	0.4075	0.4735	0.4068	0.4099	1.0000	0.4667	0.3859	0.3956	0.4152	0.4347	0.3780	0.4089	0.4633	0.3760	0.4530	0.4468	0.4151	0.4004	0.4650	0.3694	0.4263	0.3982	0.3789	0.3680	0.4268	0.3926	0.3871	0.4321	0.4522	0.4077	0.5287
0.4481	0.4703	0.4320	0.4286	0.5461	0.4761	0.4103	0.4485	0.4543	0.4474	0.4355	0.4316	0.4360	0.4372	0.4314	0.4553	0.4577	0.4424	0.4904	0.4457	0.4919	0.4434	0.4861	0.4667	1.0000	0.4356	0.4949	0.4200	0.4997	0.4334	0.4440	0.4884	0.3745	0.4501	0.4511	0.4552	0.4119	0.4428	0.4975	0.4273	0.4150	0.4404	0.3906	0.4316	0.4423	0.4843	0.4688	0.4261	0.4030	0.4487
0.4073	0.4251	0.4465	0.4251	0.4071	0.4114	0.3977	0.4002	0.3835	0.4152	0.4200	0.4241	0.3953	0.4308	0.4522	0.4665	0.4423	0.3666	0.4719	0.5167	0.4171	0.4125	0.3678	0.3859	0.4356	1.0000	0.4615	0.4414	0.4024	0.3989	0.3670	0.4180	0.4217	0.4218	0.4243	0.3843	0.3780	0.4960	0.3977	0.3833	0.4448	0.4264	0.3477	0.4082	0.4015	0.4501	0.4608	0.4349	0.4766	0.4680
0.4390	0.4273	0.3967	0.4350	0.4727	0.4102	0.3639	0.4106	0.4158	0.4030	0.4104	0.4768	0.4498	0.4194	0.4311	0.4199	0.4089	0.4195	0.4762	0.4044	0.4162	0.3976	0.4064	0.3956	0.4949	0.4615	1.0000	0.3942	0.4741	0.4116	0.4082	0.3980	0.3582	0.4149	0.4209	0.4191	0.3370	0.4032	0.4279	0.3860	0.4459	0.3987	0.3784	0.4035	0.4202	0.4476	0.4763	0.4250	0.4746	0.4016
0.4465	0.4672	0.4420	0.4436	0.4911	0.4936	0.4356	0.4502	0.4518	0.4306	0.4550	0.4434	0.4376	0.4374	0.4857	0.4812	0.5187	0.4399	0.4784	0.5032	0.4638	0.4759	0.4461	0.4152	0.4200	0.4414	0.3942	1.0000	0.4726	0.3907	0.4532	0.4254	0.4405	0.4013	0.4395	0.4090	0.3763	0.4445	0.4339	0.4753	0.4789	0.4488	0.4176	0.4443	0.4596	0.4362	0.5345	0.5143	0.4452	0.4639
0.4665	0.5364	0.4305	0.4275	0.5151	0.4455	0.3837	0.4685	0.4970	0.4176	0.4626	0.4370	0.5484	0.4997	0.4617	0.4801	0.4951	0.4916	0.4984	0.4915	0.4729	0.4539	0.4895	0.4347	0.4997	0.4024	0.4741	0.4726	1.0000	0.4320	0.4516	0.4440	0.4182	0.4327	0.4903	0.4550	0.4272	0.4059	0.4773	0.4591	0.4195	0.4678	0.4363	0.4145	0.4807	0.4678	0.4436	0.4502	0.3998	0.4779
0.5052	0.4619	0.4212	0.4405	0.4816	0.4116	0.3525	0.4373	0.3857	0.3749	0.4722	0.4713	0.4441	0.4217	0.4496	0.4300	0.4118	0.4116	0.4801	0.3972	0.4430	0.4244	0.4168	0.3780	0.4334	0.3989	0.4116	0.3907	0.4320	1.0000	0.4220	0.3991	0.3636	0.4220	0.3771	0.4270	0.3729	0.4083	0.3976	0.4307	0.4216	0.4242	0.3512	0.4415	0.4392	0.4531	0.4039	0.4102	0.4202	0.3759
0.4706	0.5487	0.4165	0.4439	0.4791	0.5254	0.4010	0.5069	0.4334	0.4707	0.4620	0.4395	0.4343	0.4682	0.4233	0.4418	0.4631	0.4892	0.4533	0.4456	0.4737	0.4386	0.5021	0.4089	0.4440	0.3670	0.4082	0.4532	0.4516	0.4220	1.0000	0.4914	0.3564	0.4615	0.4258	0.5262	0.3509	0.4691	0.5390	0.4213	0.5096	0.4920	0.4272	0.4172	0.5334	0.4890	0.4595	0.4249	0.3845	0.4338
0.4407	0.5403	0.4448	0.3665	0.4441	0.4725	0.3699	0.4709	0.4446	0.4376	0.4326	0.4313	0.4416	0.4429	0.4551	0.4696	0.5221	0.4302	0.4601	0.4010	0.5234	0.4754	0.4271	0.4633	0.4884	0.4180	0.3980	0.4254	0.4440	0.3991	0.4914	1.0000	0.3464	0.4586	0.4338	0.4908	0.3778	0.4927	0.4456	0.4735	0.4243	0.4470	0.3915	0.3979	0.4651	0.4801	0.4672	0.4843	0.4300	0.4426
0.3900	0.3872	0.4491	0.3852	0.4164	0.3721	0.4123	0.4377	0.4483	0.3910	0.4106	0.3682	0.3947	0.3905	0.4400	0.4588	0.4234	0.3937	0.4221	0.4312	0.3677	0.4004	0.3857	0.3760	0.3745	0.4217	0.3582	0.4405	0.4182	0.3636	0.3564	0.3464	1.0000	0.4366	0.4024	0.3546	0.3407	0.3862	0.3779	0.3883	0.3904	0.3828	0.3433	0.3645	0.3487	0.3686	0.4198	0.4534	0.4236	0.4075
0.4212	0.4490	0.4894	0.3979	0.4227	0.4075	0.4021	0.4825	0.4521	0.4710	0.4298	0.4917	0.4057	0.4375	0.4232	0.4865	0.3949	0.4722	0.4324	0.4389	0.4809	0.4275	0.4209	0.4530	0.4501	0.4218	0.4149	0.4013	0.4327	0.4220	0.4615	0.4586	0.4366	1.0000	0.4243	0.4292	0.3901	0.5056	0.4167	0.4039	0.3982	0.4312	0.3929	0.4136	0.4213	0.4753	0.4102	0.4285	0.4118	0.4444
0.4135	0.4588	0.4041	0.3817	0.4448	0.4236	0.4087	0.3961	0.4696	0.4437	0.3828	0.4586	0.4702	0.5032	0.4994	0.5077	0.5081	0.3825	0.5020	0.4608	0.4625	0.4500	0.4083	0.4468	0.4511	0.4243	0.4209	0.4395	0.4903	0.3771	0.4258	0.4338	0.4024	0.4243	1.0000	0.4071	0.3590	0.4389	0.4379	0.4467	0.4797	0.4161	0.3519	0.4400	0.4192	0.4126	0.4751	0.4560	0.4118	0.4886
0.4549	0.5129	0.4523	0.4144	0.4594	0.4565	0.3551	0.5401	0.4618	0.4684	0.4412	0.4385	0.4793	0.4587	0.4130	0.4260	0.4827	0.4702	0.4583	0.4697	0.4849	0.4291	0.4404	0.4151	0.4552	0.3843	0.4191	0.4090	0.4550	0.4270	0.5262	0.4908	0.3546	0.4292	0.4071	1.0000	0.3460	0.4460	0.5359	0.4551	0.4138	0.4879	0.3968	0.3867	0.4924	0.4927	0.4311	0.4558	0.4004	0.4253
0.3972	0.4158	0.3961	0.3702	0.4057	0.3901	0.3522	0.3921	0.3705	0.3362	0.3672	0.3570	0.3826	0.4084	0.3849	0.3739	0.3980	0.3781	0.4012	0.3811	0.4158	0.3603	0.3832	0.4004	0.4119	0.3780	0.3370	0.3763	0.4272	0.3729	0.3509	0.3778	0.3407	0.3901	0.3590	0.3460	1.0000	0.3820	0.3533	0.3715	0.3432	0.4134	0.3728	0.3584	0.3551	0.3827	0.3594	0.3470	0.3288	0.3987
0.4421	0.4493	0.4886	0.4012	0.4498	0.4888	0.4153	0.4757	0.4126	0.5145	0.4358	0.4983	0.4220	0.4645	0.4679	0.4449	0.4567	0.4173	0.4510	0.4955	0.5289	0.4154	0.4084	0.4650	0.4428	0.4960	0.4032	0.4445	0.4059	0.4083	0.4691	0.4927	0.3862	0.5056	0.4389	0.4460	0.3820	1.0000	0.4279	0.4383	0.4143	0.4911	0.4111	0.4409	0.4259	0.4714	0.4922	0.4375	0.4764	0.4560
0.4694	0.4895	0.4840	0.4589	0.5077	0.4805	0.3628	0.5105	0.4568	0.5215	0.4188	0.4225	0.4867	0.4491	0.3933	0.4145	0.4621	0.4585	0.4720	0.4661	0.4801	0.4325	0.5297	0.3694	0.4975	0.3977	0.4279	0.4339	0.4773	0.3976	0.5390	0.4456	0.3779	0.4167	0.4379	0.5359	0.3533	0.4279	1.0000	0.4346	0.4276	0.5103	0.3973	0.3965	0.5106	0.5015	0.4413	0.4055	0.3870	0.4167
0.4178	0.4509	0.4740	0.3997	0.4906	0.5396	0.3906	0.4637	0.4343	0.4274	0.4766	0.4183	0.4759	0.4512	0.4379	0.4256	0.4560	0.4319	0.5269	0.4694	0.4576	0.5051	0.4125	0.4263	0.4273	0.3833	0.3860	0.4753	0.4591	0.4307	0.4213	0.4735	0.3883	0.4039	0.4467	0.4551	0.3715	0.4383	0.4346	1.0000	0.3891	0.4503	0.3933	0.4165	0.4323	0.4672	0.4186	0.5084	0.4417	0.4033
0.4610	0.4552	0.3958	0.4255	0.4398	0.4072	0.3789	0.4000	0.4198	0.4075	0.4276	0.4561	0.4126	0.4244	0.5140	0.5205	0.5089	0.3680	0.4955	0.4106	0.4359	0.4440	0.3987	0.3982	0.4150	0.4448	0.4459	0.4789	0.4195	0.4216	0.5096	0.4243	0.3904	0.3982	0.4797	0.4138	0.3432	0.4143	0.4276	0.3891	1.0000	0.4103	0.3595	0.4446	0.4722	0.4313	0.5791	0.4553	0.4231	0.4676
0.5136	0.5106	0.5020	0.4200	0.4924	0.5411	0.3749	0.5495	0.4287	0.4653	0.4173	0.4078	0.4942	0.5559	0.4119	0.4031	0.4613	0.4481	0.5144	0.5055	0.5270	0.4408	0.4961	0.3789	0.4404	0.4264	0.3987	0.4488	0.4678	0.4242	0.4920	0.4470	0.3828	0.4312	0.4161	0.4879	0.4134	0.4911	0.5103	0.4503	0.4103	1.0000	0.3775	0.4020	0.4838	0.4901	0.4615	0.4420	0.3894	0.4788
0.3953	0.3939	0.3775	0.3972	0.4319	0.4045	0.3553	0.4534	0.4078	0.4015	0.4549	0.3902	0.4192	0.3735	0.3648	0.3708	0.4149	0.4486	0.3941	0.4351	0.3909	0.3923	0.4098	0.3680	0.3906	0.3477	0.3784	0.4176	0.4363	0.3512	0.4272	0.3915	0.3433	0.3929	0.3519	0.3968	0.3728	0.4111	0.3973	0.3933	0.3595	0.3775	1.0000	0.3417	0.4122	0.4201	0.4046	0.4273	0.4113	0.3951
0.4333	0.4387	0.4207	0.3951	0.5077	0.4621	0.3922	0.3815	0.4056	0.4145	0.4092	0.4074	0.4133	0.4045	0.4850	0.4588	0.4359	0.4092	0.4311	0.4136	0.4366	0.4437	0.4088	0.4268	0.4316	0.4082	0.4035	0.4443	0.4145	0.4415	0.4172	0.3979	0.3645	0.4136	0.4400	0.3867	0.3584	0.4409	0.3965	0.4165	0.4446	0.4020	0.3417	1.0000	0.4293	0.4415	0.4394	0.4180	0.4320	0.4033
0.4503	0.4887	0.4142	0.4463	0.5051	0.4983	0.3625	0.4420	0.4310	0.4273	0.4450	0.4266	0.4864	0.4665	0.4069	0.4182	0.4457	0.4617	0.4498	0.5112	0.5029	0.4098	0.4889	0.3926	0.4423	0.4015	0.4202	0.4596	0.4807	0.4392	0.5334	0.4651	0.3487	0.4213	0.4192	0.4924	0.3551	0.4259	0.5106	0.4323	0.4722	0.4838	0.4122	0.4293	1.0000	0.4656	0.4078	0.4073	0.3991	0.4061
0.4516	0.5007	0.4733	0.4130	0.4920	0.4565	0.3748	0.4899	0.4437	0.4617	0.4774	0.4511	0.4215	0.4228	0.4764	0.4492	0.4451	0.4538	0.5014	0.4688	0.5102	0.4561	0.4714	0.3871	0.4843	0.4501	0.4476	0.4362	0.4678	0.4531	0.4890	0.4801	0.3686	0.4753	0.4126	0.4927	0.3827	0.4714	0.5015	0.4672	0.4313	0.4901	0.4201	0.4415	0.4656	1.0000	0.4356	0.4089	0.4323	0.4504
0.5113	0.4636	0.4736	0.3972	0.5079	0.4167	0.4219	0.4877	0.4649	0.4447	0.4172	0.4566	0.4372	0.4426	0.5177	0.5118	0.5353	0.4229	0.5239	0.4622	0.4604	0.5043	0.4277	0.4321	0.4688	0.4608	0.4763	0.5345	0.4436	0.4039	0.4595	0.4672	0.4198	0.4102	0.4751	0.4311	0.3594	0.4922	0.4413	0.4186	0.5791	0.4615	0.4046	0.4394	0.4078	0.4356	1.0000	0.5097	0.4774	0.4707
0.4414	0.4697	0.4463	0.4207	0.4634	0.4409	0.3981	0.4915	0.5086	0.4386	0.4687	0.4587	0.4521	0.4399	0.5020	0.5137	0.5566	0.4291	0.5187	0.4720	0.4222	0.4724	0.4097	0.4522	0.4261	0.4349	0.4250	0.5143	0.4502	0.4102	0.4249	0.4843	0.4534	0.4285	0.4560	0.4558	0.3470	0.4375	0.4055	0.5084	0.4553	0.4420	0.4273	0.4180	0.4073	0.4089	0.5097	1.0000	0.5192	0.4740
0.4066	0.4044	0.4542	0.3933	0.4694	0.4091	0.3913	0.4331	0.4248	0.4288	0.4541	0.4977	0.4262	0.4302	0.4804	0.4639	0.4855	0.3981	0.4770	0.4421	0.4293	0.4046	0.3902	0.4077	0.4030	0.4766	0.4746	0.4452	0.3998	0.4202	0.3845	0.4300	0.4236	0.4118	0.4118	0.4004	0.3288	0.4764	0.3870	0.4417	0.4231	0.3894	0.4113	0.4320	0.3991	0.4323	0.4774	0.5192	1.0000	0.4125
0.4756	0.5146	0.4052	0.3685	0.4336	0.4482	0.4496	0.4532	0.4766	0.4267	0.4160	0.4392	0.4549	0.4797	0.4992	0.5193	0.5337	0.4308	0.4312	0.4963	0.4537	0.4077	0.4372	0.5287	0.4487	0.4680	0.4016	0.4639	0.4779	0.3759	0.4338	0.4426	0.4075	0.4444	0.4886	0.4253	0.3987	0.4560	0.4167	0.4033	0.4676	0.4788	0.3951	0.4033	0.4061	0.4504	0.4707	0.4740	0.4125	1.0000
