1:	0.0000 0.4196 0.0000 0.0000 0.0000 0.0000 0.0000 0.0000 0.0000 0.0000 0.0000 0.0000 0.5804 0.0000 0.0000 0.0000 0.0000 0.0000 	1
2:	0.2845 0.0000 0.0000 0.0000 0.0000 0.5000 0.0000 0.0000 0.0000 0.0000 0.0000 0.0000 0.0000 0.2155 0.0000 0.0000 0.0000 0.0000 	2
3:	0.0340 0.0000 0.0000 0.1177 0.0076 0.0210 0.0000 0.0000 0.4143 0.0005 0.0011 0.1217 0.0000 0.1662 0.0169 0.0187 0.0558 0.0244 	6
4:	0.3727 0.0000 0.0000 0.0000 0.0000 0.0000 0.0433 0.0000 0.0000 0.0000 0.0000 0.2534 0.0000 0.1386 0.1156 0.0000 0.0764 0.0000 	4
5:	0.0584 0.0000 0.0000 0.2245 0.0000 0.0667 0.1337 0.0000 0.0167 0.0089 0.1269 0.1341 0.0000 0.1203 0.0502 0.0064 0.0367 0.0167 	15
6:	0.1320 0.3750 0.0857 0.0000 0.1212 0.0000 0.0000 0.1250 0.0904 0.0000 0.0294 0.0000 0.0000 0.0010 0.0202 0.0137 0.0064 0.0000 	8
7:	0.0617 0.0523 0.0957 0.0500 0.1500 0.0875 0.0506 0.0021 0.0593 0.0000 0.0381 0.0739 0.0447 0.1015 0.0875 0.0161 0.0155 0.0134 	20
8:	0.0160 0.0401 0.1097 0.0476 0.0952 0.0000 0.0325 0.0008 0.0986 0.0000 0.0860 0.1112 0.1496 0.1322 0.0132 0.0150 0.0521 0.0000 	21
9:	0.0412 0.0185 0.1786 0.0000 0.1429 0.0000 0.0399 0.0000 0.0000 0.0366 0.1208 0.1229 0.0491 0.1681 0.0172 0.0179 0.0069 0.0396 	14
10:	0.0402 0.0000 0.0793 0.0000 0.0000 0.6211 0.0000 0.0000 0.0000 0.0000 0.1597 0.0000 0.0000 0.0000 0.0228 0.0769 0.0000 0.0000 	1
11:	0.0000 0.0000 0.0000 0.1349 0.0000 0.1667 0.0000 0.0000 0.0000 0.3651 0.0000 0.0000 0.0000 0.0000 0.0000 0.0000 0.0833 0.2500 	3
12:	0.0000 0.2000 0.0000 0.8000 0.0000 0.0000 0.0000 0.0000 0.0000 0.0000 0.0000 0.0000 0.0000 0.0000 0.0000 0.0000 0.0000 0.0000 	5
13:	0.0000 0.0000 0.0000 0.4656 0.0000 0.0000 0.0000 0.0000 0.0000 0.0000 0.0000 0.0000 0.5000 0.0000 0.0000 0.0000 0.0344 0.0000 	2
14:	0.0000 0.0542 0.0000 0.0000 0.2000 0.0130 0.0000 0.2000 0.0000 0.0147 0.0315 0.0000 0.3083 0.0000 0.0000 0.1784 0.0000 0.0000 	5
15:	0.0714 0.3346 0.0000 0.0000 0.0000 0.1071 0.0000 0.2106 0.0357 0.0000 0.0000 0.0000 0.0262 0.0357 0.0000 0.1336 0.0000 0.0450 	7
