1:	0.0000 0.7424 0.0000 0.0000 0.0000 0.0000 0.0000 0.0000 0.0000 0.0000 0.0000 0.0000 0.0000 0.2576 0.0000 0.0000 	1
2:	0.4138 0.0000 0.0000 0.0000 0.0000 0.3125 0.0000 0.0000 0.0000 0.0000 0.0000 0.0625 0.1875 0.0000 0.0000 0.0237 	2
3:	0.0903 0.0000 0.0029 0.1153 0.0008 0.0208 0.0000 0.0000 0.6336 0.0001 0.0156 0.0722 0.0161 0.0000 0.0017 0.0307 	6
4:	0.3650 0.0000 0.0000 0.0000 0.0000 0.0000 0.0875 0.0000 0.3190 0.0000 0.0000 0.1043 0.0000 0.0000 0.0406 0.0837 	4
5:	0.1390 0.0000 0.0294 0.2497 0.0000 0.0583 0.1418 0.0000 0.0017 0.0170 0.0873 0.1654 0.0083 0.0000 0.0588 0.0433 	15
6:	0.1018 0.3125 0.0837 0.0000 0.0918 0.0000 0.0167 0.1250 0.1246 0.0000 0.0357 0.0000 0.0175 0.0469 0.0382 0.0055 	8
7:	0.1019 0.0657 0.1127 0.0497 0.1250 0.1000 0.1164 0.0011 0.0000 0.0000 0.0310 0.1762 0.0071 0.0243 0.0469 0.0419 	20
8:	0.0530 0.0534 0.1437 0.0417 0.0662 0.0000 0.0331 0.0018 0.0612 0.0000 0.0787 0.2407 0.0119 0.1234 0.0291 0.0623 	21
9:	0.1148 0.0214 0.2160 0.0000 0.1223 0.0000 0.0143 0.0000 0.0909 0.0272 0.1046 0.0994 0.0540 0.0411 0.0263 0.0676 	14
10:	0.0183 0.0000 0.1240 0.0000 0.0000 0.3270 0.0000 0.0000 0.0000 0.1233 0.1115 0.0000 0.2500 0.0000 0.0000 0.0459 	1
11:	0.0000 0.0000 0.0000 0.2725 0.0000 0.0751 0.0000 0.0000 0.0000 0.4761 0.0000 0.0000 0.1764 0.0000 0.0000 0.0000 	3
12:	0.0000 0.2000 0.0000 0.8000 0.0000 0.0000 0.0000 0.0000 0.0000 0.0000 0.0000 0.0000 0.0000 0.0000 0.0000 0.0000 	5
13:	0.0000 0.1031 0.0000 0.4279 0.0000 0.0000 0.0000 0.0000 0.0000 0.0000 0.0000 0.0000 0.0096 0.3969 0.0000 0.0625 	2
14:	0.0000 0.1336 0.0576 0.0000 0.1807 0.0298 0.0000 0.2000 0.0000 0.0000 0.1269 0.0000 0.0113 0.2400 0.0201 0.0000 	5
15:	0.1250 0.3407 0.0348 0.0132 0.0000 0.1534 0.0000 0.1837 0.0000 0.0001 0.0524 0.0179 0.0282 0.0064 0.0000 0.0443 	7
