1:	0.2756 0.3428 0.0165 0.0072 0.2801 0.0777 	9
2:	0.2907 0.3400 0.0000 0.0030 0.2770 0.0893 	3
3:	0.2191 0.0843 0.2570 0.2521 0.1425 0.0449 	4
4:	0.3891 0.0064 0.2954 0.2238 0.0028 0.0825 	2
5:	0.3559 0.1942 0.1234 0.0195 0.1887 0.1182 	17
6:	0.6373 0.0419 0.0876 0.0284 0.0298 0.1751 	12
7:	0.7006 0.0840 0.0000 0.0048 0.1101 0.1004 	3
8:	0.7937 0.0000 0.1214 0.0000 0.0013 0.0837 	2
9:	0.8751 0.0000 0.0000 0.0235 0.0000 0.1014 	1
10:	0.4404 0.1381 0.2500 0.0066 0.0906 0.0742 	4
11:	0.4505 0.1231 0.2599 0.0020 0.0969 0.0677 	14
12:	0.3083 0.1798 0.0325 0.0011 0.4107 0.0677 	9
13:	0.1224 0.3284 0.1064 0.0020 0.3583 0.0825 	14
14:	0.4427 0.2252 0.0000 0.0143 0.2546 0.0631 	2
15:	0.3649 0.0200 0.1111 0.4019 0.0369 0.0652 	9
