1:	0.5173 0.0026 0.1149 0.3652 	23
2:	0.6128 0.0773 0.0055 0.3044 	13
3:	0.9603 0.0000 0.0014 0.0383 	5
4:	0.6771 0.3015 0.0111 0.0102 	15
5:	0.5429 0.4309 0.0127 0.0134 	18
6:	0.2112 0.6286 0.0706 0.0895 	24
7:	0.6194 0.1290 0.2329 0.0186 	9
8:	0.8794 0.0050 0.0930 0.0225 	11
9:	0.0000 1.0000 0.0000 0.0000 	1
10:	0.9439 0.0075 0.0307 0.0179 	17
11:	0.0000 0.9090 0.0910 0.0000 	1
12:	0.5299 0.0606 0.1631 0.2465 	8
13:	0.0000 1.0000 0.0000 0.0000 	5
14:	0.4854 0.5000 0.0000 0.0146 	2
15:	0.1983 0.6442 0.1537 0.0038 	2
16:	0.9361 0.0000 0.0347 0.0292 	2
17:	0.1543 0.1105 0.1790 0.5561 	2
18:	0.9919 0.0000 0.0078 0.0003 	3
19:	0.7843 0.0619 0.1112 0.0427 	3
