
Using the parameter settings in the file: 
''1763151118/clumpp.paramfile''

Parameter settings
----------------------- Main parameters -------------------------
DATATYPE = 0
INDFILE = 1763151118/ClumppIndFile
POPFILE = 
OUTFILE = 1763151118/ClumppIndFile.output
MISCFILE = 1763151118/ClumppIndFile.misc
K = 10
C = 105
R = 50
M = 3
W = 0
S = 2
- Additional options for the Greedy and LargeKGreedy algorithms -
GREEDY_OPTION = 2
REPEATS = 2000
PERMUTATIONFILE = 
----------------------- Optional outputs ------------------------
PRINT_PERMUTED_DATA = 0
PERMUTED_DATAFILE = 
PRINT_EVERY_PERM = 0
EVERY_PERMFILE = 
PRINT_RANDOM_INPUTORDER = 0
RANDOM_INPUTORDERFILE = 
----------------------- Advanced options ------------------------
OVERRIDE_WARNINGS = 0
ORDER_BY_RUN = 1


In total, 2000 configurations of runs and clusters will be tested.

Results
------------------------------
The highest value of H' is: 0.41514802838237

The list of permutations of the clusters that produces that
H' value is (runs are listed sequentially on separate rows)

1 2 3 4 5 6 7 8 9 10 
4 5 8 9 1 10 7 6 3 2 
7 1 4 3 6 2 8 5 10 9 
9 5 1 7 2 6 8 4 3 10 
6 3 7 8 10 9 5 1 4 2 
2 1 5 10 3 4 8 9 6 7 
4 5 9 8 1 3 10 6 7 2 
2 5 8 4 7 3 9 1 10 6 
7 9 3 10 2 5 1 4 6 8 
9 5 7 4 2 3 6 1 8 10 
7 4 3 5 6 8 1 9 2 10 
2 6 3 9 5 4 1 8 10 7 
6 5 4 8 1 9 2 7 10 3 
1 7 8 3 9 5 10 2 4 6 
2 8 7 5 4 1 3 9 6 10 
8 1 4 10 2 3 7 5 6 9 
10 5 4 2 9 7 3 8 1 6 
8 3 2 4 5 10 7 6 1 9 
4 5 2 6 1 8 7 3 10 9 
5 8 9 4 7 6 1 2 3 10 
7 2 5 9 1 10 3 8 4 6 
2 10 3 4 7 5 8 6 1 9 
3 5 1 8 2 9 4 6 10 7 
6 3 7 4 2 1 9 10 5 8 
4 3 7 2 5 8 10 1 9 6 
5 7 2 6 3 8 10 4 9 1 
1 9 2 7 4 8 5 6 10 3 
3 1 9 5 2 6 8 7 4 10 
2 1 9 3 7 10 5 6 8 4 
2 5 1 4 3 10 7 6 9 8 
10 6 3 1 7 5 2 8 4 9 
5 9 8 2 7 3 4 6 10 1 
7 4 5 10 1 2 9 6 8 3 
4 3 10 2 7 1 6 9 8 5 
3 4 10 5 2 7 6 8 1 9 
5 4 8 10 7 1 6 3 2 9 
4 10 6 1 7 5 8 2 9 3 
10 6 3 8 9 4 5 2 7 1 
4 6 10 2 5 3 8 1 7 9 
3 2 5 8 6 9 4 1 7 10 
10 1 8 3 9 6 5 2 4 7 
6 9 8 5 10 1 2 7 3 4 
4 3 1 10 6 9 5 2 8 7 
2 1 6 4 3 10 7 5 9 8 
2 8 9 6 3 1 5 7 4 10 
4 7 1 10 6 5 8 2 9 3 
4 8 9 3 10 2 7 5 6 1 
9 10 8 2 1 5 6 7 4 3 
2 10 9 1 3 4 6 5 7 8 
3 4 5 8 10 9 1 6 7 2 

The pairwise G' values for each pair of runs where the clusters
of each run are permuted according to the list of permutations above

1.0000 0.3310 0.3658 0.4564 0.4409 0.3513 0.4203 0.4084 0.3526 0.3863 0.3684 0.3752 0.3867 0.3649 0.3493 0.3972 0.3305 0.3402 0.4053 0.3750 0.4040 0.3853 0.3328 0.3706 0.3952 0.3362 0.3966 0.3199 0.3655 0.4173 0.4285 0.3278 0.3762 0.3728 0.3897 0.3882 0.3546 0.3465 0.4550 0.3705 0.4143 0.3688 0.4304 0.4466 0.3245 0.3665 0.4192 0.3667 0.3778 0.3635 
0.3310 1.0000 0.3876 0.3796 0.3973 0.4367 0.3869 0.3796 0.4869 0.4902 0.4238 0.4769 0.3456 0.4455 0.4329 0.4139 0.4109 0.3867 0.4002 0.4158 0.4472 0.4355 0.4342 0.4129 0.4513 0.5055 0.3663 0.4462 0.3557 0.4080 0.4450 0.4438 0.4484 0.4878 0.4412 0.4139 0.3903 0.4620 0.4016 0.3889 0.3832 0.4421 0.4103 0.3171 0.4851 0.4052 0.3612 0.4049 0.4664 0.4934 
0.3658 0.3876 1.0000 0.4283 0.3770 0.4466 0.3956 0.4070 0.4888 0.4487 0.4744 0.4640 0.3594 0.4304 0.3583 0.4107 0.4152 0.3702 0.4279 0.4558 0.4455 0.4482 0.3964 0.4021 0.4318 0.4802 0.3567 0.4462 0.3844 0.4047 0.3815 0.4102 0.4490 0.4848 0.4090 0.3930 0.5196 0.4515 0.4529 0.4093 0.4103 0.4829 0.5032 0.3654 0.3982 0.3874 0.3775 0.4461 0.5012 0.4085 
0.4564 0.3796 0.4283 1.0000 0.4297 0.3933 0.5530 0.3795 0.4376 0.4188 0.3958 0.4756 0.4355 0.4340 0.3933 0.4571 0.3745 0.3932 0.4572 0.4066 0.4421 0.4057 0.3616 0.4577 0.4140 0.4374 0.4543 0.3760 0.4128 0.4193 0.3926 0.3656 0.4076 0.4436 0.3939 0.4763 0.4095 0.4164 0.4850 0.4280 0.4416 0.4399 0.4992 0.3899 0.3738 0.4502 0.4118 0.4159 0.4327 0.4327 
0.4409 0.3973 0.3770 0.4297 1.0000 0.3840 0.3840 0.3974 0.4164 0.4317 0.4064 0.4189 0.3787 0.4219 0.4239 0.4193 0.3913 0.3883 0.3764 0.3870 0.4529 0.4161 0.3699 0.3907 0.4436 0.4194 0.3609 0.3955 0.3855 0.4654 0.4276 0.3769 0.3567 0.3933 0.4715 0.3980 0.3622 0.4167 0.4647 0.4557 0.4874 0.4036 0.4461 0.3491 0.3679 0.4519 0.3873 0.4095 0.4248 0.4154 
0.3513 0.4367 0.4466 0.3933 0.3840 1.0000 0.3849 0.4351 0.5194 0.4338 0.5061 0.4716 0.3646 0.3955 0.3882 0.4044 0.4909 0.4282 0.4366 0.4731 0.3993 0.3806 0.4681 0.4100 0.3984 0.4381 0.3791 0.4440 0.4174 0.3779 0.4006 0.4857 0.4241 0.4284 0.4154 0.3881 0.4093 0.4103 0.4534 0.4082 0.3905 0.4565 0.4545 0.3776 0.4968 0.4025 0.4181 0.4622 0.4562 0.4587 
0.4203 0.3869 0.3956 0.5530 0.3840 0.3849 1.0000 0.3502 0.4065 0.4111 0.3597 0.4348 0.4592 0.4175 0.3995 0.4139 0.3764 0.4171 0.4557 0.3815 0.4244 0.3946 0.3331 0.4447 0.3974 0.4148 0.4046 0.4058 0.3985 0.4123 0.4211 0.3629 0.3870 0.4566 0.3678 0.4371 0.3460 0.3949 0.4310 0.4377 0.3887 0.3979 0.4908 0.4043 0.3855 0.4208 0.3938 0.4124 0.3819 0.4227 
0.4084 0.3796 0.4070 0.3795 0.3974 0.4351 0.3502 1.0000 0.3972 0.3913 0.4456 0.3842 0.3573 0.4236 0.4013 0.4168 0.3778 0.4270 0.4405 0.3940 0.3880 0.3625 0.3575 0.3842 0.3797 0.4035 0.4641 0.3768 0.4287 0.3915 0.4325 0.3783 0.3686 0.3607 0.3907 0.4227 0.4149 0.3669 0.4309 0.3624 0.4250 0.3931 0.4293 0.4037 0.3669 0.4295 0.4016 0.3891 0.3919 0.3358 
0.3526 0.4869 0.4888 0.4376 0.4164 0.5194 0.4065 0.3972 1.0000 0.4915 0.5003 0.4939 0.4021 0.4504 0.3890 0.4508 0.4005 0.4233 0.4784 0.4531 0.4549 0.4088 0.4625 0.4687 0.4465 0.4852 0.3727 0.5173 0.3928 0.4015 0.4141 0.4437 0.4903 0.4465 0.4259 0.3933 0.4204 0.4452 0.4394 0.4436 0.4144 0.4745 0.4536 0.3611 0.5168 0.4587 0.3710 0.4927 0.4901 0.4671 
0.3863 0.4902 0.4487 0.4188 0.4317 0.4338 0.4111 0.3913 0.4915 1.0000 0.4891 0.5128 0.3866 0.4451 0.3925 0.4191 0.4273 0.3710 0.4070 0.4728 0.4374 0.4556 0.4138 0.4077 0.4739 0.4686 0.3989 0.4387 0.3411 0.4185 0.4272 0.4033 0.4541 0.4823 0.3928 0.4046 0.4550 0.4607 0.4438 0.4046 0.4062 0.4726 0.4834 0.3802 0.4108 0.4508 0.3947 0.4506 0.4639 0.4415 
0.3684 0.4238 0.4744 0.3958 0.4064 0.5061 0.3597 0.4456 0.5003 0.4891 1.0000 0.4642 0.3815 0.4496 0.4891 0.3888 0.3624 0.3743 0.4053 0.4627 0.3811 0.3822 0.4261 0.4259 0.3961 0.4714 0.4312 0.4012 0.3777 0.4389 0.3985 0.4151 0.4289 0.4275 0.4247 0.4287 0.4166 0.4673 0.4551 0.4049 0.3937 0.4766 0.4925 0.3765 0.4180 0.4572 0.4263 0.4321 0.4836 0.4035 
0.3752 0.4769 0.4640 0.4756 0.4189 0.4716 0.4348 0.3842 0.4939 0.5128 0.4642 1.0000 0.3757 0.4350 0.3972 0.4177 0.4289 0.4003 0.4385 0.4514 0.4579 0.4331 0.4316 0.4091 0.4793 0.5053 0.4180 0.4556 0.3802 0.3876 0.3872 0.4138 0.4341 0.5668 0.4037 0.4056 0.4730 0.4567 0.4964 0.4102 0.4006 0.5257 0.4734 0.3356 0.4126 0.4576 0.3753 0.4621 0.4463 0.4914 
0.3867 0.3456 0.3594 0.4355 0.3787 0.3646 0.4592 0.3573 0.4021 0.3866 0.3815 0.3757 1.0000 0.3627 0.3552 0.4096 0.3766 0.3912 0.4175 0.3825 0.4156 0.3530 0.3717 0.4434 0.3925 0.3682 0.4147 0.3825 0.3647 0.3868 0.3760 0.3692 0.4014 0.3929 0.3774 0.3769 0.3458 0.3920 0.4284 0.4254 0.3651 0.3890 0.3972 0.3579 0.3357 0.3746 0.3759 0.4734 0.3859 0.4121 
0.3649 0.4455 0.4304 0.4340 0.4219 0.3955 0.4175 0.4236 0.4504 0.4451 0.4496 0.4350 0.3627 1.0000 0.4185 0.4428 0.3814 0.4191 0.4548 0.4071 0.4648 0.4393 0.3667 0.4180 0.3880 0.5403 0.3999 0.4191 0.3606 0.4534 0.4615 0.4240 0.4226 0.4403 0.4703 0.4514 0.3932 0.4579 0.4269 0.4164 0.4727 0.4491 0.4662 0.3683 0.4237 0.4622 0.3646 0.4686 0.4171 0.4175 
0.3493 0.4329 0.3583 0.3933 0.4239 0.3882 0.3995 0.4013 0.3890 0.3925 0.4891 0.3972 0.3552 0.4185 1.0000 0.3999 0.3151 0.3407 0.3614 0.3742 0.3728 0.3757 0.3880 0.3870 0.3835 0.4146 0.4013 0.3859 0.3584 0.4833 0.3788 0.4047 0.3742 0.3869 0.3893 0.4376 0.3401 0.3997 0.4126 0.3912 0.4122 0.3991 0.4461 0.3330 0.3641 0.4349 0.4176 0.4232 0.3772 0.4349 
0.3972 0.4139 0.4107 0.4571 0.4193 0.4044 0.4139 0.4168 0.4508 0.4191 0.3888 0.4177 0.4096 0.4428 0.3999 1.0000 0.4031 0.4051 0.4265 0.4481 0.5021 0.4193 0.3945 0.4026 0.4313 0.4273 0.3803 0.4097 0.4330 0.4477 0.4347 0.4223 0.4484 0.4633 0.4161 0.4567 0.3999 0.4088 0.4342 0.4533 0.4253 0.4327 0.4673 0.3526 0.4218 0.4340 0.4301 0.4198 0.4287 0.4374 
0.3305 0.4109 0.4152 0.3745 0.3913 0.4909 0.3764 0.3778 0.4005 0.4273 0.3624 0.4289 0.3766 0.3814 0.3151 0.4031 1.0000 0.3891 0.3845 0.4405 0.4411 0.4583 0.4241 0.3784 0.4064 0.3772 0.3713 0.4327 0.4129 0.3606 0.4062 0.4037 0.4046 0.4118 0.4070 0.3599 0.4382 0.4209 0.4260 0.4088 0.3794 0.4145 0.3771 0.3304 0.4473 0.3541 0.3948 0.4427 0.4364 0.4434 
0.3402 0.3867 0.3702 0.3932 0.3883 0.4282 0.4171 0.4270 0.4233 0.3710 0.3743 0.4003 0.3912 0.4191 0.3407 0.4051 0.3891 1.0000 0.4304 0.3515 0.3955 0.3514 0.3727 0.4129 0.3636 0.4177 0.3593 0.4491 0.4148 0.3704 0.4644 0.3739 0.3878 0.3869 0.4107 0.4143 0.3608 0.3947 0.3961 0.4039 0.3795 0.4202 0.3818 0.3662 0.4031 0.3426 0.3763 0.4497 0.3943 0.3903 
0.4053 0.4002 0.4279 0.4572 0.3764 0.4366 0.4557 0.4405 0.4784 0.4070 0.4053 0.4385 0.4175 0.4548 0.3614 0.4265 0.3845 0.4304 1.0000 0.3856 0.4084 0.4141 0.3878 0.4568 0.4246 0.4292 0.4044 0.4067 0.4036 0.3900 0.3950 0.3747 0.4416 0.4338 0.4015 0.4314 0.3971 0.4069 0.3781 0.3864 0.4327 0.4518 0.4514 0.4458 0.4007 0.4387 0.3848 0.4638 0.3953 0.3978 
0.3750 0.4158 0.4558 0.4066 0.3870 0.4731 0.3815 0.3940 0.4531 0.4728 0.4627 0.4514 0.3825 0.4071 0.3742 0.4481 0.4405 0.3515 0.3856 1.0000 0.4467 0.3938 0.4873 0.3845 0.4534 0.4435 0.4101 0.3880 0.4175 0.3788 0.4273 0.4728 0.4525 0.4183 0.4264 0.4220 0.4606 0.4194 0.4291 0.4391 0.3846 0.3975 0.4384 0.4122 0.4205 0.4055 0.4550 0.3856 0.4773 0.4127 
0.4040 0.4472 0.4455 0.4421 0.4529 0.3993 0.4244 0.3880 0.4549 0.4374 0.3811 0.4579 0.4156 0.4648 0.3728 0.5021 0.4411 0.3955 0.4084 0.4467 1.0000 0.4756 0.3976 0.4217 0.4708 0.4508 0.3569 0.4372 0.3842 0.4035 0.4296 0.4228 0.4246 0.4880 0.4228 0.4096 0.3999 0.4481 0.4869 0.4494 0.4962 0.4670 0.4388 0.3421 0.3963 0.4239 0.4252 0.4514 0.4299 0.4215 
0.3853 0.4355 0.4482 0.4057 0.4161 0.3806 0.3946 0.3625 0.4088 0.4556 0.3822 0.4331 0.3530 0.4393 0.3757 0.4193 0.4583 0.3514 0.4141 0.3938 0.4756 1.0000 0.3446 0.4087 0.4597 0.4392 0.3859 0.4104 0.3736 0.4163 0.4283 0.3635 0.4233 0.4533 0.3894 0.4206 0.4377 0.4578 0.4189 0.3791 0.4396 0.4594 0.4462 0.3575 0.3656 0.3834 0.3997 0.4397 0.4333 0.4451 
0.3328 0.4342 0.3964 0.3616 0.3699 0.4681 0.3331 0.3575 0.4625 0.4138 0.4261 0.4316 0.3717 0.3667 0.3880 0.3945 0.4241 0.3727 0.3878 0.4873 0.3976 0.3446 1.0000 0.3610 0.4114 0.4016 0.3648 0.4011 0.4173 0.3495 0.4181 0.5005 0.4371 0.4076 0.4283 0.3774 0.4189 0.4183 0.4131 0.4030 0.3367 0.4091 0.3635 0.3404 0.4570 0.3899 0.4495 0.4208 0.4709 0.4739 
0.3706 0.4129 0.4021 0.4577 0.3907 0.4100 0.4447 0.3842 0.4687 0.4077 0.4259 0.4091 0.4434 0.4180 0.3870 0.4026 0.3784 0.4129 0.4568 0.3845 0.4217 0.4087 0.3610 1.0000 0.3752 0.4165 0.4164 0.4392 0.4170 0.3802 0.4055 0.3983 0.3970 0.3890 0.4553 0.4080 0.3918 0.3956 0.4283 0.4234 0.3930 0.4215 0.4211 0.4079 0.4049 0.3786 0.3851 0.4378 0.4374 0.3919 
0.3952 0.4513 0.4318 0.4140 0.4436 0.3984 0.3974 0.3797 0.4465 0.4739 0.3961 0.4793 0.3925 0.3880 0.3835 0.4313 0.4064 0.3636 0.4246 0.4534 0.4708 0.4597 0.4114 0.3752 1.0000 0.4268 0.3968 0.4054 0.3952 0.4175 0.4299 0.3453 0.4974 0.4629 0.3649 0.3992 0.4132 0.4680 0.4142 0.4027 0.3986 0.4322 0.4588 0.3726 0.3769 0.4131 0.4389 0.4047 0.4377 0.4765 
0.3362 0.5055 0.4802 0.4374 0.4194 0.4381 0.4148 0.4035 0.4852 0.4686 0.4714 0.5053 0.3682 0.5403 0.4146 0.4273 0.3772 0.4177 0.4292 0.4435 0.4508 0.4392 0.4016 0.4165 0.4268 1.0000 0.3578 0.4342 0.3530 0.4388 0.4201 0.5023 0.4407 0.4937 0.4511 0.4476 0.4239 0.5345 0.4165 0.3777 0.4440 0.5058 0.4784 0.3361 0.4611 0.4780 0.3461 0.4083 0.4938 0.4494 
0.3966 0.3663 0.3567 0.4543 0.3609 0.3791 0.4046 0.4641 0.3727 0.3989 0.4312 0.4180 0.4147 0.3999 0.4013 0.3803 0.3713 0.3593 0.4044 0.4101 0.3569 0.3859 0.3648 0.4164 0.3968 0.3578 1.0000 0.3277 0.4200 0.3666 0.3857 0.3301 0.3751 0.3830 0.3509 0.4190 0.3966 0.3755 0.4132 0.3411 0.3465 0.3691 0.4432 0.4226 0.3363 0.3943 0.4047 0.3894 0.4005 0.3833 
0.3199 0.4462 0.4462 0.3760 0.3955 0.4440 0.4058 0.3768 0.5173 0.4387 0.4012 0.4556 0.3825 0.4191 0.3859 0.4097 0.4327 0.4491 0.4067 0.3880 0.4372 0.4104 0.4011 0.4392 0.4054 0.4342 0.3277 1.0000 0.3795 0.3907 0.4402 0.4462 0.4510 0.4528 0.4274 0.3670 0.3774 0.4757 0.4302 0.3919 0.3883 0.4083 0.3992 0.3301 0.4935 0.4000 0.3870 0.4922 0.4184 0.4449 
0.3655 0.3557 0.3844 0.4128 0.3855 0.4174 0.3985 0.4287 0.3928 0.3411 0.3777 0.3802 0.3647 0.3606 0.3584 0.4330 0.4129 0.4148 0.4036 0.4175 0.3842 0.3736 0.4173 0.4170 0.3952 0.3530 0.4200 0.3795 1.0000 0.3604 0.4212 0.4165 0.4356 0.3811 0.4075 0.3887 0.4116 0.3984 0.4005 0.4026 0.3584 0.3808 0.4056 0.3793 0.4495 0.3466 0.5089 0.4061 0.4379 0.3957 
0.4173 0.4080 0.4047 0.4193 0.4654 0.3779 0.4123 0.3915 0.4015 0.4185 0.4389 0.3876 0.3868 0.4534 0.4833 0.4477 0.3606 0.3704 0.3900 0.3788 0.4035 0.4163 0.3495 0.3802 0.4175 0.4388 0.3666 0.3907 0.3604 1.0000 0.4182 0.3508 0.4053 0.4034 0.4140 0.4466 0.3653 0.4539 0.4108 0.4206 0.4278 0.3855 0.4418 0.3710 0.3787 0.3896 0.4050 0.4441 0.4144 0.3979 
0.4285 0.4450 0.3815 0.3926 0.4276 0.4006 0.4211 0.4325 0.4141 0.4272 0.3985 0.3872 0.3760 0.4615 0.3788 0.4347 0.4062 0.4644 0.3950 0.4273 0.4296 0.4283 0.4181 0.4055 0.4299 0.4201 0.3857 0.4402 0.4212 0.4182 1.0000 0.3828 0.3988 0.3830 0.4712 0.4741 0.3633 0.4116 0.4127 0.3909 0.3945 0.3924 0.4215 0.3827 0.4750 0.3830 0.4217 0.4216 0.4241 0.3812 
0.3278 0.4438 0.4102 0.3656 0.3769 0.4857 0.3629 0.3783 0.4437 0.4033 0.4151 0.4138 0.3692 0.4240 0.4047 0.4223 0.4037 0.3739 0.3747 0.4728 0.4228 0.3635 0.5005 0.3983 0.3453 0.5023 0.3301 0.4462 0.4165 0.3508 0.3828 1.0000 0.4225 0.4369 0.5105 0.3768 0.3989 0.4452 0.4301 0.4100 0.3937 0.4237 0.4195 0.3227 0.4499 0.3985 0.4421 0.3941 0.4347 0.4671 
0.3762 0.4484 0.4490 0.4076 0.3567 0.4241 0.3870 0.3686 0.4903 0.4541 0.4289 0.4341 0.4014 0.4226 0.3742 0.4484 0.4046 0.3878 0.4416 0.4525 0.4246 0.4233 0.4371 0.3970 0.4974 0.4407 0.3751 0.4510 0.4356 0.4053 0.3988 0.4225 1.0000 0.4627 0.3942 0.4191 0.4129 0.5421 0.4126 0.4515 0.3894 0.4296 0.4423 0.3748 0.4522 0.3805 0.4688 0.4607 0.4458 0.5236 
0.3728 0.4878 0.4848 0.4436 0.3933 0.4284 0.4566 0.3607 0.4465 0.4823 0.4275 0.5668 0.3929 0.4403 0.3869 0.4633 0.4118 0.3869 0.4338 0.4183 0.4880 0.4533 0.4076 0.3890 0.4629 0.4937 0.3830 0.4528 0.3811 0.4034 0.3830 0.4369 0.4627 1.0000 0.4039 0.4184 0.4638 0.4620 0.4722 0.4008 0.3963 0.5007 0.5227 0.3245 0.4587 0.4098 0.4082 0.4176 0.4543 0.5190 
0.3897 0.4412 0.4090 0.3939 0.4715 0.4154 0.3678 0.3907 0.4259 0.3928 0.4247 0.4037 0.3774 0.4703 0.3893 0.4161 0.4070 0.4107 0.4015 0.4264 0.4228 0.3894 0.4283 0.4553 0.3649 0.4511 0.3509 0.4274 0.4075 0.4140 0.4712 0.5105 0.3942 0.4039 1.0000 0.4454 0.3665 0.4487 0.4809 0.4862 0.4279 0.4044 0.4301 0.3478 0.4118 0.3900 0.3842 0.4058 0.4750 0.4191 
0.3882 0.4139 0.3930 0.4763 0.3980 0.3881 0.4371 0.4227 0.3933 0.4046 0.4287 0.4056 0.3769 0.4514 0.4376 0.4567 0.3599 0.4143 0.4314 0.4220 0.4096 0.4206 0.3774 0.4080 0.3992 0.4476 0.4190 0.3670 0.3887 0.4466 0.4741 0.3768 0.4191 0.4184 0.4454 1.0000 0.3807 0.4485 0.3881 0.4079 0.4190 0.3825 0.4669 0.3844 0.3830 0.4061 0.4771 0.3783 0.4011 0.3605 
0.3546 0.3903 0.5196 0.4095 0.3622 0.4093 0.3460 0.4149 0.4204 0.4550 0.4166 0.4730 0.3458 0.3932 0.3401 0.3999 0.4382 0.3608 0.3971 0.4606 0.3999 0.4377 0.4189 0.3918 0.4132 0.4239 0.3966 0.3774 0.4116 0.3653 0.3633 0.3989 0.4129 0.4638 0.3665 0.3807 1.0000 0.3985 0.4140 0.3516 0.3348 0.4557 0.4041 0.3717 0.3736 0.3711 0.4060 0.3970 0.4540 0.4334 
0.3465 0.4620 0.4515 0.4164 0.4167 0.4103 0.3949 0.3669 0.4452 0.4607 0.4673 0.4567 0.3920 0.4579 0.3997 0.4088 0.4209 0.3947 0.4069 0.4194 0.4481 0.4578 0.4183 0.3956 0.4680 0.5345 0.3755 0.4757 0.3984 0.4539 0.4116 0.4452 0.5421 0.4620 0.4487 0.4485 0.3985 1.0000 0.4182 0.4168 0.4215 0.4594 0.4392 0.3360 0.4284 0.4173 0.4103 0.4365 0.4897 0.4653 
0.4550 0.4016 0.4529 0.4850 0.4647 0.4534 0.4310 0.4309 0.4394 0.4438 0.4551 0.4964 0.4284 0.4269 0.4126 0.4342 0.4260 0.3961 0.3781 0.4291 0.4869 0.4189 0.4131 0.4283 0.4142 0.4165 0.4132 0.4302 0.4005 0.4108 0.4127 0.4301 0.4126 0.4722 0.4809 0.3881 0.4140 0.4182 1.0000 0.4854 0.4226 0.4685 0.5056 0.3584 0.3826 0.4608 0.3899 0.4516 0.4470 0.4518 
0.3705 0.3889 0.4093 0.4280 0.4557 0.4082 0.4377 0.3624 0.4436 0.4046 0.4049 0.4102 0.4254 0.4164 0.3912 0.4533 0.4088 0.4039 0.3864 0.4391 0.4494 0.3791 0.4030 0.4234 0.4027 0.3777 0.3411 0.3919 0.4026 0.4206 0.3909 0.4100 0.4515 0.4008 0.4862 0.4079 0.3516 0.4168 0.4854 1.0000 0.4144 0.3893 0.4405 0.3567 0.3690 0.3993 0.4145 0.4364 0.4383 0.4388 
0.4143 0.3832 0.4103 0.4416 0.4874 0.3905 0.3887 0.4250 0.4144 0.4062 0.3937 0.4006 0.3651 0.4727 0.4122 0.4253 0.3794 0.3795 0.4327 0.3846 0.4962 0.4396 0.3367 0.3930 0.3986 0.4440 0.3465 0.3883 0.3584 0.4278 0.3945 0.3937 0.3894 0.3963 0.4279 0.4190 0.3348 0.4215 0.4226 0.4144 1.0000 0.4405 0.4507 0.3465 0.3665 0.4215 0.4138 0.4239 0.3754 0.3895 
0.3688 0.4421 0.4829 0.4399 0.4036 0.4565 0.3979 0.3931 0.4745 0.4726 0.4766 0.5257 0.3890 0.4491 0.3991 0.4327 0.4145 0.4202 0.4518 0.3975 0.4670 0.4594 0.4091 0.4215 0.4322 0.5058 0.3691 0.4083 0.3808 0.3855 0.3924 0.4237 0.4296 0.5007 0.4044 0.3825 0.4557 0.4594 0.4685 0.3893 0.4405 1.0000 0.4742 0.3412 0.4245 0.4268 0.3940 0.4879 0.4564 0.4776 
0.4304 0.4103 0.5032 0.4992 0.4461 0.4545 0.4908 0.4293 0.4536 0.4834 0.4925 0.4734 0.3972 0.4662 0.4461 0.4673 0.3771 0.3818 0.4514 0.4384 0.4388 0.4462 0.3635 0.4211 0.4588 0.4784 0.4432 0.3992 0.4056 0.4418 0.4215 0.4195 0.4423 0.5227 0.4301 0.4669 0.4041 0.4392 0.5056 0.4405 0.4507 0.4742 1.0000 0.4118 0.3972 0.4353 0.4310 0.4459 0.4512 0.4416 
0.4466 0.3171 0.3654 0.3899 0.3491 0.3776 0.4043 0.4037 0.3611 0.3802 0.3765 0.3356 0.3579 0.3683 0.3330 0.3526 0.3304 0.3662 0.4458 0.4122 0.3421 0.3575 0.3404 0.4079 0.3726 0.3361 0.4226 0.3301 0.3793 0.3710 0.3827 0.3227 0.3748 0.3245 0.3478 0.3844 0.3717 0.3360 0.3584 0.3567 0.3465 0.3412 0.4118 1.0000 0.3449 0.3422 0.3617 0.3536 0.3541 0.3345 
0.3245 0.4851 0.3982 0.3738 0.3679 0.4968 0.3855 0.3669 0.5168 0.4108 0.4180 0.4126 0.3357 0.4237 0.3641 0.4218 0.4473 0.4031 0.4007 0.4205 0.3963 0.3656 0.4570 0.4049 0.3769 0.4611 0.3363 0.4935 0.4495 0.3787 0.4750 0.4499 0.4522 0.4587 0.4118 0.3830 0.3736 0.4284 0.3826 0.3690 0.3665 0.4245 0.3972 0.3449 1.0000 0.3768 0.3953 0.4223 0.4392 0.4649 
0.3665 0.4052 0.3874 0.4502 0.4519 0.4025 0.4208 0.4295 0.4587 0.4508 0.4572 0.4576 0.3746 0.4622 0.4349 0.4340 0.3541 0.3426 0.4387 0.4055 0.4239 0.3834 0.3899 0.3786 0.4131 0.4780 0.3943 0.4000 0.3466 0.3896 0.3830 0.3985 0.3805 0.4098 0.3900 0.4061 0.3711 0.4173 0.4608 0.3993 0.4215 0.4268 0.4353 0.3422 0.3768 1.0000 0.3483 0.4105 0.3873 0.4077 
0.4192 0.3612 0.3775 0.4118 0.3873 0.4181 0.3938 0.4016 0.3710 0.3947 0.4263 0.3753 0.3759 0.3646 0.4176 0.4301 0.3948 0.3763 0.3848 0.4550 0.4252 0.3997 0.4495 0.3851 0.4389 0.3461 0.4047 0.3870 0.5089 0.4050 0.4217 0.4421 0.4688 0.4082 0.3842 0.4771 0.4060 0.4103 0.3899 0.4145 0.4138 0.3940 0.4310 0.3617 0.3953 0.3483 1.0000 0.3871 0.3927 0.3829 
0.3667 0.4049 0.4461 0.4159 0.4095 0.4622 0.4124 0.3891 0.4927 0.4506 0.4321 0.4621 0.4734 0.4686 0.4232 0.4198 0.4427 0.4497 0.4638 0.3856 0.4514 0.4397 0.4208 0.4378 0.4047 0.4083 0.3894 0.4922 0.4061 0.4441 0.4216 0.3941 0.4607 0.4176 0.4058 0.3783 0.3970 0.4365 0.4516 0.4364 0.4239 0.4879 0.4459 0.3536 0.4223 0.4105 0.3871 1.0000 0.4226 0.4554 
0.3778 0.4664 0.5012 0.4327 0.4248 0.4562 0.3819 0.3919 0.4901 0.4639 0.4836 0.4463 0.3859 0.4171 0.3772 0.4287 0.4364 0.3943 0.3953 0.4773 0.4299 0.4333 0.4709 0.4374 0.4377 0.4938 0.4005 0.4184 0.4379 0.4144 0.4241 0.4347 0.4458 0.4543 0.4750 0.4011 0.4540 0.4897 0.4470 0.4383 0.3754 0.4564 0.4512 0.3541 0.4392 0.3873 0.3927 0.4226 1.0000 0.4452 
0.3635 0.4934 0.4085 0.4327 0.4154 0.4587 0.4227 0.3358 0.4671 0.4415 0.4035 0.4914 0.4121 0.4175 0.4349 0.4374 0.4434 0.3903 0.3978 0.4127 0.4215 0.4451 0.4739 0.3919 0.4765 0.4494 0.3833 0.4449 0.3957 0.3979 0.3812 0.4671 0.5236 0.5190 0.4191 0.3605 0.4334 0.4653 0.4518 0.4388 0.3895 0.4776 0.4416 0.3345 0.4649 0.4077 0.3829 0.4554 0.4452 1.0000 
