1:	0.0968 0.2976 0.0166 0.0036 0.3216 0.0982 0.1116 0.0540 	9
2:	0.2361 0.1016 0.0000 0.0002 0.5218 0.0211 0.0768 0.0425 	3
3:	0.1940 0.0456 0.2506 0.2500 0.1835 0.0245 0.0264 0.0255 	4
4:	0.0566 0.0010 0.2888 0.2010 0.0001 0.1794 0.1973 0.0755 	2
5:	0.0862 0.2203 0.1225 0.0136 0.1745 0.1749 0.1271 0.0811 	17
6:	0.1858 0.0296 0.0863 0.0189 0.0295 0.3527 0.1998 0.0974 	12
7:	0.1436 0.1224 0.0001 0.0005 0.0616 0.2947 0.3164 0.0607 	3
8:	0.6063 0.0000 0.0997 0.0000 0.0000 0.1458 0.1356 0.0125 	2
9:	0.2112 0.0000 0.0000 0.0012 0.0000 0.2331 0.5200 0.0345 	1
10:	0.0641 0.0158 0.2500 0.0002 0.1963 0.1314 0.2507 0.0915 	4
11:	0.2621 0.1403 0.2496 0.0003 0.0826 0.0981 0.1276 0.0393 	14
12:	0.1451 0.3697 0.0307 0.0000 0.2098 0.0903 0.1092 0.0452 	9
13:	0.0312 0.3498 0.1073 0.0021 0.3558 0.0400 0.0567 0.0571 	14
14:	0.3268 0.1180 0.0000 0.0016 0.3612 0.0312 0.1201 0.0411 	2
15:	0.0517 0.0349 0.1111 0.3933 0.0181 0.2188 0.1260 0.0461 	9
