
Using the parameter settings in the file: 
''1763151118/clumpp.paramfile''

Parameter settings
----------------------- Main parameters -------------------------
DATATYPE = 0
INDFILE = 1763151118/ClumppIndFile
POPFILE = 
OUTFILE = 1763151118/ClumppIndFile.output
MISCFILE = 1763151118/ClumppIndFile.misc
K = 8
C = 105
R = 29
M = 3
W = 0
S = 2
- Additional options for the Greedy and LargeKGreedy algorithms -
GREEDY_OPTION = 2
REPEATS = 2000
PERMUTATIONFILE = 
----------------------- Optional outputs ------------------------
PRINT_PERMUTED_DATA = 0
PERMUTED_DATAFILE = 
PRINT_EVERY_PERM = 0
EVERY_PERMFILE = 
PRINT_RANDOM_INPUTORDER = 0
RANDOM_INPUTORDERFILE = 
----------------------- Advanced options ------------------------
OVERRIDE_WARNINGS = 0
ORDER_BY_RUN = 1


In total, 2000 configurations of runs and clusters will be tested.

Results
------------------------------
The highest value of H' is: 0.50519973014407

The list of permutations of the clusters that produces that
H' value is (runs are listed sequentially on separate rows)

1 2 3 4 5 6 7 8 
4 6 3 2 8 7 1 5 
7 5 2 6 3 8 1 4 
5 7 3 2 4 6 1 8 
2 6 1 5 8 7 4 3 
6 3 2 8 7 4 1 5 
4 7 3 8 5 2 1 6 
6 5 4 1 8 7 3 2 
7 2 8 3 5 1 4 6 
1 4 7 8 3 6 5 2 
8 5 4 6 1 3 2 7 
7 5 4 6 3 2 1 8 
8 1 7 2 3 5 6 4 
7 2 5 4 1 6 8 3 
4 2 8 7 6 1 5 3 
1 5 3 2 8 7 6 4 
8 2 5 6 7 3 4 1 
5 3 4 1 6 8 7 2 
5 6 2 4 7 3 8 1 
8 1 5 4 2 3 7 6 
3 7 8 6 2 1 4 5 
8 7 5 1 6 2 4 3 
3 7 2 6 4 1 5 8 
1 7 8 5 4 2 6 3 
6 5 1 4 3 8 2 7 
1 4 2 6 7 8 3 5 
6 4 3 7 8 5 1 2 
3 7 6 5 8 1 2 4 
5 4 7 2 6 1 3 8 

The pairwise G' values for each pair of runs where the clusters
of each run are permuted according to the list of permutations above

1.0000 0.5915 0.5395 0.5970 0.5944 0.5301 0.4914 0.6246 0.5799 0.4993 0.4980 0.6488 0.4573 0.5587 0.5837 0.4853 0.5937 0.5194 0.6025 0.5371 0.5361 0.5462 0.5321 0.5281 0.5460 0.5364 0.5145 0.5770 0.5051 
0.5915 1.0000 0.4693 0.5169 0.5102 0.5656 0.4731 0.5136 0.5363 0.4233 0.5258 0.5827 0.5033 0.5218 0.4887 0.4516 0.5658 0.4811 0.5419 0.4770 0.5289 0.5122 0.4610 0.4970 0.5164 0.4605 0.4680 0.5170 0.5431 
0.5395 0.4693 1.0000 0.5026 0.5124 0.4375 0.5164 0.5216 0.4681 0.4400 0.4605 0.4727 0.4887 0.4957 0.5234 0.4573 0.4840 0.5579 0.4917 0.5191 0.5748 0.4548 0.5029 0.4330 0.5236 0.4543 0.4387 0.5240 0.4696 
0.5970 0.5169 0.5026 1.0000 0.5525 0.4459 0.4609 0.5683 0.5485 0.4867 0.4797 0.5357 0.4894 0.5181 0.4612 0.4175 0.4974 0.4408 0.4796 0.4825 0.5279 0.5092 0.4694 0.4741 0.4877 0.4573 0.4626 0.5170 0.5159 
0.5944 0.5102 0.5124 0.5525 1.0000 0.4308 0.4679 0.5017 0.5446 0.5110 0.4938 0.5285 0.4544 0.5264 0.4571 0.4840 0.4917 0.4832 0.5072 0.5526 0.5566 0.5234 0.5113 0.4691 0.5114 0.5555 0.4288 0.4764 0.4947 
0.5301 0.5656 0.4375 0.4459 0.4308 1.0000 0.4164 0.4736 0.4854 0.4046 0.5130 0.4915 0.4404 0.4803 0.4508 0.4758 0.5164 0.4416 0.5049 0.4396 0.4747 0.4870 0.4438 0.5015 0.4672 0.5071 0.4907 0.5070 0.4852 
0.4914 0.4731 0.5164 0.4609 0.4679 0.4164 1.0000 0.5416 0.4504 0.4685 0.4498 0.5052 0.4451 0.5376 0.5145 0.4892 0.5107 0.6005 0.5299 0.5600 0.5413 0.4725 0.5078 0.4633 0.5531 0.4705 0.4275 0.5241 0.4894 
0.6246 0.5136 0.5216 0.5683 0.5017 0.4736 0.5416 1.0000 0.5223 0.4781 0.4848 0.6197 0.4619 0.6188 0.5588 0.5248 0.5370 0.5383 0.5879 0.4993 0.5327 0.5389 0.5224 0.4900 0.5622 0.4918 0.5362 0.6009 0.4710 
0.5799 0.5363 0.4681 0.5485 0.5446 0.4854 0.4504 0.5223 1.0000 0.4590 0.4933 0.5252 0.4662 0.5103 0.5219 0.4436 0.5087 0.4731 0.4965 0.5274 0.4899 0.5241 0.4774 0.5297 0.5085 0.5075 0.5080 0.4950 0.5529 
0.4993 0.4233 0.4400 0.4867 0.5110 0.4046 0.4685 0.4781 0.4590 1.0000 0.4880 0.4461 0.4195 0.5040 0.3998 0.4299 0.4497 0.5246 0.4443 0.5243 0.5130 0.5471 0.4609 0.4274 0.4676 0.4991 0.4265 0.4976 0.4232 
0.4980 0.5258 0.4605 0.4797 0.4938 0.5130 0.4498 0.4848 0.4933 0.4880 1.0000 0.4900 0.4932 0.5263 0.4344 0.4419 0.5574 0.4861 0.5552 0.4749 0.5445 0.5861 0.4394 0.5409 0.5216 0.4770 0.4648 0.4524 0.5235 
0.6488 0.5827 0.4727 0.5357 0.5285 0.4915 0.5052 0.6197 0.5252 0.4461 0.4900 1.0000 0.4500 0.5607 0.5535 0.5178 0.6071 0.5585 0.6210 0.5222 0.5089 0.4991 0.5123 0.5431 0.5259 0.5245 0.4971 0.5065 0.5256 
0.4573 0.5033 0.4887 0.4894 0.4544 0.4404 0.4451 0.4619 0.4662 0.4195 0.4932 0.4500 1.0000 0.4756 0.4373 0.4215 0.4900 0.4565 0.4911 0.4603 0.4802 0.4614 0.4561 0.4445 0.5069 0.4277 0.4537 0.4635 0.4212 
0.5587 0.5218 0.4957 0.5181 0.5264 0.4803 0.5376 0.6188 0.5103 0.5040 0.5263 0.5607 0.4756 1.0000 0.5290 0.5975 0.5618 0.5591 0.6005 0.5305 0.5852 0.5431 0.5843 0.4525 0.6025 0.5798 0.5004 0.5567 0.4961 
0.5837 0.4887 0.5234 0.4612 0.4571 0.4508 0.5145 0.5588 0.5219 0.3998 0.4344 0.5535 0.4373 0.5290 1.0000 0.4544 0.5925 0.4887 0.5594 0.4987 0.4841 0.4611 0.4919 0.4763 0.5374 0.4559 0.4541 0.5437 0.4504 
0.4853 0.4516 0.4573 0.4175 0.4840 0.4758 0.4892 0.5248 0.4436 0.4299 0.4419 0.5178 0.4215 0.5975 0.4544 1.0000 0.4765 0.5310 0.5395 0.4936 0.5493 0.4522 0.5291 0.4356 0.5465 0.6112 0.4784 0.4570 0.4661 
0.5937 0.5658 0.4840 0.4974 0.4917 0.5164 0.5107 0.5370 0.5087 0.4497 0.5574 0.6071 0.4900 0.5618 0.5925 0.4765 1.0000 0.5110 0.6683 0.5275 0.5131 0.5455 0.4732 0.5358 0.6073 0.4968 0.4550 0.5317 0.5195 
0.5194 0.4811 0.5579 0.4408 0.4832 0.4416 0.6005 0.5383 0.4731 0.5246 0.4861 0.5585 0.4565 0.5591 0.4887 0.5310 0.5110 1.0000 0.5526 0.5941 0.5415 0.4936 0.5711 0.4352 0.5991 0.5439 0.4551 0.5052 0.4617 
0.6025 0.5419 0.4917 0.4796 0.5072 0.5049 0.5299 0.5879 0.4965 0.4443 0.5552 0.6210 0.4911 0.6005 0.5594 0.5395 0.6683 0.5526 1.0000 0.5100 0.5158 0.5378 0.5459 0.5176 0.6007 0.5675 0.4836 0.5042 0.4975 
0.5371 0.4770 0.5191 0.4825 0.5526 0.4396 0.5600 0.4993 0.5274 0.5243 0.4749 0.5222 0.4603 0.5305 0.4987 0.4936 0.5275 0.5941 0.5100 1.0000 0.5588 0.5040 0.4874 0.4895 0.5384 0.5400 0.4167 0.5197 0.5314 
0.5361 0.5289 0.5748 0.5279 0.5566 0.4747 0.5413 0.5327 0.4899 0.5130 0.5445 0.5089 0.4802 0.5852 0.4841 0.5493 0.5131 0.5415 0.5158 0.5588 1.0000 0.5155 0.5053 0.4649 0.5643 0.5524 0.4969 0.4799 0.5350 
0.5462 0.5122 0.4548 0.5092 0.5234 0.4870 0.4725 0.5389 0.5241 0.5471 0.5861 0.4991 0.4614 0.5431 0.4611 0.4522 0.5455 0.4936 0.5378 0.5040 0.5155 1.0000 0.4571 0.5082 0.5335 0.4859 0.4713 0.5287 0.5164 
0.5321 0.4610 0.5029 0.4694 0.5113 0.4438 0.5078 0.5224 0.4774 0.4609 0.4394 0.5123 0.4561 0.5843 0.4919 0.5291 0.4732 0.5711 0.5459 0.4874 0.5053 0.4571 1.0000 0.4129 0.5827 0.5608 0.4831 0.5141 0.4161 
0.5281 0.4970 0.4330 0.4741 0.4691 0.5015 0.4633 0.4900 0.5297 0.4274 0.5409 0.5431 0.4445 0.4525 0.4763 0.4356 0.5358 0.4352 0.5176 0.4895 0.4649 0.5082 0.4129 1.0000 0.4724 0.4991 0.4597 0.5016 0.5730 
0.5460 0.5164 0.5236 0.4877 0.5114 0.4672 0.5531 0.5622 0.5085 0.4676 0.5216 0.5259 0.5069 0.6025 0.5374 0.5465 0.6073 0.5991 0.6007 0.5384 0.5643 0.5335 0.5827 0.4724 1.0000 0.5281 0.4461 0.5492 0.4790 
0.5364 0.4605 0.4543 0.4573 0.5555 0.5071 0.4705 0.4918 0.5075 0.4991 0.4770 0.5245 0.4277 0.5798 0.4559 0.6112 0.4968 0.5439 0.5675 0.5400 0.5524 0.4859 0.5608 0.4991 0.5281 1.0000 0.4978 0.4516 0.5024 
0.5145 0.4680 0.4387 0.4626 0.4288 0.4907 0.4275 0.5362 0.5080 0.4265 0.4648 0.4971 0.4537 0.5004 0.4541 0.4784 0.4550 0.4551 0.4836 0.4167 0.4969 0.4713 0.4831 0.4597 0.4461 0.4978 1.0000 0.4774 0.4067 
0.5770 0.5170 0.5240 0.5170 0.4764 0.5070 0.5241 0.6009 0.4950 0.4976 0.4524 0.5065 0.4635 0.5567 0.5437 0.4570 0.5317 0.5052 0.5042 0.5197 0.4799 0.5287 0.5141 0.5016 0.5492 0.4516 0.4774 1.0000 0.4749 
0.5051 0.5431 0.4696 0.5159 0.4947 0.4852 0.4894 0.4710 0.5529 0.4232 0.5235 0.5256 0.4212 0.4961 0.4504 0.4661 0.5195 0.4617 0.4975 0.5314 0.5350 0.5164 0.4161 0.5730 0.4790 0.5024 0.4067 0.4749 1.0000 
