1:	0.0921 0.0003 0.1053 0.0001 0.0073 0.0133 0.1953 0.1458 0.0011 0.0477 0.2086 0.0077 0.0555 0.0136 0.0359 0.0378 0.0325 	23
2:	0.2116 0.0030 0.0041 0.0465 0.0075 0.0006 0.1453 0.1471 0.0165 0.0923 0.1596 0.0103 0.0069 0.0105 0.0207 0.0735 0.0442 	13
3:	0.3096 0.0000 0.0000 0.0000 0.0522 0.0000 0.0033 0.0127 0.0000 0.0068 0.3297 0.0098 0.0095 0.0196 0.0304 0.1682 0.0482 	5
4:	0.2804 0.1498 0.0023 0.0422 0.0032 0.0203 0.0017 0.0023 0.0236 0.0060 0.1298 0.0092 0.0044 0.1498 0.0319 0.0468 0.0963 	15
5:	0.2521 0.1216 0.0066 0.0997 0.0104 0.0080 0.0025 0.0043 0.1558 0.0045 0.1270 0.0085 0.0077 0.0074 0.0381 0.0692 0.0766 	18
6:	0.0530 0.1692 0.0064 0.1803 0.0047 0.1651 0.0517 0.0307 0.1131 0.0008 0.0294 0.0007 0.0017 0.0096 0.0396 0.0615 0.0823 	24
7:	0.2097 0.0230 0.2245 0.0429 0.0089 0.0210 0.0037 0.0100 0.0384 0.0047 0.1136 0.0103 0.0139 0.0374 0.0522 0.1274 0.0582 	9
8:	0.0797 0.0001 0.0909 0.0000 0.1816 0.0008 0.0002 0.0100 0.0000 0.0043 0.1863 0.1763 0.1007 0.0082 0.0445 0.0709 0.0457 	11
9:	0.0000 0.1400 0.0000 0.2412 0.0000 0.0000 0.0000 0.0204 0.2972 0.0000 0.0000 0.0000 0.0000 0.0000 0.1005 0.0043 0.1965 	1
10:	0.4754 0.0016 0.0208 0.0015 0.0196 0.0126 0.0069 0.0037 0.0003 0.0092 0.2093 0.0147 0.0069 0.0273 0.0256 0.0977 0.0669 	17
11:	0.0000 0.4225 0.0864 0.2147 0.0000 0.0097 0.0000 0.0011 0.1203 0.0000 0.0000 0.0000 0.0000 0.0000 0.0407 0.0142 0.0905 	1
12:	0.1440 0.0006 0.0467 0.0065 0.0042 0.2530 0.0929 0.1266 0.0146 0.0065 0.1419 0.0112 0.0341 0.0347 0.0071 0.0349 0.0404 	8
13:	0.0000 0.5463 0.0000 0.2307 0.0000 0.0000 0.0000 0.0041 0.0350 0.0000 0.0000 0.0000 0.0000 0.0000 0.0705 0.0122 0.1012 	5
14:	0.2057 0.2464 0.0000 0.1694 0.0076 0.0000 0.0038 0.0123 0.0091 0.0073 0.1469 0.0077 0.0003 0.0257 0.0231 0.0544 0.0804 	2
15:	0.0000 0.1426 0.0025 0.1601 0.0000 0.4916 0.0000 0.0045 0.0465 0.0000 0.0000 0.0000 0.0000 0.0000 0.0355 0.0059 0.1106 	2
16:	0.5037 0.0000 0.0184 0.0000 0.0124 0.0140 0.0202 0.0049 0.0000 0.0008 0.1820 0.0333 0.0363 0.0010 0.0263 0.0791 0.0679 	2
17:	0.0000 0.0013 0.0372 0.0009 0.0001 0.4557 0.4998 0.0011 0.0000 0.0000 0.0006 0.0000 0.0013 0.0000 0.0000 0.0019 0.0000 	2
18:	0.3093 0.0000 0.0038 0.0000 0.0043 0.0003 0.0002 0.0017 0.0000 0.0148 0.3874 0.0059 0.0195 0.0385 0.0209 0.1112 0.0822 	3
19:	0.1397 0.0062 0.0712 0.0270 0.0709 0.0839 0.0000 0.0134 0.0031 0.0018 0.1474 0.0400 0.0000 0.0436 0.0178 0.3202 0.0138 	3
