
Using the parameter settings in the file: 
''1763240293/clumpp.paramfile''

Parameter settings
----------------------- Main parameters -------------------------
DATATYPE = 0
INDFILE = 1763240293/ClumppIndFile
POPFILE = 
OUTFILE = 1763240293/ClumppIndFile.output
MISCFILE = 1763240293/ClumppIndFile.misc
K = 17
C = 164
R = 49
M = 3
W = 0
S = 2
- Additional options for the Greedy and LargeKGreedy algorithms -
GREEDY_OPTION = 2
REPEATS = 2000
PERMUTATIONFILE = 
----------------------- Optional outputs ------------------------
PRINT_PERMUTED_DATA = 0
PERMUTED_DATAFILE = 
PRINT_EVERY_PERM = 0
EVERY_PERMFILE = 
PRINT_RANDOM_INPUTORDER = 0
RANDOM_INPUTORDERFILE = 
----------------------- Advanced options ------------------------
OVERRIDE_WARNINGS = 0
ORDER_BY_RUN = 1


In total, 2000 configurations of runs and clusters will be tested.

Results
------------------------------
The highest value of H' is: 0.50116701216912

The list of permutations of the clusters that produces that
H' value is (runs are listed sequentially on separate rows)

1 2 3 4 5 6 7 8 9 10 11 12 13 14 15 16 17 
5 11 4 15 6 3 16 2 8 9 10 12 1 13 17 14 7 
4 12 9 11 8 1 16 17 15 10 3 2 14 5 13 6 7 
13 4 5 1 8 15 14 10 3 9 7 16 2 11 12 6 17 
7 14 17 12 13 8 2 9 15 16 11 6 5 10 3 4 1 
14 7 13 1 6 3 17 16 15 5 8 2 12 11 9 10 4 
5 7 9 10 12 2 13 15 3 1 16 4 14 8 17 11 6 
17 2 4 15 13 8 16 9 5 12 1 10 6 14 3 11 7 
16 6 10 7 9 13 17 1 12 11 3 15 5 14 8 2 4 
14 9 16 2 5 4 11 12 3 7 10 1 13 8 15 6 17 
7 8 1 10 9 16 5 6 15 17 12 4 14 13 3 2 11 
8 5 6 2 12 11 17 14 9 3 10 4 16 7 15 1 13 
2 9 10 1 14 5 12 13 8 3 16 4 15 6 7 11 17 
10 15 3 12 4 11 8 7 14 13 9 2 17 16 6 5 1 
17 12 13 3 11 5 4 2 10 7 8 16 1 9 15 14 6 
3 4 6 14 12 17 2 7 11 1 5 9 15 8 10 16 13 
14 13 3 4 17 12 6 1 10 16 5 9 15 8 11 7 2 
13 4 11 7 9 6 17 14 15 5 3 1 12 2 16 10 8 
9 5 8 10 14 3 15 4 13 2 12 6 17 7 1 11 16 
4 15 12 1 3 2 13 5 10 17 8 14 7 11 9 16 6 
2 9 1 4 6 14 13 5 15 17 8 7 12 16 11 3 10 
15 14 3 13 2 10 16 8 4 9 17 6 11 7 5 12 1 
8 6 16 17 13 15 12 10 4 3 11 14 1 2 5 9 7 
3 5 1 11 12 9 17 13 14 8 15 10 7 16 4 6 2 
12 17 15 9 1 5 4 7 11 3 16 13 2 14 6 8 10 
4 5 1 2 8 15 3 7 11 16 14 9 6 17 10 13 12 
14 2 7 11 15 6 8 10 1 17 5 3 4 16 13 9 12 
5 11 7 10 8 14 6 3 2 17 4 9 15 1 16 13 12 
5 12 10 1 17 14 16 9 8 15 4 7 13 11 6 3 2 
3 7 1 5 8 16 4 11 12 2 13 14 9 17 6 15 10 
16 6 7 8 10 2 12 5 1 11 13 4 3 15 9 14 17 
17 11 9 10 13 8 2 16 7 6 5 12 4 14 3 1 15 
6 5 17 16 14 7 13 12 15 11 8 2 3 9 10 1 4 
12 13 11 17 1 16 2 3 15 6 8 4 10 14 7 5 9 
15 9 7 14 1 13 2 3 10 16 5 12 4 17 11 6 8 
17 12 10 14 3 9 16 5 6 8 11 2 15 7 13 4 1 
14 16 17 2 5 4 8 1 6 12 7 11 9 13 10 3 15 
16 3 12 11 14 9 10 4 15 2 17 5 13 7 1 6 8 
14 4 3 10 12 11 2 9 13 5 1 16 8 7 6 17 15 
14 2 7 10 13 12 3 8 5 4 1 15 9 16 6 11 17 
16 17 8 3 1 10 9 4 13 15 2 12 14 11 6 5 7 
4 7 17 1 8 13 9 5 2 10 11 3 6 15 16 14 12 
10 7 17 12 8 14 11 9 6 5 16 1 4 2 15 13 3 
11 12 7 4 17 13 15 10 16 2 3 8 6 1 9 14 5 
16 7 9 2 5 3 14 8 12 17 10 1 15 4 13 11 6 
9 1 14 11 2 10 12 7 8 5 3 17 6 4 13 15 16 
13 16 4 9 1 11 8 7 5 3 6 10 15 12 17 14 2 
1 2 12 7 17 9 8 16 11 3 10 14 13 5 6 15 4 
14 17 9 15 7 11 12 1 5 2 16 13 10 6 4 3 8 

The pairwise G' values for each pair of runs where the clusters
of each run are permuted according to the list of permutations above

1.0000 0.5304 0.5232 0.5284 0.6723 0.5011 0.5254 0.5077 0.4870 0.5364 0.4426 0.5648 0.4975 0.5033 0.5227 0.4562 0.5263 0.5453 0.5344 0.5924 0.5691 0.5437 0.4934 0.5115 0.5102 0.5060 0.5524 0.5696 0.5261 0.5444 0.5449 0.4744 0.4908 0.6034 0.5746 0.4471 0.5229 0.4808 0.5404 0.5361 0.5419 0.5011 0.5577 0.5699 0.5175 0.4642 0.5970 0.5373 0.4206 
0.5304 1.0000 0.5812 0.5012 0.5680 0.5083 0.5078 0.4958 0.5595 0.4696 0.4466 0.5296 0.5635 0.5489 0.5426 0.5019 0.4585 0.5340 0.5162 0.5912 0.5027 0.5295 0.5109 0.4716 0.5699 0.4513 0.5017 0.5206 0.5016 0.5458 0.5638 0.4603 0.4547 0.6029 0.4938 0.4536 0.5090 0.4425 0.4975 0.4931 0.5036 0.5101 0.5268 0.4932 0.5987 0.4241 0.5603 0.5489 0.4295 
0.5232 0.5812 1.0000 0.5066 0.5811 0.4855 0.5214 0.4826 0.5301 0.4767 0.4787 0.4868 0.5236 0.5355 0.5165 0.4752 0.4610 0.5003 0.5335 0.5504 0.4840 0.5151 0.4806 0.4476 0.5334 0.4578 0.4795 0.4975 0.4780 0.5358 0.5299 0.4499 0.4298 0.5148 0.5429 0.5028 0.5425 0.4134 0.4847 0.4987 0.5144 0.5078 0.5252 0.4987 0.5569 0.4520 0.5308 0.4983 0.4260 
0.5284 0.5012 0.5066 1.0000 0.5805 0.4361 0.4718 0.5132 0.4369 0.6204 0.5134 0.5133 0.4938 0.4248 0.5105 0.4266 0.4401 0.5722 0.4865 0.5529 0.5202 0.6322 0.4923 0.4546 0.4825 0.4848 0.5550 0.5248 0.5661 0.5211 0.4996 0.4700 0.5745 0.5619 0.5541 0.5743 0.5219 0.4760 0.4862 0.5127 0.5199 0.4997 0.5266 0.5360 0.5153 0.4986 0.5072 0.4646 0.4208 
0.6723 0.5680 0.5811 0.5805 1.0000 0.5180 0.5452 0.5175 0.5234 0.5619 0.4683 0.5844 0.5648 0.5428 0.5062 0.4997 0.5528 0.5650 0.5192 0.5904 0.5923 0.6206 0.4889 0.4806 0.5738 0.5028 0.5587 0.5928 0.5327 0.5947 0.5279 0.4635 0.4962 0.6480 0.6203 0.4772 0.5652 0.5155 0.5753 0.5204 0.5401 0.5219 0.6167 0.5662 0.5876 0.4878 0.5518 0.5598 0.4503 
0.5011 0.5083 0.4855 0.4361 0.5180 1.0000 0.5439 0.4904 0.5788 0.4427 0.4719 0.4866 0.5258 0.5769 0.5032 0.4981 0.5119 0.4735 0.5291 0.5391 0.4731 0.4547 0.4809 0.4533 0.5752 0.4731 0.4578 0.4961 0.4562 0.5000 0.5021 0.4486 0.4187 0.4960 0.5232 0.4106 0.4906 0.4255 0.4638 0.4586 0.4557 0.4285 0.5649 0.4763 0.5798 0.4497 0.4938 0.5169 0.4373 
0.5254 0.5078 0.5214 0.4718 0.5452 0.5439 1.0000 0.5050 0.5307 0.4789 0.5042 0.5096 0.5410 0.6231 0.4795 0.4641 0.5120 0.5131 0.5740 0.5386 0.5053 0.4886 0.5834 0.4499 0.5872 0.5398 0.5342 0.5179 0.4496 0.4960 0.5390 0.4793 0.4776 0.4951 0.4886 0.4299 0.4946 0.4178 0.4665 0.5293 0.4622 0.5134 0.5707 0.5423 0.5166 0.4998 0.5164 0.4972 0.4728 
0.5077 0.4958 0.4826 0.5132 0.5175 0.4904 0.5050 1.0000 0.4629 0.5650 0.4979 0.5153 0.5225 0.5140 0.5221 0.4345 0.4456 0.5384 0.4492 0.5440 0.5186 0.5770 0.5094 0.5314 0.5004 0.4424 0.5013 0.5705 0.5603 0.5262 0.5152 0.4404 0.5227 0.5633 0.5050 0.5361 0.5090 0.4470 0.4781 0.4860 0.5051 0.5254 0.5000 0.4881 0.5129 0.4476 0.5012 0.5096 0.4401 
0.4870 0.5595 0.5301 0.4369 0.5234 0.5788 0.5307 0.4629 1.0000 0.4494 0.4664 0.4574 0.5361 0.5486 0.5298 0.5307 0.4931 0.4749 0.5608 0.5489 0.4727 0.4948 0.5086 0.4398 0.6122 0.4849 0.4457 0.4905 0.4773 0.4966 0.4729 0.4395 0.4279 0.5256 0.5025 0.4197 0.5326 0.4219 0.4855 0.4596 0.4648 0.4593 0.6015 0.4715 0.5297 0.4547 0.5001 0.4948 0.4695 
0.5364 0.4696 0.4767 0.6204 0.5619 0.4427 0.4789 0.5650 0.4494 1.0000 0.5085 0.4914 0.4928 0.4861 0.5152 0.4335 0.4337 0.5413 0.4528 0.5229 0.5601 0.6532 0.4922 0.4736 0.4880 0.4824 0.5143 0.5257 0.6038 0.5030 0.5156 0.4445 0.5581 0.5880 0.5124 0.5509 0.5260 0.4917 0.5109 0.4950 0.4942 0.5219 0.5213 0.5128 0.4923 0.4657 0.4820 0.4602 0.4171 
0.4426 0.4466 0.4787 0.5134 0.4683 0.4719 0.5042 0.4979 0.4664 0.5085 1.0000 0.4447 0.5145 0.4717 0.5081 0.4314 0.4546 0.5048 0.4846 0.5085 0.4473 0.5250 0.5189 0.4531 0.4964 0.4690 0.4826 0.4938 0.5374 0.4747 0.4680 0.4500 0.4816 0.4685 0.5160 0.5203 0.5134 0.4000 0.4542 0.4586 0.4694 0.4690 0.5359 0.4462 0.4537 0.4949 0.4530 0.4045 0.4810 
0.5648 0.5296 0.4868 0.5133 0.5844 0.4866 0.5096 0.5153 0.4574 0.4914 0.4447 1.0000 0.5236 0.5153 0.4530 0.5079 0.5154 0.5093 0.4753 0.5739 0.5216 0.5278 0.4788 0.5073 0.5089 0.5180 0.4969 0.4932 0.4879 0.5606 0.5151 0.4804 0.4677 0.5141 0.5108 0.4623 0.5042 0.4540 0.5172 0.5328 0.5687 0.4749 0.5437 0.5375 0.5524 0.4728 0.5490 0.5561 0.4428 
0.4975 0.5635 0.5236 0.4938 0.5648 0.5258 0.5410 0.5225 0.5361 0.4928 0.5145 0.5236 1.0000 0.5834 0.5047 0.4885 0.5090 0.5219 0.5185 0.5510 0.5090 0.5377 0.4869 0.4696 0.5933 0.4964 0.4859 0.5175 0.5030 0.5381 0.4966 0.4907 0.4344 0.5505 0.4801 0.4544 0.5012 0.4191 0.5060 0.4620 0.4806 0.4882 0.5865 0.4926 0.5888 0.4661 0.4801 0.5125 0.5272 
0.5033 0.5489 0.5355 0.4248 0.5428 0.5769 0.6231 0.5140 0.5486 0.4861 0.4717 0.5153 0.5834 1.0000 0.4666 0.4709 0.5109 0.4711 0.5136 0.5427 0.4993 0.4994 0.5381 0.4433 0.5629 0.5278 0.4397 0.5044 0.4636 0.4883 0.5370 0.4631 0.4337 0.5365 0.4890 0.4286 0.5103 0.4453 0.4741 0.4785 0.4607 0.5017 0.5577 0.5127 0.5376 0.4672 0.5073 0.5333 0.4395 
0.5227 0.5426 0.5165 0.5105 0.5062 0.5032 0.4795 0.5221 0.5298 0.5152 0.5081 0.4530 0.5047 0.4666 1.0000 0.4441 0.4231 0.5982 0.5108 0.5618 0.5352 0.5078 0.4958 0.5400 0.5380 0.4492 0.5859 0.5337 0.6004 0.5061 0.5724 0.4789 0.4511 0.5504 0.4997 0.4944 0.5102 0.4182 0.4744 0.5112 0.5346 0.5467 0.5196 0.5054 0.5225 0.4393 0.5061 0.4669 0.4559 
0.4562 0.5019 0.4752 0.4266 0.4997 0.4981 0.4641 0.4345 0.5307 0.4335 0.4314 0.5079 0.4885 0.4709 0.4441 1.0000 0.4924 0.4227 0.4419 0.5225 0.5011 0.4834 0.4163 0.4646 0.4808 0.4248 0.4330 0.4606 0.4224 0.4567 0.4717 0.4020 0.4273 0.4593 0.5040 0.4167 0.4887 0.4360 0.4967 0.4659 0.4627 0.4464 0.4814 0.5195 0.5379 0.3897 0.4611 0.4922 0.4282 
0.5263 0.4585 0.4610 0.4401 0.5528 0.5119 0.5120 0.4456 0.4931 0.4337 0.4546 0.5154 0.5090 0.5109 0.4231 0.4924 1.0000 0.4412 0.5132 0.4871 0.4956 0.4705 0.4807 0.4931 0.5394 0.4841 0.4541 0.4643 0.4096 0.4758 0.4549 0.4749 0.4141 0.4745 0.4763 0.3900 0.4869 0.4395 0.5267 0.4743 0.4961 0.4442 0.5372 0.5000 0.5067 0.4653 0.4402 0.5623 0.4481 
0.5453 0.5340 0.5003 0.5722 0.5650 0.4735 0.5131 0.5384 0.4749 0.5413 0.5048 0.5093 0.5219 0.4711 0.5982 0.4227 0.4412 1.0000 0.5057 0.5867 0.5064 0.5437 0.5044 0.5090 0.5179 0.4590 0.5404 0.5604 0.5670 0.5492 0.5117 0.4862 0.4980 0.5801 0.5254 0.5158 0.5234 0.4173 0.4841 0.5440 0.5411 0.5177 0.5864 0.5120 0.5107 0.4570 0.5199 0.4826 0.4447 
0.5344 0.5162 0.5335 0.4865 0.5192 0.5291 0.5740 0.4492 0.5608 0.4528 0.4846 0.4753 0.5185 0.5136 0.5108 0.4419 0.5132 0.5057 1.0000 0.5819 0.4547 0.4562 0.5108 0.4455 0.5727 0.5211 0.5072 0.4932 0.4540 0.5092 0.4932 0.4785 0.4230 0.4541 0.5147 0.4261 0.4961 0.3955 0.4538 0.5097 0.5002 0.4875 0.5732 0.5171 0.5157 0.4661 0.5008 0.5021 0.4360 
0.5924 0.5912 0.5504 0.5529 0.5904 0.5391 0.5386 0.5440 0.5489 0.5229 0.5085 0.5739 0.5510 0.5427 0.5618 0.5225 0.4871 0.5867 0.5819 1.0000 0.5098 0.5301 0.5407 0.5357 0.5572 0.5121 0.5326 0.5703 0.5557 0.6247 0.5812 0.4744 0.5189 0.5608 0.6069 0.5325 0.5693 0.4914 0.5088 0.5462 0.5464 0.5262 0.6102 0.5816 0.5847 0.4683 0.5832 0.5421 0.4359 
0.5691 0.5027 0.4840 0.5202 0.5923 0.4731 0.5053 0.5186 0.4727 0.5601 0.4473 0.5216 0.5090 0.4993 0.5352 0.5011 0.4956 0.5064 0.4547 0.5098 1.0000 0.5616 0.4721 0.5412 0.5041 0.4655 0.5820 0.5539 0.5093 0.5099 0.5539 0.5032 0.4920 0.5942 0.4989 0.4646 0.4808 0.4764 0.5599 0.4741 0.4816 0.5097 0.5222 0.5499 0.5244 0.4731 0.4970 0.5579 0.4578 
0.5437 0.5295 0.5151 0.6322 0.6206 0.4547 0.4886 0.5770 0.4948 0.6532 0.5250 0.5278 0.5377 0.4994 0.5078 0.4834 0.4705 0.5437 0.4562 0.5301 0.5616 1.0000 0.4908 0.4834 0.5007 0.4653 0.5431 0.6166 0.6096 0.5001 0.4973 0.4381 0.5718 0.6282 0.5602 0.5415 0.5682 0.4964 0.5615 0.4849 0.5215 0.5155 0.5239 0.5102 0.5429 0.4936 0.4945 0.4852 0.4658 
0.4934 0.5109 0.4806 0.4923 0.4889 0.4809 0.5834 0.5094 0.5086 0.4922 0.5189 0.4788 0.4869 0.5381 0.4958 0.4163 0.4807 0.5044 0.5108 0.5407 0.4721 0.4908 1.0000 0.4847 0.5532 0.5147 0.4666 0.4504 0.4666 0.4617 0.5735 0.4835 0.5092 0.5075 0.5065 0.5151 0.5235 0.5043 0.4579 0.4778 0.4776 0.5241 0.5420 0.5117 0.4619 0.5221 0.5443 0.4710 0.4529 
0.5115 0.4716 0.4476 0.4546 0.4806 0.4533 0.4499 0.5314 0.4398 0.4736 0.4531 0.5073 0.4696 0.4433 0.5400 0.4646 0.4931 0.5090 0.4455 0.5357 0.5412 0.4834 0.4847 1.0000 0.4526 0.4307 0.5162 0.5038 0.4861 0.4639 0.4905 0.5173 0.4536 0.5079 0.4779 0.4748 0.4768 0.4148 0.5218 0.4841 0.5391 0.4716 0.4778 0.4925 0.4665 0.4566 0.4784 0.5434 0.4772 
0.5102 0.5699 0.5334 0.4825 0.5738 0.5752 0.5872 0.5004 0.6122 0.4880 0.4964 0.5089 0.5933 0.5629 0.5380 0.4808 0.5394 0.5179 0.5727 0.5572 0.5041 0.5007 0.5532 0.4526 1.0000 0.5223 0.5014 0.4998 0.4930 0.5411 0.5148 0.5098 0.4384 0.5632 0.5064 0.4464 0.5361 0.4403 0.5128 0.4636 0.5034 0.4975 0.6226 0.5247 0.5560 0.4950 0.5213 0.4895 0.4711 
0.5060 0.4513 0.4578 0.4848 0.5028 0.4731 0.5398 0.4424 0.4849 0.4824 0.4690 0.5180 0.4964 0.5278 0.4492 0.4248 0.4841 0.4590 0.5211 0.5121 0.4655 0.4653 0.5147 0.4307 0.5223 1.0000 0.4431 0.4304 0.4689 0.4713 0.4696 0.4900 0.4276 0.4487 0.4899 0.4337 0.4451 0.3977 0.4636 0.4972 0.4988 0.4749 0.5413 0.5679 0.4578 0.5233 0.4982 0.4612 0.4789 
0.5524 0.5017 0.4795 0.5550 0.5587 0.4578 0.5342 0.5013 0.4457 0.5143 0.4826 0.4969 0.4859 0.4397 0.5859 0.4330 0.4541 0.5404 0.5072 0.5326 0.5820 0.5431 0.4666 0.5162 0.5014 0.4431 1.0000 0.5973 0.5529 0.5129 0.5214 0.4986 0.5080 0.5462 0.5103 0.4475 0.4643 0.4261 0.4771 0.4862 0.4979 0.5058 0.5184 0.5180 0.5151 0.4396 0.4880 0.4626 0.4334 
0.5696 0.5206 0.4975 0.5248 0.5928 0.4961 0.5179 0.5705 0.4905 0.5257 0.4938 0.4932 0.5175 0.5044 0.5337 0.4606 0.4643 0.5604 0.4932 0.5703 0.5539 0.6166 0.4504 0.5038 0.4998 0.4304 0.5973 1.0000 0.5699 0.5145 0.5076 0.4394 0.5150 0.5995 0.5707 0.4853 0.5114 0.4393 0.5013 0.4608 0.4961 0.4940 0.5441 0.4871 0.5309 0.4380 0.4825 0.4970 0.4358 
0.5261 0.5016 0.4780 0.5661 0.5327 0.4562 0.4496 0.5603 0.4773 0.6038 0.5374 0.4879 0.5030 0.4636 0.6004 0.4224 0.4096 0.5670 0.4540 0.5557 0.5093 0.6096 0.4666 0.4861 0.4930 0.4689 0.5529 0.5699 1.0000 0.5269 0.4881 0.4450 0.5129 0.5797 0.5394 0.5239 0.5308 0.4425 0.4878 0.4869 0.5310 0.4895 0.5110 0.4763 0.4833 0.4547 0.5042 0.4357 0.4247 
0.5444 0.5458 0.5358 0.5211 0.5947 0.5000 0.4960 0.5262 0.4966 0.5030 0.4747 0.5606 0.5381 0.4883 0.5061 0.4567 0.4758 0.5492 0.5092 0.6247 0.5099 0.5001 0.4617 0.4639 0.5411 0.4713 0.5129 0.5145 0.5269 1.0000 0.5030 0.4384 0.4756 0.5454 0.5067 0.4952 0.5047 0.4375 0.5088 0.5010 0.4966 0.4758 0.5964 0.5605 0.5679 0.4328 0.5527 0.5326 0.4175 
0.5449 0.5638 0.5299 0.4996 0.5279 0.5021 0.5390 0.5152 0.4729 0.5156 0.4680 0.5151 0.4966 0.5370 0.5724 0.4717 0.4549 0.5117 0.4932 0.5812 0.5539 0.4973 0.5735 0.4905 0.5148 0.4696 0.5214 0.5076 0.4881 0.5030 1.0000 0.4742 0.4889 0.5392 0.5308 0.5174 0.5208 0.5044 0.5024 0.5190 0.5074 0.5612 0.5151 0.5469 0.5378 0.4523 0.5543 0.5078 0.4218 
0.4744 0.4603 0.4499 0.4700 0.4635 0.4486 0.4793 0.4404 0.4395 0.4445 0.4500 0.4804 0.4907 0.4631 0.4789 0.4020 0.4749 0.4862 0.4785 0.4744 0.5032 0.4381 0.4835 0.5173 0.5098 0.4900 0.4986 0.4394 0.4450 0.4384 0.4742 1.0000 0.4087 0.4753 0.4354 0.4250 0.4169 0.3767 0.4548 0.4597 0.5057 0.4508 0.4982 0.4684 0.4424 0.5411 0.4842 0.4538 0.5067 
0.4908 0.4547 0.4298 0.5745 0.4962 0.4187 0.4776 0.5227 0.4279 0.5581 0.4816 0.4677 0.4344 0.4337 0.4511 0.4273 0.4141 0.4980 0.4230 0.5189 0.4920 0.5718 0.5092 0.4536 0.4384 0.4276 0.5080 0.5150 0.5129 0.4756 0.4889 0.4087 1.0000 0.5253 0.5027 0.6002 0.5489 0.4992 0.4480 0.4484 0.4489 0.4560 0.4630 0.4818 0.4569 0.4300 0.4434 0.4391 0.3900 
0.6034 0.6029 0.5148 0.5619 0.6480 0.4960 0.4951 0.5633 0.5256 0.5880 0.4685 0.5141 0.5505 0.5365 0.5504 0.4593 0.4745 0.5801 0.4541 0.5608 0.5942 0.6282 0.5075 0.5079 0.5632 0.4487 0.5462 0.5995 0.5797 0.5454 0.5392 0.4753 0.5253 1.0000 0.5389 0.5050 0.4916 0.4900 0.5631 0.4823 0.4999 0.5285 0.5497 0.5066 0.5324 0.4627 0.5392 0.5124 0.4536 
0.5746 0.4938 0.5429 0.5541 0.6203 0.5232 0.4886 0.5050 0.5025 0.5124 0.5160 0.5108 0.4801 0.4890 0.4997 0.5040 0.4763 0.5254 0.5147 0.6069 0.4989 0.5602 0.5065 0.4779 0.5064 0.4899 0.5103 0.5707 0.5394 0.5067 0.5308 0.4354 0.5027 0.5389 1.0000 0.5256 0.5770 0.4860 0.5243 0.5335 0.5645 0.4954 0.5451 0.5308 0.5209 0.4775 0.5564 0.4716 0.4220 
0.4471 0.4536 0.5028 0.5743 0.4772 0.4106 0.4299 0.5361 0.4197 0.5509 0.5203 0.4623 0.4544 0.4286 0.4944 0.4167 0.3900 0.5158 0.4261 0.5325 0.4646 0.5415 0.5151 0.4748 0.4464 0.4337 0.4475 0.4853 0.5239 0.4952 0.5174 0.4250 0.6002 0.5050 0.5256 1.0000 0.5457 0.4541 0.4550 0.4561 0.5108 0.5010 0.4882 0.4867 0.4685 0.4678 0.4705 0.4425 0.4008 
0.5229 0.5090 0.5425 0.5219 0.5652 0.4906 0.4946 0.5090 0.5326 0.5260 0.5134 0.5042 0.5012 0.5103 0.5102 0.4887 0.4869 0.5234 0.4961 0.5693 0.4808 0.5682 0.5235 0.4768 0.5361 0.4451 0.4643 0.5114 0.5308 0.5047 0.5208 0.4169 0.5489 0.4916 0.5770 0.5457 1.0000 0.5239 0.5114 0.4721 0.5235 0.4725 0.5591 0.4968 0.5576 0.4551 0.4937 0.4983 0.3863 
0.4808 0.4425 0.4134 0.4760 0.5155 0.4255 0.4178 0.4470 0.4219 0.4917 0.4000 0.4540 0.4191 0.4453 0.4182 0.4360 0.4395 0.4173 0.3955 0.4914 0.4764 0.4964 0.5043 0.4148 0.4403 0.3977 0.4261 0.4393 0.4425 0.4375 0.5044 0.3767 0.4992 0.4900 0.4860 0.4541 0.5239 1.0000 0.4423 0.4010 0.4159 0.4628 0.4425 0.4529 0.4647 0.3991 0.4627 0.4651 0.3437 
0.5404 0.4975 0.4847 0.4862 0.5753 0.4638 0.4665 0.4781 0.4855 0.5109 0.4542 0.5172 0.5060 0.4741 0.4744 0.4967 0.5267 0.4841 0.4538 0.5088 0.5599 0.5615 0.4579 0.5218 0.5128 0.4636 0.4771 0.5013 0.4878 0.5088 0.5024 0.4548 0.4480 0.5631 0.5243 0.4550 0.5114 0.4423 1.0000 0.4793 0.5432 0.4713 0.5187 0.5564 0.5479 0.4575 0.4941 0.5130 0.4486 
0.5361 0.4931 0.4987 0.5127 0.5204 0.4586 0.5293 0.4860 0.4596 0.4950 0.4586 0.5328 0.4620 0.4785 0.5112 0.4659 0.4743 0.5440 0.5097 0.5462 0.4741 0.4849 0.4778 0.4841 0.4636 0.4972 0.4862 0.4608 0.4869 0.5010 0.5190 0.4597 0.4484 0.4823 0.5335 0.4561 0.4721 0.4010 0.4793 1.0000 0.5885 0.5083 0.4864 0.5472 0.4754 0.4712 0.5149 0.4891 0.4452 
0.5419 0.5036 0.5144 0.5199 0.5401 0.4557 0.4622 0.5051 0.4648 0.4942 0.4694 0.5687 0.4806 0.4607 0.5346 0.4627 0.4961 0.5411 0.5002 0.5464 0.4816 0.5215 0.4776 0.5391 0.5034 0.4988 0.4979 0.4961 0.5310 0.4966 0.5074 0.5057 0.4489 0.4999 0.5645 0.5108 0.5235 0.4159 0.5432 0.5885 1.0000 0.5238 0.5181 0.5263 0.5077 0.5040 0.5277 0.5001 0.4691 
0.5011 0.5101 0.5078 0.4997 0.5219 0.4285 0.5134 0.5254 0.4593 0.5219 0.4690 0.4749 0.4882 0.5017 0.5467 0.4464 0.4442 0.5177 0.4875 0.5262 0.5097 0.5155 0.5241 0.4716 0.4975 0.4749 0.5058 0.4940 0.4895 0.4758 0.5612 0.4508 0.4560 0.5285 0.4954 0.5010 0.4725 0.4628 0.4713 0.5083 0.5238 1.0000 0.5105 0.5292 0.4976 0.4332 0.5102 0.4662 0.4298 
0.5577 0.5268 0.5252 0.5266 0.6167 0.5649 0.5707 0.5000 0.6015 0.5213 0.5359 0.5437 0.5865 0.5577 0.5196 0.4814 0.5372 0.5864 0.5732 0.6102 0.5222 0.5239 0.5420 0.4778 0.6226 0.5413 0.5184 0.5441 0.5110 0.5964 0.5151 0.4982 0.4630 0.5497 0.5451 0.4882 0.5591 0.4425 0.5187 0.4864 0.5181 0.5105 1.0000 0.5677 0.5463 0.5100 0.5345 0.5176 0.4791 
0.5699 0.4932 0.4987 0.5360 0.5662 0.4763 0.5423 0.4881 0.4715 0.5128 0.4462 0.5375 0.4926 0.5127 0.5054 0.5195 0.5000 0.5120 0.5171 0.5816 0.5499 0.5102 0.5117 0.4925 0.5247 0.5679 0.5180 0.4871 0.4763 0.5605 0.5469 0.4684 0.4818 0.5066 0.5308 0.4867 0.4968 0.4529 0.5564 0.5472 0.5263 0.5292 0.5677 1.0000 0.5142 0.4790 0.5766 0.5115 0.4465 
0.5175 0.5987 0.5569 0.5153 0.5876 0.5798 0.5166 0.5129 0.5297 0.4923 0.4537 0.5524 0.5888 0.5376 0.5225 0.5379 0.5067 0.5107 0.5157 0.5847 0.5244 0.5429 0.4619 0.4665 0.5560 0.4578 0.5151 0.5309 0.4833 0.5679 0.5378 0.4424 0.4569 0.5324 0.5209 0.4685 0.5576 0.4647 0.5479 0.4754 0.5077 0.4976 0.5463 0.5142 1.0000 0.4159 0.4981 0.5666 0.4224 
0.4642 0.4241 0.4520 0.4986 0.4878 0.4497 0.4998 0.4476 0.4547 0.4657 0.4949 0.4728 0.4661 0.4672 0.4393 0.3897 0.4653 0.4570 0.4661 0.4683 0.4731 0.4936 0.5221 0.4566 0.4950 0.5233 0.4396 0.4380 0.4547 0.4328 0.4523 0.5411 0.4300 0.4627 0.4775 0.4678 0.4551 0.3991 0.4575 0.4712 0.5040 0.4332 0.5100 0.4790 0.4159 1.0000 0.4852 0.4583 0.5233 
0.5970 0.5603 0.5308 0.5072 0.5518 0.4938 0.5164 0.5012 0.5001 0.4820 0.4530 0.5490 0.4801 0.5073 0.5061 0.4611 0.4402 0.5199 0.5008 0.5832 0.4970 0.4945 0.5443 0.4784 0.5213 0.4982 0.4880 0.4825 0.5042 0.5527 0.5543 0.4842 0.4434 0.5392 0.5564 0.4705 0.4937 0.4627 0.4941 0.5149 0.5277 0.5102 0.5345 0.5766 0.4981 0.4852 1.0000 0.5179 0.4153 
0.5373 0.5489 0.4983 0.4646 0.5598 0.5169 0.4972 0.5096 0.4948 0.4602 0.4045 0.5561 0.5125 0.5333 0.4669 0.4922 0.5623 0.4826 0.5021 0.5421 0.5579 0.4852 0.4710 0.5434 0.4895 0.4612 0.4626 0.4970 0.4357 0.5326 0.5078 0.4538 0.4391 0.5124 0.4716 0.4425 0.4983 0.4651 0.5130 0.4891 0.5001 0.4662 0.5176 0.5115 0.5666 0.4583 0.5179 1.0000 0.4244 
0.4206 0.4295 0.4260 0.4208 0.4503 0.4373 0.4728 0.4401 0.4695 0.4171 0.4810 0.4428 0.5272 0.4395 0.4559 0.4282 0.4481 0.4447 0.4360 0.4359 0.4578 0.4658 0.4529 0.4772 0.4711 0.4789 0.4334 0.4358 0.4247 0.4175 0.4218 0.5067 0.3900 0.4536 0.4220 0.4008 0.3863 0.3437 0.4486 0.4452 0.4691 0.4298 0.4791 0.4465 0.4224 0.5233 0.4153 0.4244 1.0000 
