
Using the parameter settings in the file: 
''1763151095/clumpp.paramfile''

Parameter settings
----------------------- Main parameters -------------------------
DATATYPE = 0
INDFILE = 1763151095/ClumppIndFile
POPFILE = 
OUTFILE = 1763151095/ClumppIndFile.output
MISCFILE = 1763151095/ClumppIndFile.misc
K = 7
C = 76
R = 26
M = 3
W = 0
S = 2
- Additional options for the Greedy and LargeKGreedy algorithms -
GREEDY_OPTION = 2
REPEATS = 2000
PERMUTATIONFILE = 
----------------------- Optional outputs ------------------------
PRINT_PERMUTED_DATA = 0
PERMUTED_DATAFILE = 
PRINT_EVERY_PERM = 0
EVERY_PERMFILE = 
PRINT_RANDOM_INPUTORDER = 0
RANDOM_INPUTORDERFILE = 
----------------------- Advanced options ------------------------
OVERRIDE_WARNINGS = 0
ORDER_BY_RUN = 1


In total, 2000 configurations of runs and clusters will be tested.

Results
------------------------------
The highest value of H' is: 0.47729653558190

The list of permutations of the clusters that produces that
H' value is (runs are listed sequentially on separate rows)

1 2 3 4 5 6 7 
6 2 7 5 3 1 4 
3 2 7 4 6 1 5 
4 2 3 6 5 1 7 
5 3 1 6 7 4 2 
7 1 2 6 5 3 4 
4 1 2 3 6 7 5 
4 3 7 5 1 2 6 
7 6 3 4 2 5 1 
7 3 1 2 4 6 5 
1 6 4 2 5 7 3 
5 6 7 3 2 1 4 
5 3 7 6 4 2 1 
2 1 3 7 5 4 6 
1 7 2 5 4 3 6 
1 5 7 6 4 2 3 
7 5 2 6 1 4 3 
4 2 3 7 6 1 5 
3 7 2 6 4 1 5 
1 6 3 4 7 2 5 
6 5 2 7 1 4 3 
3 6 7 5 2 4 1 
6 2 7 5 4 1 3 
7 3 4 5 2 6 1 
1 5 7 3 4 2 6 
1 5 6 7 3 4 2 

The pairwise G' values for each pair of runs where the clusters
of each run are permuted according to the list of permutations above

1.0000 0.5273 0.4479 0.4080 0.4136 0.4082 0.5207 0.4593 0.4839 0.4808 0.4732 0.4822 0.4404 0.3985 0.4998 0.4141 0.5256 0.5040 0.5161 0.4213 0.4687 0.4955 0.4609 0.5061 0.4650 0.4585 
0.5273 1.0000 0.4370 0.4535 0.4434 0.4379 0.5163 0.5116 0.4264 0.5223 0.4731 0.5133 0.5232 0.4474 0.5576 0.5439 0.5227 0.5889 0.5192 0.4353 0.4988 0.4295 0.5104 0.5450 0.4395 0.4571 
0.4479 0.4370 1.0000 0.5253 0.4594 0.3719 0.4574 0.4324 0.4621 0.4584 0.4459 0.4953 0.4653 0.4011 0.4916 0.4178 0.4812 0.4939 0.5509 0.4642 0.4485 0.5366 0.5365 0.4636 0.4214 0.4842 
0.4080 0.4535 0.5253 1.0000 0.4120 0.3980 0.4288 0.4677 0.4871 0.5364 0.4267 0.4745 0.4246 0.4237 0.5103 0.4171 0.5227 0.5470 0.5339 0.4422 0.4106 0.4607 0.5001 0.5042 0.4341 0.4886 
0.4136 0.4434 0.4594 0.4120 1.0000 0.4023 0.4919 0.4601 0.4251 0.4586 0.3747 0.4838 0.5063 0.4967 0.4615 0.4297 0.4016 0.4679 0.4590 0.4661 0.4636 0.4531 0.4922 0.4930 0.4608 0.4723 
0.4082 0.4379 0.3719 0.3980 0.4023 1.0000 0.3802 0.4101 0.4001 0.4268 0.4354 0.4118 0.4351 0.4638 0.4668 0.4153 0.3757 0.4600 0.4205 0.4585 0.4722 0.4005 0.5304 0.4803 0.4435 0.4629 
0.5207 0.5163 0.4574 0.4288 0.4919 0.3802 1.0000 0.4862 0.4750 0.4855 0.4797 0.4990 0.4804 0.4397 0.5338 0.4824 0.5011 0.5086 0.5372 0.4623 0.4519 0.5040 0.4619 0.5259 0.4587 0.4718 
0.4593 0.5116 0.4324 0.4677 0.4601 0.4101 0.4862 1.0000 0.4811 0.4847 0.4476 0.4693 0.4560 0.5047 0.4989 0.4288 0.4558 0.5017 0.5136 0.4228 0.4241 0.4756 0.4776 0.4824 0.5064 0.4801 
0.4839 0.4264 0.4621 0.4871 0.4251 0.4001 0.4750 0.4811 1.0000 0.4858 0.5132 0.4736 0.4155 0.4151 0.5003 0.3827 0.4422 0.5342 0.5209 0.4554 0.4167 0.5159 0.4734 0.4824 0.5032 0.4613 
0.4808 0.5223 0.4584 0.5364 0.4586 0.4268 0.4855 0.4847 0.4858 1.0000 0.5027 0.4822 0.4739 0.4974 0.5893 0.5044 0.5349 0.5842 0.5511 0.4414 0.4753 0.4507 0.5030 0.6165 0.5223 0.4639 
0.4732 0.4731 0.4459 0.4267 0.3747 0.4354 0.4797 0.4476 0.5132 0.5027 1.0000 0.5124 0.4491 0.4187 0.4927 0.4429 0.4404 0.5028 0.5426 0.4701 0.4549 0.5124 0.4678 0.4744 0.4632 0.4492 
0.4822 0.5133 0.4953 0.4745 0.4838 0.4118 0.4990 0.4693 0.4736 0.4822 0.5124 1.0000 0.4885 0.4219 0.5292 0.4872 0.4431 0.5145 0.6054 0.4345 0.4792 0.5363 0.4917 0.5000 0.4616 0.4477 
0.4404 0.5232 0.4653 0.4246 0.5063 0.4351 0.4804 0.4560 0.4155 0.4739 0.4491 0.4885 1.0000 0.4334 0.5129 0.5379 0.4586 0.5275 0.5377 0.4495 0.5190 0.4761 0.5345 0.4881 0.3873 0.4104 
0.3985 0.4474 0.4011 0.4237 0.4967 0.4638 0.4397 0.5047 0.4151 0.4974 0.4187 0.4219 0.4334 1.0000 0.4633 0.4241 0.4496 0.5007 0.4417 0.4457 0.4294 0.4108 0.4777 0.4956 0.4999 0.4629 
0.4998 0.5576 0.4916 0.5103 0.4615 0.4668 0.5338 0.4989 0.5003 0.5893 0.4927 0.5292 0.5129 0.4633 1.0000 0.5145 0.5379 0.5886 0.5828 0.4708 0.4875 0.4820 0.5454 0.6569 0.4841 0.4867 
0.4141 0.5439 0.4178 0.4171 0.4297 0.4153 0.4824 0.4288 0.3827 0.5044 0.4429 0.4872 0.5379 0.4241 0.5145 1.0000 0.4863 0.4771 0.5031 0.3892 0.4662 0.4308 0.4376 0.4867 0.3946 0.4156 
0.5256 0.5227 0.4812 0.5227 0.4016 0.3757 0.5011 0.4558 0.4422 0.5349 0.4404 0.4431 0.4586 0.4496 0.5379 0.4863 1.0000 0.5346 0.5322 0.4055 0.4463 0.4682 0.4761 0.4820 0.4672 0.4682 
0.5040 0.5889 0.4939 0.5470 0.4679 0.4600 0.5086 0.5017 0.5342 0.5842 0.5028 0.5145 0.5275 0.5007 0.5886 0.4771 0.5346 1.0000 0.6099 0.4985 0.5464 0.4652 0.5922 0.5685 0.5189 0.5042 
0.5161 0.5192 0.5509 0.5339 0.4590 0.4205 0.5372 0.5136 0.5209 0.5511 0.5426 0.6054 0.5377 0.4417 0.5828 0.5031 0.5322 0.6099 1.0000 0.4642 0.5090 0.5643 0.5472 0.5432 0.4645 0.4957 
0.4213 0.4353 0.4642 0.4422 0.4661 0.4585 0.4623 0.4228 0.4554 0.4414 0.4701 0.4345 0.4495 0.4457 0.4708 0.3892 0.4055 0.4985 0.4642 1.0000 0.4634 0.4688 0.5830 0.4840 0.4108 0.4760 
0.4687 0.4988 0.4485 0.4106 0.4636 0.4722 0.4519 0.4241 0.4167 0.4753 0.4549 0.4792 0.5190 0.4294 0.4875 0.4662 0.4463 0.5464 0.5090 0.4634 1.0000 0.4486 0.5615 0.4893 0.4688 0.4560 
0.4955 0.4295 0.5366 0.4607 0.4531 0.4005 0.5040 0.4756 0.5159 0.4507 0.5124 0.5363 0.4761 0.4108 0.4820 0.4308 0.4682 0.4652 0.5643 0.4688 0.4486 1.0000 0.4675 0.4641 0.4377 0.4769 
0.4609 0.5104 0.5365 0.5001 0.4922 0.5304 0.4619 0.4776 0.4734 0.5030 0.4678 0.4917 0.5345 0.4777 0.5454 0.4376 0.4761 0.5922 0.5472 0.5830 0.5615 0.4675 1.0000 0.5454 0.4533 0.4955 
0.5061 0.5450 0.4636 0.5042 0.4930 0.4803 0.5259 0.4824 0.4824 0.6165 0.4744 0.5000 0.4881 0.4956 0.6569 0.4867 0.4820 0.5685 0.5432 0.4840 0.4893 0.4641 0.5454 1.0000 0.5105 0.5011 
0.4650 0.4395 0.4214 0.4341 0.4608 0.4435 0.4587 0.5064 0.5032 0.5223 0.4632 0.4616 0.3873 0.4999 0.4841 0.3946 0.4672 0.5189 0.4645 0.4108 0.4688 0.4377 0.4533 0.5105 1.0000 0.4938 
0.4585 0.4571 0.4842 0.4886 0.4723 0.4629 0.4718 0.4801 0.4613 0.4639 0.4492 0.4477 0.4104 0.4629 0.4867 0.4156 0.4682 0.5042 0.4957 0.4760 0.4560 0.4769 0.4955 0.5011 0.4938 1.0000 
