1.0000 0.5858 0.4584 0.5718 0.4267 0.5761 0.4636 0.4951 0.5730 0.5303 0.5713 0.4646 0.4956 0.5797 0.5561 0.5826 0.5494 0.4945 0.4615 0.5926 0.5020 0.6322 0.5143 0.6656 0.6033 0.5607 0.4699 0.4842 0.5311 0.5502 0.6414 0.5950 0.4816 0.5280 0.5035 0.5160 0.5511 0.5054 0.4905 0.5676 0.4172 0.5059 0.6384 0.6686 0.6605 0.4900 0.4945 0.5314 0.4695 0.5255
0.5858 1.0000 0.5379 0.5820 0.5332 0.5480 0.5533 0.6233 0.5817 0.5592 0.5811 0.5051 0.5477 0.4907 0.5832 0.5282 0.5901 0.5304 0.5583 0.5806 0.5918 0.5155 0.5593 0.5717 0.5684 0.5689 0.5171 0.5556 0.5382 0.5805 0.5951 0.6284 0.5861 0.5896 0.6389 0.4593 0.6445 0.6911 0.5563 0.5693 0.5521 0.6144 0.5254 0.5521 0.5211 0.5030 0.4936 0.4507 0.6056 0.5468
0.4584 0.5379 1.0000 0.4830 0.6726 0.5357 0.7117 0.6187 0.5946 0.5216 0.5389 0.6617 0.6192 0.4682 0.5293 0.4754 0.5421 0.7556 0.6561 0.5012 0.7118 0.5169 0.6447 0.5321 0.5837 0.5023 0.6288 0.7664 0.5647 0.5316 0.5505 0.6073 0.7089 0.5771 0.5515 0.4178 0.6126 0.5561 0.7729 0.5284 0.7517 0.5490 0.5115 0.4990 0.4902 0.7617 0.4397 0.4417 0.5511 0.6203
0.5718 0.5820 0.4830 1.0000 0.4405 0.6806 0.4967 0.5217 0.6690 0.4793 0.6387 0.4572 0.4734 0.5481 0.5809 0.7155 0.6879 0.4683 0.4556 0.5612 0.4923 0.6203 0.4923 0.6838 0.4879 0.7257 0.4371 0.5011 0.4960 0.5151 0.5285 0.6304 0.4946 0.5494 0.5818 0.5558 0.5193 0.5919 0.5115 0.6764 0.4460 0.5850 0.6514 0.5639 0.6421 0.4737 0.5966 0.5329 0.5277 0.4942
0.4267 0.5332 0.6726 0.4405 1.0000 0.4881 0.6330 0.5671 0.5211 0.4733 0.4905 0.6083 0.6275 0.4342 0.4800 0.4332 0.4927 0.6454 0.6128 0.4531 0.6340 0.4632 0.6203 0.4862 0.5437 0.4622 0.6009 0.6549 0.5434 0.4928 0.4845 0.5272 0.6041 0.5148 0.5053 0.3882 0.6070 0.5040 0.6418 0.4825 0.6596 0.5311 0.4655 0.4391 0.4461 0.6169 0.4078 0.4090 0.5055 0.5399
0.5761 0.5480 0.5357 0.6806 0.4881 1.0000 0.5491 0.5798 0.6858 0.5357 0.5558 0.5077 0.5244 0.6645 0.5234 0.6725 0.6535 0.5201 0.5022 0.6113 0.5464 0.6681 0.5247 0.7215 0.5626 0.6840 0.4835 0.5560 0.5697 0.5625 0.5982 0.6065 0.5488 0.5117 0.4989 0.5372 0.5926 0.5588 0.5679 0.7789 0.4960 0.5520 0.6678 0.5973 0.6798 0.5254 0.6416 0.5965 0.4994 0.5487
0.4636 0.5533 0.7117 0.4967 0.6330 0.5491 1.0000 0.6011 0.5719 0.5464 0.5330 0.6350 0.5983 0.4822 0.5467 0.4885 0.5627 0.6965 0.6927 0.5275 0.7247 0.5152 0.5914 0.5451 0.5702 0.5249 0.6297 0.7399 0.5650 0.5667 0.5830 0.6129 0.7651 0.5859 0.5699 0.4326 0.5871 0.5761 0.7288 0.5436 0.7562 0.5065 0.5262 0.5256 0.5020 0.6779 0.4504 0.4527 0.5529 0.6356
0.4951 0.6233 0.6187 0.5217 0.5671 0.5798 0.6011 1.0000 0.5568 0.5351 0.5352 0.5488 0.5279 0.5412 0.5680 0.5116 0.6376 0.5787 0.5658 0.5729 0.6141 0.5509 0.5940 0.5413 0.6315 0.5459 0.5324 0.6225 0.6524 0.5434 0.6043 0.5694 0.6062 0.6031 0.5471 0.4587 0.5834 0.6179 0.6195 0.5988 0.5828 0.5582 0.5452 0.5228 0.5026 0.5457 0.4869 0.4628 0.6062 0.5155
0.5730 0.5817 0.5946 0.6690 0.5211 0.6858 0.5719 0.5568 1.0000 0.6093 0.6432 0.5394 0.5162 0.6129 0.5324 0.6508 0.6095 0.5571 0.5479 0.6595 0.5634 0.6061 0.5752 0.6789 0.5450 0.6408 0.5060 0.5904 0.5273 0.5609 0.5995 0.6674 0.5671 0.5658 0.5867 0.5420 0.6017 0.6236 0.6233 0.6168 0.5491 0.5873 0.6628 0.6602 0.6667 0.5820 0.5747 0.5587 0.5237 0.5661
0.5303 0.5592 0.5216 0.4793 0.4733 0.5357 0.5464 0.5351 0.6093 1.0000 0.5103 0.4730 0.4370 0.5763 0.4468 0.5119 0.4420 0.4871 0.5412 0.6151 0.5235 0.5503 0.5518 0.5578 0.5059 0.5242 0.4803 0.5179 0.5349 0.6412 0.5967 0.5600 0.5651 0.5069 0.6132 0.4612 0.5933 0.5628 0.5397 0.4996 0.5356 0.4684 0.5286 0.6369 0.5540 0.4828 0.4369 0.4744 0.5279 0.5119
0.5713 0.5811 0.5389 0.6387 0.4905 0.5558 0.5330 0.5352 0.6432 0.5103 1.0000 0.4916 0.4697 0.5206 0.5563 0.6323 0.5658 0.5235 0.4592 0.5672 0.4866 0.5640 0.6056 0.6403 0.5490 0.6017 0.4359 0.5291 0.5598 0.5549 0.5600 0.5725 0.4989 0.5803 0.5977 0.5352 0.5691 0.5518 0.5194 0.5270 0.5137 0.6114 0.6448 0.5846 0.6311 0.5336 0.4957 0.5246 0.5110 0.4577
0.4646 0.5051 0.6617 0.4572 0.6083 0.5077 0.6350 0.5488 0.5394 0.4730 0.4916 1.0000 0.5719 0.4451 0.5306 0.4485 0.5130 0.7064 0.5937 0.4653 0.6050 0.4924 0.5736 0.5044 0.5801 0.4960 0.6196 0.6613 0.5080 0.5070 0.5405 0.5655 0.6110 0.5556 0.5124 0.3828 0.5363 0.4984 0.6270 0.5014 0.6362 0.4942 0.4835 0.4836 0.4637 0.6650 0.4051 0.4050 0.5075 0.5355
0.4956 0.5477 0.6192 0.4734 0.6275 0.5244 0.5983 0.5279 0.5162 0.4370 0.4697 0.5719 1.0000 0.4758 0.5015 0.4646 0.5311 0.6379 0.6228 0.4666 0.6449 0.4945 0.5992 0.5214 0.5393 0.4929 0.5716 0.6181 0.5271 0.4406 0.4898 0.5292 0.6008 0.5002 0.4496 0.4125 0.5944 0.4780 0.6116 0.5165 0.6133 0.5526 0.5006 0.4712 0.4797 0.6031 0.4329 0.4342 0.4485 0.6240
0.5797 0.4907 0.4682 0.5481 0.4342 0.6645 0.4822 0.5412 0.6129 0.5763 0.5206 0.4451 0.4758 1.0000 0.4982 0.5966 0.5804 0.4555 0.4507 0.5914 0.4996 0.7049 0.5219 0.6417 0.5135 0.6005 0.4294 0.4859 0.5945 0.5147 0.5766 0.5269 0.5032 0.4831 0.4371 0.5568 0.5326 0.4889 0.4961 0.6559 0.4369 0.4977 0.6844 0.6813 0.6910 0.4607 0.5639 0.6335 0.4281 0.4959
0.5561 0.5832 0.5293 0.5809 0.4800 0.5234 0.5467 0.5680 0.5324 0.4468 0.5563 0.5306 0.5015 0.4982 1.0000 0.4919 0.6302 0.5608 0.4821 0.4938 0.4966 0.5250 0.5124 0.4971 0.6039 0.5787 0.4932 0.5230 0.5654 0.5319 0.5579 0.5589 0.5072 0.7051 0.5976 0.4300 0.4833 0.5869 0.5042 0.5822 0.5133 0.5727 0.5089 0.5317 0.4737 0.5717 0.4979 0.4362 0.6232 0.5160
0.5826 0.5282 0.4754 0.7155 0.4332 0.6725 0.4885 0.5116 0.6508 0.5119 0.6323 0.4485 0.4646 0.5966 0.4919 1.0000 0.6217 0.4608 0.4465 0.6145 0.4844 0.6552 0.5562 0.7391 0.4789 0.6958 0.4296 0.4933 0.5087 0.5521 0.5538 0.6416 0.4867 0.4741 0.5291 0.6583 0.5140 0.5029 0.5035 0.6498 0.4388 0.5723 0.7453 0.6086 0.7015 0.4661 0.5283 0.6039 0.4652 0.4866
0.5494 0.5901 0.5421 0.6879 0.4927 0.6535 0.5627 0.6376 0.6095 0.4420 0.5658 0.5130 0.5311 0.5804 0.6302 0.6217 1.0000 0.5257 0.5111 0.5693 0.5531 0.6118 0.5206 0.6565 0.5297 0.6293 0.4927 0.5627 0.5488 0.4651 0.5808 0.6698 0.5553 0.6200 0.4959 0.5436 0.4983 0.6130 0.5746 0.7167 0.5010 0.5610 0.6558 0.5618 0.6086 0.5319 0.5729 0.5286 0.5235 0.5555
0.4945 0.5304 0.7556 0.4683 0.6454 0.5201 0.6965 0.5787 0.5571 0.4871 0.5235 0.7064 0.6379 0.4555 0.5608 0.4608 0.5257 1.0000 0.6275 0.4895 0.6576 0.4979 0.6293 0.5145 0.6341 0.5106 0.6445 0.7630 0.5405 0.5262 0.5513 0.5736 0.6538 0.6005 0.5416 0.4041 0.5802 0.5085 0.7163 0.5131 0.7116 0.5464 0.4954 0.4913 0.4744 0.7731 0.4251 0.4255 0.5407 0.6042
0.4615 0.5583 0.6561 0.4556 0.6128 0.5022 0.6927 0.5658 0.5479 0.5412 0.4592 0.5937 0.6228 0.4507 0.4821 0.4465 0.5111 0.6275 1.0000 0.5296 0.6980 0.4727 0.5263 0.5011 0.5084 0.4714 0.6516 0.6514 0.4829 0.5164 0.5583 0.6067 0.7411 0.5387 0.5361 0.3936 0.5550 0.5632 0.6995 0.4978 0.6584 0.4626 0.4797 0.5253 0.4610 0.6034 0.4134 0.4159 0.5224 0.6547
0.5926 0.5806 0.5012 0.5612 0.4531 0.6113 0.5275 0.5729 0.6595 0.6151 0.5672 0.4653 0.4666 0.5914 0.4938 0.6145 0.5693 0.4895 0.5296 1.0000 0.5051 0.5727 0.5530 0.6178 0.5385 0.6094 0.4569 0.5005 0.5595 0.5784 0.6383 0.6445 0.5215 0.5435 0.5484 0.5378 0.5434 0.5755 0.5429 0.5979 0.5070 0.5067 0.6229 0.7199 0.6055 0.4885 0.4920 0.5403 0.5143 0.5612
0.5020 0.5918 0.7118 0.4923 0.6340 0.5464 0.7247 0.6141 0.5634 0.5235 0.4866 0.6050 0.6449 0.4996 0.4966 0.4844 0.5531 0.6576 0.6980 0.5051 1.0000 0.5120 0.5895 0.5425 0.5537 0.5216 0.6564 0.7300 0.5263 0.5190 0.5736 0.5948 0.8021 0.5499 0.5279 0.4293 0.6068 0.5665 0.7490 0.5392 0.6568 0.5295 0.5212 0.5197 0.4997 0.6269 0.4510 0.4522 0.5160 0.6618
0.6322 0.5155 0.5169 0.6203 0.4632 0.6681 0.5152 0.5509 0.6061 0.5503 0.5640 0.4924 0.4945 0.7049 0.5250 0.6552 0.6118 0.4979 0.4727 0.5727 0.5120 1.0000 0.5348 0.7661 0.5476 0.5918 0.4613 0.5257 0.5975 0.5347 0.6075 0.6139 0.5152 0.4899 0.4759 0.5703 0.5562 0.4860 0.5324 0.6660 0.4710 0.4666 0.7190 0.6345 0.7111 0.5084 0.5471 0.6181 0.4567 0.5161
0.5143 0.5593 0.6447 0.4923 0.6203 0.5247 0.5914 0.5940 0.5752 0.5518 0.6056 0.5736 0.5992 0.5219 0.5124 0.5562 0.5206 0.6293 0.5263 0.5530 0.5895 0.5348 1.0000 0.5622 0.6222 0.5624 0.5319 0.6252 0.6151 0.5536 0.5602 0.5404 0.5611 0.5411 0.5269 0.5148 0.6331 0.5029 0.5955 0.5064 0.6133 0.6405 0.5882 0.5485 0.5420 0.6060 0.4396 0.5135 0.5171 0.5213
0.6656 0.5717 0.5321 0.6838 0.4862 0.7215 0.5451 0.5413 0.6789 0.5578 0.6403 0.5044 0.5214 0.6417 0.4971 0.7391 0.6565 0.5145 0.5011 0.6178 0.5425 0.7661 0.5622 1.0000 0.5319 0.6284 0.4798 0.5518 0.5433 0.5427 0.6247 0.6860 0.5448 0.4962 0.5023 0.6116 0.5975 0.5277 0.5640 0.6658 0.4913 0.5122 0.7863 0.6441 0.8006 0.5212 0.5647 0.6168 0.4442 0.5442
0.6033 0.5684 0.5837 0.4879 0.5437 0.5626 0.5702 0.6315 0.5450 0.5059 0.5490 0.5801 0.5393 0.5135 0.6039 0.4789 0.5297 0.6341 0.5084 0.5385 0.5537 0.5476 0.6222 0.5319 1.0000 0.5255 0.5523 0.6199 0.6377 0.6036 0.6503 0.5242 0.5454 0.6067 0.5261 0.4181 0.5809 0.5161 0.5833 0.5452 0.5382 0.5512 0.5348 0.5403 0.5021 0.6314 0.4685 0.4624 0.5911 0.5125
0.5607 0.5689 0.5023 0.7257 0.4622 0.6840 0.5249 0.5459 0.6408 0.5242 0.6017 0.4960 0.4929 0.6005 0.5787 0.6958 0.6293 0.5106 0.4714 0.6094 0.5216 0.5918 0.5624 0.6284 0.5255 1.0000 0.4754 0.5345 0.5416 0.5617 0.5603 0.5861 0.5211 0.5671 0.5858 0.5689 0.5298 0.5532 0.5232 0.7020 0.4698 0.6324 0.6276 0.6028 0.6384 0.5050 0.5605 0.5564 0.5309 0.4966
0.4699 0.5171 0.6288 0.4371 0.6009 0.4835 0.6297 0.5324 0.5060 0.4803 0.4359 0.6196 0.5716 0.4294 0.4932 0.4296 0.4927 0.6445 0.6516 0.4569 0.6564 0.4613 0.5319 0.4798 0.5523 0.4754 1.0000 0.6931 0.4721 0.5118 0.5577 0.5528 0.6546 0.5432 0.5125 0.3777 0.5221 0.4923 0.6718 0.4784 0.5879 0.4810 0.4622 0.4703 0.4423 0.6271 0.3979 0.3990 0.5208 0.5887
0.4842 0.5556 0.7664 0.5011 0.6549 0.5560 0.7399 0.6225 0.5904 0.5179 0.5291 0.6613 0.6181 0.4859 0.5230 0.4933 0.5627 0.7630 0.6514 0.5005 0.7300 0.5257 0.6252 0.5518 0.6199 0.5345 0.6931 1.0000 0.5550 0.5573 0.5844 0.6014 0.7417 0.6008 0.5520 0.4355 0.6053 0.5463 0.8339 0.5478 0.7007 0.5549 0.5307 0.4993 0.5087 0.7692 0.4580 0.4593 0.5771 0.6213
0.5311 0.5382 0.5647 0.4960 0.5434 0.5697 0.5650 0.6524 0.5273 0.5349 0.5598 0.5080 0.5271 0.5945 0.5654 0.5087 0.5488 0.5405 0.4829 0.5595 0.5263 0.5975 0.6151 0.5433 0.6377 0.5416 0.4721 0.5550 1.0000 0.5893 0.5781 0.5120 0.5382 0.5513 0.5128 0.4770 0.6290 0.5217 0.5340 0.5872 0.5774 0.5779 0.5592 0.5693 0.5484 0.5526 0.4977 0.5263 0.5934 0.5273
0.5502 0.5805 0.5316 0.5151 0.4928 0.5625 0.5667 0.5434 0.5609 0.6412 0.5549 0.5070 0.4406 0.5147 0.5319 0.5521 0.4651 0.5262 0.5164 0.5784 0.5190 0.5347 0.5536 0.5427 0.6036 0.5617 0.5118 0.5573 0.5893 1.0000 0.6145 0.5551 0.5499 0.5406 0.6674 0.4607 0.5946 0.5765 0.5495 0.5523 0.5387 0.5285 0.5371 0.5937 0.5376 0.5278 0.4687 0.4932 0.6338 0.4889
0.6414 0.5951 0.5505 0.5285 0.4845 0.5982 0.5830 0.6043 0.5995 0.5967 0.5600 0.5405 0.4898 0.5766 0.5579 0.5538 0.5808 0.5513 0.5583 0.6383 0.5736 0.6075 0.5602 0.6247 0.6503 0.5603 0.5577 0.5844 0.5781 0.6145 1.0000 0.6428 0.6007 0.6226 0.5572 0.4899 0.5388 0.5749 0.5848 0.5802 0.5250 0.5069 0.6060 0.6635 0.6011 0.5520 0.4855 0.5444 0.5550 0.5679
0.5950 0.6284 0.6073 0.6304 0.5272 0.6065 0.6129 0.5694 0.6674 0.5600 0.5725 0.5655 0.5292 0.5269 0.5589 0.6416 0.6698 0.5736 0.6067 0.6445 0.5948 0.6139 0.5404 0.6860 0.5242 0.5861 0.5528 0.6014 0.5120 0.5551 0.6428 1.0000 0.6199 0.5796 0.5990 0.5491 0.5533 0.6166 0.6356 0.6248 0.5736 0.5167 0.6279 0.6259 0.6123 0.5841 0.4932 0.5205 0.5453 0.6269
0.4816 0.5861 0.7089 0.4946 0.6041 0.5488 0.7651 0.6062 0.5671 0.5651 0.4989 0.6110 0.6008 0.5032 0.5072 0.4867 0.5553 0.6538 0.7411 0.5215 0.8021 0.5152 0.5611 0.5448 0.5454 0.5211 0.6546 0.7417 0.5382 0.5499 0.6007 0.6199 1.0000 0.5682 0.5549 0.4301 0.5875 0.5797 0.7526 0.5416 0.6906 0.5100 0.5235 0.5460 0.5019 0.6626 0.4521 0.4536 0.5550 0.6831
0.5280 0.5896 0.5771 0.5494 0.5148 0.5117 0.5859 0.6031 0.5658 0.5069 0.5803 0.5556 0.5002 0.4831 0.7051 0.4741 0.6200 0.6005 0.5387 0.5435 0.5499 0.4899 0.5411 0.4962 0.6067 0.5671 0.5432 0.6008 0.5513 0.5406 0.6226 0.5796 0.5682 1.0000 0.6577 0.4244 0.4872 0.6123 0.5945 0.5511 0.5482 0.5796 0.4905 0.5456 0.4727 0.6084 0.4683 0.4264 0.6691 0.5589
0.5035 0.6389 0.5515 0.5818 0.5053 0.4989 0.5699 0.5471 0.5867 0.6132 0.5977 0.5124 0.4496 0.4371 0.5976 0.5291 0.4959 0.5416 0.5361 0.5484 0.5279 0.4759 0.5269 0.5023 0.5261 0.5858 0.5125 0.5520 0.5128 0.6674 0.5572 0.5990 0.5549 0.6577 1.0000 0.4380 0.5496 0.6318 0.5486 0.5125 0.5583 0.5878 0.4700 0.5378 0.4745 0.5306 0.4391 0.4141 0.7005 0.5041
0.5160 0.4593 0.4178 0.5558 0.3882 0.5372 0.4326 0.4587 0.5420 0.4612 0.5352 0.3828 0.4125 0.5568 0.4300 0.6583 0.5436 0.4041 0.3936 0.5378 0.4293 0.5703 0.5148 0.6116 0.4181 0.5689 0.3777 0.4355 0.4770 0.4607 0.4899 0.5491 0.4301 0.4244 0.4380 1.0000 0.4589 0.4298 0.4453 0.5424 0.3849 0.5029 0.6364 0.5602 0.6106 0.4081 0.5573 0.5990 0.3959 0.4259
0.5511 0.6445 0.6126 0.5193 0.6070 0.5926 0.5871 0.5834 0.6017 0.5933 0.5691 0.5363 0.5944 0.5326 0.4833 0.5140 0.4983 0.5802 0.5550 0.5434 0.6068 0.5562 0.6331 0.5975 0.5809 0.5298 0.5221 0.6053 0.6290 0.5946 0.5388 0.5533 0.5875 0.4872 0.5496 0.4589 1.0000 0.5693 0.5986 0.5508 0.6255 0.6167 0.5328 0.5373 0.5706 0.5556 0.5069 0.4902 0.5445 0.5498
0.5054 0.6911 0.5561 0.5919 0.5040 0.5588 0.5761 0.6179 0.6236 0.5628 0.5518 0.4984 0.4780 0.4889 0.5869 0.5029 0.6130 0.5085 0.5632 0.5755 0.5665 0.4860 0.5029 0.5277 0.5161 0.5532 0.4923 0.5463 0.5217 0.5765 0.5749 0.6166 0.5797 0.6123 0.6318 0.4298 0.5693 1.0000 0.5657 0.5846 0.5546 0.5653 0.5096 0.5439 0.4979 0.4929 0.5165 0.4496 0.6350 0.5217
0.4905 0.5563 0.7729 0.5115 0.6418 0.5679 0.7288 0.6195 0.6233 0.5397 0.5194 0.6270 0.6116 0.4961 0.5042 0.5035 0.5746 0.7163 0.6995 0.5429 0.7490 0.5324 0.5955 0.5640 0.5833 0.5232 0.6718 0.8339 0.5340 0.5495 0.5848 0.6356 0.7526 0.5945 0.5486 0.4453 0.5986 0.5657 1.0000 0.5600 0.6950 0.5224 0.5418 0.5278 0.5195 0.7270 0.4680 0.4703 0.5603 0.6760
0.5676 0.5693 0.5284 0.6764 0.4825 0.7789 0.5436 0.5988 0.6168 0.4996 0.5270 0.5014 0.5165 0.6559 0.5822 0.6498 0.7167 0.5131 0.4978 0.5979 0.5392 0.6660 0.5064 0.6658 0.5452 0.7020 0.4784 0.5478 0.5872 0.5523 0.5802 0.6248 0.5416 0.5511 0.5125 0.5424 0.5508 0.5846 0.5600 1.0000 0.4893 0.5564 0.6258 0.5785 0.6469 0.5176 0.6175 0.5901 0.5420 0.5406
0.4172 0.5521 0.7517 0.4460 0.6596 0.4960 0.7562 0.5828 0.5491 0.5356 0.5137 0.6362 0.6133 0.4369 0.5133 0.4388 0.5010 0.7116 0.6584 0.5070 0.6568 0.4710 0.6133 0.4913 0.5382 0.4698 0.5879 0.7007 0.5774 0.5387 0.5250 0.5736 0.6906 0.5482 0.5583 0.3849 0.6255 0.5546 0.6950 0.4893 1.0000 0.5260 0.4723 0.4914 0.4526 0.6748 0.4047 0.4084 0.5491 0.6491
0.5059 0.6144 0.5490 0.5850 0.5311 0.5520 0.5065 0.5582 0.5873 0.4684 0.6114 0.4942 0.5526 0.4977 0.5727 0.5723 0.5610 0.5464 0.4626 0.5067 0.5295 0.4666 0.6405 0.5122 0.5512 0.6324 0.4810 0.5549 0.5779 0.5285 0.5069 0.5167 0.5100 0.5796 0.5878 0.5029 0.6167 0.5653 0.5224 0.5564 0.5260 1.0000 0.5215 0.5053 0.5100 0.5358 0.5055 0.4832 0.5954 0.4977
0.6384 0.5254 0.5115 0.6514 0.4655 0.6678 0.5262 0.5452 0.6628 0.5286 0.6448 0.4835 0.5006 0.6844 0.5089 0.7453 0.6558 0.4954 0.4797 0.6229 0.5212 0.7190 0.5882 0.7863 0.5348 0.6276 0.4622 0.5307 0.5592 0.5371 0.6060 0.6279 0.5235 0.4905 0.4700 0.6364 0.5328 0.5096 0.5418 0.6258 0.4723 0.5215 1.0000 0.6868 0.7852 0.5017 0.5506 0.6469 0.4254 0.5239
0.6686 0.5521 0.4990 0.5639 0.4391 0.5973 0.5256 0.5228 0.6602 0.6369 0.5846 0.4836 0.4712 0.6813 0.5317 0.6086 0.5618 0.4913 0.5253 0.7199 0.5197 0.6345 0.5485 0.6441 0.5403 0.6028 0.4703 0.4993 0.5693 0.5937 0.6635 0.6259 0.5460 0.5456 0.5378 0.5602 0.5373 0.5439 0.5278 0.5785 0.4914 0.5053 0.6868 1.0000 0.6966 0.4994 0.5200 0.5929 0.4728 0.5849
0.6605 0.5211 0.4902 0.6421 0.4461 0.6798 0.5020 0.5026 0.6667 0.5540 0.6311 0.4637 0.4797 0.6910 0.4737 0.7015 0.6086 0.4744 0.4610 0.6055 0.4997 0.7111 0.5420 0.8006 0.5021 0.6384 0.4423 0.5087 0.5484 0.5376 0.6011 0.6123 0.5019 0.4727 0.4745 0.6106 0.5706 0.4979 0.5195 0.6469 0.4526 0.5100 0.7852 0.6966 1.0000 0.4806 0.5537 0.6511 0.4089 0.5022
0.4900 0.5030 0.7617 0.4737 0.6169 0.5254 0.6779 0.5457 0.5820 0.4828 0.5336 0.6650 0.6031 0.4607 0.5717 0.4661 0.5319 0.7731 0.6034 0.4885 0.6269 0.5084 0.6060 0.5212 0.6314 0.5050 0.6271 0.7692 0.5526 0.5278 0.5520 0.5841 0.6626 0.6084 0.5306 0.4081 0.5556 0.4929 0.7270 0.5176 0.6748 0.5358 0.5017 0.4994 0.4806 1.0000 0.4297 0.4298 0.5626 0.6193
0.4945 0.4936 0.4397 0.5966 0.4078 0.6416 0.4504 0.4869 0.5747 0.4369 0.4957 0.4051 0.4329 0.5639 0.4979 0.5283 0.5729 0.4251 0.4134 0.4920 0.4510 0.5471 0.4396 0.5647 0.4685 0.5605 0.3979 0.4580 0.4977 0.4687 0.4855 0.4932 0.4521 0.4683 0.4391 0.5573 0.5069 0.5165 0.4680 0.6175 0.4047 0.5055 0.5506 0.5200 0.5537 0.4297 1.0000 0.5553 0.4566 0.4476
0.5314 0.4507 0.4417 0.5329 0.4090 0.5965 0.4527 0.4628 0.5587 0.4744 0.5246 0.4050 0.4342 0.6335 0.4362 0.6039 0.5286 0.4255 0.4159 0.5403 0.4522 0.6181 0.5135 0.6168 0.4624 0.5564 0.3990 0.4593 0.5263 0.4932 0.5444 0.5205 0.4536 0.4264 0.4141 0.5990 0.4902 0.4496 0.4703 0.5901 0.4084 0.4832 0.6469 0.5929 0.6511 0.4298 0.5553 1.0000 0.3957 0.4517
0.4695 0.6056 0.5511 0.5277 0.5055 0.4994 0.5529 0.6062 0.5237 0.5279 0.5110 0.5075 0.4485 0.4281 0.6232 0.4652 0.5235 0.5407 0.5224 0.5143 0.5160 0.4567 0.5171 0.4442 0.5911 0.5309 0.5208 0.5771 0.5934 0.6338 0.5550 0.5453 0.5550 0.6691 0.7005 0.3959 0.5445 0.6350 0.5603 0.5420 0.5491 0.5954 0.4254 0.4728 0.4089 0.5626 0.4566 0.3957 1.0000 0.5106
0.5255 0.5468 0.6203 0.4942 0.5399 0.5487 0.6356 0.5155 0.5661 0.5119 0.4577 0.5355 0.6240 0.4959 0.5160 0.4866 0.5555 0.6042 0.6547 0.5612 0.6618 0.5161 0.5213 0.5442 0.5125 0.4966 0.5887 0.6213 0.5273 0.4889 0.5679 0.6269 0.6831 0.5589 0.5041 0.4259 0.5498 0.5217 0.6760 0.5406 0.6491 0.4977 0.5239 0.5849 0.5022 0.6193 0.4476 0.4517 0.5106 1.0000
