
Using the parameter settings in the file: 
''1763145196/clumpp.paramfile''

Parameter settings
----------------------- Main parameters -------------------------
DATATYPE = 0
INDFILE = 1763145196/ClumppIndFile
POPFILE = 
OUTFILE = 1763145196/ClumppIndFile.output
MISCFILE = 1763145196/ClumppIndFile.misc
K = 5
C = 94
R = 50
M = 3
W = 0
S = 2
- Additional options for the Greedy and LargeKGreedy algorithms -
GREEDY_OPTION = 2
REPEATS = 2000
PERMUTATIONFILE = 
----------------------- Optional outputs ------------------------
PRINT_PERMUTED_DATA = 0
PERMUTED_DATAFILE = 
PRINT_EVERY_PERM = 0
EVERY_PERMFILE = 
PRINT_RANDOM_INPUTORDER = 0
RANDOM_INPUTORDERFILE = 
----------------------- Advanced options ------------------------
OVERRIDE_WARNINGS = 0
ORDER_BY_RUN = 1


In total, 2000 configurations of runs and clusters will be tested.

Results
------------------------------
The highest value of H' is: 0.52744989893592

The list of permutations of the clusters that produces that
H' value is (runs are listed sequentially on separate rows)

1 2 3 4 5 
2 5 3 4 1 
4 5 2 3 1 
5 4 2 3 1 
1 3 4 2 5 
1 3 2 4 5 
5 2 4 1 3 
3 4 2 1 5 
4 3 5 2 1 
4 3 1 5 2 
5 1 4 3 2 
2 5 4 1 3 
3 5 2 4 1 
5 1 3 4 2 
2 4 1 3 5 
5 2 4 3 1 
1 3 2 4 5 
3 1 5 2 4 
2 4 5 3 1 
2 3 5 1 4 
3 5 1 2 4 
1 2 5 4 3 
3 1 4 5 2 
1 3 4 2 5 
5 2 3 1 4 
4 3 2 1 5 
1 5 3 4 2 
2 3 4 1 5 
2 1 3 4 5 
2 5 3 4 1 
5 4 1 3 2 
1 4 3 2 5 
5 1 2 3 4 
5 4 2 3 1 
4 2 1 3 5 
5 1 4 2 3 
2 5 3 1 4 
2 4 1 5 3 
4 5 2 3 1 
5 4 2 3 1 
1 2 5 3 4 
3 4 1 2 5 
4 3 5 2 1 
1 2 5 3 4 
3 4 2 5 1 
5 4 3 2 1 
5 2 1 4 3 
2 4 3 5 1 
4 2 1 3 5 
3 1 4 2 5 

The pairwise G' values for each pair of runs where the clusters
of each run are permuted according to the list of permutations above

1.0000 0.5757 0.5776 0.5095 0.5216 0.5358 0.5840 0.5538 0.5577 0.5266 0.5948 0.5220 0.5560 0.4807 0.5545 0.6958 0.5151 0.5625 0.4807 0.6589 0.5829 0.5149 0.5528 0.5439 0.5665 0.6644 0.5080 0.6831 0.5619 0.5019 0.5720 0.5821 0.7511 0.4914 0.5736 0.5491 0.6478 0.4807 0.5565 0.6080 0.5227 0.5407 0.6745 0.7391 0.5612 0.5037 0.5528 0.5244 0.4807 0.5354 
0.5757 1.0000 0.7115 0.4705 0.6105 0.6195 0.6669 0.4120 0.4707 0.6470 0.6782 0.5933 0.4495 0.6343 0.7414 0.5787 0.4128 0.3954 0.6343 0.5816 0.6760 0.5829 0.4862 0.7272 0.7295 0.5739 0.4290 0.4936 0.7209 0.6448 0.6816 0.6464 0.4949 0.6427 0.7143 0.3972 0.5405 0.6343 0.4616 0.7376 0.4462 0.4301 0.5969 0.6322 0.7317 0.4312 0.4513 0.3960 0.6343 0.6366 
0.5776 0.7115 1.0000 0.4234 0.7241 0.6299 0.6416 0.4530 0.4994 0.6767 0.6553 0.6709 0.4871 0.5349 0.6983 0.5635 0.4285 0.4241 0.5349 0.6113 0.6971 0.6081 0.4794 0.5965 0.7812 0.5778 0.4352 0.5601 0.6263 0.6235 0.6799 0.6650 0.5418 0.6440 0.6464 0.4611 0.5833 0.5349 0.4890 0.6591 0.4696 0.4055 0.5527 0.5666 0.7679 0.4479 0.4669 0.4392 0.5349 0.5954 
0.5095 0.4705 0.4234 1.0000 0.3690 0.4421 0.4457 0.5052 0.5780 0.3829 0.4498 0.4008 0.5373 0.3884 0.4808 0.5688 0.5391 0.5023 0.3884 0.4833 0.4552 0.3647 0.6266 0.3907 0.3958 0.4946 0.5644 0.4987 0.4958 0.4984 0.4022 0.4590 0.4470 0.3946 0.4915 0.4869 0.4615 0.3884 0.4864 0.4597 0.5465 0.6140 0.5039 0.5897 0.4121 0.5141 0.5322 0.5574 0.3884 0.4735 
0.5216 0.6105 0.7241 0.3690 1.0000 0.5943 0.5893 0.4335 0.4524 0.7251 0.6230 0.6289 0.4704 0.4661 0.6452 0.4961 0.4009 0.4604 0.4661 0.6208 0.6341 0.6534 0.4448 0.5190 0.7492 0.5513 0.4147 0.5326 0.5670 0.5815 0.6780 0.6161 0.5612 0.6522 0.5696 0.4699 0.5934 0.4661 0.5290 0.5543 0.4474 0.3647 0.5466 0.4856 0.7280 0.4598 0.4419 0.4086 0.4661 0.5535 
0.5358 0.6195 0.6299 0.4421 0.5943 1.0000 0.6697 0.4626 0.4243 0.5682 0.6119 0.6615 0.4270 0.5328 0.6894 0.5830 0.3942 0.4470 0.5328 0.4671 0.6466 0.5171 0.4485 0.5647 0.5794 0.4864 0.3923 0.6145 0.6912 0.6766 0.7110 0.6306 0.4802 0.5908 0.7295 0.4196 0.5251 0.5328 0.4336 0.6359 0.3900 0.4390 0.4651 0.5379 0.5988 0.3434 0.3997 0.4268 0.5328 0.7214 
0.5840 0.6669 0.6416 0.4457 0.5893 0.6697 1.0000 0.4276 0.4383 0.6114 0.7391 0.6389 0.4305 0.6199 0.6997 0.5515 0.3847 0.4597 0.6199 0.5043 0.7957 0.5362 0.4380 0.6948 0.5998 0.5060 0.4237 0.5419 0.6592 0.5992 0.6543 0.7190 0.5312 0.5538 0.7246 0.3934 0.4556 0.6199 0.4137 0.7780 0.3690 0.4395 0.5164 0.5685 0.6144 0.3549 0.3835 0.4403 0.6199 0.7300 
0.5538 0.4120 0.4530 0.5052 0.4335 0.4626 0.4276 1.0000 0.5373 0.4038 0.4490 0.4059 0.6267 0.4036 0.4058 0.5656 0.5596 0.6534 0.4035 0.4977 0.4307 0.4081 0.5867 0.4013 0.4119 0.5591 0.5133 0.5719 0.4115 0.3771 0.4589 0.4330 0.5220 0.3443 0.4297 0.6887 0.5035 0.4035 0.5324 0.4499 0.6253 0.5732 0.4607 0.4937 0.4205 0.5198 0.5967 0.5169 0.4036 0.4160 
0.5577 0.4707 0.4994 0.5780 0.4524 0.4243 0.4383 0.5373 1.0000 0.4369 0.4531 0.4968 0.6336 0.3715 0.4940 0.5432 0.5619 0.5528 0.3715 0.5838 0.4964 0.4254 0.6735 0.3680 0.4888 0.5362 0.6077 0.5184 0.4586 0.4752 0.4202 0.4692 0.5287 0.4708 0.4406 0.5775 0.5757 0.3715 0.5917 0.4357 0.6017 0.5740 0.5512 0.5756 0.4783 0.5948 0.6127 0.6399 0.3715 0.4450 
0.5266 0.6470 0.6767 0.3829 0.7251 0.5682 0.6114 0.4038 0.4369 1.0000 0.6678 0.6150 0.4393 0.5303 0.6008 0.4573 0.4322 0.4380 0.5303 0.6327 0.6396 0.7095 0.4110 0.5892 0.7532 0.5937 0.4522 0.4749 0.5760 0.5862 0.6630 0.6095 0.5577 0.7264 0.5363 0.4338 0.5573 0.5303 0.5740 0.5992 0.4150 0.3448 0.6041 0.4931 0.7645 0.4799 0.4056 0.4071 0.5303 0.6012 
0.5948 0.6782 0.6553 0.4498 0.6230 0.6119 0.7391 0.4490 0.4531 0.6678 1.0000 0.6379 0.4522 0.6233 0.6544 0.5489 0.4178 0.4527 0.6233 0.5445 0.7959 0.6401 0.4554 0.7004 0.6472 0.5672 0.4455 0.5214 0.6602 0.6151 0.6027 0.7063 0.5565 0.5768 0.6649 0.4426 0.4866 0.6233 0.4582 0.7579 0.4026 0.4560 0.5368 0.5863 0.6501 0.4287 0.4053 0.4431 0.6233 0.6929 
0.5220 0.5933 0.6709 0.4008 0.6289 0.6615 0.6389 0.4059 0.4968 0.6150 0.6379 1.0000 0.4848 0.4794 0.6528 0.4788 0.3722 0.3948 0.4794 0.5120 0.6891 0.5901 0.4715 0.5005 0.6339 0.4971 0.4482 0.5395 0.6497 0.6971 0.5835 0.6405 0.5119 0.6463 0.5879 0.3996 0.5322 0.4794 0.4674 0.5969 0.4052 0.4075 0.4867 0.5159 0.6028 0.4040 0.4207 0.4907 0.4794 0.6978 
0.5560 0.4495 0.4871 0.5373 0.4704 0.4270 0.4305 0.6267 0.6336 0.4393 0.4522 0.4848 1.0000 0.3828 0.4711 0.5032 0.5156 0.5674 0.3828 0.5612 0.4672 0.4198 0.7426 0.3846 0.4860 0.5624 0.6052 0.5388 0.4521 0.4638 0.4135 0.4476 0.5528 0.4404 0.4382 0.5951 0.5729 0.3828 0.5952 0.4262 0.6869 0.5600 0.5449 0.5578 0.4445 0.6044 0.6837 0.5937 0.3828 0.4262 
0.4807 0.6343 0.5349 0.3884 0.4661 0.5328 0.6199 0.4036 0.3715 0.5303 0.6233 0.4794 0.3828 1.0000 0.5390 0.4526 0.3368 0.3915 0.9997 0.4440 0.5850 0.4867 0.3911 0.7511 0.5332 0.4801 0.3746 0.3946 0.5690 0.4688 0.5367 0.5149 0.4135 0.4788 0.5643 0.3707 0.4126 1.0000 0.4025 0.6664 0.3386 0.3817 0.4555 0.4967 0.5373 0.3577 0.3592 0.3575 1.0000 0.5642 
0.5545 0.7414 0.6983 0.4808 0.6452 0.6894 0.6997 0.4058 0.4940 0.6008 0.6544 0.6528 0.4711 0.5390 1.0000 0.5959 0.3969 0.4028 0.5390 0.5367 0.7311 0.5319 0.5344 0.6083 0.6718 0.5283 0.4383 0.5354 0.7585 0.7248 0.6636 0.6954 0.5011 0.6278 0.8015 0.3961 0.5344 0.5390 0.4272 0.6870 0.4402 0.4377 0.5349 0.6082 0.6724 0.3866 0.4413 0.4438 0.5390 0.6666 
0.6958 0.5787 0.5635 0.5688 0.4961 0.5830 0.5515 0.5656 0.5432 0.4573 0.5489 0.4788 0.5032 0.4526 0.5959 1.0000 0.5123 0.5138 0.4526 0.5921 0.5654 0.4343 0.5573 0.5143 0.5080 0.6163 0.4606 0.7180 0.5592 0.5300 0.5644 0.5651 0.5728 0.4458 0.6331 0.5077 0.5999 0.4526 0.4814 0.5804 0.5143 0.5694 0.5757 0.7119 0.5370 0.4493 0.4932 0.4777 0.4526 0.5267 
0.5151 0.4128 0.4285 0.5391 0.4009 0.3942 0.3847 0.5596 0.5619 0.4322 0.4178 0.3722 0.5156 0.3368 0.3969 0.5123 1.0000 0.5288 0.3368 0.5334 0.4168 0.4122 0.5225 0.3525 0.4281 0.4859 0.4893 0.4939 0.3740 0.3926 0.4270 0.4230 0.4840 0.4086 0.3789 0.5383 0.5116 0.3368 0.5465 0.3913 0.5838 0.4783 0.4947 0.4923 0.4596 0.5286 0.4991 0.5118 0.3368 0.3846 
0.5625 0.3954 0.4241 0.5023 0.4604 0.4470 0.4597 0.6534 0.5528 0.4380 0.4527 0.3948 0.5674 0.3915 0.4028 0.5138 0.5288 1.0000 0.3915 0.5211 0.4360 0.4355 0.5357 0.3885 0.4178 0.5302 0.5274 0.5444 0.4049 0.3766 0.4746 0.4540 0.5993 0.3823 0.4204 0.6616 0.5208 0.3915 0.5736 0.4250 0.5344 0.5736 0.5207 0.4806 0.4300 0.5215 0.5260 0.5240 0.3915 0.4279 
0.4807 0.6343 0.5349 0.3884 0.4661 0.5328 0.6199 0.4035 0.3715 0.5303 0.6233 0.4794 0.3828 0.9997 0.5390 0.4526 0.3368 0.3915 1.0000 0.4440 0.5850 0.4867 0.3911 0.7510 0.5332 0.4801 0.3746 0.3945 0.5690 0.4688 0.5367 0.5148 0.4135 0.4788 0.5643 0.3707 0.4126 0.9997 0.4025 0.6664 0.3386 0.3816 0.4555 0.4967 0.5373 0.3577 0.3592 0.3575 0.9997 0.5642 
0.6589 0.5816 0.6113 0.4833 0.6208 0.4671 0.5043 0.4977 0.5838 0.6327 0.5445 0.5120 0.5612 0.4440 0.5367 0.5921 0.5334 0.5211 0.4440 1.0000 0.5494 0.5782 0.5429 0.4948 0.6743 0.7141 0.5403 0.5761 0.5043 0.4872 0.5462 0.5089 0.6647 0.6017 0.4768 0.5326 0.7588 0.4440 0.6868 0.5048 0.5688 0.4489 0.7751 0.6595 0.6616 0.5976 0.5563 0.5012 0.4440 0.4700 
0.5829 0.6760 0.6971 0.4552 0.6341 0.6466 0.7957 0.4307 0.4964 0.6396 0.7959 0.6891 0.4672 0.5850 0.7311 0.5654 0.4168 0.4360 0.5850 0.5494 1.0000 0.5863 0.4777 0.6527 0.6663 0.5382 0.4561 0.5339 0.6580 0.6413 0.6166 0.7404 0.5422 0.6046 0.7017 0.4206 0.5031 0.5850 0.4408 0.7455 0.4119 0.4513 0.5200 0.5932 0.6736 0.3992 0.4148 0.4764 0.5850 0.6908 
0.5149 0.5829 0.6081 0.3647 0.6534 0.5171 0.5362 0.4081 0.4254 0.7095 0.6401 0.5901 0.4198 0.4867 0.5319 0.4343 0.4122 0.4355 0.4867 0.5782 0.5863 1.0000 0.3958 0.5090 0.6605 0.5451 0.4270 0.4256 0.5800 0.5500 0.5854 0.5928 0.5579 0.6732 0.4801 0.4611 0.5545 0.4867 0.5126 0.5476 0.4149 0.3739 0.5485 0.4529 0.6669 0.4946 0.3880 0.3859 0.4867 0.5778 
0.5528 0.4862 0.4794 0.6266 0.4448 0.4485 0.4380 0.5867 0.6735 0.4110 0.4554 0.4715 0.7426 0.3911 0.5344 0.5573 0.5225 0.5357 0.3911 0.5429 0.4777 0.3958 1.0000 0.3926 0.4707 0.5430 0.6096 0.5260 0.5175 0.5173 0.4104 0.4621 0.5151 0.4480 0.4989 0.5827 0.5601 0.3911 0.5482 0.4484 0.6805 0.5978 0.5463 0.6220 0.4425 0.5633 0.6791 0.5956 0.3911 0.4533 
0.5439 0.7272 0.5965 0.3907 0.5190 0.5647 0.6948 0.4013 0.3680 0.5892 0.7004 0.5005 0.3846 0.7511 0.6083 0.5143 0.3525 0.3885 0.7510 0.4948 0.6527 0.5090 0.3926 1.0000 0.6022 0.5341 0.3726 0.4488 0.6032 0.4963 0.6066 0.5727 0.4607 0.5064 0.6382 0.3682 0.4391 0.7511 0.4048 0.7566 0.3417 0.3842 0.5067 0.5606 0.6071 0.3612 0.3612 0.3532 0.7510 0.5886 
0.5665 0.7295 0.7812 0.3958 0.7492 0.5794 0.5998 0.4119 0.4888 0.7532 0.6472 0.6339 0.4860 0.5332 0.6718 0.5080 0.4281 0.4178 0.5332 0.6743 0.6663 0.6605 0.4707 0.6022 1.0000 0.5935 0.4432 0.4992 0.6261 0.6103 0.6649 0.6114 0.5508 0.7354 0.5998 0.4381 0.6333 0.5332 0.5487 0.6122 0.4808 0.3771 0.6213 0.5657 0.8377 0.4888 0.4862 0.4199 0.5332 0.5607 
0.6644 0.5739 0.5778 0.4946 0.5513 0.4864 0.5060 0.5591 0.5362 0.5937 0.5672 0.4971 0.5624 0.4801 0.5283 0.6163 0.4859 0.5302 0.4801 0.7141 0.5382 0.5451 0.5430 0.5341 0.5935 1.0000 0.5479 0.5738 0.5283 0.4934 0.5382 0.5123 0.6437 0.5014 0.5008 0.5646 0.6630 0.4801 0.5921 0.5570 0.5416 0.4793 0.6840 0.6317 0.5898 0.5615 0.5140 0.4948 0.4801 0.4967 
0.5080 0.4290 0.4352 0.5644 0.4147 0.3923 0.4237 0.5133 0.6077 0.4522 0.4455 0.4482 0.6052 0.3746 0.4383 0.4606 0.4893 0.5274 0.3746 0.5403 0.4561 0.4270 0.6096 0.3726 0.4432 0.5479 1.0000 0.4575 0.4365 0.4451 0.3833 0.4330 0.4957 0.4443 0.3917 0.5217 0.5122 0.3746 0.5804 0.4204 0.5525 0.5586 0.5322 0.5238 0.4356 0.5841 0.5932 0.6412 0.3746 0.4443 
0.6831 0.4936 0.5601 0.4987 0.5326 0.6145 0.5419 0.5719 0.5184 0.4749 0.5214 0.5395 0.5388 0.3946 0.5354 0.7180 0.4939 0.5444 0.3945 0.5761 0.5339 0.4256 0.5260 0.4488 0.4992 0.5738 0.4575 1.0000 0.4941 0.5232 0.5565 0.5516 0.6241 0.4373 0.5611 0.5194 0.6089 0.3946 0.5260 0.5156 0.4854 0.5288 0.5414 0.6342 0.4898 0.4403 0.4955 0.5077 0.3946 0.5267 
0.5619 0.7209 0.6263 0.4958 0.5670 0.6912 0.6592 0.4115 0.4586 0.5760 0.6602 0.6497 0.4521 0.5690 0.7585 0.5592 0.3740 0.4049 0.5690 0.5043 0.6580 0.5800 0.5175 0.6032 0.6261 0.5283 0.4365 0.4941 1.0000 0.7436 0.6207 0.6422 0.4857 0.6334 0.7584 0.3949 0.5160 0.5690 0.4223 0.7017 0.4403 0.4577 0.5433 0.6120 0.6196 0.3909 0.4410 0.4293 0.5690 0.7259 
0.5019 0.6448 0.6235 0.4984 0.5815 0.6766 0.5992 0.3771 0.4752 0.5862 0.6151 0.6971 0.4638 0.4688 0.7248 0.5300 0.3926 0.3766 0.4688 0.4872 0.6413 0.5500 0.5173 0.4963 0.6103 0.4934 0.4451 0.5232 0.7436 1.0000 0.5794 0.6721 0.4639 0.6472 0.6813 0.3636 0.5222 0.4688 0.4283 0.6026 0.4307 0.4391 0.5039 0.5619 0.5982 0.3907 0.4184 0.4292 0.4688 0.7108 
0.5720 0.6816 0.6799 0.4022 0.6780 0.7110 0.6543 0.4589 0.4202 0.6630 0.6027 0.5835 0.4135 0.5367 0.6636 0.5644 0.4270 0.4746 0.5367 0.5462 0.6166 0.5854 0.4104 0.6066 0.6649 0.5382 0.3833 0.5565 0.6207 0.5794 1.0000 0.6419 0.5433 0.6288 0.6671 0.4488 0.5574 0.5367 0.4816 0.6449 0.4012 0.3998 0.5507 0.5203 0.7209 0.3977 0.4053 0.3855 0.5367 0.6156 
0.5821 0.6464 0.6650 0.4590 0.6161 0.6306 0.7190 0.4330 0.4692 0.6095 0.7063 0.6405 0.4476 0.5149 0.6954 0.5651 0.4230 0.4540 0.5148 0.5089 0.7404 0.5928 0.4621 0.5727 0.6114 0.5123 0.4330 0.5516 0.6422 0.6721 0.6419 1.0000 0.5585 0.5608 0.6867 0.4176 0.4868 0.5149 0.4037 0.7133 0.4038 0.4772 0.5106 0.5478 0.6336 0.3910 0.3952 0.4375 0.5149 0.7034 
0.7511 0.4949 0.5418 0.4470 0.5612 0.4802 0.5312 0.5220 0.5287 0.5577 0.5565 0.5119 0.5528 0.4135 0.5011 0.5728 0.4840 0.5993 0.4135 0.6647 0.5422 0.5579 0.5151 0.4607 0.5508 0.6437 0.4957 0.6241 0.4857 0.4639 0.5433 0.5585 1.0000 0.4985 0.4905 0.5717 0.6572 0.4135 0.5824 0.5097 0.4925 0.4843 0.6634 0.6036 0.5378 0.5198 0.5174 0.5149 0.4135 0.4787 
0.4914 0.6427 0.6440 0.3946 0.6522 0.5908 0.5538 0.3443 0.4708 0.7264 0.5768 0.6463 0.4404 0.4788 0.6278 0.4458 0.4086 0.3823 0.4788 0.6017 0.6046 0.6732 0.4480 0.5064 0.7354 0.5014 0.4443 0.4373 0.6334 0.6472 0.6288 0.5608 0.4985 1.0000 0.5452 0.3915 0.6085 0.4788 0.5480 0.5250 0.4235 0.3480 0.5997 0.5134 0.7355 0.4585 0.4260 0.4193 0.4788 0.6056 
0.5736 0.7143 0.6464 0.4915 0.5696 0.7295 0.7246 0.4297 0.4406 0.5363 0.6649 0.5879 0.4382 0.5643 0.8015 0.6331 0.3789 0.4204 0.5643 0.4768 0.7017 0.4801 0.4989 0.6382 0.5998 0.5008 0.3917 0.5611 0.7584 0.6813 0.6671 0.6867 0.4905 0.5452 1.0000 0.3929 0.4814 0.5643 0.3769 0.7333 0.4180 0.4720 0.5057 0.6215 0.6066 0.3392 0.4246 0.4120 0.5643 0.6785 
0.5491 0.3972 0.4611 0.4869 0.4699 0.4196 0.3934 0.6887 0.5775 0.4338 0.4426 0.3996 0.5951 0.3707 0.3961 0.5077 0.5383 0.6616 0.3707 0.5326 0.4206 0.4611 0.5827 0.3682 0.4381 0.5646 0.5217 0.5194 0.3949 0.3636 0.4488 0.4176 0.5717 0.3915 0.3929 1.0000 0.5426 0.3707 0.5778 0.4019 0.5702 0.5476 0.4986 0.4730 0.4395 0.5939 0.5591 0.5541 0.3707 0.3869 
0.6478 0.5405 0.5833 0.4615 0.5934 0.5251 0.4556 0.5035 0.5757 0.5573 0.4866 0.5322 0.5729 0.4126 0.5344 0.5999 0.5116 0.5208 0.4126 0.7588 0.5031 0.5545 0.5601 0.4391 0.6333 0.6630 0.5122 0.6089 0.5160 0.5222 0.5574 0.4868 0.6572 0.6085 0.4814 0.5426 1.0000 0.4126 0.6582 0.4526 0.5632 0.4572 0.6947 0.6320 0.6117 0.5687 0.5698 0.5022 0.4126 0.4685 
0.4807 0.6343 0.5349 0.3884 0.4661 0.5328 0.6199 0.4035 0.3715 0.5303 0.6233 0.4794 0.3828 1.0000 0.5390 0.4526 0.3368 0.3915 0.9997 0.4440 0.5850 0.4867 0.3911 0.7511 0.5332 0.4801 0.3746 0.3946 0.5690 0.4688 0.5367 0.5149 0.4135 0.4788 0.5643 0.3707 0.4126 1.0000 0.4025 0.6664 0.3386 0.3817 0.4555 0.4967 0.5373 0.3577 0.3592 0.3575 1.0000 0.5642 
0.5565 0.4616 0.4890 0.4864 0.5290 0.4336 0.4137 0.5324 0.5917 0.5740 0.4582 0.4674 0.5952 0.4025 0.4272 0.4814 0.5465 0.5736 0.4025 0.6868 0.4408 0.5126 0.5482 0.4048 0.5487 0.5921 0.5804 0.5260 0.4223 0.4283 0.4816 0.4037 0.5824 0.5480 0.3769 0.5778 0.6582 0.4025 1.0000 0.3990 0.5648 0.4536 0.6317 0.5285 0.5398 0.6569 0.5702 0.5422 0.4025 0.4200 
0.6080 0.7376 0.6591 0.4597 0.5543 0.6359 0.7780 0.4499 0.4357 0.5992 0.7579 0.5969 0.4262 0.6664 0.6870 0.5804 0.3913 0.4250 0.6664 0.5048 0.7455 0.5476 0.4484 0.7566 0.6122 0.5570 0.4204 0.5156 0.7017 0.6026 0.6449 0.7133 0.5097 0.5250 0.7333 0.4019 0.4526 0.6664 0.3990 1.0000 0.3937 0.4535 0.5137 0.6072 0.6280 0.3734 0.4005 0.4117 0.6664 0.6838 
0.5227 0.4462 0.4696 0.5465 0.4474 0.3900 0.3690 0.6253 0.6017 0.4150 0.4026 0.4052 0.6869 0.3386 0.4402 0.5143 0.5838 0.5344 0.3386 0.5688 0.4119 0.4149 0.6805 0.3417 0.4808 0.5416 0.5525 0.4854 0.4403 0.4307 0.4012 0.4038 0.4925 0.4235 0.4180 0.5702 0.5632 0.3386 0.5648 0.3937 1.0000 0.5127 0.5278 0.5383 0.4637 0.5747 0.6909 0.5164 0.3386 0.3709 
0.5407 0.4301 0.4055 0.6140 0.3647 0.4390 0.4395 0.5732 0.5740 0.3448 0.4560 0.4075 0.5600 0.3817 0.4377 0.5694 0.4783 0.5736 0.3816 0.4489 0.4513 0.3739 0.5978 0.3842 0.3771 0.4793 0.5586 0.5288 0.4577 0.4391 0.3998 0.4772 0.4843 0.3480 0.4720 0.5476 0.4572 0.3817 0.4536 0.4535 0.5127 1.0000 0.4632 0.5516 0.3808 0.5441 0.5147 0.5507 0.3817 0.4608 
0.6745 0.5969 0.5527 0.5039 0.5466 0.4651 0.5164 0.4607 0.5512 0.6041 0.5368 0.4867 0.5449 0.4555 0.5349 0.5757 0.4947 0.5207 0.4555 0.7751 0.5200 0.5485 0.5463 0.5067 0.6213 0.6840 0.5322 0.5414 0.5433 0.5039 0.5507 0.5106 0.6634 0.5997 0.5057 0.4986 0.6947 0.4555 0.6317 0.5137 0.5278 0.4632 1.0000 0.6753 0.6008 0.5655 0.5459 0.4827 0.4555 0.5087 
0.7391 0.6322 0.5666 0.5897 0.4856 0.5379 0.5685 0.4937 0.5756 0.4931 0.5863 0.5159 0.5578 0.4967 0.6082 0.7119 0.4923 0.4806 0.4967 0.6595 0.5932 0.4529 0.6220 0.5606 0.5657 0.6317 0.5238 0.6342 0.6120 0.5619 0.5203 0.5478 0.6036 0.5134 0.6215 0.4730 0.6320 0.4967 0.5285 0.6072 0.5383 0.5516 0.6753 1.0000 0.5500 0.4775 0.5666 0.5226 0.4967 0.5435 
0.5612 0.7317 0.7679 0.4121 0.7280 0.5988 0.6144 0.4205 0.4783 0.7645 0.6501 0.6028 0.4445 0.5373 0.6724 0.5370 0.4596 0.4300 0.5373 0.6616 0.6736 0.6669 0.4425 0.6071 0.8377 0.5898 0.4356 0.4898 0.6196 0.5982 0.7209 0.6336 0.5378 0.7355 0.6066 0.4395 0.6117 0.5373 0.5398 0.6280 0.4637 0.3808 0.6008 0.5500 1.0000 0.4726 0.4422 0.4091 0.5373 0.5728 
0.5037 0.4312 0.4479 0.5141 0.4598 0.3434 0.3549 0.5198 0.5948 0.4799 0.4287 0.4040 0.6044 0.3577 0.3866 0.4493 0.5286 0.5215 0.3577 0.5976 0.3992 0.4946 0.5633 0.3612 0.4888 0.5615 0.5841 0.4403 0.3909 0.3907 0.3977 0.3910 0.5198 0.4585 0.3392 0.5939 0.5687 0.3577 0.6569 0.3734 0.5747 0.5441 0.5655 0.4775 0.4726 1.0000 0.5708 0.5359 0.3577 0.3673 
0.5528 0.4513 0.4669 0.5322 0.4419 0.3997 0.3835 0.5967 0.6127 0.4056 0.4053 0.4207 0.6837 0.3592 0.4413 0.4932 0.4991 0.5260 0.3592 0.5563 0.4148 0.3880 0.6791 0.3612 0.4862 0.5140 0.5932 0.4955 0.4410 0.4184 0.4053 0.3952 0.5174 0.4260 0.4246 0.5591 0.5698 0.3592 0.5702 0.4005 0.6909 0.5147 0.5459 0.5666 0.4422 0.5708 1.0000 0.5580 0.3592 0.3756 
0.5244 0.3960 0.4392 0.5574 0.4086 0.4268 0.4403 0.5169 0.6399 0.4071 0.4431 0.4907 0.5937 0.3575 0.4438 0.4777 0.5118 0.5240 0.3575 0.5012 0.4764 0.3859 0.5956 0.3532 0.4199 0.4948 0.6412 0.5077 0.4293 0.4292 0.3855 0.4375 0.5149 0.4193 0.4120 0.5541 0.5022 0.3575 0.5422 0.4117 0.5164 0.5507 0.4827 0.5226 0.4091 0.5359 0.5580 1.0000 0.3575 0.4464 
0.4807 0.6343 0.5349 0.3884 0.4661 0.5328 0.6199 0.4036 0.3715 0.5303 0.6233 0.4794 0.3828 1.0000 0.5390 0.4526 0.3368 0.3915 0.9997 0.4440 0.5850 0.4867 0.3911 0.7510 0.5332 0.4801 0.3746 0.3946 0.5690 0.4688 0.5367 0.5149 0.4135 0.4788 0.5643 0.3707 0.4126 1.0000 0.4025 0.6664 0.3386 0.3817 0.4555 0.4967 0.5373 0.3577 0.3592 0.3575 1.0000 0.5642 
0.5354 0.6366 0.5954 0.4735 0.5535 0.7214 0.7300 0.4160 0.4450 0.6012 0.6929 0.6978 0.4262 0.5642 0.6666 0.5267 0.3846 0.4279 0.5642 0.4700 0.6908 0.5778 0.4533 0.5886 0.5607 0.4967 0.4443 0.5267 0.7259 0.7108 0.6156 0.7034 0.4787 0.6056 0.6785 0.3869 0.4685 0.5642 0.4200 0.6838 0.3709 0.4608 0.5087 0.5435 0.5728 0.3673 0.3756 0.4464 0.5642 1.0000 
