1:	0.3927 0.0008 0.1144 0.3628 0.0955 0.0019 0.0319 	23
2:	0.5095 0.0445 0.0052 0.3009 0.0932 0.0326 0.0141 	13
3:	0.8390 0.0000 0.0007 0.0246 0.0559 0.0000 0.0798 	5
4:	0.6340 0.1731 0.0106 0.0058 0.0362 0.1283 0.0120 	15
5:	0.4932 0.2764 0.0120 0.0093 0.0344 0.1551 0.0195 	18
6:	0.1928 0.3636 0.0678 0.0867 0.0085 0.2676 0.0130 	24
7:	0.5547 0.1032 0.2323 0.0133 0.0407 0.0259 0.0299 	9
8:	0.4635 0.0045 0.0929 0.0078 0.2214 0.0005 0.2093 	11
9:	0.0000 0.5299 0.0000 0.0000 0.0000 0.4701 0.0000 	1
10:	0.8659 0.0047 0.0294 0.0121 0.0514 0.0028 0.0336 	17
11:	0.0000 0.6855 0.0908 0.0000 0.0000 0.2237 0.0000 	1
12:	0.4586 0.0334 0.1638 0.2414 0.0490 0.0273 0.0264 	8
13:	0.0000 0.6635 0.0000 0.0000 0.0000 0.3365 0.0000 	5
14:	0.4456 0.4392 0.0000 0.0112 0.0316 0.0608 0.0116 	2
15:	0.1871 0.2973 0.1430 0.0006 0.0022 0.3576 0.0124 	2
16:	0.8272 0.0000 0.0331 0.0210 0.0805 0.0000 0.0382 	2
17:	0.1102 0.0516 0.1783 0.5568 0.0202 0.0595 0.0235 	2
18:	0.9022 0.0000 0.0064 0.0000 0.0663 0.0000 0.0251 	3
19:	0.6195 0.0360 0.1101 0.0259 0.0715 0.0256 0.1114 	3
