0.0021800 0.0207009 0.0000998 0.9770193
0.0001012 0.8688143 0.0532386 0.0778459
0.0000999 0.0215335 0.0000999 0.9782667
0.0001001 0.0004702 0.0204964 0.9789333
0.0005050 0.0179848 0.0001000 0.9814102
0.1506700 0.2105318 0.0454029 0.5933954
0.0001002 0.0205155 0.0163909 0.9629934
0.0001003 0.9259023 0.0718496 0.0021478
0.0001003 0.1236395 0.8736973 0.0025629
0.0001006 0.9606796 0.0179756 0.0212442
0.0001002 0.0127692 0.0199601 0.9671705
0.0001000 0.0155768 0.0001000 0.9842231
0.0001000 0.0001000 0.0070112 0.9927888
0.0001000 0.0001000 0.0205122 0.9792878
0.0003157 0.0258342 0.0098645 0.9639857
0.0270584 0.0191972 0.0479264 0.9058180
0.0083474 0.0213777 0.0001000 0.9701750
0.0001003 0.0443713 0.9455726 0.0099558
0.0001009 0.0780403 0.6718766 0.2499822
0.0001005 0.0210961 0.9558815 0.0229218
0.0280753 0.0881093 0.8370197 0.0467958
0.0001001 0.0176695 0.0118114 0.9704189
0.4422062 0.0307166 0.0001004 0.5269767
0.1746084 0.0128668 0.0104555 0.8020692
0.0126160 0.0242558 0.0001001 0.9630281
0.1762010 0.0000987 0.0000987 0.8236015
0.0000999 0.0000999 0.0082719 0.9915283
0.0001002 0.0424359 0.0001002 0.9573638
0.0001000 0.0108911 0.0027559 0.9862530
0.0007680 0.0127694 0.0068705 0.9795922
0.0126750 0.0148481 0.0000999 0.9723769
0.0537887 0.0001001 0.0069297 0.9391816
0.0015542 0.0091531 0.0117397 0.9775529
0.1062304 0.0000997 0.0000997 0.8935702
0.4556628 0.0000998 0.0131913 0.5310462
0.0034484 0.0006025 0.0157143 0.9802347
0.0001000 0.0303428 0.0001000 0.9694572
0.3911726 0.0000998 0.0289094 0.5798182
0.0121728 0.0048528 0.0000999 0.9828745
0.0519242 0.0279206 0.0001002 0.9200550
0.0914762 0.7638209 0.0316688 0.1130341
0.0048267 0.0283023 0.0048170 0.9620539
0.0031179 0.0280601 0.0016008 0.9672212
0.0353035 0.8625407 0.0605648 0.0415910
0.0013108 0.0146024 0.0001000 0.9839868
0.0019387 0.0000999 0.0165442 0.9814172
0.0001000 0.0375480 0.0001000 0.9622520
0.0001001 0.0105757 0.0072521 0.9820721
0.4510089 0.0000967 0.0000967 0.5487976
0.1307170 0.0993716 0.7698120 0.0000993
0.0299827 0.0634039 0.0886125 0.8180010
0.0070256 0.0192905 0.9597339 0.0139501
0.0001002 0.0373968 0.0001002 0.9624028
0.0001001 0.0732842 0.9250097 0.0016059
0.0859223 0.8752412 0.0387388 0.0000977
0.1465060 0.0184838 0.8349130 0.0000972
0.0960063 0.8866761 0.0172184 0.0000992
0.1610134 0.0000983 0.8387899 0.0000983
0.1819065 0.0321952 0.7857996 0.0000987
0.2286170 0.7711949 0.0000941 0.0000941
0.0357237 0.9279410 0.0362348 0.0001006
0.0662250 0.0000999 0.0000999 0.9335753
0.0001001 0.0037690 0.0150062 0.9811248
0.1251839 0.0001003 0.0260216 0.8486943
0.0001004 0.0285587 0.9522388 0.0191021
0.0001002 0.0635516 0.9304861 0.0058621
0.0001001 0.0293961 0.0001001 0.9704036
0.0410589 0.0115206 0.0413147 0.9061058
0.0577992 0.0001001 0.0247808 0.9173200
0.0629854 0.0000999 0.0216869 0.9152278
0.0227412 0.0229784 0.0064245 0.9478559
0.0207837 0.0000999 0.0123294 0.9667870
0.0080129 0.0095019 0.0169748 0.9655105
0.6411576 0.0000992 0.1088318 0.2499114
0.0254804 0.0001001 0.0099443 0.9644752
0.0153147 0.0869327 0.8976530 0.0000996
0.0201841 0.0063028 0.0175814 0.9559318
0.9518182 0.0000989 0.0000989 0.0479840
0.5263637 0.0000996 0.0000996 0.4734370
0.0001011 0.8743189 0.0664355 0.0591445
0.0046120 0.0269736 0.0001000 0.9683144
0.0001004 0.9416550 0.0498175 0.0084270
0.0001007 0.7495386 0.2402850 0.0100757
0.0001002 0.9532073 0.0462298 0.0004627
0.0001001 0.0283740 0.0001001 0.9714258
0.7991790 0.2006411 0.0000899 0.0000899
0.9612268 0.0043359 0.0001000 0.0343373
0.0110869 0.0001001 0.0145203 0.9742927
0.0226605 0.0001001 0.0098775 0.9673619
0.0001011 0.8916601 0.0277813 0.0804575
0.0114282 0.7603415 0.1962356 0.0319947
0.0245334 0.0291893 0.0126881 0.9335893
0.0024304 0.0300305 0.0001000 0.9674390
0.9530956 0.0165770 0.0001001 0.0302274
