0.8931521 -0.1537310 0.1118480 0.1111438 0.0967733 -0.0198997 0.0960250 -0.1851006 -0.1997657 -0.1740383 0.1008988 0.1054586 0.0972766 0.1128962 0.1121905 0.0822231 0.0933623 -0.1966912 -0.1210018 -0.1998984 -0.1891411 0.0885317 0.0031453 0.0491178 0.0963867 0.0628470 0.1006086 0.0836812 0.0988961 0.0968306 0.0976141 0.0839663 0.0916489 0.0767870 -0.0361800 0.0925182 0.1004248 -0.0164632 0.1110094 0.0942115 -0.1524982 0.0835779 0.0795844 -0.1755016 0.1075320 0.0986901 0.0869133 0.1124010 -0.0260925 -0.2051006 0.0510935 -0.2015483 0.0881490 -0.2053909 -0.2027201 -0.2157460 -0.1909140 -0.2231566 -0.2146821 -0.2182678 -0.1851658 0.0818496 0.0950505 0.0615929 -0.1882511 -0.1991504 0.0960949 0.0688433 0.0755405 0.0777147 0.0853981 0.1052174 0.0819955 -0.1268637 0.0908624 -0.1994155 0.1140651 -0.1988101 -0.0535723 -0.1658945 0.1016720 -0.1813619 -0.1875532 -0.1802707 0.0952248 -0.2691693 -0.2010739 0.1024610 0.0954231 -0.1568023 -0.1771088 0.0903682 0.1047185 -0.2050248
-0.1537310 1.4493772 -0.1523928 -0.1659862 -0.1578177 -0.0210308 -0.1531111 0.3203213 0.3144042 0.3488716 -0.1526108 -0.1706800 -0.1596703 -0.1745238 -0.1481456 -0.1375233 -0.1602831 0.3149138 0.2167383 0.2912985 0.2806523 -0.1600144 -0.1710458 -0.1344554 -0.1565953 -0.2039831 -0.1664527 -0.1403847 -0.1669683 -0.1679828 -0.1643268 -0.1799395 -0.1541961 -0.1849730 -0.2132165 -0.1639627 -0.1487905 -0.1930272 -0.1663522 -0.1616076 0.4469138 -0.1492639 -0.1475843 0.3112135 -0.1510892 -0.1652624 -0.1493031 -0.1582215 -0.2430757 0.2514374 -0.0945591 0.3043850 -0.1433695 0.3142971 0.3242669 0.2614084 0.3183501 0.2285700 0.2163547 0.3250880 0.3463121 -0.1676339 -0.1565223 -0.1688439 0.3099957 0.3170980 -0.1529781 -0.1569897 -0.1698512 -0.1683908 -0.1560804 -0.1636240 -0.1439303 -0.1858415 -0.1636519 0.3270173 -0.1629200 -0.2573786 -0.2156077 0.6016818 -0.1635706 0.3548309 0.3311140 0.3369008 -0.1584519 -0.0565360 -0.2213814 -0.1674144 -0.1638937 0.5835159 0.3491615 -0.1439392 -0.1492698 -0.2113553
0.1118480 -0.1523928 0.8850080 0.0976658 0.1133083 -0.0172879 0.0955447 -0.1757340 -0.1931791 -0.1724295 0.1024386 0.0968280 0.0827488 0.1164200 0.0889967 0.0797469 0.1002074 -0.2042601 -0.1280327 -0.1883338 -0.1819488 0.1007008 -0.0433489 0.0519370 0.1031421 0.0530387 0.1022941 0.0881798 0.0922449 0.1137206 0.0916483 0.0893910 0.0885576 0.0748077 -0.0442589 0.1167441 0.1053085 -0.0286273 0.1064399 0.0843300 -0.1480766 0.0852020 0.0919742 -0.1744715 0.1009542 0.1041281 0.0994277 0.0964409 -0.0296305 -0.2112446 0.0391758 -0.1879195 0.1123571 -0.2066697 -0.1993686 -0.2258307 -0.1956110 -0.2205617 -0.2171186 -0.2282451 -0.1882626 0.0787565 0.0916722 0.0467054 -0.1979245 -0.1938883 0.1130049 0.0852868 0.0621821 0.0756498 0.0971151 0.1069703 0.0945005 -0.1308742 0.0947080 -0.2050709 0.0825645 -0.2170507 -0.0643433 -0.1718220 0.0978677 -0.1839621 -0.1817534 -0.1853319 0.0934806 -0.2833264 -0.2223357 0.0980562 0.1067747 -0.1576485 -0.1761043 0.0902373 0.1180414 -0.2184524
0.1111438 -0.1659862 0.0976658 0.9303592 0.1034060 -0.0276287 0.0864268 -0.1802073 -0.2000231 -0.1834263 0.0990176 0.0957768 0.1054932 0.0982806 0.0942801 0.0825008 0.0881569 -0.1813906 -0.1294296 -0.1861248 -0.1804828 0.0782084 -0.0353501 0.0466508 0.0870144 0.0981595 0.1109021 0.0922137 0.0927190 0.0915502 0.1080440 0.0949023 0.1138072 0.0708353 -0.0322209 0.1045507 0.0919988 -0.0259017 0.0942922 0.0824753 -0.1504760 0.0734644 0.0924569 -0.1761305 0.0935688 0.1069780 0.0917802 0.0746502 -0.0180931 -0.1981074 0.0617345 -0.1834565 0.1040694 -0.1895328 -0.2094186 -0.2150696 -0.1991562 -0.2089068 -0.2045091 -0.2269821 -0.1909038 0.0911168 0.0870234 0.0648259 -0.1881780 -0.1877763 0.0978675 0.0605090 0.0774988 0.0858583 0.0848575 0.1066207 0.0744550 -0.1280600 0.0956154 -0.1909776 0.0961067 -0.2143181 -0.0607600 -0.1555213 0.0908933 -0.1858871 -0.1861145 -0.1732422 0.0804573 -0.2862165 -0.2162698 0.0921784 0.1020571 -0.1537141 -0.1752037 0.0963690 0.0976290 -0.2160644
0.0967733 -0.1578177 0.1133083 0.1034060 0.9203889 -0.0258872 0.0915994 -0.1774075 -0.1910722 -0.1757910 0.1007941 0.0913078 0.1038785 0.0963375 0.1001066 0.0921559 0.0825764 -0.2015567 -0.1313488 -0.1906565 -0.1894078 0.0805855 -0.0358036 0.0497038 0.1026506 0.0520564 0.0972373 0.0782315 0.0934628 0.1005671 0.1043742 0.0831414 0.0899327 0.0819824 -0.0348960 0.1042599 0.0990108 -0.0327917 0.0997232 0.0819302 -0.1559616 0.1068241 0.0875819 -0.1759467 0.1061175 0.1193052 0.0944030 0.0966025 -0.0278114 -0.2028106 0.0546735 -0.1982630 0.0940993 -0.2013020 -0.1925728 -0.2192560 -0.1963407 -0.2143685 -0.2125112 -0.2275666 -0.1897011 0.0907851 0.1013373 0.0725073 -0.1809629 -0.1989527 0.1094401 0.0794910 0.0914301 0.0887407 0.0924077 0.0879252 0.0947052 -0.1302700 0.1042250 -0.1919964 0.0911248 -0.1920399 -0.0613125 -0.1786182 0.0970554 -0.1803071 -0.1898333 -0.1784936 0.0996055 -0.2825871 -0.2094311 0.0973462 0.1001835 -0.1637437 -0.1786102 0.0794895 0.0993342 -0.2106524
-0.0198997 -0.0210308 -0.0172879 -0.0276287 -0.0258872 1.0732685 -0.0153128 -0.0087214 -0.0250593 0.0147598 -0.0258479 -0.0178962 -0.0218189 -0.0186815 -0.0196246 -0.0133785 -0.0178877 -0.0566128 -0.0419979 -0.0610136 -0.0369959 -0.0267638 0.0868851 0.0223629 -0.0272568 0.0355056 -0.0200190 -0.0297064 -0.0235756 -0.0295832 -0.0220420 0.0028981 -0.0175713 0.0025491 0.0963435 -0.0217435 -0.0179564 0.0781953 -0.0152769 -0.0037842 0.0103985 0.2205921 -0.0196774 -0.0034440 -0.0147219 -0.0194161 -0.0157278 -0.0249375 0.0915725 -0.0178150 -0.0139490 -0.0427899 -0.0283686 -0.0574469 -0.0096707 -0.0184676 0.0050615 -0.0038927 -0.0019107 0.0494002 -0.0111590 -0.0018701 -0.0255459 0.0083338 -0.0548680 -0.0619628 -0.0303044 -0.0101209 -0.0134174 -0.0152357 -0.0229000 -0.0172069 -0.0269248 0.1321159 -0.0222190 -0.0571322 -0.0202470 0.2340504 0.1176596 -0.0096172 -0.0240762 -0.0258357 -0.0273053 -0.0267360 -0.0213147 0.2259701 0.2207913 -0.0175202 -0.0275620 -0.0318320 -0.0366295 -0.0177281 -0.0239566 0.2257648
0.0960250 -0.1531111 0.0955447 0.0864268 0.0915994 -0.0153128 0.8769003 -0.1675028 -0.1873824 -0.1587597 0.0906593 0.0974412 0.0863186 0.1088341 0.0956947 0.0613661 0.0949105 -0.1847366 -0.1149883 -0.1799635 -0.1701317 0.1007662 -0.0422461 0.0343472 0.0931382 0.0560780 0.0935255 0.0970003 0.1034634 0.0922929 0.0882533 0.0835857 0.1045488 0.0674768 -0.0439782 0.0907604 0.0865280 -0.0197853 0.1062645 0.0744976 -0.1460283 0.0872122 0.0981084 -0.1686992 0.0950354 0.0989490 0.0883708 0.0917471 -0.0157941 -0.1974199 0.0495252 -0.1746380 0.0821176 -0.1748479 -0.1952236 -0.2068212 -0.1819529 -0.1949925 -0.2063938 -0.2159894 -0.1731850 0.0807664 0.0798059 0.0517897 -0.1727912 -0.1748261 0.0975823 0.0749697 0.0816598 0.0731210 0.0750335 0.0929342 0.0906494 -0.1266035 0.0943326 -0.1855763 0.0879178 -0.2062946 -0.0613208 -0.1509965 0.1039247 -0.1771361 -0.1668631 -0.1851949 0.0834310 -0.2695143 -0.2083706 0.0717051 0.0853972 -0.1545251 -0.1600089 0.0836728 0.0841577 -0.2075848
-0.1851006 0.3203213 -0.1757340 -0.1802073 -0.1774075 -0.0087214 -0.1675028 1.4210539 0.3842356 0.5154948 -0.1736142 -0.1715266 -0.1895563 -0.1895546 -0.1850387 -0.1490982 -0.1813925 0.3660151 0.2273598 0.3487831 0.3210621 -0.1836959 -0.1841638 -0.1888546 -0.1854247 -0.2320069 -0.1990825 -0.1630604 -0.1840809 -0.1927453 -0.1796393 -0.2031058 -0.1837672 -0.2047260 -0.2206870 -0.1828181 -0.1760885 -0.2081326 -0.1891391 -0.1779712 0.2966907 -0.1799224 -0.1712603 0.4627020 -0.1821852 -0.1847559 -0.1630903 -0.1932191 -0.2668827 0.3130920 -0.1035470 0.3456657 -0.1768466 0.3753790 0.4886866 0.2914570 0.4677010 0.2598966 0.2669986 0.4259499 0.4802243 -0.1977457 -0.1931988 -0.1816674 0.3509942 0.3703392 -0.1613813 -0.1642163 -0.1743379 -0.1878900 -0.1785023 -0.1959840 -0.1844685 -0.1913258 -0.1882101 0.3677228 -0.1791870 -0.2568664 -0.2312789 0.3564486 -0.1780931 0.5201412 0.4720003 0.5123230 -0.1771032 -0.0211516 -0.2235283 -0.1833463 -0.1813867 0.3401563 0.4114573 -0.1630669 -0.1702471 -0.2083387
-0.1997657 0.3144042 -0.1931791 -0.2000231 -0.1910722 -0.0250593 -0.1873824 0.3842356 1.4427890 0.3389036 -0.1745344 -0.1961297 -0.1898344 -0.1895015 -0.1816177 -0.1514408 -0.1894797 0.5314126 0.3620133 0.5126619 0.4749157 -0.1768494 -0.2035606 -0.1886974 -0.1827264 -0.2256026 -0.2000224 -0.1857566 -0.1945291 -0.1994965 -0.2027073 -0.1965575 -0.1882657 -0.2071207 -0.2080591 -0.1994694 -0.1921247 -0.1958200 -0.2034705 -0.1870046 0.2380396 -0.1808528 -0.1925134 0.3275281 -0.2012294 -0.1911721 -0.1879576 -0.1961022 -0.2842646 0.4406994 -0.1090133 0.5102764 -0.1778565 0.5251252 0.3338874 0.4707366 0.3151144 0.4535332 0.4268731 0.2523872 0.3308460 -0.2075371 -0.1984129 -0.1893489 0.5117359 0.5087392 -0.1771877 -0.1683395 -0.1917242 -0.1900006 -0.1844291 -0.1859831 -0.1939285 -0.1327747 -0.1927671 0.5201499 -0.1872869 -0.2609122 -0.2245152 0.3437323 -0.1830325 0.3669026 0.3957873 0.3694583 -0.1791988 -0.1058843 -0.2466990 -0.1847547 -0.1925402 0.3138075 0.3639461 -0.1738684 -0.1879801 -0.2441739
-0.1740383 0.3488716 -0.1724295 -0.1834263 -0.1757910 0.0147598 -0.1587597 0.5154948 0.3389036 1.3907924 -0.1747511 -0.1764179 -0.1873313 -0.1789290 -0.1828558 -0.1399139 -0.1631813 0.3548336 0.2123008 0.3263206 0.3114222 -0.1638027 -0.1696450 -0.1860779 -0.1715536 -0.2226903 -0.1849549 -0.1574844 -0.1822626 -0.1828774 -0.1778265 -0.1802308 -0.1794767 -0.1975605 -0.2095990 -0.1838631 -0.1649830 -0.1959127 -0.1836221 -0.1857654 0.3042452 -0.1769490 -0.1760939 0.4399509 -0.1857521 -0.1856273 -0.1730798 -0.1788505 -0.2624889 0.2922966 -0.0954340 0.3168768 -0.1634885 0.3491114 0.4868641 0.2700947 0.4690131 0.2489921 0.2568161 0.4276431 0.4829735 -0.2013254 -0.1799822 -0.1740003 0.3240685 0.3313650 -0.1716453 -0.1613058 -0.1763243 -0.1850234 -0.1719229 -0.1845388 -0.1777384 -0.1802153 -0.1827977 0.3271001 -0.1610307 -0.2318385 -0.2177878 0.3594051 -0.1654444 0.4909455 0.4582704 0.5286080 -0.1622926 -0.0016697 -0.1979919 -0.1721324 -0.1918577 0.3389062 0.4114523 -0.1591388 -0.1735086 -0.1843994
0.1008988 -0.1526108 0.1024386 0.0990176 0.1007941 -0.0258479 0.0906593 -0.1736142 -0.1745344 -0.1747511 0.9202829 0.1119127 0.0996303 0.0979692 0.0884935 0.0727456 0.0828608 -0.1909939 -0.1140992 -0.1776155 -0.1769082 0.0910790 -0.0422534 0.0466088 0.0963944 0.0597188 0.1055706 0.1056526 0.1148962 0.1004823 0.0900464 0.0733507 0.1032048 0.0675379 -0.0450566 0.1049147 0.1019511 -0.0301088 0.0868281 0.0744636 -0.1485543 0.0877149 0.0970088 -0.1778339 0.0974789 0.0915579 0.0905203 0.0943461 -0.0159919 -0.2052098 0.0396626 -0.1833244 0.0866068 -0.1800284 -0.2029785 -0.2175299 -0.1920148 -0.2003635 -0.2026000 -0.2286303 -0.1812378 0.0777696 0.1125806 0.0596780 -0.1845617 -0.1813643 0.0822667 0.0929439 0.0788722 0.0622273 0.0789864 0.1083984 0.0794282 -0.1366411 0.0771657 -0.1978020 0.0859107 -0.2176030 -0.0603948 -0.1583337 0.0798010 -0.1766511 -0.1775604 -0.1776720 0.0885203 -0.2848122 -0.2082840 0.1050038 0.0939237 -0.1524947 -0.1755427 0.0912377 0.0897351 -0.2226092
0.1054586 -0.1706800 0.0968280 0.0957768 0.0913078 -0.0178962 0.0974412 -0.1715266 -0.1961297 -0.1764179 0.1119127 0.8995163 0.1198086 0.1153433 0.0867846 0.0753497 0.0986240 -0.1947947 -0.1243135 -0.1836464 -0.1795424 0.1075005 -0.0475351 0.0391699 0.0954211 0.0589938 0.1042393 0.1031986 0.1119314 0.0977901 0.0968001 0.0918987 0.1028583 0.0849152 -0.0515139 0.1036410 0.0912420 -0.0313099 0.1022599 0.0865960 -0.1680961 0.0976541 0.0953417 -0.1704759 0.1002342 0.0987473 0.0940185 0.1074483 -0.0387396 -0.2127173 0.0567532 -0.1972655 0.0934651 -0.1927166 -0.2080262 -0.2262091 -0.1975368 -0.2133473 -0.2160495 -0.2320525 -0.1861754 0.0706107 0.1153958 0.0424505 -0.1908147 -0.2015497 0.0925413 0.0799065 0.0832745 0.0838543 0.0895667 0.0905303 0.0931678 -0.1473291 0.1016206 -0.2027092 0.0866356 -0.2321703 -0.0706690 -0.1744146 0.0892453 -0.1793132 -0.1838357 -0.1730847 0.1143998 -0.2977546 -0.2354285 0.0968507 0.1061561 -0.1665564 -0.1746869 0.0912168 0.0985123 -0.2342526
0.0972766 -0.1596703 0.0827488 0.1054932 0.1038785 -0.0218189 0.0863186 -0.1895563 -0.1898344 -0.1873313 0.0996303 0.1198086 0.9146194 0.0999135 0.1098284 0.0838623 0.1007407 -0.1944347 -0.1219539 -0.1954266 -0.1831786 0.1141806 -0.0471059 0.0496230 0.0951134 0.0567854 0.1063038 0.0822829 0.1003339 0.1152651 0.1043618 0.0978593 0.0967002 0.0856598 -0.0461492 0.1113819 0.1106285 -0.0281176 0.1083559 0.0988488 -0.1557515 0.0959155 0.0959939 -0.1852213 0.0980427 0.1033633 0.1059195 0.1056085 -0.0207882 -0.2158131 0.0451563 -0.1966404 0.0870307 -0.1965540 -0.2118959 -0.2235496 -0.2112047 -0.2158218 -0.2247281 -0.2392328 -0.1937678 0.0953685 0.1168723 0.0547316 -0.1995015 -0.1934611 0.0945706 0.0711871 0.0939153 0.0840716 0.1090839 0.1015992 0.1028495 -0.1399267 0.0952822 -0.2081081 0.0831601 -0.2223423 -0.0682529 -0.1804087 0.0931293 -0.1867494 -0.1890304 -0.1926486 0.1067475 -0.2939618 -0.2284724 0.0985254 0.1049068 -0.1657237 -0.1885755 0.0819750 0.0924086 -0.2297765
0.1128962 -0.1745238 0.1164200 0.0982806 0.0963375 -0.0186815 0.1088341 -0.1895546 -0.1895015 -0.1789290 0.0979692 0.1153433 0.0999135 0.8843152 0.1002330 0.0847342 0.0974952 -0.1913947 -0.1194082 -0.1828406 -0.1779273 0.0964784 -0.0471203 0.0371814 0.1063474 0.0585303 0.1110155 0.1064301 0.0972098 0.1059923 0.0994387 0.0887472 0.0881855 0.0770364 -0.0444949 0.1023023 0.0927807 -0.0312975 0.1089539 0.0816513 -0.1568049 0.0967392 0.0815696 -0.1791330 0.0983447 0.1017117 0.1010669 0.0902459 -0.0279936 -0.2060769 0.0582171 -0.1752356 0.1088572 -0.1961286 -0.2011974 -0.2153254 -0.2035539 -0.2094959 -0.2082555 -0.2361563 -0.1806429 0.0801573 0.0932073 0.0548546 -0.1780610 -0.1930973 0.0854406 0.0784799 0.0705802 0.0750442 0.0884980 0.0945087 0.0822657 -0.1387825 0.0799286 -0.1961431 0.0841062 -0.2282236 -0.0675889 -0.1722951 0.0965548 -0.1785328 -0.1829168 -0.1774356 0.1079378 -0.2955316 -0.2290070 0.1019861 0.0911643 -0.1661563 -0.1664242 0.0883295 0.0836314 -0.2323132
0.1121905 -0.1481456 0.0889967 0.0942801 0.1001066 -0.0196246 0.0956947 -0.1850387 -0.1816177 -0.1828558 0.0884935 0.0867846 0.1098284 0.1002330 0.8811380 0.0789423 0.0928742 -0.1790720 -0.1106301 -0.1810779 -0.1840626 0.1019422 -0.0348222 0.0491489 0.0820142 0.0598315 0.0997001 0.0892327 0.0880496 0.0964628 0.0998145 0.0884886 0.0900719 0.0706617 -0.0330828 0.0843326 0.0887851 -0.0198107 0.0805340 0.0688497 -0.1506121 0.0995449 0.0785416 -0.1636463 0.0850791 0.0989045 0.0906322 0.1034760 -0.0139260 -0.1985471 0.0479614 -0.1849219 0.0829662 -0.1873004 -0.1960542 -0.2103342 -0.1885923 -0.1994752 -0.2054638 -0.2184583 -0.1794612 0.0930015 0.0850513 0.0525077 -0.1784664 -0.1985381 0.0783361 0.0820050 0.0841030 0.0795100 0.0967799 0.0945840 0.0851143 -0.1246067 0.1016837 -0.1910144 0.0966125 -0.1983297 -0.0537938 -0.1518437 0.0944651 -0.1733210 -0.1704195 -0.1759530 0.0955362 -0.2713144 -0.2058984 0.1126188 0.1027124 -0.1526208 -0.1636568 0.0739552 0.0987658 -0.2063765
0.0822231 -0.1375233 0.0797469 0.0825008 0.0921559 -0.0133785 0.0613661 -0.1490982 -0.1514408 -0.1399139 0.0727456 0.0753497 0.0838623 0.0847342 0.0789423 0.8380120 0.0863614 -0.1510292 -0.0955740 -0.1521136 -0.1419831 0.0813936 -0.0147401 0.0303440 0.0728293 0.0603431 0.0843395 0.0514244 0.0794163 0.0807694 0.0890640 0.0687892 0.0710838 0.0713587 -0.0150059 0.0769941 0.0875977 -0.0060484 0.0802968 0.0769052 -0.1292180 0.0662394 0.0785117 -0.1491068 0.0815328 0.0831130 0.0723470 0.0656216 -0.0033042 -0.1659604 0.0386841 -0.1598777 0.0642587 -0.1541539 -0.1611368 -0.1663025 -0.1658303 -0.1586645 -0.1611453 -0.1825643 -0.1589845 0.0739484 0.0838277 0.0457809 -0.1521762 -0.1632360 0.0766875 0.0559773 0.0561366 0.0635834 0.0663455 0.0780031 0.0733480 -0.0792398 0.0782077 -0.1705058 0.0802085 -0.1374371 -0.0304159 -0.1391763 0.0741950 -0.1593442 -0.1693243 -0.1608127 0.0713524 -0.2002234 -0.1366241 0.0732728 0.0757531 -0.1412819 -0.1396167 0.0634958 0.0820244 -0.1374227
0.0933623 -0.1602831 0.1002074 0.0881569 0.0825764 -0.0178877 0.0949105 -0.1813925 -0.1894797 -0.1631813 0.0828608 0.0986240 0.1007407 0.0974952 0.0928742 0.0863614 0.9014979 -0.1947858 -0.1183597 -0.1889886 -0.1861076 0.0923964 -0.0288782 0.0494291 0.0964405 0.0621915 0.1014159 0.0919022 0.1029862 0.0885651 0.1018268 0.0867610 0.0979716 0.0799243 -0.0267367 0.0986051 0.0815043 -0.0071805 0.0958289 0.0847907 -0.1577970 0.0905014 0.0909505 -0.1718567 0.1104101 0.0969108 0.1009083 0.1000680 0.0000939 -0.2011574 0.0641475 -0.2007628 0.0801314 -0.1990484 -0.1976570 -0.2155270 -0.1929731 -0.2083172 -0.2028152 -0.2163430 -0.1728910 0.0845769 0.0959123 0.0607397 -0.1950689 -0.1977085 0.0881286 0.0717932 0.0812976 0.0802826 0.0997915 0.0882351 0.0942137 -0.1141283 0.0916648 -0.1986828 0.0955786 -0.1805132 -0.0424855 -0.1611777 0.0979584 -0.1783526 -0.1817123 -0.1802518 0.0810685 -0.2474858 -0.1817831 0.1039797 0.1055666 -0.1558248 -0.1747212 0.0731778 0.0899057 -0.1830321
-0.1966912 0.3149138 -0.2042601 -0.1813906 -0.2015567 -0.0566128 -0.1847366 0.3660151 0.5314126 0.3548336 -0.1909939 -0.1947947 -0.1944347 -0.1913947 -0.1790720 -0.1510292 -0.1947858 1.4808594 0.3745178 0.5300485 0.4602446 -0.1823090 -0.2118466 -0.1976213 -0.1973097 -0.2301425 -0.1982670 -0.1723725 -0.1988546 -0.1951466 -0.2016616 -0.1977908 -0.1969145 -0.2135204 -0.2065834 -0.1849221 -0.1956483 -0.1861458 -0.2036458 -0.1933667 0.2164778 -0.1846262 -0.1846919 0.3097319 -0.1990257 -0.1855464 -0.1797832 -0.1822345 -0.2812123 0.4726493 -0.1104834 0.5374360 -0.1766375 0.5405238 0.3131568 0.4906033 0.2994928 0.4795540 0.4467334 0.2362451 0.3366079 -0.2127998 -0.2007779 -0.1971868 0.5246134 0.5409318 -0.1830758 -0.1769770 -0.1902085 -0.1927132 -0.1883695 -0.1985152 -0.1907396 -0.1266235 -0.1883468 0.5265621 -0.1875457 -0.2619680 -0.2265763 0.3256867 -0.1905783 0.3685242 0.4045485 0.3760345 -0.1937349 -0.1178628 -0.2503949 -0.1953031 -0.1988807 0.3055756 0.3596179 -0.1742453 -0.1913318 -0.2485147
-0.1210018 0.2167383 -0.1280327 -0.1294296 -0.1313488 -0.0419979 -0.1149883 0.2273598 0.3620133 0.2123008 -0.1140992 -0.1243135 -0.1219539 -0.1194082 -0.1106301 -0.0955740 -0.1183597 0.3745178 1.0378151 0.3398591 0.3347149 -0.1168110 -0.1593354 -0.1318605 -0.1300840 -0.1630182 -0.1360845 -0.1130285 -0.1240110 -0.1190889 -0.1271824 -0.1373906 -0.1216645 -0.1427489 -0.1611020 -0.1215883 -0.1209012 -0.1416136 -0.1338320 -0.1291367 0.1482447 -0.1227888 -0.1191358 0.2056656 -0.1340459 -0.1341473 -0.1175860 -0.1209356 -0.2143259 0.3025589 -0.0729423 0.3409878 -0.1120852 0.3641008 0.1926870 0.3112510 0.1731890 0.3057769 0.2927779 0.1411016 0.2027753 -0.1459352 -0.1147216 -0.1336459 0.3541114 0.3584665 -0.1264023 -0.1181554 -0.1266971 -0.1299020 -0.1159484 -0.1278278 -0.1201370 -0.1233579 -0.1266547 0.3454050 -0.1385378 -0.2362233 -0.1805609 0.2203309 -0.1216769 0.2217565 0.2520358 0.2413515 -0.1114688 -0.1372145 -0.2297300 -0.1256027 -0.1247862 0.1949093 0.2375309 -0.1202471 -0.1119716 -0.2237399
-0.1998984 0.2912985 -0.1883338 -0.1861248 -0.1906565 -0.0610136 -0.1799635 0.3487831 0.5126619 0.3263206 -0.1776155 -0.1836464 -0.1954266 -0.1828406 -0.1810779 -0.1521136 -0.1889886 0.5300485 0.3398591 1.4332225 0.4738964 -0.1641520 -0.2069276 -0.1935537 -0.1817878 -0.2207503 -0.1882546 -0.1764748 -0.1866685 -0.1945645 -0.1893260 -0.1974550 -0.1870335 -0.2079826 -0.2004672 -0.1920786 -0.1867993 -0.1855834 -0.1971212 -0.1924283 0.2136858 -0.1830379 -0.1804083 0.3043243 -0.1906081 -0.1756585 -0.1920632 -0.1859216 -0.2742710 0.4546396 -0.1043519 0.5407115 -0.1825864 0.5044962 0.3157353 0.4714656 0.2915329 0.4719702 0.4454410 0.2203599 0.3161580 -0.1982050 -0.1818609 -0.1826594 0.5396162 0.5298076 -0.1836876 -0.1567490 -0.1817719 -0.1888102 -0.1881134 -0.1820961 -0.1705467 -0.1282087 -0.1862227 0.5308613 -0.1867798 -0.2638448 -0.2182855 0.3120780 -0.1800288 0.3354203 0.3819069 0.3485869 -0.1874623 -0.1155923 -0.2450139 -0.1878613 -0.1900270 0.2944548 0.3472335 -0.1681118 -0.1853317 -0.2428488
-0.1891411 0.2806523 -0.1819488 -0.1804828 -0.1894078 -0.0369959 -0.1701317 0.3210621 0.4749157 0.3114222 -0.1769082 -0.1795424 -0.1831786 -0.1779273 -0.1840626 -0.1419831 -0.1861076 0.4602446 0.3347149 0.4738964 1.3240638 -0.1626462 -0.1331286 -0.1620025 -0.1751543 -0.1956941 -0.1822707 -0.1738721 -0.1807196 -0.1853030 -0.1768497 -0.1812347 -0.1805879 -0.1902369 -0.1373161 -0.1758701 -0.1838536 -0.1318227 -0.1935357 -0.1682091 0.2193543 -0.1727420 -0.1725506 0.2837259 -0.1885437 -0.1765839 -0.1786907 -0.1777896 -0.2129278 0.4281903 -0.0888810 0.4848127 -0.1693643 0.4849949 0.3094270 0.4438768 0.2711188 0.4332644 0.4182793 0.2474502 0.2941410 -0.1871876 -0.1753790 -0.1587641 0.4711390 0.4771692 -0.1833193 -0.1563002 -0.1770128 -0.1707807 -0.1765255 -0.1772425 -0.1809188 -0.0504479 -0.1784079 0.4689464 -0.1802931 -0.1344659 -0.1506164 0.2900644 -0.1851122 0.3152668 0.3542640 0.3280116 -0.1803259 -0.0015313 -0.1294721 -0.1816371 -0.1800419 0.2641532 0.3028790 -0.1672508 -0.1827446 -0.1247042
0.0885317 -0.1600144 0.1007008 0.0782084 0.0805855 -0.0267638 0.1007662 -0.1836959 -0.1768494 -0.1638027 0.0910790 0.1075005 0.1141806 0.0964784 0.1019422 0.0813936 0.0923964 -0.1823090 -0.1168110 -0.1641520 -0.1626462 0.8948430 -0.0496122 0.0377073 0.0837728 0.0454443 0.1121737 0.0921316 0.0829516 0.0956964 0.0959927 0.0877368 0.1037275 0.0678766 -0.0505641 0.0926402 0.0843947 -0.0308297 0.1007961 0.0729930 -0.1463740 0.0830928 0.1007016 -0.1730925 0.0924586 0.1024825 0.0916090 0.1003974 -0.0233063 -0.2011814 0.0483138 -0.1815491 0.0775685 -0.1801342 -0.1924715 -0.2036043 -0.1841489 -0.2112574 -0.2034795 -0.2231835 -0.1776523 0.0762193 0.1049395 0.0659420 -0.1883724 -0.1833975 0.0817382 0.0568160 0.0844448 0.0738863 0.0913446 0.0853481 0.0966978 -0.1347342 0.0905112 -0.1959027 0.0923878 -0.2199695 -0.0653398 -0.1551875 0.1053722 -0.1805419 -0.1683567 -0.1811355 0.0837599 -0.2807712 -0.2222577 0.0928821 0.1019227 -0.1393525 -0.1666621 0.0837904 0.0912636 -0.2211339
0.0031453 -0.1710458 -0.0433489 -0.0353501 -0.0358036 0.0868851 -0.0422461 -0.1841638 -0.2035606 -0.1696450 -0.0422534 -0.0475351 -0.0471059 -0.0471203 -0.0348222 -0.0147401 -0.0288782 -0.2118466 -0.1593354 -0.2069276 -0.1331286 -0.0496122 1.7198132 0.1615946 -0.0115117 0.1735450 -0.0080694 -0.0515578 -0.0462397 -0.0274119 -0.0206456 0.0193422 -0.0387941 0.0770897 0.4646572 -0.0306106 -0.0387343 0.3884589 -0.0246699 0.0413337 -0.0237017 -0.0351170 -0.0269206 -0.1176473 -0.0371952 -0.0387505 -0.0415424 -0.0387407 0.4522738 -0.0270994 -0.0274431 -0.1813233 -0.0517636 -0.1824342 0.0105909 0.0558084 -0.0261763 0.0182594 0.0350084 0.1581818 -0.1148157 0.0313751 -0.0433340 0.0792370 -0.2023278 -0.2039423 -0.0431630 -0.0065288 0.0204319 0.0320364 -0.0130311 -0.0297311 -0.0304775 0.6774729 -0.0164974 -0.1783124 -0.0183098 1.0178666 0.5238236 -0.1727279 -0.0375104 -0.1794085 -0.1865544 -0.1735383 -0.0481733 0.9153044 0.9812299 -0.0247495 -0.0192330 -0.1568959 -0.1546088 -0.0239159 -0.0368475 0.9651861
0.0491178 -0.1344554 0.0519370 0.0466508 0.0497038 0.0223629 0.0343472 -0.1888546 -0.1886974 -0.1860779 0.0466088 0.0391699 0.0496230 0.0371814 0.0491489 0.0303440 0.0494291 -0.1976213 -0.1318605 -0.1935537 -0.1620025 0.0377073 0.1615946 1.0093042 0.0503702 0.1164742 0.0634775 0.0398989 0.0535530 0.0537751 0.0468302 0.0631885 0.0657063 0.0824777 0.1530096 0.0546062 0.0518456 0.1353723 0.0613623 0.0530248 -0.1057137 0.0459249 0.0501596 -0.1544529 0.0503565 0.0520610 0.0508945 0.0405025 0.1636610 -0.1386387 0.0211843 -0.1813955 0.0374325 -0.1952608 -0.1404179 -0.1287747 -0.1444992 -0.1236652 -0.1120863 -0.0986216 -0.1682103 0.0797486 0.0462763 0.0655823 -0.1929487 -0.1920822 0.0364213 0.0433006 0.0503086 0.0561540 0.0390418 0.0485123 0.0522476 0.1726910 0.0534596 -0.1946559 0.0414593 0.2756144 0.1731841 -0.1674369 0.0634757 -0.1837483 -0.1909345 -0.1840703 0.0473351 0.1880227 0.2499165 0.0547085 0.0493019 -0.1534240 -0.1613147 0.0300840 0.0420606 0.2531415
0.0963867 -0.1565953 0.1031421 0.0870144 0.1026506 -0.0272568 0.0931382 -0.1854247 -0.1827264 -0.1715536 0.0963944 0.0954211 0.0951134 0.1063474 0.0820142 0.0728293 0.0964405 -0.1973097 -0.1300840 -0.1817878 -0.1751543 0.0837728 -0.0115117 0.0503702 0.8694250 0.0658198 0.0997984 0.0818569 0.0856126 0.0925636 0.1061315 0.0876198 0.0902067 0.0806403 -0.0306468 0.0768664 0.1081635 -0.0030478 0.1146588 0.0724708 -0.1433411 0.0852979 0.0981545 -0.1691113 0.0855460 0.0984550 0.0989874 0.1009406 0.0116445 -0.1946199 0.0492832 -0.1981502 0.0886873 -0.2033066 -0.2018397 -0.2082783 -0.1844415 -0.2043341 -0.1925256 -0.2118383 -0.1807868 0.0724292 0.0770679 0.0521119 -0.1829339 -0.1910231 0.0918125 0.0779798 0.0846019 0.0663541 0.0784872 0.0900239 0.0751159 -0.1018162 0.1074744 -0.1918715 0.0921245 -0.1673982 -0.0390646 -0.1634323 0.1020944 -0.1781094 -0.1786275 -0.1789005 0.1001287 -0.2406958 -0.1741301 0.0872884 0.0979280 -0.1502110 -0.1767055 0.0704745 0.0923759 -0.1782036
0.0628470 -0.2039831 0.0530387 0.0981595 0.0520564 0.0355056 0.0560780 -0.2320069 -0.2256026 -0.2226903 0.0597188 0.0589938 0.0567854 0.0585303 0.0598315 0.0603431 0.0621915 -0.2301425 -0.1630182 -0.2207503 -0.1956941 0.0454443 0.1735450 0.1164742 0.0658198 1.0405310 0.0919761 0.0431679 0.0657564 0.0597111 0.0622538 0.0802215 0.0676286 0.0913590 0.1873162 0.0674359 0.0583199 0.1597187 0.0694814 0.0687937 -0.1347573 0.0551614 0.0578267 -0.1904187 0.0729348 0.0701029 0.0483110 0.0572841 0.2104769 -0.1607887 0.0255269 -0.2210555 0.0500114 -0.2233988 -0.1891306 -0.1578103 -0.1764918 -0.1350352 -0.1312980 -0.1116106 -0.2049479 0.0858464 0.0666416 0.0849338 -0.2275610 -0.2246033 0.0559395 0.0656023 0.0670173 0.0723045 0.0600718 0.0690773 0.0513189 0.2108233 0.0652400 -0.2199872 0.0694047 0.3373070 0.2077601 -0.2041173 0.0561543 -0.2306078 -0.2315751 -0.2235055 0.0479060 0.2240282 0.3192194 0.0519500 0.0610076 -0.1974696 -0.2113018 0.0585020 0.0487742 0.3069986
0.1006086 -0.1664527 0.1022941 0.1109021 0.0972373 -0.0200190 0.0935255 -0.1990825 -0.2000224 -0.1849549 0.1055706 0.1042393 0.1063038 0.1110155 0.0997001 0.0843395 0.1014159 -0.1982670 -0.1360845 -0.1882546 -0.1822707 0.1121737 -0.0080694 0.0634775 0.0997984 0.0919761 0.9067953 0.1023388 0.0916955 0.1097071 0.0944944 0.0818576 0.1002498 0.0785696 -0.0406168 0.0938801 0.0938266 -0.0203875 0.0886431 0.0850386 -0.1661403 0.0890389 0.0887833 -0.1850882 0.1094723 0.1013576 0.0975790 0.0979029 -0.0082739 -0.2146254 0.0574449 -0.1880462 0.1106322 -0.2132573 -0.2172665 -0.2297257 -0.2016274 -0.2137237 -0.2123939 -0.2412463 -0.1936250 0.0944880 0.1162221 0.0635033 -0.1979505 -0.2033398 0.1124902 0.0732066 0.0901918 0.0804107 0.0800619 0.0887252 0.1040748 -0.1309727 0.1019130 -0.1980405 0.0965933 -0.2129278 -0.0565598 -0.1666659 0.1017757 -0.1872127 -0.1950351 -0.1950631 0.1101442 -0.2900193 -0.2198546 0.1016700 0.0853183 -0.1708443 -0.1760196 0.0898320 0.1019384 -0.2157639
0.0836812 -0.1403847 0.0881798 0.0922137 0.0782315 -0.0297064 0.0970003 -0.1630604 -0.1857566 -0.1574844 0.1056526 0.1031986 0.0822829 0.1064301 0.0892327 0.0514244 0.0919022 -0.1723725 -0.1130285 -0.1764748 -0.1738721 0.0921316 -0.0515578 0.0398989 0.0818569 0.0431679 0.1023388 0.9332035 0.1030242 0.1086567 0.0914582 0.0774320 0.0806854 0.0806623 -0.0538022 0.0888606 0.1022267 -0.0346254 0.0948919 0.0696848 -0.1464583 0.0687386 0.0786775 -0.1612610 0.1005679 0.1041131 0.0866144 0.0894129 -0.0283339 -0.1943578 0.0515398 -0.1805402 0.0880220 -0.1888883 -0.1941725 -0.2101318 -0.1865828 -0.2115613 -0.2049844 -0.2175241 -0.1742699 0.0800612 0.1004093 0.0545862 -0.1816010 -0.1801934 0.0892200 0.0759351 0.0777259 0.0650207 0.0834411 0.0858308 0.1048253 -0.1391954 0.1022223 -0.1779197 0.0759518 -0.2276782 -0.0717798 -0.1448133 0.0823926 -0.1616026 -0.1634365 -0.1742853 0.0998784 -0.2883660 -0.2310919 0.0810551 0.1006697 -0.1339707 -0.1592678 0.0812241 0.0941541 -0.2277112
0.0988961 -0.1669683 0.0922449 0.0927190 0.0934628 -0.0235756 0.1034634 -0.1840809 -0.1945291 -0.1822626 0.1148962 0.1119314 0.1003339 0.0972098 0.0880496 0.0794163 0.1029862 -0.1988546 -0.1240110 -0.1866685 -0.1807196 0.0829516 -0.0462397 0.0535530 0.0856126 0.0657564 0.0916955 0.1030242 0.8860438 0.1079498 0.1036238 0.0808170 0.0990591 0.0755929 -0.0493957 0.1048441 0.0859834 -0.0247859 0.1076176 0.0778737 -0.1570701 0.0997856 0.1006701 -0.1803770 0.0997625 0.1052901 0.0975640 0.1071171 -0.0273470 -0.2119666 0.0642089 -0.1950529 0.1110985 -0.1920011 -0.2042916 -0.2162174 -0.1988807 -0.2214365 -0.2121995 -0.2298301 -0.1987002 0.0822485 0.1098345 0.0549641 -0.1860286 -0.1958050 0.0903610 0.0771862 0.0789652 0.0850237 0.0834450 0.1004978 0.1020014 -0.1391252 0.0942440 -0.1994801 0.1075888 -0.2164091 -0.0599677 -0.1657168 0.1044066 -0.1880981 -0.1741839 -0.1902561 0.0924790 -0.2877864 -0.2218401 0.0983604 0.1001448 -0.1505612 -0.1820703 0.0980715 0.1047063 -0.2186622
0.0968306 -0.1679828 0.1137206 0.0915502 0.1005671 -0.0295832 0.0922929 -0.1927453 -0.1994965 -0.1828774 0.1004823 0.0977901 0.1152651 0.1059923 0.0964628 0.0807694 0.0885651 -0.1951466 -0.1190889 -0.1945645 -0.1853030 0.0956964 -0.0274119 0.0537751 0.0925636 0.0597111 0.1097071 0.1086567 0.1079498 0.8560656 0.1016981 0.1026316 0.0885023 0.0900514 -0.0345756 0.1186355 0.1031155 -0.0156889 0.1004795 0.0850183 -0.1546471 0.0823092 0.0901042 -0.1725826 0.1043149 0.0944488 0.0884470 0.1046274 -0.0111070 -0.2030496 0.0489012 -0.1946986 0.1040802 -0.1941157 -0.2109372 -0.2204226 -0.1896535 -0.2114311 -0.2144708 -0.2270346 -0.1915809 0.0873412 0.0987565 0.0610567 -0.1807097 -0.1962967 0.0905799 0.0777813 0.0744335 0.0926834 0.0902657 0.0931641 0.0867843 -0.1205583 0.0790397 -0.2068570 0.0832420 -0.1950280 -0.0487303 -0.1723437 0.1054073 -0.1819113 -0.1856541 -0.1942370 0.0991545 -0.2650154 -0.1983334 0.1076573 0.1043183 -0.1590433 -0.1854511 0.0875727 0.1077041 -0.1998692
0.0976141 -0.1643268 0.0916483 0.1080440 0.1043742 -0.0220420 0.0882533 -0.1796393 -0.2027073 -0.1778265 0.0900464 0.0968001 0.1043618 0.0994387 0.0998145 0.0890640 0.1018268 -0.2016616 -0.1271824 -0.1893260 -0.1768497 0.0959927 -0.0206456 0.0468302 0.1061315 0.0622538 0.0944944 0.0914582 0.1036238 0.1016981 0.8861924 0.0938058 0.0944345 0.0841852 -0.0259251 0.0787159 0.0957045 -0.0106015 0.0867120 0.0841112 -0.1595463 0.0837640 0.0954190 -0.1704005 0.1051735 0.1122044 0.0990198 0.1044376 0.0255674 -0.2078466 0.0498311 -0.1957506 0.1031797 -0.1956356 -0.1913437 -0.2189395 -0.1851176 -0.2140316 -0.2026162 -0.2162802 -0.1871035 0.0979183 0.1012414 0.0571323 -0.2017890 -0.2012918 0.0882777 0.0801519 0.0695043 0.0836123 0.0768409 0.0911838 0.1054914 -0.1048647 0.0878904 -0.2026197 0.0828153 -0.1732088 -0.0394987 -0.1709386 0.1016996 -0.1808219 -0.1840436 -0.1854842 0.0935602 -0.2473603 -0.1821458 0.1021894 0.0879308 -0.1632382 -0.1749170 0.0967346 0.0811346 -0.1805091
0.0839663 -0.1799395 0.0893910 0.0949023 0.0831414 0.0028981 0.0835857 -0.2031058 -0.1965575 -0.1802308 0.0733507 0.0918987 0.0978593 0.0887472 0.0884886 0.0687892 0.0867610 -0.1977908 -0.1373906 -0.1974550 -0.1812347 0.0877368 0.0193422 0.0631885 0.0876198 0.0802215 0.0818576 0.0774320 0.0808170 0.1026316 0.0938058 0.8940197 0.1042372 0.0922154 0.0366038 0.0928685 0.0861360 0.0280408 0.0896917 0.0746253 -0.1534673 0.0756717 0.0863055 -0.1707910 0.0942904 0.0874150 0.0923761 0.0902160 0.0475481 -0.1907064 0.0391359 -0.2006226 0.0867654 -0.1963553 -0.1977182 -0.2039774 -0.1908447 -0.1912436 -0.1877503 -0.1981901 -0.1808555 0.0941718 0.0961880 0.0793464 -0.1961614 -0.1981741 0.0709234 0.0871137 0.0771010 0.0743853 0.0854404 0.0856812 0.0831917 -0.0323959 0.0882600 -0.2112179 0.0747629 -0.0495211 0.0198260 -0.1846018 0.0738032 -0.1894180 -0.1987363 -0.1953879 0.0939205 -0.1334385 -0.0595536 0.0694809 0.0852940 -0.1800861 -0.1792199 0.0712152 0.0756380 -0.0580797
0.0916489 -0.1541961 0.0885576 0.1138072 0.0899327 -0.0175713 0.1045488 -0.1837672 -0.1882657 -0.1794767 0.1032048 0.1028583 0.0967002 0.0881855 0.0900719 0.0710838 0.0979716 -0.1969145 -0.1216645 -0.1870335 -0.1805879 0.1037275 -0.0387941 0.0657063 0.0902067 0.0676286 0.1002498 0.0806854 0.0990591 0.0885023 0.0944345 0.1042372 0.9080099 0.0831656 -0.0122270 0.1156714 0.1012654 -0.0183287 0.0947748 0.0785202 -0.1492172 0.1114522 0.0974303 -0.1767820 0.1027457 0.1029363 0.0919927 0.0994194 -0.0097833 -0.2075864 0.0583156 -0.1887694 0.0938639 -0.1910132 -0.2093725 -0.2136532 -0.1925240 -0.2130949 -0.2101657 -0.2253639 -0.1905480 0.0827440 0.0947442 0.0685600 -0.1879785 -0.1920300 0.0814094 0.0831425 0.0818882 0.0604957 0.0870895 0.0984964 0.1042263 -0.1227541 0.0890517 -0.2004896 0.0829930 -0.1959162 -0.0534530 -0.1587095 0.0894271 -0.1854586 -0.1901021 -0.1903138 0.0919152 -0.2719271 -0.2076605 0.0945573 0.1054141 -0.1620078 -0.1726314 0.0940176 0.1015922 -0.2020836
0.0767870 -0.1849730 0.0748077 0.0708353 0.0819824 0.0025491 0.0674768 -0.2047260 -0.2071207 -0.1975605 0.0675379 0.0849152 0.0856598 0.0770364 0.0706617 0.0713587 0.0799243 -0.2135204 -0.1427489 -0.2079826 -0.1902369 0.0678766 0.0770897 0.0824777 0.0806403 0.0913590 0.0785696 0.0806623 0.0755929 0.0900514 0.0841852 0.0922154 0.0831656 0.9353802 0.0952093 0.0939982 0.0811632 0.0786373 0.0774280 0.0820975 -0.1421311 0.0710837 0.0787712 -0.1795027 0.0737229 0.0848461 0.0794488 0.0692089 0.1158641 -0.1756289 0.0407228 -0.1957318 0.0713551 -0.2277478 -0.1893532 -0.1878661 -0.1802182 -0.1718979 -0.1695902 -0.1659563 -0.2006456 0.0880492 0.0853182 0.0849121 -0.2143844 -0.2120279 0.0588240 0.0749107 0.0800751 0.0768927 0.0650753 0.0819646 0.0783974 0.0625002 0.0748631 -0.2120924 0.0750578 0.1006592 0.1006748 -0.1933529 0.0738969 -0.2030457 -0.2061179 -0.2069334 0.0718883 0.0145412 0.0872398 0.0790709 0.0754974 -0.1878744 -0.1938357 0.0615457 0.0668722 0.0886871
-0.0361800 -0.2132165 -0.0442589 -0.0322209 -0.0348960 0.0963435 -0.0439782 -0.2206870 -0.2080591 -0.2095990 -0.0450566 -0.0515139 -0.0461492 -0.0444949 -0.0330828 -0.0150059 -0.0267367 -0.2065834 -0.1611020 -0.2004672 -0.1373161 -0.0505641 0.4646572 0.1530096 -0.0306468 0.1873162 -0.0406168 -0.0538022 -0.0493957 -0.0345756 -0.0259251 0.0366038 -0.0122270 0.0952093 1.6699755 -0.0117936 -0.0392388 0.4260225 -0.0249802 0.0260753 -0.0559154 -0.0380748 -0.0323668 -0.1441485 -0.0312858 -0.0351158 -0.0471535 -0.0404518 0.5458881 -0.0119664 -0.0214417 -0.1702419 -0.0550428 -0.1966510 -0.0777659 0.0166348 -0.0673334 0.0442748 0.0569883 0.1356850 -0.1518327 0.0402488 -0.0418392 0.1068602 -0.2007584 -0.2086640 -0.0520323 0.0003898 0.0263180 0.0348791 -0.0107787 -0.0218792 -0.0288896 0.7183807 -0.0146411 -0.1748464 -0.0161257 1.1483439 0.5933941 -0.2110327 -0.0304594 -0.2228298 -0.2154344 -0.2167617 -0.0433380 1.0246372 1.1221347 -0.0282556 -0.0258847 -0.2010191 -0.1824476 -0.0237751 -0.0349937 1.1081533
0.0925182 -0.1639627 0.1167441 0.1045507 0.1042599 -0.0217435 0.0907604 -0.1828181 -0.1994694 -0.1838631 0.1049147 0.1036410 0.1113819 0.1023023 0.0843326 0.0769941 0.0986051 -0.1849221 -0.1215883 -0.1920786 -0.1758701 0.0926402 -0.0306106 0.0546062 0.0768664 0.0674359 0.0938801 0.0888606 0.1048441 0.1186355 0.0787159 0.0928685 0.1156714 0.0939982 -0.0117936 0.8762725 0.1108466 -0.0193715 0.0956229 0.0820933 -0.1603909 0.0869765 0.0953375 -0.1770863 0.0825990 0.1029151 0.0922619 0.0998131 -0.0165746 -0.2049899 0.0431387 -0.1859978 0.1051739 -0.1985664 -0.2070355 -0.2120918 -0.1990005 -0.2065435 -0.2090821 -0.2322211 -0.1889570 0.0847156 0.0974636 0.0555826 -0.1900940 -0.1978352 0.0912717 0.0798325 0.0792661 0.0874881 0.0903252 0.0935685 0.0949316 -0.1176636 0.0914178 -0.2027054 0.0925883 -0.1969923 -0.0510006 -0.1746210 0.0933284 -0.1763922 -0.1755976 -0.1870745 0.0864521 -0.2755867 -0.1986743 0.0880222 0.1075532 -0.1651895 -0.1748640 0.0789349 0.1052122 -0.2042931
0.1004248 -0.1487905 0.1053085 0.0919988 0.0990108 -0.0179564 0.0865280 -0.1760885 -0.1921247 -0.1649830 0.1019511 0.0912420 0.1106285 0.0927807 0.0887851 0.0875977 0.0815043 -0.1956483 -0.1209012 -0.1867993 -0.1838536 0.0843947 -0.0387343 0.0518456 0.1081635 0.0583199 0.0938266 0.1022267 0.0859834 0.1031155 0.0957045 0.0861360 0.1012654 0.0811632 -0.0392388 0.1108466 0.8668281 -0.0174173 0.0934479 0.0772902 -0.1503802 0.0921547 0.0943284 -0.1664833 0.0952141 0.0990131 0.0902898 0.0973480 -0.0240461 -0.2059329 0.0495150 -0.1809975 0.0825710 -0.1932365 -0.1905731 -0.2184803 -0.1982151 -0.2104740 -0.2085649 -0.2241985 -0.1751903 0.0776193 0.0938838 0.0555732 -0.1878864 -0.1890086 0.0838325 0.0679551 0.0835197 0.0861819 0.0965850 0.0994345 0.1030466 -0.1318386 0.0841625 -0.1966683 0.0762048 -0.2037368 -0.0562841 -0.1594157 0.0936809 -0.1790684 -0.1640968 -0.1682438 0.0983217 -0.2722993 -0.2119245 0.0882234 0.0915529 -0.1562390 -0.1570389 0.0775717 0.0988183 -0.2061844
-0.0164632 -0.1930272 -0.0286273 -0.0259017 -0.0327917 0.0781953 -0.0197853 -0.2081326 -0.1958200 -0.1959127 -0.0301088 -0.0313099 -0.0281176 -0.0312975 -0.0198107 -0.0060484 -0.0071805 -0.1861458 -0.1416136 -0.1855834 -0.1318227 -0.0308297 0.3884589 0.1353723 -0.0030478 0.1597187 -0.0203875 -0.0346254 -0.0247859 -0.0156889 -0.0106015 0.0280408 -0.0183287 0.0786373 0.4260225 -0.0193715 -0.0174173 1.4903488 0.0012642 0.0266050 -0.0685641 -0.0204275 -0.0214977 -0.1387563 -0.0237201 -0.0221105 -0.0325208 -0.0212117 0.4522831 -0.0264613 -0.0154297 -0.1567742 -0.0362928 -0.1876830 -0.0928403 -0.0009649 -0.0783988 0.0182027 0.0351643 0.0911141 -0.1454681 0.0393240 -0.0161241 0.0955259 -0.1872301 -0.1883429 -0.0327069 0.0005737 0.0219147 0.0398885 -0.0041165 -0.0106053 -0.0138872 0.5953938 -0.0037879 -0.1640591 -0.0036412 0.9510733 0.4986035 -0.1944651 -0.0189975 -0.2088918 -0.2025378 -0.2014667 -0.0194650 0.8369582 0.9277003 -0.0121182 -0.0063490 -0.1834542 -0.1712452 -0.0126624 -0.0236873 0.9099778
0.1110094 -0.1663522 0.1064399 0.0942922 0.0997232 -0.0152769 0.1062645 -0.1891391 -0.2034705 -0.1836221 0.0868281 0.1022599 0.1083559 0.1089539 0.0805340 0.0802968 0.0958289 -0.2036458 -0.1338320 -0.1971212 -0.1935357 0.1007961 -0.0246699 0.0613623 0.1146588 0.0694814 0.0886431 0.0948919 0.1076176 0.1004795 0.0867120 0.0896917 0.0947748 0.0774280 -0.0249802 0.0956229 0.0934479 0.0012642 0.8731551 0.0908125 -0.1616287 0.0981442 0.0948402 -0.1704838 0.1010990 0.0895778 0.0913379 0.1041338 0.0023026 -0.2115943 0.0520783 -0.1922149 0.0926552 -0.2082094 -0.2034372 -0.2163278 -0.2001400 -0.2112902 -0.2129736 -0.2265993 -0.1981434 0.0876396 0.1031015 0.0592395 -0.1987022 -0.2007757 0.0989536 0.0784841 0.0720690 0.0814331 0.0900963 0.1049912 0.0849504 -0.1057703 0.1150769 -0.2049579 0.0995541 -0.1739736 -0.0372088 -0.1745283 0.1039615 -0.1909590 -0.1889923 -0.1913552 0.1038844 -0.2504202 -0.1797315 0.0900520 0.1001892 -0.1525552 -0.1813000 0.0886461 0.1183047 -0.1801825
0.0942115 -0.1616076 0.0843300 0.0824753 0.0819302 -0.0037842 0.0744976 -0.1779712 -0.1870046 -0.1857654 0.0744636 0.0865960 0.0988488 0.0816513 0.0688497 0.0769052 0.0847907 -0.1933667 -0.1291367 -0.1924283 -0.1682091 0.0729930 0.0413337 0.0530248 0.0724708 0.0687937 0.0850386 0.0696848 0.0778737 0.0850183 0.0841112 0.0746253 0.0785202 0.0820975 0.0260753 0.0820933 0.0772902 0.0266050 0.0908125 0.9245899 -0.1290425 0.0856648 0.0819503 -0.1554884 0.0724193 0.0862827 0.0680003 0.0806900 0.0346957 -0.1854098 0.0386830 -0.1885231 0.0793382 -0.1981637 -0.1694177 -0.1841673 -0.1769323 -0.1790141 -0.1802578 -0.1767273 -0.1760166 0.0909843 0.0932026 0.0709806 -0.1939981 -0.2020230 0.0712987 0.0659441 0.0696697 0.0801197 0.0750639 0.0783119 0.0914928 -0.0339550 0.0681589 -0.1981739 0.0675264 -0.0608378 0.0100206 -0.1646095 0.0935274 -0.1737125 -0.1855694 -0.1768365 0.0782923 -0.1339412 -0.0685244 0.0721441 0.0749610 -0.1530905 -0.1774425 0.0733748 0.0838877 -0.0665158
