1:	0.0000 1.0000 0.0000 0.0000 	1
2:	0.5145 0.1351 0.2072 0.1432 	2
3:	0.7631 0.0545 0.0642 0.1182 	6
4:	0.9560 0.0000 0.0202 0.0238 	4
5:	0.4675 0.1141 0.1865 0.2319 	15
6:	0.2632 0.5007 0.1833 0.0528 	8
7:	0.4588 0.1424 0.2615 0.1373 	20
8:	0.4341 0.2067 0.2902 0.0690 	21
9:	0.3751 0.1141 0.4325 0.0783 	14
10:	0.2628 0.1016 0.4545 0.1811 	1
11:	0.1439 0.3934 0.0205 0.4422 	3
12:	0.0000 0.4720 0.0000 0.5280 	5
13:	0.0000 0.6700 0.0000 0.3300 	2
14:	0.0350 0.5640 0.3098 0.0912 	5
15:	0.1445 0.6339 0.1419 0.0797 	7
