1.0000	0.7158	0.6581	0.5188	0.5714	0.4619	0.5980	0.5679	0.5729	0.5270	0.5650	0.5670	0.5279	0.5426	0.4766	0.5671	0.5082	0.4997	0.6107	0.4563	0.5045	0.5412	0.6228	0.4996	0.5129	0.5356	0.5064	0.5149	0.5476	0.5780	0.3615	0.5115	0.5088	0.5614	0.5061	0.4890	0.5130	0.5492	0.4014	0.5143	0.5183	0.5569	0.5005	0.5022	0.5531	0.5308	0.5392	0.5177	0.5320	0.4851
0.7158	1.0000	0.6188	0.5721	0.5691	0.4902	0.6621	0.5349	0.5855	0.5043	0.5078	0.5594	0.5555	0.5068	0.4701	0.5968	0.5494	0.5196	0.5941	0.4845	0.5148	0.5919	0.5702	0.5345	0.4980	0.5623	0.5245	0.5230	0.5773	0.5832	0.3477	0.5375	0.4933	0.6045	0.4885	0.4877	0.5485	0.5815	0.4033	0.5099	0.4902	0.5478	0.5323	0.5232	0.5941	0.5502	0.5465	0.5192	0.5370	0.5068
0.6581	0.6188	1.0000	0.5305	0.5503	0.4525	0.5825	0.4958	0.6591	0.5574	0.6279	0.5999	0.5661	0.5089	0.4589	0.5592	0.5238	0.5896	0.6560	0.4685	0.4941	0.5230	0.6129	0.5597	0.5569	0.6101	0.6013	0.6189	0.5818	0.6299	0.3776	0.5466	0.4984	0.6854	0.5698	0.5090	0.5902	0.6079	0.4452	0.5353	0.5447	0.5935	0.5791	0.5222	0.5831	0.6278	0.5687	0.4870	0.5796	0.4765
0.5188	0.5721	0.5305	1.0000	0.5549	0.4889	0.5169	0.4666	0.5101	0.4259	0.5245	0.5344	0.5295	0.4647	0.4773	0.5097	0.5853	0.4668	0.5092	0.4624	0.4682	0.6886	0.4740	0.5077	0.4201	0.5077	0.5021	0.4788	0.5526	0.5611	0.3834	0.5272	0.4579	0.5627	0.6288	0.3995	0.5529	0.5909	0.5172	0.4578	0.4213	0.4416	0.5011	0.5359	0.5128	0.4742	0.4817	0.4601	0.4676	0.4185
0.5714	0.5691	0.5503	0.5549	1.0000	0.5081	0.5408	0.5167	0.5186	0.5142	0.5472	0.5666	0.5068	0.5859	0.5607	0.5380	0.4758	0.4798	0.6073	0.4959	0.5105	0.5481	0.5494	0.5034	0.4342	0.5393	0.5018	0.4983	0.5972	0.4759	0.4123	0.6067	0.4782	0.5782	0.6144	0.4945	0.4848	0.5615	0.4270	0.4875	0.4778	0.5265	0.4590	0.5015	0.4842	0.5338	0.6085	0.5803	0.5050	0.4614
0.4619	0.4902	0.4525	0.4889	0.5081	1.0000	0.4905	0.5931	0.4724	0.3817	0.3965	0.4406	0.4227	0.5834	0.6004	0.4795	0.4596	0.4273	0.4560	0.5525	0.5897	0.4957	0.4091	0.4617	0.4832	0.4851	0.4346	0.4139	0.5562	0.3982	0.4244	0.4663	0.5570	0.4641	0.4541	0.5547	0.4531	0.4809	0.5388	0.6108	0.5212	0.4284	0.4562	0.4219	0.4623	0.4585	0.4572	0.6425	0.4296	0.5434
0.5980	0.6621	0.5825	0.5169	0.5408	0.4905	1.0000	0.5016	0.5268	0.5181	0.5387	0.5959	0.4943	0.4925	0.4423	0.5747	0.5232	0.5491	0.5697	0.5016	0.4412	0.5990	0.5675	0.5663	0.4269	0.5784	0.4831	0.4814	0.5037	0.5527	0.3517	0.5649	0.4569	0.5336	0.4960	0.5089	0.5148	0.6207	0.4147	0.4822	0.5015	0.5560	0.5107	0.4955	0.5370	0.5334	0.5152	0.5056	0.5650	0.4841
0.5679	0.5349	0.4958	0.4666	0.5167	0.5931	0.5016	1.0000	0.4745	0.4003	0.4460	0.4744	0.4301	0.6592	0.6481	0.4580	0.4554	0.4135	0.5231	0.5966	0.5664	0.4792	0.4985	0.4309	0.5464	0.4740	0.4314	0.3962	0.4653	0.4764	0.4321	0.4409	0.6301	0.4748	0.4670	0.5977	0.4661	0.5016	0.5178	0.6353	0.6152	0.4371	0.4445	0.4266	0.4609	0.4457	0.4966	0.6237	0.4373	0.5514
0.5729	0.5855	0.6591	0.5101	0.5186	0.4724	0.5268	0.4745	1.0000	0.5189	0.5245	0.5509	0.5667	0.4685	0.4725	0.5327	0.5750	0.5438	0.5987	0.4500	0.4595	0.5285	0.5351	0.5787	0.4810	0.5816	0.6078	0.5737	0.5793	0.5258	0.3524	0.5373	0.4348	0.6525	0.5262	0.4934	0.5935	0.5751	0.4365	0.5152	0.5005	0.5787	0.5929	0.5314	0.6240	0.6216	0.5907	0.4694	0.5326	0.4881
0.5270	0.5043	0.5574	0.4259	0.5142	0.3817	0.5181	0.4003	0.5189	1.0000	0.6419	0.6193	0.6152	0.4946	0.4249	0.5036	0.5515	0.6680	0.5737	0.3897	0.3851	0.4713	0.6274	0.6390	0.4985	0.4843	0.5707	0.7131	0.4400	0.5229	0.3950	0.5415	0.3937	0.5061	0.4759	0.4881	0.5404	0.4601	0.3828	0.3997	0.5016	0.7823	0.5395	0.6581	0.5915	0.6514	0.5056	0.4707	0.5559	0.4156
0.5650	0.5078	0.6279	0.5245	0.5472	0.3965	0.5387	0.4460	0.5245	0.6419	1.0000	0.7424	0.5279	0.5489	0.4484	0.5343	0.4750	0.5276	0.5946	0.4376	0.4338	0.5284	0.7022	0.4969	0.5235	0.5156	0.4858	0.5648	0.4765	0.6042	0.3777	0.5883	0.4171	0.5789	0.5771	0.5213	0.4810	0.5184	0.4603	0.4290	0.5445	0.5902	0.4470	0.5468	0.4936	0.5142	0.5280	0.5106	0.5962	0.4694
0.5670	0.5594	0.5999	0.5344	0.5666	0.4406	0.5959	0.4744	0.5509	0.6193	0.7424	1.0000	0.5305	0.5483	0.4543	0.5496	0.4960	0.5251	0.5717	0.4431	0.4270	0.5519	0.6468	0.5246	0.4983	0.5304	0.4770	0.5494	0.4852	0.5469	0.3697	0.6260	0.4024	0.5964	0.5623	0.5396	0.4846	0.5175	0.4888	0.4202	0.5534	0.5905	0.4628	0.5694	0.5171	0.5216	0.5203	0.5274	0.6132	0.5057
0.5279	0.5555	0.5661	0.5295	0.5068	0.4227	0.4943	0.4301	0.5667	0.6152	0.5279	0.5305	1.0000	0.4431	0.4241	0.5553	0.6864	0.5558	0.5705	0.4464	0.4641	0.5570	0.5149	0.6167	0.5211	0.5101	0.7144	0.6673	0.5054	0.5378	0.3999	0.5284	0.3771	0.6169	0.4869	0.4533	0.6914	0.5050	0.4490	0.4684	0.4623	0.6370	0.6310	0.7126	0.6854	0.6561	0.5281	0.4519	0.4947	0.4333
0.5426	0.5068	0.5089	0.4647	0.5859	0.5834	0.4925	0.6592	0.4685	0.4946	0.5489	0.5483	0.4431	1.0000	0.6331	0.4628	0.4163	0.4402	0.5248	0.5792	0.5948	0.4801	0.5472	0.4504	0.5848	0.4370	0.4332	0.4612	0.4762	0.4511	0.4567	0.5070	0.5632	0.5182	0.4831	0.6875	0.4212	0.4668	0.5078	0.5848	0.6891	0.4794	0.3967	0.4584	0.4445	0.4698	0.4867	0.7914	0.5022	0.5835
0.4766	0.4701	0.4589	0.4773	0.5607	0.6004	0.4423	0.6481	0.4725	0.4249	0.4484	0.4543	0.4241	0.6331	1.0000	0.4289	0.4455	0.4120	0.5340	0.5756	0.5661	0.4772	0.4614	0.4514	0.5062	0.5039	0.4507	0.4381	0.4941	0.4174	0.5254	0.5124	0.5719	0.4760	0.5253	0.5479	0.4441	0.4783	0.5352	0.5814	0.5577	0.4235	0.4248	0.4219	0.4553	0.4663	0.5088	0.5917	0.4337	0.5149
0.5671	0.5968	0.5592	0.5097	0.5380	0.4795	0.5747	0.4580	0.5327	0.5036	0.5343	0.5496	0.5553	0.4628	0.4289	1.0000	0.5178	0.5034	0.5709	0.4733	0.4720	0.5386	0.5740	0.5366	0.4783	0.5314	0.5125	0.4952	0.5267	0.5371	0.3552	0.5176	0.4622	0.5925	0.4893	0.4919	0.5246	0.5584	0.4295	0.4648	0.4841	0.5625	0.5363	0.5188	0.5158	0.5413	0.5244	0.4930	0.5261	0.4762
0.5082	0.5494	0.5238	0.5853	0.4758	0.4596	0.5232	0.4554	0.5750	0.5515	0.4750	0.4960	0.6864	0.4163	0.4455	0.5178	1.0000	0.5757	0.5097	0.4746	0.4229	0.6189	0.4705	0.6884	0.4297	0.4991	0.6808	0.5977	0.4941	0.5599	0.3349	0.4822	0.3817	0.5589	0.5064	0.4261	0.7819	0.5696	0.4629	0.4725	0.4498	0.6016	0.6950	0.6742	0.7624	0.6352	0.5222	0.4121	0.4514	0.3871
0.4997	0.5196	0.5896	0.4668	0.4798	0.4273	0.5491	0.4135	0.5438	0.6680	0.5276	0.5251	0.5558	0.4402	0.4120	0.5034	0.5757	1.0000	0.5496	0.3973	0.3904	0.4818	0.5458	0.7597	0.4439	0.5553	0.6384	0.7078	0.5040	0.5543	0.3776	0.4896	0.4617	0.5437	0.5221	0.4483	0.6240	0.5511	0.3701	0.4093	0.4524	0.6979	0.6706	0.6097	0.6207	0.7154	0.4779	0.4344	0.5332	0.3923
0.6107	0.5941	0.6560	0.5092	0.6073	0.4560	0.5697	0.5231	0.5987	0.5737	0.5946	0.5717	0.5705	0.5248	0.5340	0.5709	0.5097	0.5496	1.0000	0.4601	0.5088	0.5693	0.6823	0.5570	0.5217	0.5961	0.5910	0.6220	0.5830	0.5317	0.4142	0.5715	0.4997	0.6446	0.5749	0.5232	0.5416	0.5767	0.4594	0.5416	0.5280	0.5671	0.5418	0.5341	0.5561	0.6406	0.5763	0.5348	0.5603	0.4780
0.4563	0.4845	0.4685	0.4624	0.4959	0.5525	0.5016	0.5966	0.4500	0.3897	0.4376	0.4431	0.4464	0.5792	0.5756	0.4733	0.4746	0.3973	0.4601	1.0000	0.6036	0.4930	0.4355	0.4324	0.5076	0.4372	0.4553	0.3838	0.4210	0.4777	0.4638	0.4404	0.5414	0.4805	0.4446	0.5623	0.4725	0.5787	0.5198	0.6122	0.5519	0.4214	0.4460	0.4027	0.4409	0.4339	0.5114	0.5568	0.3969	0.5016
0.5045	0.5148	0.4941	0.4682	0.5105	0.5897	0.4412	0.5664	0.4595	0.3851	0.4338	0.4270	0.4641	0.5948	0.5661	0.4720	0.4229	0.3904	0.5088	0.6036	1.0000	0.4672	0.4381	0.4060	0.5773	0.4546	0.4636	0.4510	0.4915	0.4195	0.4993	0.4605	0.5438	0.5305	0.4468	0.5501	0.4416	0.5031	0.5215	0.6371	0.5414	0.4145	0.4249	0.4126	0.4487	0.4614	0.4794	0.6173	0.4056	0.5693
0.5412	0.5919	0.5230	0.6886	0.5481	0.4957	0.5990	0.4792	0.5285	0.4713	0.5284	0.5519	0.5570	0.4801	0.4772	0.5386	0.6189	0.4818	0.5693	0.4930	0.4672	1.0000	0.5282	0.5378	0.4263	0.5445	0.5299	0.4955	0.5363	0.5571	0.3746	0.5899	0.4288	0.5974	0.5881	0.4545	0.5649	0.5887	0.4901	0.4840	0.4532	0.4784	0.5165	0.5584	0.5683	0.5090	0.5195	0.4981	0.4969	0.4420
0.6228	0.5702	0.6129	0.4740	0.5494	0.4091	0.5675	0.4985	0.5351	0.6274	0.7022	0.6468	0.5149	0.5472	0.4614	0.5740	0.4705	0.5458	0.6823	0.4355	0.4381	0.5282	1.0000	0.5042	0.5359	0.5253	0.4901	0.5648	0.5051	0.5463	0.3739	0.5748	0.4785	0.5721	0.5283	0.5621	0.4816	0.5199	0.4291	0.4772	0.5414	0.6136	0.4811	0.5342	0.4942	0.5523	0.5732	0.5302	0.6283	0.4746
0.4996	0.5345	0.5597	0.5077	0.5034	0.4617	0.5663	0.4309	0.5787	0.6390	0.4969	0.5246	0.6167	0.4504	0.4514	0.5366	0.6884	0.7597	0.5570	0.4324	0.4060	0.5378	0.5042	1.0000	0.4219	0.5416	0.6831	0.6756	0.5088	0.5231	0.3749	0.4972	0.4178	0.5685	0.5380	0.4698	0.6881	0.5772	0.4017	0.4352	0.4763	0.6808	0.7247	0.6423	0.7122	0.7515	0.5056	0.4406	0.5131	0.4072
0.5129	0.4980	0.5569	0.4201	0.4342	0.4832	0.4269	0.5464	0.4810	0.4985	0.5235	0.4983	0.5211	0.5848	0.5062	0.4783	0.4297	0.4439	0.5217	0.5076	0.5773	0.4263	0.5359	0.4219	1.0000	0.4418	0.4741	0.5290	0.4296	0.5063	0.4683	0.4296	0.5487	0.5233	0.4153	0.5850	0.4585	0.4170	0.5466	0.5899	0.6191	0.5068	0.4324	0.5005	0.4504	0.4691	0.4500	0.5722	0.4363	0.5515
0.5356	0.5623	0.6101	0.5077	0.5393	0.4851	0.5784	0.4740	0.5816	0.4843	0.5156	0.5304	0.5101	0.4370	0.5039	0.5314	0.4991	0.5553	0.5961	0.4372	0.4546	0.5445	0.5253	0.5416	0.4418	1.0000	0.5926	0.5417	0.6072	0.5512	0.3948	0.5989	0.4837	0.5946	0.5913	0.4335	0.5728	0.5652	0.4456	0.5010	0.4510	0.5187	0.5770	0.4758	0.5524	0.5722	0.5601	0.4606	0.5505	0.5008
0.5064	0.5245	0.6013	0.5021	0.5018	0.4346	0.4831	0.4314	0.6078	0.5707	0.4858	0.4770	0.7144	0.4332	0.4507	0.5125	0.6808	0.6384	0.5910	0.4553	0.4636	0.5299	0.4901	0.6831	0.4741	0.5926	1.0000	0.7019	0.5566	0.5400	0.3844	0.4794	0.4080	0.6626	0.5288	0.4429	0.7672	0.5542	0.4086	0.4987	0.4453	0.6104	0.7583	0.6336	0.7313	0.7439	0.5462	0.4310	0.4657	0.4090
0.5149	0.5230	0.6189	0.4788	0.4983	0.4139	0.4814	0.3962	0.5737	0.7131	0.5648	0.5494	0.6673	0.4612	0.4381	0.4952	0.5977	0.7078	0.6220	0.3838	0.4510	0.4955	0.5648	0.6756	0.5290	0.5417	0.7019	1.0000	0.5263	0.5252	0.3990	0.5124	0.4095	0.6101	0.5078	0.4576	0.6370	0.4933	0.4039	0.4429	0.4668	0.6751	0.6310	0.6709	0.6707	0.7498	0.5080	0.4528	0.5235	0.4050
0.5476	0.5773	0.5818	0.5526	0.5972	0.5562	0.5037	0.4653	0.5793	0.4400	0.4765	0.4852	0.5054	0.4762	0.4941	0.5267	0.4941	0.5040	0.5830	0.4210	0.4915	0.5363	0.5051	0.5088	0.4296	0.6072	0.5566	0.5263	1.0000	0.4890	0.3446	0.5021	0.4870	0.6198	0.5250	0.4220	0.5276	0.5216	0.4303	0.5271	0.4131	0.4761	0.5297	0.4727	0.5279	0.5422	0.5926	0.5198	0.5351	0.4428
0.5780	0.5832	0.6299	0.5611	0.4759	0.3982	0.5527	0.4764	0.5258	0.5229	0.6042	0.5469	0.5378	0.4511	0.4174	0.5371	0.5599	0.5543	0.5317	0.4777	0.4195	0.5571	0.5463	0.5231	0.5063	0.5512	0.5400	0.5252	0.4890	1.0000	0.3351	0.4654	0.4586	0.5736	0.5114	0.4213	0.5859	0.5761	0.4261	0.4661	0.4929	0.5334	0.5381	0.5311	0.5631	0.5058	0.4907	0.4255	0.5146	0.4165
0.3615	0.3477	0.3776	0.3834	0.4123	0.4244	0.3517	0.4321	0.3524	0.3950	0.3777	0.3697	0.3999	0.4567	0.5254	0.3552	0.3349	0.3776	0.4142	0.4638	0.4993	0.3746	0.3739	0.3749	0.4683	0.3948	0.3844	0.3990	0.3446	0.3351	1.0000	0.4040	0.4938	0.3651	0.4126	0.4214	0.3508	0.4028	0.4497	0.4639	0.4180	0.3910	0.3543	0.3605	0.3337	0.3883	0.3787	0.4408	0.3325	0.4496
0.5115	0.5375	0.5466	0.5272	0.6067	0.4663	0.5649	0.4409	0.5373	0.5415	0.5883	0.6260	0.5284	0.5070	0.5124	0.5176	0.4822	0.4896	0.5715	0.4404	0.4605	0.5899	0.5748	0.4972	0.4296	0.5989	0.4794	0.5124	0.5021	0.4654	0.4040	1.0000	0.3937	0.5695	0.6093	0.5188	0.4802	0.5304	0.4659	0.4238	0.4952	0.5460	0.4526	0.5273	0.4926	0.5349	0.5623	0.5153	0.6198	0.4916
0.5088	0.4933	0.4984	0.4579	0.4782	0.5570	0.4569	0.6301	0.4348	0.3937	0.4171	0.4024	0.3771	0.5632	0.5719	0.4622	0.3817	0.4617	0.4997	0.5414	0.5438	0.4288	0.4785	0.4178	0.5487	0.4837	0.4080	0.4095	0.4870	0.4586	0.4938	0.3937	1.0000	0.4402	0.4714	0.4918	0.3968	0.4939	0.4914	0.6206	0.4892	0.4236	0.4388	0.3450	0.3808	0.4172	0.4559	0.5514	0.3995	0.5099
0.5614	0.6045	0.6854	0.5627	0.5782	0.4641	0.5336	0.4748	0.6525	0.5061	0.5789	0.5964	0.6169	0.5182	0.4760	0.5925	0.5589	0.5437	0.6446	0.4805	0.5305	0.5974	0.5721	0.5685	0.5233	0.5946	0.6626	0.6101	0.6198	0.5736	0.3651	0.5695	0.4402	1.0000	0.5936	0.5241	0.6095	0.5856	0.4505	0.5119	0.5072	0.5346	0.5950	0.5588	0.6128	0.6279	0.5813	0.5194	0.5444	0.4829
0.5061	0.4885	0.5698	0.6288	0.6144	0.4541	0.4960	0.4670	0.5262	0.4759	0.5771	0.5623	0.4869	0.4831	0.5253	0.4893	0.5064	0.5221	0.5749	0.4446	0.4468	0.5881	0.5283	0.5380	0.4153	0.5913	0.5288	0.5078	0.5250	0.5114	0.4126	0.6093	0.4714	0.5936	1.0000	0.4606	0.5117	0.6068	0.4961	0.4497	0.4514	0.4914	0.5204	0.4924	0.4961	0.5311	0.5353	0.4575	0.4908	0.4495
0.4890	0.4877	0.5090	0.3995	0.4945	0.5547	0.5089	0.5977	0.4934	0.4881	0.5213	0.5396	0.4533	0.6875	0.5479	0.4919	0.4261	0.4483	0.5232	0.5623	0.5501	0.4545	0.5621	0.4698	0.5850	0.4335	0.4429	0.4576	0.4220	0.4213	0.4214	0.5188	0.4918	0.5241	0.4606	1.0000	0.4381	0.4828	0.4985	0.5688	0.6992	0.5183	0.4422	0.4668	0.4618	0.5120	0.4992	0.6848	0.5161	0.5907
0.5130	0.5485	0.5902	0.5529	0.4848	0.4531	0.5148	0.4661	0.5935	0.5404	0.4810	0.4846	0.6914	0.4212	0.4441	0.5246	0.7819	0.6240	0.5416	0.4725	0.4416	0.5649	0.4816	0.6881	0.4585	0.5728	0.7672	0.6370	0.5276	0.5859	0.3508	0.4802	0.3968	0.6095	0.5117	0.4381	1.0000	0.5942	0.4277	0.4830	0.4648	0.6159	0.7445	0.6809	0.7566	0.7061	0.5378	0.4205	0.4631	0.3974
0.5492	0.5815	0.6079	0.5909	0.5615	0.4809	0.6207	0.5016	0.5751	0.4601	0.5184	0.5175	0.5050	0.4668	0.4783	0.5584	0.5696	0.5511	0.5767	0.5787	0.5031	0.5887	0.5199	0.5772	0.4170	0.5652	0.5542	0.4933	0.5216	0.5761	0.4028	0.5304	0.4939	0.5856	0.6068	0.4828	0.5942	1.0000	0.4505	0.5102	0.4689	0.5233	0.5992	0.4864	0.5437	0.5805	0.5715	0.4578	0.4900	0.4396
0.4014	0.4033	0.4452	0.5172	0.4270	0.5388	0.4147	0.5178	0.4365	0.3828	0.4603	0.4888	0.4490	0.5078	0.5352	0.4295	0.4629	0.3701	0.4594	0.5198	0.5215	0.4901	0.4291	0.4017	0.5466	0.4456	0.4086	0.4039	0.4303	0.4261	0.4497	0.4659	0.4914	0.4505	0.4961	0.4985	0.4277	0.4505	1.0000	0.5625	0.5580	0.3956	0.4022	0.4480	0.3945	0.3879	0.4105	0.5297	0.4428	0.5458
0.5143	0.5099	0.5353	0.4578	0.4875	0.6108	0.4822	0.6353	0.5152	0.3997	0.4290	0.4202	0.4684	0.5848	0.5814	0.4648	0.4725	0.4093	0.5416	0.6122	0.6371	0.4840	0.4772	0.4352	0.5899	0.5010	0.4987	0.4429	0.5271	0.4661	0.4639	0.4238	0.6206	0.5119	0.4497	0.5688	0.4830	0.5102	0.5625	1.0000	0.5766	0.4374	0.4869	0.3946	0.4836	0.4738	0.5262	0.6098	0.4437	0.6052
0.5183	0.4902	0.5447	0.4213	0.4778	0.5212	0.5015	0.6152	0.5005	0.5016	0.5445	0.5534	0.4623	0.6891	0.5577	0.4841	0.4498	0.4524	0.5280	0.5519	0.5414	0.4532	0.5414	0.4763	0.6191	0.4510	0.4453	0.4668	0.4131	0.4929	0.4180	0.4952	0.4892	0.5072	0.4514	0.6992	0.4648	0.4689	0.5580	0.5766	1.0000	0.5111	0.4270	0.4877	0.4751	0.4846	0.4699	0.6540	0.5365	0.6093
0.5569	0.5478	0.5935	0.4416	0.5265	0.4284	0.5560	0.4371	0.5787	0.7823	0.5902	0.5905	0.6370	0.4794	0.4235	0.5625	0.6016	0.6979	0.5671	0.4214	0.4145	0.4784	0.6136	0.6808	0.5068	0.5187	0.6104	0.6751	0.4761	0.5334	0.3910	0.5460	0.4236	0.5346	0.4914	0.5183	0.6159	0.5233	0.3956	0.4374	0.5111	1.0000	0.6182	0.6824	0.6330	0.7195	0.5396	0.4821	0.5323	0.4555
0.5005	0.5323	0.5791	0.5011	0.4590	0.4562	0.5107	0.4445	0.5929	0.5395	0.4470	0.4628	0.6310	0.3967	0.4248	0.5363	0.6950	0.6706	0.5418	0.4460	0.4249	0.5165	0.4811	0.7247	0.4324	0.5770	0.7583	0.6310	0.5297	0.5381	0.3543	0.4526	0.4388	0.5950	0.5204	0.4422	0.7445	0.5992	0.4022	0.4869	0.4270	0.6182	1.0000	0.5911	0.7171	0.7300	0.5360	0.4031	0.4674	0.3978
0.5022	0.5232	0.5222	0.5359	0.5015	0.4219	0.4955	0.4266	0.5314	0.6581	0.5468	0.5694	0.7126	0.4584	0.4219	0.5188	0.6742	0.6097	0.5341	0.4027	0.4126	0.5584	0.5342	0.6423	0.5005	0.4758	0.6336	0.6709	0.4727	0.5311	0.3605	0.5273	0.3450	0.5588	0.4924	0.4668	0.6809	0.4864	0.4480	0.3946	0.4877	0.6824	0.5911	1.0000	0.6369	0.6549	0.4919	0.4629	0.5026	0.3980
0.5531	0.5941	0.5831	0.5128	0.4842	0.4623	0.5370	0.4609	0.6240	0.5915	0.4936	0.5171	0.6854	0.4445	0.4553	0.5158	0.7624	0.6207	0.5561	0.4409	0.4487	0.5683	0.4942	0.7122	0.4504	0.5524	0.7313	0.6707	0.5279	0.5631	0.3337	0.4926	0.3808	0.6128	0.4961	0.4618	0.7566	0.5437	0.3945	0.4836	0.4751	0.6330	0.7171	0.6369	1.0000	0.7231	0.5316	0.4406	0.4894	0.4306
0.5308	0.5502	0.6278	0.4742	0.5338	0.4585	0.5334	0.4457	0.6216	0.6514	0.5142	0.5216	0.6561	0.4698	0.4663	0.5413	0.6352	0.7154	0.6406	0.4339	0.4614	0.5090	0.5523	0.7515	0.4691	0.5722	0.7439	0.7498	0.5422	0.5058	0.3883	0.5349	0.4172	0.6279	0.5311	0.5120	0.7061	0.5805	0.3879	0.4738	0.4846	0.7195	0.7300	0.6549	0.7231	1.0000	0.5501	0.4761	0.5175	0.4355
0.5392	0.5465	0.5687	0.4817	0.6085	0.4572	0.5152	0.4966	0.5907	0.5056	0.5280	0.5203	0.5281	0.4867	0.5088	0.5244	0.5222	0.4779	0.5763	0.5114	0.4794	0.5195	0.5732	0.5056	0.4500	0.5601	0.5462	0.5080	0.5926	0.4907	0.3787	0.5623	0.4559	0.5813	0.5353	0.4992	0.5378	0.5715	0.4105	0.5262	0.4699	0.5396	0.5360	0.4919	0.5316	0.5501	1.0000	0.4713	0.5611	0.4583
0.5177	0.5192	0.4870	0.4601	0.5803	0.6425	0.5056	0.6237	0.4694	0.4707	0.5106	0.5274	0.4519	0.7914	0.5917	0.4930	0.4121	0.4344	0.5348	0.5568	0.6173	0.4981	0.5302	0.4406	0.5722	0.4606	0.4310	0.4528	0.5198	0.4255	0.4408	0.5153	0.5514	0.5194	0.4575	0.6848	0.4205	0.4578	0.5297	0.6098	0.6540	0.4821	0.4031	0.4629	0.4406	0.4761	0.4713	1.0000	0.5057	0.6311
0.5320	0.5370	0.5796	0.4676	0.5050	0.4296	0.5650	0.4373	0.5326	0.5559	0.5962	0.6132	0.4947	0.5022	0.4337	0.5261	0.4514	0.5332	0.5603	0.3969	0.4056	0.4969	0.6283	0.5131	0.4363	0.5505	0.4657	0.5235	0.5351	0.5146	0.3325	0.6198	0.3995	0.5444	0.4908	0.5161	0.4631	0.4900	0.4428	0.4437	0.5365	0.5323	0.4674	0.5026	0.4894	0.5175	0.5611	0.5057	1.0000	0.4783
0.4851	0.5068	0.4765	0.4185	0.4614	0.5434	0.4841	0.5514	0.4881	0.4156	0.4694	0.5057	0.4333	0.5835	0.5149	0.4762	0.3871	0.3923	0.4780	0.5016	0.5693	0.4420	0.4746	0.4072	0.5515	0.5008	0.4090	0.4050	0.4428	0.4165	0.4496	0.4916	0.5099	0.4829	0.4495	0.5907	0.3974	0.4396	0.5458	0.6052	0.6093	0.4555	0.3978	0.3980	0.4306	0.4355	0.4583	0.6311	0.4783	1.0000
