1:	0.1324 0.0003 0.1057 0.0008 0.0091 0.0151 0.3404 0.2075 0.0000 0.0493 0.0246 0.0108 0.0556 0.0242 0.0244 	23
2:	0.2052 0.0067 0.0045 0.0190 0.0065 0.0006 0.2767 0.2126 0.0385 0.0938 0.0719 0.0082 0.0049 0.0143 0.0368 	13
3:	0.2394 0.0000 0.0000 0.0000 0.0349 0.0000 0.0014 0.3641 0.0000 0.0080 0.3050 0.0085 0.0117 0.0160 0.0110 	5
4:	0.2502 0.1306 0.0026 0.0541 0.0023 0.0209 0.0026 0.1841 0.0733 0.0025 0.0584 0.0346 0.0042 0.1242 0.0554 	15
5:	0.2234 0.0795 0.0073 0.2527 0.0103 0.0099 0.0035 0.2209 0.0840 0.0044 0.0646 0.0081 0.0084 0.0048 0.0182 	18
6:	0.0389 0.1517 0.0057 0.2021 0.0018 0.1668 0.0761 0.0350 0.2017 0.0009 0.0732 0.0017 0.0019 0.0048 0.0378 	24
7:	0.2140 0.0006 0.2244 0.1223 0.0058 0.0197 0.0014 0.1700 0.0000 0.0043 0.1220 0.0140 0.0133 0.0219 0.0662 	9
8:	0.0981 0.0000 0.0909 0.0007 0.1888 0.0038 0.0006 0.2377 0.0000 0.0001 0.0056 0.1837 0.0972 0.0017 0.0911 	11
9:	0.0000 0.6667 0.0000 0.0000 0.0000 0.0000 0.0000 0.0000 0.3333 0.0000 0.0000 0.0000 0.0000 0.0000 0.0000 	1
10:	0.3964 0.0020 0.0214 0.0010 0.0183 0.0137 0.0046 0.3629 0.0017 0.0089 0.1079 0.0191 0.0067 0.0183 0.0171 	17
11:	0.0000 0.1931 0.0891 0.5457 0.0000 0.0000 0.0000 0.0000 0.1721 0.0000 0.0000 0.0000 0.0000 0.0000 0.0000 	1
12:	0.1607 0.0000 0.0500 0.0227 0.0033 0.2535 0.1961 0.1549 0.0003 0.0063 0.0374 0.0071 0.0351 0.0278 0.0447 	8
13:	0.0000 0.7006 0.0000 0.1690 0.0000 0.0000 0.0000 0.0000 0.0985 0.0000 0.0000 0.0000 0.0000 0.0000 0.0319 	5
14:	0.0925 0.1991 0.0000 0.1083 0.0097 0.0000 0.0016 0.3385 0.1459 0.0066 0.0176 0.0124 0.0001 0.0209 0.0468 	2
15:	0.0000 0.2889 0.0000 0.0384 0.0000 0.5000 0.0000 0.0000 0.1484 0.0000 0.0000 0.0000 0.0000 0.0000 0.0243 	2
16:	0.4894 0.0000 0.0176 0.0000 0.0116 0.0177 0.0130 0.2972 0.0000 0.0000 0.0675 0.0334 0.0353 0.0017 0.0155 	2
17:	0.0000 0.0000 0.0340 0.0000 0.0000 0.4679 0.4980 0.0000 0.0000 0.0000 0.0000 0.0000 0.0000 0.0000 0.0000 	2
18:	0.4642 0.0000 0.0048 0.0000 0.0061 0.0000 0.0000 0.3728 0.0000 0.0164 0.0698 0.0115 0.0214 0.0234 0.0095 	3
19:	0.0727 0.0000 0.0736 0.0229 0.0280 0.0743 0.0000 0.1147 0.0159 0.0000 0.5051 0.0442 0.0000 0.0267 0.0217 	3
