
Using the parameter settings in the file: 
''1763185553/clumpp.paramfile''

Parameter settings
----------------------- Main parameters -------------------------
DATATYPE = 0
INDFILE = 1763185553/ClumppIndFile
POPFILE = 
OUTFILE = 1763185553/ClumppIndFile.output
MISCFILE = 1763185553/ClumppIndFile.misc
K = 5
C = 80
R = 38
M = 3
W = 0
S = 2
- Additional options for the Greedy and LargeKGreedy algorithms -
GREEDY_OPTION = 2
REPEATS = 2000
PERMUTATIONFILE = 
----------------------- Optional outputs ------------------------
PRINT_PERMUTED_DATA = 0
PERMUTED_DATAFILE = 
PRINT_EVERY_PERM = 0
EVERY_PERMFILE = 
PRINT_RANDOM_INPUTORDER = 0
RANDOM_INPUTORDERFILE = 
----------------------- Advanced options ------------------------
OVERRIDE_WARNINGS = 0
ORDER_BY_RUN = 1


In total, 2000 configurations of runs and clusters will be tested.

Results
------------------------------
The highest value of H' is: 0.65076589401684

The list of permutations of the clusters that produces that
H' value is (runs are listed sequentially on separate rows)

1 2 3 4 5 
2 4 5 1 3 
2 1 3 5 4 
2 3 1 5 4 
4 3 2 5 1 
3 5 4 1 2 
4 2 3 5 1 
1 2 4 3 5 
2 4 1 5 3 
2 5 4 1 3 
2 3 4 5 1 
5 1 2 4 3 
3 4 2 5 1 
2 5 1 3 4 
3 4 2 5 1 
3 5 2 4 1 
3 1 2 5 4 
1 3 4 5 2 
1 3 5 4 2 
1 3 5 4 2 
4 3 5 2 1 
3 5 2 4 1 
4 3 5 2 1 
2 3 5 1 4 
5 3 4 1 2 
1 5 2 4 3 
4 3 5 2 1 
5 2 1 3 4 
1 5 4 3 2 
3 2 1 4 5 
5 4 2 3 1 
5 1 4 3 2 
1 5 4 2 3 
4 2 5 3 1 
5 4 1 2 3 
4 2 1 5 3 
2 3 5 4 1 
2 3 5 1 4 

The pairwise G' values for each pair of runs where the clusters
of each run are permuted according to the list of permutations above

1.0000 0.6923 0.6647 0.6608 0.6461 0.5993 0.5681 0.5887 0.5706 0.8097 0.6140 0.6014 0.7182 0.7164 0.5976 0.6236 0.5632 0.6724 0.7474 0.5780 0.6176 0.5820 0.6669 0.6720 0.7063 0.6450 0.5992 0.7430 0.6081 0.5632 0.6728 0.5480 0.5924 0.7020 0.6065 0.5611 0.7632 0.5678 
0.6923 1.0000 0.6676 0.6299 0.7405 0.6660 0.5976 0.5894 0.7009 0.6774 0.6889 0.7135 0.6326 0.6882 0.6861 0.7247 0.6748 0.6575 0.7039 0.5594 0.6204 0.5689 0.6405 0.7428 0.6486 0.6761 0.6349 0.6559 0.7156 0.6304 0.5780 0.6726 0.7081 0.7251 0.6950 0.5585 0.6327 0.6458 
0.6647 0.6676 1.0000 0.6557 0.6097 0.7028 0.6456 0.6539 0.6674 0.6793 0.6763 0.7052 0.6191 0.6383 0.5892 0.7113 0.7106 0.5808 0.6275 0.5002 0.7162 0.6078 0.6285 0.6636 0.5922 0.7594 0.7213 0.6548 0.6714 0.6425 0.6354 0.6614 0.7136 0.6130 0.7187 0.5558 0.6633 0.6906 
0.6608 0.6299 0.6557 1.0000 0.5746 0.7620 0.6163 0.6822 0.5788 0.6435 0.7142 0.6993 0.6348 0.6117 0.5851 0.6852 0.6945 0.5676 0.7039 0.5398 0.6616 0.5684 0.6162 0.6035 0.6317 0.7567 0.5652 0.8316 0.6530 0.5964 0.6224 0.6483 0.6718 0.7133 0.6146 0.6314 0.5914 0.7096 
0.6461 0.7405 0.6097 0.5746 1.0000 0.6063 0.5999 0.6588 0.7538 0.6687 0.6809 0.6508 0.6784 0.6490 0.7267 0.6698 0.6474 0.6981 0.7220 0.5521 0.6726 0.6673 0.6924 0.7487 0.6303 0.5899 0.6835 0.5939 0.7048 0.7159 0.6350 0.6497 0.6874 0.7143 0.6367 0.4976 0.6523 0.5896 
0.5993 0.6660 0.7028 0.7620 0.6063 1.0000 0.7517 0.7216 0.6586 0.6053 0.7884 0.8041 0.6131 0.6008 0.6414 0.7276 0.8322 0.6107 0.6827 0.5070 0.7441 0.6147 0.6745 0.6213 0.5725 0.8172 0.6248 0.7274 0.7134 0.6298 0.6384 0.7227 0.7599 0.6847 0.7258 0.6062 0.6118 0.8832 
0.5681 0.5976 0.6456 0.6163 0.5999 0.7517 1.0000 0.6954 0.6310 0.5762 0.6691 0.7296 0.6156 0.5985 0.6745 0.6375 0.6990 0.6660 0.6350 0.5132 0.7477 0.6882 0.7597 0.5942 0.5790 0.6560 0.5994 0.6193 0.6497 0.6297 0.6841 0.6560 0.6831 0.6615 0.7411 0.5310 0.6493 0.7616 
0.5887 0.5894 0.6539 0.6822 0.6588 0.7216 0.6954 1.0000 0.6843 0.6114 0.7387 0.6626 0.6846 0.5899 0.6008 0.6543 0.7338 0.5745 0.6655 0.5008 0.7548 0.6887 0.6514 0.6698 0.5917 0.6764 0.6697 0.6733 0.6511 0.7492 0.6981 0.6964 0.6802 0.6288 0.6097 0.5218 0.6039 0.6936 
0.5706 0.7009 0.6674 0.5788 0.7538 0.6586 0.6310 0.6843 1.0000 0.5582 0.7178 0.6630 0.5713 0.5603 0.6073 0.7085 0.7105 0.5905 0.6094 0.4710 0.7343 0.6377 0.6216 0.7093 0.5785 0.6413 0.7704 0.5679 0.6699 0.7674 0.5645 0.6609 0.7922 0.6107 0.6968 0.4989 0.5911 0.6334 
0.8097 0.6774 0.6793 0.6435 0.6687 0.6053 0.5762 0.6114 0.5582 1.0000 0.6422 0.6223 0.7708 0.7600 0.6568 0.6384 0.5983 0.6649 0.7935 0.5853 0.6146 0.6153 0.6902 0.7126 0.6817 0.6379 0.6099 0.7037 0.6464 0.5816 0.7331 0.5989 0.5649 0.7090 0.5984 0.5432 0.7505 0.5931 
0.6140 0.6889 0.6763 0.7142 0.6809 0.7884 0.6691 0.7387 0.7178 0.6422 1.0000 0.7429 0.6305 0.5960 0.6385 0.7297 0.7927 0.5966 0.7097 0.4974 0.7505 0.6625 0.6543 0.6963 0.5908 0.7659 0.6962 0.6783 0.6813 0.6786 0.6604 0.7404 0.7498 0.6660 0.6777 0.5815 0.6153 0.7519 
0.6014 0.7135 0.7052 0.6993 0.6508 0.8041 0.7296 0.6626 0.6630 0.6223 0.7429 1.0000 0.6209 0.6392 0.7333 0.7336 0.7869 0.6672 0.6812 0.5582 0.7148 0.6220 0.7212 0.6262 0.6116 0.7761 0.6360 0.6699 0.7479 0.6305 0.6472 0.7355 0.7657 0.7219 0.7615 0.5916 0.6453 0.8181 
0.7182 0.6326 0.6191 0.6348 0.6784 0.6131 0.6156 0.6846 0.5713 0.7708 0.6305 0.6209 1.0000 0.7574 0.6807 0.6097 0.6075 0.7080 0.7717 0.6092 0.6194 0.6503 0.7198 0.7133 0.7036 0.5999 0.5811 0.6884 0.6597 0.6418 0.7476 0.6008 0.5556 0.7305 0.5650 0.5100 0.7175 0.5976 
0.7164 0.6882 0.6383 0.6117 0.6490 0.6008 0.5985 0.5899 0.5603 0.7600 0.5960 0.6392 0.7574 1.0000 0.7195 0.6164 0.5991 0.6901 0.7213 0.6254 0.5636 0.5889 0.6846 0.6708 0.6848 0.5963 0.5714 0.6820 0.6550 0.6095 0.6918 0.6344 0.5567 0.7431 0.5904 0.5141 0.7060 0.6002 
0.5976 0.6861 0.5892 0.5851 0.7267 0.6414 0.6745 0.6008 0.6073 0.6568 0.6385 0.7333 0.6807 0.7195 1.0000 0.6453 0.6504 0.7349 0.7119 0.6223 0.6135 0.6674 0.7751 0.6433 0.6413 0.6002 0.5737 0.6054 0.7269 0.6284 0.6848 0.6856 0.6244 0.8060 0.6490 0.5007 0.6565 0.6512 
0.6236 0.7247 0.7113 0.6852 0.6698 0.7276 0.6375 0.6543 0.7085 0.6384 0.7297 0.7336 0.6097 0.6164 0.6453 1.0000 0.7578 0.5882 0.6602 0.5139 0.6542 0.5483 0.6449 0.7018 0.6036 0.7063 0.6304 0.6818 0.8332 0.6813 0.5761 0.6816 0.7361 0.6729 0.7424 0.5233 0.6038 0.7154 
0.5632 0.6748 0.7106 0.6945 0.6474 0.8322 0.6990 0.7338 0.7105 0.5983 0.7927 0.7869 0.6075 0.5991 0.6504 0.7578 1.0000 0.5901 0.6471 0.4976 0.7258 0.6125 0.6430 0.6545 0.5628 0.7661 0.6588 0.6632 0.7620 0.7044 0.6144 0.7702 0.7688 0.6544 0.7042 0.5556 0.5728 0.8208 
0.6724 0.6575 0.5808 0.5676 0.6981 0.6107 0.6660 0.5745 0.5905 0.6649 0.5966 0.6672 0.7080 0.6901 0.7349 0.5882 0.5901 1.0000 0.7292 0.5916 0.6435 0.6243 0.8048 0.6382 0.6626 0.5665 0.5796 0.6085 0.6516 0.5865 0.6663 0.5521 0.6146 0.7454 0.6472 0.5124 0.7371 0.6048 
0.7474 0.7039 0.6275 0.7039 0.7220 0.6827 0.6350 0.6655 0.6094 0.7935 0.7097 0.6812 0.7717 0.7213 0.7119 0.6602 0.6471 0.7292 1.0000 0.5976 0.6750 0.6528 0.7424 0.7426 0.6854 0.6482 0.6190 0.7485 0.6767 0.6162 0.7255 0.6214 0.6288 0.7917 0.6246 0.5723 0.7235 0.6497 
0.5780 0.5594 0.5002 0.5398 0.5521 0.5070 0.5132 0.5008 0.4710 0.5853 0.4974 0.5582 0.6092 0.6254 0.6223 0.5139 0.4976 0.5916 0.5976 1.0000 0.4901 0.5232 0.6130 0.5380 0.6433 0.5105 0.4737 0.5683 0.5517 0.5286 0.5886 0.5163 0.4936 0.6616 0.4901 0.5259 0.5676 0.4955 
0.6176 0.6204 0.7162 0.6616 0.6726 0.7441 0.7477 0.7548 0.7343 0.6146 0.7505 0.7148 0.6194 0.5636 0.6135 0.6542 0.7258 0.6435 0.6750 0.4901 1.0000 0.7361 0.7077 0.6533 0.5936 0.7154 0.7598 0.6368 0.6273 0.6860 0.6871 0.6498 0.7856 0.6351 0.7261 0.5661 0.6696 0.7169 
0.5820 0.5689 0.6078 0.5684 0.6673 0.6147 0.6882 0.6887 0.6377 0.6153 0.6625 0.6220 0.6503 0.5889 0.6674 0.5483 0.6125 0.6243 0.6528 0.5232 0.7361 1.0000 0.7107 0.6228 0.6039 0.6051 0.6627 0.5574 0.5581 0.6492 0.7524 0.6324 0.6170 0.6539 0.5894 0.4956 0.6522 0.6028 
0.6669 0.6405 0.6285 0.6162 0.6924 0.6745 0.7597 0.6514 0.6216 0.6902 0.6543 0.7212 0.7198 0.6846 0.7751 0.6449 0.6430 0.8048 0.7424 0.6130 0.7077 0.7107 1.0000 0.6436 0.7044 0.6288 0.6244 0.6451 0.6802 0.6375 0.7669 0.6092 0.6460 0.7687 0.6921 0.5345 0.7818 0.6798 
0.6720 0.7428 0.6636 0.6035 0.7487 0.6213 0.5942 0.6698 0.7093 0.7126 0.6963 0.6262 0.7133 0.6708 0.6433 0.7018 0.6545 0.6382 0.7426 0.5380 0.6533 0.6228 0.6436 1.0000 0.6662 0.6042 0.6948 0.6302 0.6875 0.7271 0.6372 0.6294 0.6481 0.6701 0.6287 0.4966 0.6358 0.5932 
0.7063 0.6486 0.5922 0.6317 0.6303 0.5725 0.5790 0.5917 0.5785 0.6817 0.5908 0.6116 0.7036 0.6848 0.6413 0.6036 0.5628 0.6626 0.6854 0.6433 0.5936 0.6039 0.7044 0.6662 1.0000 0.5851 0.6010 0.6711 0.6017 0.6501 0.6856 0.5473 0.5905 0.7305 0.5654 0.5284 0.6789 0.5522 
0.6450 0.6761 0.7594 0.7567 0.5899 0.8172 0.6560 0.6764 0.6413 0.6379 0.7659 0.7761 0.5999 0.5963 0.6002 0.7063 0.7661 0.5665 0.6482 0.5105 0.7154 0.6051 0.6288 0.6042 0.5851 1.0000 0.6459 0.7101 0.6704 0.5996 0.6377 0.7091 0.7388 0.6548 0.6959 0.6192 0.6209 0.7792 
0.5992 0.6349 0.7213 0.5652 0.6835 0.6248 0.5994 0.6697 0.7704 0.6099 0.6962 0.6360 0.5811 0.5714 0.5737 0.6304 0.6588 0.5796 0.6190 0.4737 0.7598 0.6627 0.6244 0.6948 0.6010 0.6459 1.0000 0.5655 0.5858 0.7293 0.6386 0.6196 0.7378 0.5693 0.6472 0.5023 0.6475 0.5987 
0.7430 0.6559 0.6548 0.8316 0.5939 0.7274 0.6193 0.6733 0.5679 0.7037 0.6783 0.6699 0.6884 0.6820 0.6054 0.6818 0.6632 0.6085 0.7485 0.5683 0.6368 0.5574 0.6451 0.6302 0.6711 0.7101 0.5655 1.0000 0.6602 0.5933 0.6534 0.6259 0.6387 0.7288 0.6157 0.5990 0.6522 0.6844 
0.6081 0.7156 0.6714 0.6530 0.7048 0.7134 0.6497 0.6511 0.6699 0.6464 0.6813 0.7479 0.6597 0.6550 0.7269 0.8332 0.7620 0.6516 0.6767 0.5517 0.6273 0.5581 0.6802 0.6875 0.6017 0.6704 0.5858 0.6602 1.0000 0.6772 0.5958 0.7012 0.6954 0.7204 0.7108 0.5081 0.6010 0.7091 
0.5632 0.6304 0.6425 0.5964 0.7159 0.6298 0.6297 0.7492 0.7674 0.5816 0.6786 0.6305 0.6418 0.6095 0.6284 0.6813 0.7044 0.5865 0.6162 0.5286 0.6860 0.6492 0.6375 0.7271 0.6501 0.5996 0.7293 0.5933 0.6772 1.0000 0.6326 0.6672 0.7012 0.6298 0.6075 0.4712 0.5761 0.6095 
0.6728 0.5780 0.6354 0.6224 0.6350 0.6384 0.6841 0.6981 0.5645 0.7331 0.6604 0.6472 0.7476 0.6918 0.6848 0.5761 0.6144 0.6663 0.7255 0.5886 0.6871 0.7524 0.7669 0.6372 0.6856 0.6377 0.6386 0.6534 0.5958 0.6326 1.0000 0.6305 0.5819 0.6905 0.5789 0.5300 0.7378 0.6290 
0.5480 0.6726 0.6614 0.6483 0.6497 0.7227 0.6560 0.6964 0.6609 0.5989 0.7404 0.7355 0.6008 0.6344 0.6856 0.6816 0.7702 0.5521 0.6214 0.5163 0.6498 0.6324 0.6092 0.6294 0.5473 0.7091 0.6196 0.6259 0.7012 0.6672 0.6305 1.0000 0.6899 0.6580 0.6545 0.5348 0.5357 0.7188 
0.5924 0.7081 0.7136 0.6718 0.6874 0.7599 0.6831 0.6802 0.7922 0.5649 0.7498 0.7657 0.5556 0.5567 0.6244 0.7361 0.7688 0.6146 0.6288 0.4936 0.7856 0.6170 0.6460 0.6481 0.5905 0.7388 0.7378 0.6387 0.6954 0.7012 0.5819 0.6899 1.0000 0.6455 0.7636 0.5702 0.6005 0.7239 
0.7020 0.7251 0.6130 0.7133 0.7143 0.6847 0.6615 0.6288 0.6107 0.7090 0.6660 0.7219 0.7305 0.7431 0.8060 0.6729 0.6544 0.7454 0.7917 0.6616 0.6351 0.6539 0.7687 0.6701 0.7305 0.6548 0.5693 0.7288 0.7204 0.6298 0.6905 0.6580 0.6455 1.0000 0.6423 0.5782 0.6813 0.6618 
0.6065 0.6950 0.7187 0.6146 0.6367 0.7258 0.7411 0.6097 0.6968 0.5984 0.6777 0.7615 0.5650 0.5904 0.6490 0.7424 0.7042 0.6472 0.6246 0.4901 0.7261 0.5894 0.6921 0.6287 0.5654 0.6959 0.6472 0.6157 0.7108 0.6075 0.5789 0.6545 0.7636 0.6423 1.0000 0.5345 0.6496 0.7369 
0.5611 0.5585 0.5558 0.6314 0.4976 0.6062 0.5310 0.5218 0.4989 0.5432 0.5815 0.5916 0.5100 0.5141 0.5007 0.5233 0.5556 0.5124 0.5723 0.5259 0.5661 0.4956 0.5345 0.4966 0.5284 0.6192 0.5023 0.5990 0.5081 0.4712 0.5300 0.5348 0.5702 0.5782 0.5345 1.0000 0.5287 0.5777 
0.7632 0.6327 0.6633 0.5914 0.6523 0.6118 0.6493 0.6039 0.5911 0.7505 0.6153 0.6453 0.7175 0.7060 0.6565 0.6038 0.5728 0.7371 0.7235 0.5676 0.6696 0.6522 0.7818 0.6358 0.6789 0.6209 0.6475 0.6522 0.6010 0.5761 0.7378 0.5357 0.6005 0.6813 0.6496 0.5287 1.0000 0.6102 
0.5678 0.6458 0.6906 0.7096 0.5896 0.8832 0.7616 0.6936 0.6334 0.5931 0.7519 0.8181 0.5976 0.6002 0.6512 0.7154 0.8208 0.6048 0.6497 0.4955 0.7169 0.6028 0.6798 0.5932 0.5522 0.7792 0.5987 0.6844 0.7091 0.6095 0.6290 0.7188 0.7239 0.6618 0.7369 0.5777 0.6102 1.0000 
