1:	0.2222 0.1111 0.0172 0.0000 0.0183 0.0159 0.0516 0.0000 0.1111 0.1174 0.0190 0.1746 0.0408 0.0000 0.1007 0.0000 0.0000 	9
2:	0.0000 0.0000 0.0000 0.0000 0.0000 0.0000 0.0000 0.0000 0.0000 0.0000 0.0000 0.3333 0.0000 0.0000 0.3333 0.3333 0.0000 	3
3:	0.0000 0.0000 0.2500 0.2500 0.0000 0.0000 0.0000 0.0000 0.0000 0.0000 0.2500 0.0000 0.0000 0.0000 0.2500 0.0000 0.0000 	4
4:	0.0000 0.0000 0.2510 0.1548 0.5000 0.0000 0.0000 0.0940 0.0000 0.0000 0.0000 0.0000 0.0000 0.0000 0.0000 0.0000 0.0000 	2
5:	0.0597 0.0163 0.1214 0.0025 0.0991 0.0000 0.0352 0.0714 0.0117 0.0652 0.0861 0.0588 0.1651 0.0626 0.0860 0.0588 0.0000 	17
6:	0.0859 0.0000 0.0868 0.0022 0.0833 0.0986 0.1032 0.2161 0.0000 0.0000 0.1053 0.0000 0.0000 0.0833 0.0000 0.1352 0.0000 	12
7:	0.1062 0.0322 0.0000 0.0000 0.0003 0.0559 0.5051 0.0469 0.0671 0.0236 0.0786 0.0000 0.0751 0.0089 0.0000 0.0000 0.0000 	3
8:	0.0000 0.0000 0.0935 0.0000 0.0000 0.0000 0.4146 0.1663 0.0000 0.0000 0.0000 0.0000 0.0000 0.0000 0.0000 0.3256 0.0001 	2
9:	0.0000 0.0000 0.0000 0.0000 0.0000 1.0000 0.0000 0.0000 0.0000 0.0000 0.0000 0.0000 0.0000 0.0000 0.0000 0.0000 0.0000 	1
10:	0.2500 0.0000 0.2500 0.0000 0.2500 0.0000 0.0000 0.0000 0.0000 0.0000 0.0000 0.0000 0.0000 0.0000 0.2500 0.0000 0.0000 	4
11:	0.0139 0.1175 0.2213 0.0000 0.0000 0.0000 0.1069 0.0180 0.0387 0.0126 0.1835 0.0714 0.0000 0.0000 0.0000 0.0001 0.2162 	14
12:	0.0012 0.0126 0.0112 0.0000 0.0386 0.0326 0.1540 0.1337 0.3534 0.0044 0.0000 0.0000 0.2292 0.0000 0.0085 0.0185 0.0020 	9
13:	0.0714 0.3097 0.1025 0.0000 0.0000 0.0000 0.0714 0.0000 0.0714 0.0714 0.0000 0.0949 0.1429 0.0000 0.0644 0.0000 0.0000 	14
14:	0.0000 0.3237 0.0000 0.0000 0.0000 0.0000 0.5000 0.0000 0.0000 0.0000 0.0000 0.0000 0.0000 0.0000 0.1763 0.0000 0.0000 	2
15:	0.0158 0.0000 0.1111 0.3913 0.0267 0.1117 0.0199 0.1114 0.0000 0.0000 0.1434 0.0000 0.0537 0.0000 0.0000 0.0150 0.0000 	9
