1:	0.1368 0.0562 0.0153 0.0023 0.2093 0.1282 0.0612 0.0022 0.2313 0.1571 	9
2:	0.1065 0.0000 0.0000 0.0000 0.1202 0.0642 0.1615 0.0678 0.2532 0.2266 	3
3:	0.1364 0.0000 0.2548 0.2506 0.1614 0.0000 0.1039 0.0042 0.0886 0.0000 	4
4:	0.2274 0.0081 0.2849 0.1976 0.0000 0.1270 0.1475 0.0073 0.0000 0.0000 	2
5:	0.1258 0.1339 0.1216 0.0025 0.0934 0.1135 0.1680 0.0647 0.0661 0.1106 	17
6:	0.1693 0.0088 0.0866 0.0025 0.0084 0.3733 0.2411 0.0841 0.0085 0.0174 	12
7:	0.2576 0.1097 0.0000 0.0011 0.0337 0.2334 0.2969 0.0064 0.0336 0.0277 	3
8:	0.1965 0.0000 0.1194 0.0000 0.0000 0.1731 0.5089 0.0021 0.0000 0.0000 	2
9:	0.4000 0.0000 0.0000 0.0000 0.0000 0.2000 0.4000 0.0000 0.0000 0.0000 	1
10:	0.2864 0.0000 0.2500 0.0000 0.1395 0.1500 0.0636 0.0034 0.0934 0.0138 	4
11:	0.1630 0.0876 0.2535 0.0000 0.0740 0.0732 0.2717 0.0013 0.0482 0.0274 	14
12:	0.1491 0.2392 0.0285 0.0000 0.0505 0.0507 0.1515 0.0030 0.2363 0.0911 	9
13:	0.0193 0.2703 0.1030 0.0005 0.2810 0.0158 0.1027 0.0003 0.1056 0.1015 	14
14:	0.2263 0.0732 0.0000 0.0001 0.2281 0.0000 0.2727 0.0010 0.1790 0.0197 	2
15:	0.1247 0.0214 0.1111 0.3934 0.0018 0.1214 0.1934 0.0002 0.0207 0.0119 	9
