1:	0.1967 0.6346 0.0168 0.0043 0.1475 	9
2:	0.2762 0.6589 0.0000 0.0064 0.0586 	3
3:	0.1251 0.2429 0.2552 0.2521 0.1247 	4
4:	0.1697 0.0037 0.2941 0.2199 0.3126 	2
5:	0.2183 0.4289 0.1240 0.0334 0.1954 	17
6:	0.3621 0.0919 0.0875 0.0406 0.4179 	12
7:	0.3391 0.2008 0.0003 0.0015 0.4583 	3
8:	0.6387 0.0000 0.1214 0.0000 0.2399 	2
9:	0.5798 0.0000 0.0000 0.0119 0.4083 	1
10:	0.1867 0.2500 0.2500 0.0013 0.3120 	4
11:	0.3161 0.2334 0.2589 0.0011 0.1905 	14
12:	0.2057 0.6059 0.0366 0.0001 0.1517 	9
13:	0.0645 0.7400 0.1087 0.0064 0.0803 	14
14:	0.2346 0.4893 0.0000 0.0099 0.2662 	2
15:	0.1712 0.0567 0.1111 0.3972 0.2638 	9
