1:	0.0000 1.0000 0.0000 0.0000 0.0000 0.0000 0.0000 0.0000 0.0000 	1
2:	0.0980 0.0000 0.0192 0.0000 0.0000 0.4693 0.0000 0.0115 0.4019 	2
3:	0.3725 0.0000 0.0377 0.1402 0.0186 0.0424 0.0013 0.0051 0.3821 	6
4:	0.2980 0.0000 0.0000 0.0000 0.0000 0.0056 0.1332 0.0004 0.5626 	4
5:	0.2100 0.0000 0.1333 0.2550 0.0000 0.0673 0.2012 0.0110 0.1221 	15
6:	0.0258 0.4348 0.1250 0.0000 0.1246 0.0058 0.0252 0.0645 0.1943 	8
7:	0.1801 0.0997 0.1472 0.0500 0.1450 0.0941 0.1515 0.0106 0.1218 	20
8:	0.3108 0.1898 0.2256 0.0476 0.0929 0.0000 0.0375 0.0155 0.0803 	21
9:	0.1913 0.0714 0.3362 0.0021 0.1405 0.0330 0.0233 0.0644 0.1377 	14
10:	0.0000 0.0000 0.3231 0.0000 0.0000 0.5517 0.0000 0.0000 0.1252 	1
11:	0.0000 0.0518 0.0000 0.3505 0.0000 0.3779 0.0002 0.1700 0.0497 	3
12:	0.0000 0.2000 0.0000 0.8000 0.0000 0.0000 0.0000 0.0000 0.0000 	5
13:	0.0000 0.5000 0.0000 0.5000 0.0000 0.0000 0.0000 0.0000 0.0000 	2
14:	0.0000 0.4633 0.1590 0.0023 0.2161 0.0532 0.0000 0.1061 0.0000 	5
15:	0.0266 0.4735 0.0997 0.0349 0.0000 0.1497 0.0000 0.0994 0.1163 	7
