1:	0.0000 0.4905 0.0077 0.4340 0.0000 0.0000 0.0454 0.0225 	6
2:	0.0024 0.4203 0.0059 0.4586 0.0028 0.0033 0.0513 0.0554 	7
3:	0.2625 0.0000 0.0307 0.0000 0.1670 0.3639 0.0843 0.0916 	12
4:	0.2597 0.2244 0.0000 0.0017 0.2362 0.1759 0.0247 0.0774 	14
5:	0.1960 0.2954 0.0000 0.0002 0.1440 0.2629 0.0082 0.0932 	13
6:	0.1159 0.2321 0.2801 0.0069 0.1118 0.1487 0.0434 0.0611 	11
7:	0.0000 0.9471 0.0056 0.0145 0.0000 0.0000 0.0150 0.0178 	4
8:	0.1222 0.0016 0.2085 0.0000 0.2569 0.1164 0.0663 0.2281 	6
9:	0.0032 0.7873 0.0985 0.0198 0.0061 0.0049 0.0440 0.0361 	2
10:	0.0000 0.9399 0.0000 0.0046 0.0000 0.0000 0.0000 0.0556 	1
11:	0.0000 0.9433 0.0000 0.0012 0.0000 0.0000 0.0000 0.0556 	1
12:	0.0000 0.9196 0.0000 0.0000 0.0000 0.0000 0.0000 0.0804 	1
13:	0.0835 0.0000 0.1270 0.0000 0.3856 0.0559 0.3076 0.0403 	2
