1:	0.0000 0.9938 0.0000 0.0000 0.0000 0.0000 0.0000 0.0000 0.0000 0.0000 0.0000 0.0000 0.0000 0.0000 0.0062 0.0000 0.0000 	1
2:	0.0000 0.0000 0.0000 0.0000 0.0000 0.4167 0.0000 0.0000 0.0000 0.0000 0.0000 0.0000 0.5000 0.0000 0.0000 0.0833 0.0000 	2
3:	0.0208 0.0000 0.0000 0.1313 0.0000 0.0226 0.0000 0.0000 0.4605 0.0093 0.0010 0.0054 0.0693 0.2433 0.0000 0.0086 0.0278 	6
4:	0.3247 0.0000 0.0000 0.0000 0.0000 0.0000 0.0846 0.0000 0.0000 0.0000 0.0000 0.1273 0.1372 0.2190 0.0000 0.0193 0.0879 	4
5:	0.0189 0.0000 0.1011 0.2491 0.0000 0.0667 0.2000 0.0000 0.0061 0.0146 0.0111 0.1626 0.1361 0.0063 0.0141 0.0000 0.0134 	15
6:	0.0417 0.3750 0.0455 0.0000 0.0948 0.0000 0.0000 0.1250 0.0625 0.0000 0.0586 0.0000 0.0625 0.0625 0.0000 0.0510 0.0208 	8
7:	0.0514 0.0966 0.0815 0.0500 0.1390 0.0917 0.1293 0.0023 0.0000 0.0026 0.0602 0.1250 0.0851 0.0266 0.0095 0.0286 0.0207 	20
8:	0.0652 0.1874 0.1171 0.0476 0.0794 0.0000 0.0388 0.0025 0.0338 0.0079 0.1183 0.1825 0.0236 0.0750 0.0005 0.0079 0.0122 	21
9:	0.0369 0.0701 0.1461 0.0000 0.1309 0.0000 0.0184 0.0000 0.0068 0.0238 0.1608 0.0622 0.1208 0.1002 0.0490 0.0171 0.0569 	14
10:	0.0169 0.0000 0.2962 0.0000 0.0000 0.4186 0.0000 0.0000 0.0000 0.0000 0.0000 0.0000 0.0000 0.0000 0.0860 0.1667 0.0155 	1
11:	0.0000 0.0000 0.0000 0.2719 0.0000 0.1667 0.0000 0.0000 0.0000 0.3243 0.0000 0.0000 0.0000 0.0000 0.1816 0.0556 0.0000 	3
12:	0.0000 0.2000 0.0000 0.8000 0.0000 0.0000 0.0000 0.0000 0.0000 0.0000 0.0000 0.0000 0.0000 0.0000 0.0000 0.0000 0.0000 	5
13:	0.0000 0.5000 0.0000 0.5000 0.0000 0.0000 0.0000 0.0000 0.0000 0.0000 0.0000 0.0000 0.0000 0.0000 0.0000 0.0000 0.0000 	2
14:	0.0000 0.3466 0.1130 0.0000 0.2000 0.0319 0.0000 0.1677 0.0000 0.0010 0.0286 0.0000 0.0000 0.0000 0.0333 0.0779 0.0000 	5
15:	0.0238 0.3515 0.0398 0.0100 0.0000 0.1237 0.0000 0.1823 0.0000 0.0000 0.0156 0.0086 0.0628 0.0238 0.0381 0.1202 0.0000 	7
