1.0000 0.4669 0.4193 0.4475 0.4238 0.4063 0.4048 0.4438 0.4209 0.4421 0.4735 0.4456 0.4337 0.4174 0.3979 0.4262 0.4176 0.4259 0.4668 0.4389 0.4584 0.4412 0.4424 0.3923 0.4439 0.4461 0.4422 0.4036 0.3627 0.4224 0.4115 0.4038 0.3878 0.4136 0.4075 0.3736 0.4494 0.4390 0.4173 0.4373 0.4130 0.4888 0.4914 0.4981 0.4280 0.4590 0.4568 0.4538 0.4593 0.4691
0.4669 1.0000 0.4895 0.4086 0.4782 0.4754 0.4613 0.4640 0.5156 0.4505 0.5466 0.5067 0.5028 0.5138 0.4669 0.4726 0.4459 0.4890 0.4917 0.5001 0.5194 0.3819 0.4631 0.4530 0.4676 0.4376 0.4776 0.4234 0.4247 0.4932 0.4844 0.4543 0.4864 0.4233 0.4342 0.4306 0.4015 0.4754 0.4633 0.4350 0.4539 0.4290 0.4834 0.5027 0.4421 0.4359 0.4307 0.5136 0.5050 0.4418
0.4193 0.4895 1.0000 0.4488 0.5632 0.4819 0.4228 0.4436 0.5090 0.4955 0.5137 0.4581 0.5355 0.4721 0.4772 0.4687 0.4886 0.4802 0.4276 0.4499 0.4533 0.3762 0.4251 0.4956 0.4773 0.4182 0.4877 0.4980 0.4269 0.4689 0.4947 0.5037 0.4697 0.4329 0.4562 0.4403 0.4013 0.5089 0.4572 0.4600 0.4842 0.4427 0.4573 0.4797 0.4491 0.5154 0.4607 0.4755 0.4239 0.4079
0.4475 0.4086 0.4488 1.0000 0.4575 0.4244 0.4001 0.4269 0.4065 0.4118 0.4220 0.3748 0.4064 0.4452 0.4254 0.4368 0.3970 0.4221 0.3881 0.4342 0.4394 0.4229 0.3622 0.4405 0.3829 0.3777 0.4735 0.4295 0.3723 0.4138 0.4136 0.4291 0.4195 0.4269 0.4045 0.3675 0.4200 0.4310 0.4069 0.4447 0.4012 0.4546 0.4732 0.4307 0.4245 0.4925 0.4570 0.4292 0.4379 0.4301
0.4238 0.4782 0.5632 0.4575 1.0000 0.4208 0.4166 0.4351 0.4707 0.4631 0.5074 0.4245 0.5481 0.4962 0.4861 0.4344 0.4639 0.4353 0.4069 0.5385 0.4517 0.3582 0.3891 0.5007 0.4678 0.4074 0.5302 0.5202 0.4148 0.4667 0.4827 0.5148 0.4313 0.4562 0.4679 0.4179 0.3973 0.4667 0.4554 0.4391 0.4609 0.4085 0.4431 0.4891 0.4238 0.4307 0.4574 0.4958 0.4295 0.4272
0.4063 0.4754 0.4819 0.4244 0.4208 1.0000 0.4230 0.4538 0.4971 0.4724 0.5057 0.5026 0.4704 0.4547 0.4503 0.4529 0.4863 0.5048 0.3985 0.4497 0.4503 0.4098 0.4634 0.4743 0.4724 0.4253 0.4304 0.4137 0.4375 0.4311 0.5026 0.4153 0.4991 0.4210 0.4254 0.4303 0.4166 0.5060 0.4534 0.4383 0.4603 0.4504 0.4389 0.4707 0.4620 0.4577 0.4207 0.4922 0.4572 0.4177
0.4048 0.4613 0.4228 0.4001 0.4166 0.4230 1.0000 0.4040 0.4196 0.4354 0.4554 0.4479 0.4696 0.4545 0.4013 0.5069 0.4309 0.4332 0.4310 0.3853 0.4551 0.3671 0.3941 0.4221 0.4191 0.3765 0.4362 0.3905 0.4269 0.4091 0.4146 0.4010 0.4165 0.4050 0.3941 0.3722 0.3930 0.4238 0.4558 0.4546 0.4357 0.4502 0.4192 0.4059 0.3936 0.4062 0.4184 0.4339 0.4363 0.4061
0.4438 0.4640 0.4436 0.4269 0.4351 0.4538 0.4040 1.0000 0.4513 0.4463 0.4601 0.4787 0.4292 0.4450 0.4787 0.4482 0.4894 0.4413 0.4351 0.4500 0.4909 0.4274 0.4497 0.4307 0.4860 0.5147 0.4474 0.4763 0.4105 0.5162 0.4805 0.4629 0.4256 0.4384 0.4888 0.3888 0.4429 0.4636 0.4653 0.4440 0.4395 0.4171 0.4611 0.4927 0.4842 0.4127 0.4366 0.4873 0.5042 0.4124
0.4209 0.5156 0.5090 0.4065 0.4707 0.4971 0.4196 0.4513 1.0000 0.4753 0.5043 0.4903 0.4895 0.4901 0.4712 0.4366 0.4847 0.4914 0.4882 0.4719 0.4703 0.3828 0.4822 0.4920 0.4932 0.4439 0.4554 0.4497 0.4056 0.4787 0.5084 0.4565 0.4750 0.4403 0.4574 0.4112 0.4003 0.4840 0.4556 0.4158 0.4739 0.4982 0.4613 0.4862 0.4641 0.4506 0.3967 0.4832 0.4754 0.4486
0.4421 0.4505 0.4955 0.4118 0.4631 0.4724 0.4354 0.4463 0.4753 1.0000 0.5001 0.4698 0.4651 0.4304 0.4177 0.4006 0.4743 0.4626 0.4208 0.4423 0.4388 0.4022 0.4946 0.4684 0.4566 0.4052 0.4691 0.4618 0.3961 0.4388 0.4345 0.4401 0.4459 0.4599 0.4501 0.4029 0.3897 0.4402 0.4849 0.4573 0.4420 0.4430 0.4339 0.4631 0.4562 0.4367 0.4767 0.4626 0.4274 0.4213
0.4735 0.5466 0.5137 0.4220 0.5074 0.5057 0.4554 0.4601 0.5043 0.5001 1.0000 0.4678 0.5451 0.4810 0.4902 0.5237 0.4837 0.5103 0.4387 0.5026 0.4996 0.4162 0.4311 0.4955 0.5137 0.4546 0.5253 0.4783 0.4604 0.4690 0.5128 0.5043 0.5091 0.4684 0.4573 0.4144 0.4382 0.4757 0.4749 0.4741 0.5066 0.4995 0.5277 0.5233 0.4872 0.4475 0.4388 0.5062 0.4664 0.4652
0.4456 0.5067 0.4581 0.3748 0.4245 0.5026 0.4479 0.4787 0.4903 0.4698 0.4678 1.0000 0.4654 0.4478 0.4162 0.4557 0.4779 0.4591 0.4656 0.4792 0.4853 0.3787 0.5418 0.4273 0.4930 0.4602 0.4245 0.4349 0.4307 0.4440 0.4573 0.4096 0.4503 0.3888 0.4106 0.4048 0.3795 0.4543 0.4700 0.4400 0.4627 0.4510 0.4152 0.4931 0.4400 0.4407 0.4125 0.5258 0.4770 0.4301
0.4337 0.5028 0.5355 0.4064 0.5481 0.4704 0.4696 0.4292 0.4895 0.4651 0.5451 0.4654 1.0000 0.4765 0.4662 0.4925 0.4871 0.4571 0.4729 0.4718 0.4423 0.3774 0.4335 0.5309 0.5100 0.4282 0.4694 0.4600 0.4624 0.4556 0.5363 0.4668 0.5026 0.4378 0.4757 0.4736 0.4105 0.4796 0.4805 0.4713 0.5063 0.4624 0.4562 0.4699 0.4534 0.4388 0.4735 0.4927 0.4596 0.4842
0.4174 0.5138 0.4721 0.4452 0.4962 0.4547 0.4545 0.4450 0.4901 0.4304 0.4810 0.4478 0.4765 1.0000 0.4731 0.4812 0.4666 0.4436 0.4382 0.4751 0.4646 0.3709 0.4222 0.4751 0.4774 0.4298 0.4421 0.4662 0.4100 0.4488 0.4880 0.4404 0.4159 0.4494 0.4384 0.4125 0.3741 0.4545 0.4193 0.4410 0.4812 0.4248 0.4481 0.4788 0.4520 0.4096 0.4321 0.4990 0.4605 0.4280
0.3979 0.4669 0.4772 0.4254 0.4861 0.4503 0.4013 0.4787 0.4712 0.4177 0.4902 0.4162 0.4662 0.4731 1.0000 0.4430 0.4601 0.4615 0.4160 0.4592 0.4712 0.3922 0.4025 0.4698 0.4845 0.4632 0.4674 0.4726 0.4212 0.5365 0.4544 0.4656 0.4298 0.4597 0.4561 0.4055 0.4148 0.4536 0.4355 0.4336 0.4606 0.4210 0.4634 0.4575 0.4438 0.4433 0.4480 0.4916 0.4619 0.4029
0.4262 0.4726 0.4687 0.4368 0.4344 0.4529 0.5069 0.4482 0.4366 0.4006 0.5237 0.4557 0.4925 0.4812 0.4430 1.0000 0.4455 0.4729 0.4741 0.4115 0.4977 0.3900 0.4057 0.4491 0.4467 0.4273 0.4405 0.4051 0.4518 0.4471 0.4856 0.4369 0.4693 0.4137 0.4344 0.4083 0.4017 0.4593 0.4581 0.4796 0.4746 0.4897 0.4622 0.4657 0.4117 0.4562 0.4620 0.5019 0.4556 0.4426
0.4176 0.4459 0.4886 0.3970 0.4639 0.4863 0.4309 0.4894 0.4847 0.4743 0.4837 0.4779 0.4871 0.4666 0.4601 0.4455 1.0000 0.4546 0.4342 0.4182 0.4594 0.4111 0.4637 0.4690 0.4507 0.4448 0.4187 0.4992 0.4358 0.4539 0.5047 0.4288 0.4632 0.4064 0.4688 0.4584 0.4383 0.5000 0.4292 0.4868 0.4890 0.4376 0.4484 0.4915 0.4916 0.4174 0.4492 0.4812 0.4672 0.4551
0.4259 0.4890 0.4802 0.4221 0.4353 0.5048 0.4332 0.4413 0.4914 0.4626 0.5103 0.4591 0.4571 0.4436 0.4615 0.4729 0.4546 1.0000 0.4676 0.4507 0.4709 0.4239 0.4658 0.4942 0.4782 0.4468 0.4500 0.4227 0.4479 0.4582 0.4893 0.4480 0.4920 0.4044 0.4395 0.4303 0.4323 0.4676 0.4342 0.4533 0.5267 0.4786 0.4810 0.4623 0.4235 0.4600 0.4305 0.4791 0.4370 0.4371
0.4668 0.4917 0.4276 0.3881 0.4069 0.3985 0.4310 0.4351 0.4882 0.4208 0.4387 0.4656 0.4729 0.4382 0.4160 0.4741 0.4342 0.4676 1.0000 0.4561 0.4792 0.3662 0.4581 0.4557 0.4994 0.4205 0.4284 0.4078 0.3880 0.4468 0.4730 0.4032 0.4249 0.3903 0.4308 0.3994 0.3775 0.4436 0.4244 0.4154 0.4433 0.4499 0.4322 0.4797 0.4090 0.4336 0.4181 0.4904 0.5122 0.4511
0.4389 0.5001 0.4499 0.4342 0.5385 0.4497 0.3853 0.4500 0.4719 0.4423 0.5026 0.4792 0.4718 0.4751 0.4592 0.4115 0.4182 0.4507 0.4561 1.0000 0.4595 0.3462 0.4509 0.4931 0.4793 0.4071 0.5024 0.4908 0.4075 0.4362 0.4941 0.4919 0.4270 0.4439 0.4630 0.3920 0.3936 0.4351 0.4495 0.4219 0.4378 0.4244 0.4958 0.4987 0.4365 0.4371 0.4129 0.5347 0.4380 0.4098
0.4584 0.5194 0.4533 0.4394 0.4517 0.4503 0.4551 0.4909 0.4703 0.4388 0.4996 0.4853 0.4423 0.4646 0.4712 0.4977 0.4594 0.4709 0.4792 0.4595 1.0000 0.4163 0.4734 0.4274 0.4669 0.4651 0.4948 0.4316 0.4243 0.4749 0.4761 0.4499 0.4277 0.4240 0.4447 0.4065 0.3987 0.4920 0.4847 0.4559 0.4173 0.4629 0.4375 0.5067 0.4452 0.4791 0.4561 0.5572 0.5019 0.4464
0.4412 0.3819 0.3762 0.4229 0.3582 0.4098 0.3671 0.4274 0.3828 0.4022 0.4162 0.3787 0.3774 0.3709 0.3922 0.3900 0.4111 0.4239 0.3662 0.3462 0.4163 1.0000 0.3974 0.3418 0.3939 0.4087 0.3898 0.3664 0.3619 0.4043 0.4019 0.3734 0.4010 0.3802 0.3759 0.3317 0.4169 0.4075 0.3869 0.3623 0.3909 0.4148 0.4333 0.3916 0.3920 0.4119 0.4471 0.4108 0.4115 0.4456
0.4424 0.4631 0.4251 0.3622 0.3891 0.4634 0.3941 0.4497 0.4822 0.4946 0.4311 0.5418 0.4335 0.4222 0.4025 0.4057 0.4637 0.4658 0.4581 0.4509 0.4734 0.3974 1.0000 0.4256 0.4447 0.4786 0.4065 0.3959 0.4019 0.4325 0.4796 0.3785 0.4742 0.3866 0.3946 0.4128 0.3779 0.4558 0.4326 0.4171 0.4467 0.4172 0.3903 0.5207 0.4575 0.4386 0.4144 0.5001 0.4823 0.4266
0.3923 0.4530 0.4956 0.4405 0.5007 0.4743 0.4221 0.4307 0.4920 0.4684 0.4955 0.4273 0.5309 0.4751 0.4698 0.4491 0.4690 0.4942 0.4557 0.4931 0.4274 0.3418 0.4256 1.0000 0.4474 0.3999 0.4491 0.4796 0.4318 0.4632 0.4911 0.4607 0.4749 0.4457 0.4566 0.3987 0.3941 0.4678 0.4277 0.4870 0.4851 0.4490 0.4718 0.4587 0.4475 0.4454 0.4136 0.5126 0.4150 0.4091
0.4439 0.4676 0.4773 0.3829 0.4678 0.4724 0.4191 0.4860 0.4932 0.4566 0.5137 0.4930 0.5100 0.4774 0.4845 0.4467 0.4507 0.4782 0.4994 0.4793 0.4669 0.3939 0.4447 0.4474 1.0000 0.4281 0.4424 0.4718 0.4300 0.4645 0.5069 0.4541 0.4486 0.4022 0.4517 0.4232 0.4110 0.4412 0.4322 0.4028 0.5044 0.4419 0.4436 0.4683 0.4319 0.4155 0.4488 0.4951 0.4525 0.4517
0.4461 0.4376 0.4182 0.3777 0.4074 0.4253 0.3765 0.5147 0.4439 0.4052 0.4546 0.4602 0.4282 0.4298 0.4632 0.4273 0.4448 0.4468 0.4205 0.4071 0.4651 0.4087 0.4786 0.3999 0.4281 1.0000 0.4603 0.3943 0.4100 0.4628 0.4735 0.4131 0.4273 0.4652 0.4176 0.4122 0.3692 0.4647 0.4303 0.4559 0.4203 0.3975 0.3852 0.4810 0.4468 0.4078 0.4100 0.4847 0.5011 0.4239
0.4422 0.4776 0.4877 0.4735 0.5302 0.4304 0.4362 0.4474 0.4554 0.4691 0.5253 0.4245 0.4694 0.4421 0.4674 0.4405 0.4187 0.4500 0.4284 0.5024 0.4948 0.3898 0.4065 0.4491 0.4424 0.4603 1.0000 0.4425 0.4033 0.4539 0.4480 0.5337 0.4465 0.4721 0.4546 0.3985 0.3803 0.4364 0.4573 0.4584 0.4389 0.4341 0.4584 0.4559 0.4239 0.4427 0.4272 0.4892 0.4544 0.4206
0.4036 0.4234 0.4980 0.4295 0.5202 0.4137 0.3905 0.4763 0.4497 0.4618 0.4783 0.4349 0.4600 0.4662 0.4726 0.4051 0.4992 0.4227 0.4078 0.4908 0.4316 0.3664 0.3959 0.4796 0.4718 0.3943 0.4425 1.0000 0.3981 0.4622 0.4581 0.5429 0.4786 0.4220 0.4965 0.3836 0.4064 0.4715 0.4189 0.4059 0.4598 0.3912 0.4586 0.4562 0.4919 0.3986 0.4644 0.4813 0.4136 0.3968
0.3627 0.4247 0.4269 0.3723 0.4148 0.4375 0.4269 0.4105 0.4056 0.3961 0.4604 0.4307 0.4624 0.4100 0.4212 0.4518 0.4358 0.4479 0.3880 0.4075 0.4243 0.3619 0.4019 0.4318 0.4300 0.4100 0.4033 0.3981 1.0000 0.4187 0.4921 0.3957 0.4763 0.3998 0.3805 0.4210 0.3744 0.4426 0.4023 0.4107 0.4702 0.3813 0.3944 0.4237 0.4241 0.3722 0.4178 0.4597 0.4206 0.3834
0.4224 0.4932 0.4689 0.4138 0.4667 0.4311 0.4091 0.5162 0.4787 0.4388 0.4690 0.4440 0.4556 0.4488 0.5365 0.4471 0.4539 0.4582 0.4468 0.4362 0.4749 0.4043 0.4325 0.4632 0.4645 0.4628 0.4539 0.4622 0.4187 1.0000 0.4899 0.4908 0.4326 0.4647 0.4355 0.4051 0.3998 0.4811 0.4770 0.4265 0.4697 0.4343 0.4716 0.4592 0.4250 0.4148 0.4315 0.4811 0.5234 0.4433
0.4115 0.4844 0.4947 0.4136 0.4827 0.5026 0.4146 0.4805 0.5084 0.4345 0.5128 0.4573 0.5363 0.4880 0.4544 0.4856 0.5047 0.4893 0.4730 0.4941 0.4761 0.4019 0.4796 0.4911 0.5069 0.4735 0.4480 0.4581 0.4921 0.4899 1.0000 0.4793 0.4892 0.4402 0.4724 0.4420 0.3964 0.5384 0.4556 0.4480 0.5154 0.4557 0.4604 0.5199 0.4558 0.4231 0.4529 0.5196 0.5124 0.4758
0.4038 0.4543 0.5037 0.4291 0.5148 0.4153 0.4010 0.4629 0.4565 0.4401 0.5043 0.4096 0.4668 0.4404 0.4656 0.4369 0.4288 0.4480 0.4032 0.4919 0.4499 0.3734 0.3785 0.4607 0.4541 0.4131 0.5337 0.5429 0.3957 0.4908 0.4793 1.0000 0.4610 0.4711 0.4650 0.3726 0.3842 0.4875 0.4873 0.4408 0.4484 0.4276 0.5061 0.4270 0.4416 0.4125 0.4371 0.4720 0.4359 0.4315
0.3878 0.4864 0.4697 0.4195 0.4313 0.4991 0.4165 0.4256 0.4750 0.4459 0.5091 0.4503 0.5026 0.4159 0.4298 0.4693 0.4632 0.4920 0.4249 0.4270 0.4277 0.4010 0.4742 0.4749 0.4486 0.4273 0.4465 0.4786 0.4763 0.4326 0.4892 0.4610 1.0000 0.3986 0.4239 0.4296 0.4110 0.4725 0.4629 0.4325 0.5001 0.4326 0.4275 0.4590 0.4953 0.4367 0.4381 0.4507 0.4482 0.4382
0.4136 0.4233 0.4329 0.4269 0.4562 0.4210 0.4050 0.4384 0.4403 0.4599 0.4684 0.3888 0.4378 0.4494 0.4597 0.4137 0.4064 0.4044 0.3903 0.4439 0.4240 0.3802 0.3866 0.4457 0.4022 0.4652 0.4721 0.4220 0.3998 0.4647 0.4402 0.4711 0.3986 1.0000 0.4389 0.3459 0.3589 0.4478 0.4479 0.4319 0.4079 0.3961 0.4587 0.4451 0.4276 0.4023 0.3804 0.4381 0.4788 0.4091
0.4075 0.4342 0.4562 0.4045 0.4679 0.4254 0.3941 0.4888 0.4574 0.4501 0.4573 0.4106 0.4757 0.4384 0.4561 0.4344 0.4688 0.4395 0.4308 0.4630 0.4447 0.3759 0.3946 0.4566 0.4517 0.4176 0.4546 0.4965 0.3805 0.4355 0.4724 0.4650 0.4239 0.4389 1.0000 0.3953 0.3718 0.4549 0.4300 0.4618 0.4512 0.4366 0.5036 0.4257 0.4510 0.4170 0.4571 0.4674 0.4182 0.4305
0.3736 0.4306 0.4403 0.3675 0.4179 0.4303 0.3722 0.3888 0.4112 0.4029 0.4144 0.4048 0.4736 0.4125 0.4055 0.4083 0.4584 0.4303 0.3994 0.3920 0.4065 0.3317 0.4128 0.3987 0.4232 0.4122 0.3985 0.3836 0.4210 0.4051 0.4420 0.3726 0.4296 0.3459 0.3953 1.0000 0.3457 0.4514 0.4071 0.4109 0.4720 0.3901 0.3694 0.4384 0.3954 0.3941 0.4009 0.4389 0.4015 0.4100
0.4494 0.4015 0.4013 0.4200 0.3973 0.4166 0.3930 0.4429 0.4003 0.3897 0.4382 0.3795 0.4105 0.3741 0.4148 0.4017 0.4383 0.4323 0.3775 0.3936 0.3987 0.4169 0.3779 0.3941 0.4110 0.3692 0.3803 0.4064 0.3744 0.3998 0.3964 0.3842 0.4110 0.3589 0.3718 0.3457 1.0000 0.4067 0.3954 0.3898 0.4021 0.4372 0.4859 0.4053 0.4132 0.4318 0.4379 0.3981 0.4117 0.4283
0.4390 0.4754 0.5089 0.4310 0.4667 0.5060 0.4238 0.4636 0.4840 0.4402 0.4757 0.4543 0.4796 0.4545 0.4536 0.4593 0.5000 0.4676 0.4436 0.4351 0.4920 0.4075 0.4558 0.4678 0.4412 0.4647 0.4364 0.4715 0.4426 0.4811 0.5384 0.4875 0.4725 0.4478 0.4549 0.4514 0.4067 1.0000 0.4670 0.4707 0.4789 0.4375 0.4371 0.5021 0.4927 0.4647 0.4338 0.5134 0.5017 0.4261
0.4173 0.4633 0.4572 0.4069 0.4554 0.4534 0.4558 0.4653 0.4556 0.4849 0.4749 0.4700 0.4805 0.4193 0.4355 0.4581 0.4292 0.4342 0.4244 0.4495 0.4847 0.3869 0.4326 0.4277 0.4322 0.4303 0.4573 0.4189 0.4023 0.4770 0.4556 0.4873 0.4629 0.4479 0.4300 0.4071 0.3954 0.4670 1.0000 0.4393 0.4491 0.4579 0.4119 0.4451 0.4250 0.4335 0.4281 0.4776 0.4480 0.4269
0.4373 0.4350 0.4600 0.4447 0.4391 0.4383 0.4546 0.4440 0.4158 0.4573 0.4741 0.4400 0.4713 0.4410 0.4336 0.4796 0.4868 0.4533 0.4154 0.4219 0.4559 0.3623 0.4171 0.4870 0.4028 0.4559 0.4584 0.4059 0.4107 0.4265 0.4480 0.4408 0.4325 0.4319 0.4618 0.4109 0.3898 0.4707 0.4393 1.0000 0.4277 0.4417 0.4605 0.4624 0.4454 0.4250 0.4389 0.4560 0.4240 0.4300
0.4130 0.4539 0.4842 0.4012 0.4609 0.4603 0.4357 0.4395 0.4739 0.4420 0.5066 0.4627 0.5063 0.4812 0.4606 0.4746 0.4890 0.5267 0.4433 0.4378 0.4173 0.3909 0.4467 0.4851 0.5044 0.4203 0.4389 0.4598 0.4702 0.4697 0.5154 0.4484 0.5001 0.4079 0.4512 0.4720 0.4021 0.4789 0.4491 0.4277 1.0000 0.4479 0.4593 0.4963 0.4422 0.4180 0.4128 0.4533 0.4419 0.4141
0.4888 0.4290 0.4427 0.4546 0.4085 0.4504 0.4502 0.4171 0.4982 0.4430 0.4995 0.4510 0.4624 0.4248 0.4210 0.4897 0.4376 0.4786 0.4499 0.4244 0.4629 0.4148 0.4172 0.4490 0.4419 0.3975 0.4341 0.3912 0.3813 0.4343 0.4557 0.4276 0.4326 0.3961 0.4366 0.3901 0.4372 0.4375 0.4579 0.4417 0.4479 1.0000 0.4970 0.4605 0.4090 0.5086 0.4414 0.4333 0.4452 0.4837
0.4914 0.4834 0.4573 0.4732 0.4431 0.4389 0.4192 0.4611 0.4613 0.4339 0.5277 0.4152 0.4562 0.4481 0.4634 0.4622 0.4484 0.4810 0.4322 0.4958 0.4375 0.4333 0.3903 0.4718 0.4436 0.3852 0.4584 0.4586 0.3944 0.4716 0.4604 0.5061 0.4275 0.4587 0.5036 0.3694 0.4859 0.4371 0.4119 0.4605 0.4593 0.4970 1.0000 0.4326 0.4430 0.4714 0.4953 0.4611 0.4263 0.4616
0.4981 0.5027 0.4797 0.4307 0.4891 0.4707 0.4059 0.4927 0.4862 0.4631 0.5233 0.4931 0.4699 0.4788 0.4575 0.4657 0.4915 0.4623 0.4797 0.4987 0.5067 0.3916 0.5207 0.4587 0.4683 0.4810 0.4559 0.4562 0.4237 0.4592 0.5199 0.4270 0.4590 0.4451 0.4257 0.4384 0.4053 0.5021 0.4451 0.4624 0.4963 0.4605 0.4326 1.0000 0.4633 0.4283 0.4213 0.5211 0.5563 0.4221
0.4280 0.4421 0.4491 0.4245 0.4238 0.4620 0.3936 0.4842 0.4641 0.4562 0.4872 0.4400 0.4534 0.4520 0.4438 0.4117 0.4916 0.4235 0.4090 0.4365 0.4452 0.3920 0.4575 0.4475 0.4319 0.4468 0.4239 0.4919 0.4241 0.4250 0.4558 0.4416 0.4953 0.4276 0.4510 0.3954 0.4132 0.4927 0.4250 0.4454 0.4422 0.4090 0.4430 0.4633 1.0000 0.4563 0.4161 0.4598 0.4757 0.4027
0.4590 0.4359 0.5154 0.4925 0.4307 0.4577 0.4062 0.4127 0.4506 0.4367 0.4475 0.4407 0.4388 0.4096 0.4433 0.4562 0.4174 0.4600 0.4336 0.4371 0.4791 0.4119 0.4386 0.4454 0.4155 0.4078 0.4427 0.3986 0.3722 0.4148 0.4231 0.4125 0.4367 0.4023 0.4170 0.3941 0.4318 0.4647 0.4335 0.4250 0.4180 0.5086 0.4714 0.4283 0.4563 1.0000 0.4545 0.4495 0.4115 0.4533
0.4568 0.4307 0.4607 0.4570 0.4574 0.4207 0.4184 0.4366 0.3967 0.4767 0.4388 0.4125 0.4735 0.4321 0.4480 0.4620 0.4492 0.4305 0.4181 0.4129 0.4561 0.4471 0.4144 0.4136 0.4488 0.4100 0.4272 0.4644 0.4178 0.4315 0.4529 0.4371 0.4381 0.3804 0.4571 0.4009 0.4379 0.4338 0.4281 0.4389 0.4128 0.4414 0.4953 0.4213 0.4161 0.4545 1.0000 0.4596 0.4284 0.4804
0.4538 0.5136 0.4755 0.4292 0.4958 0.4922 0.4339 0.4873 0.4832 0.4626 0.5062 0.5258 0.4927 0.4990 0.4916 0.5019 0.4812 0.4791 0.4904 0.5347 0.5572 0.4108 0.5001 0.5126 0.4951 0.4847 0.4892 0.4813 0.4597 0.4811 0.5196 0.4720 0.4507 0.4381 0.4674 0.4389 0.3981 0.5134 0.4776 0.4560 0.4533 0.4333 0.4611 0.5211 0.4598 0.4495 0.4596 1.0000 0.5002 0.4451
0.4593 0.5050 0.4239 0.4379 0.4295 0.4572 0.4363 0.5042 0.4754 0.4274 0.4664 0.4770 0.4596 0.4605 0.4619 0.4556 0.4672 0.4370 0.5122 0.4380 0.5019 0.4115 0.4823 0.4150 0.4525 0.5011 0.4544 0.4136 0.4206 0.5234 0.5124 0.4359 0.4482 0.4788 0.4182 0.4015 0.4117 0.5017 0.4480 0.4240 0.4419 0.4452 0.4263 0.5563 0.4757 0.4115 0.4284 0.5002 1.0000 0.4250
0.4691 0.4418 0.4079 0.4301 0.4272 0.4177 0.4061 0.4124 0.4486 0.4213 0.4652 0.4301 0.4842 0.4280 0.4029 0.4426 0.4551 0.4371 0.4511 0.4098 0.4464 0.4456 0.4266 0.4091 0.4517 0.4239 0.4206 0.3968 0.3834 0.4433 0.4758 0.4315 0.4382 0.4091 0.4305 0.4100 0.4283 0.4261 0.4269 0.4300 0.4141 0.4837 0.4616 0.4221 0.4027 0.4533 0.4804 0.4451 0.4250 1.0000
