1.0000	0.7292	0.5449	0.6210	0.5596	0.5607	0.5667	0.5785	0.5973	0.5115	0.5292	0.5981	0.6521	0.4197	0.6793	0.6652	0.5991	0.4737	0.5435	0.6251	0.6762	0.5607	0.5245	0.6212	0.4904	0.5465	0.5694	0.5702	0.5629	0.5077	0.6687	0.6418	0.6814	0.5144	0.7082	0.5894	0.5248	0.5113	0.5732	0.6340	0.5790	0.5605	0.4815	0.5423	0.5437	0.5462	0.5180	0.5383	0.5839	0.5500
0.7292	1.0000	0.5343	0.5518	0.5233	0.5414	0.5119	0.5585	0.5034	0.5315	0.5185	0.5665	0.5850	0.4096	0.5946	0.7112	0.5187	0.4771	0.4862	0.5815	0.6532	0.5206	0.4864	0.6216	0.4147	0.5585	0.5496	0.5259	0.5529	0.4734	0.6541	0.5658	0.6607	0.4814	0.6760	0.5558	0.5062	0.4645	0.5169	0.6398	0.5414	0.5269	0.4704	0.5937	0.5376	0.5660	0.5499	0.5383	0.5071	0.5107
0.5449	0.5343	1.0000	0.5297	0.5778	0.5878	0.5324	0.7270	0.6147	0.6245	0.6010	0.5196	0.5351	0.4273	0.4974	0.5460	0.5730	0.4582	0.4770	0.5535	0.5346	0.5434	0.6307	0.5336	0.4262	0.6395	0.6918	0.5278	0.5447	0.5126	0.5492	0.5726	0.5265	0.5032	0.5658	0.6583	0.5545	0.5534	0.4459	0.5025	0.6833	0.5560	0.4729	0.6743	0.5341	0.5226	0.5766	0.6590	0.5719	0.5566
0.6210	0.5518	0.5297	1.0000	0.5110	0.6552	0.6567	0.5464	0.6147	0.5321	0.5465	0.6319	0.8905	0.4530	0.5872	0.6506	0.6365	0.5507	0.5797	0.6401	0.7925	0.6117	0.6002	0.5293	0.6169	0.5369	0.5456	0.5402	0.5472	0.6396	0.7574	0.5708	0.7039	0.6247	0.6818	0.5211	0.5774	0.5640	0.5383	0.5310	0.5524	0.5626	0.4101	0.5208	0.5826	0.5657	0.5657	0.5851	0.5365	0.5607
0.5596	0.5233	0.5778	0.5110	1.0000	0.4961	0.5555	0.6103	0.5777	0.6352	0.5797	0.5337	0.5482	0.5307	0.5140	0.5242	0.5976	0.4783	0.5515	0.5363	0.5552	0.5109	0.5442	0.6429	0.4205	0.6242	0.6437	0.6810	0.5199	0.5033	0.5201	0.5114	0.5545	0.5626	0.5593	0.6842	0.5559	0.5096	0.4477	0.6181	0.6369	0.5789	0.4810	0.5759	0.5578	0.4945	0.5471	0.5942	0.7657	0.5145
0.5607	0.5414	0.5878	0.6552	0.4961	1.0000	0.6081	0.5733	0.5826	0.5779	0.6017	0.5923	0.6535	0.4272	0.5696	0.6009	0.6334	0.5117	0.5283	0.6379	0.6560	0.5928	0.6532	0.5506	0.5271	0.5342	0.5661	0.5281	0.5637	0.6150	0.6556	0.6016	0.6098	0.5836	0.6092	0.5469	0.5825	0.6203	0.4931	0.5439	0.5523	0.5795	0.4519	0.5753	0.6135	0.5795	0.5811	0.5841	0.5176	0.6189
0.5667	0.5119	0.5324	0.6567	0.5555	0.6081	1.0000	0.5464	0.5838	0.5687	0.6748	0.5641	0.6599	0.4415	0.5501	0.5874	0.6705	0.5013	0.5117	0.5941	0.6367	0.5728	0.5311	0.5360	0.5244	0.5552	0.5118	0.5333	0.4988	0.6639	0.6295	0.6050	0.6201	0.6643	0.5978	0.5384	0.5697	0.5698	0.5260	0.5472	0.5518	0.5273	0.4225	0.6008	0.6204	0.6098	0.5524	0.6280	0.6010	0.5460
0.5785	0.5585	0.7270	0.5464	0.6103	0.5733	0.5464	1.0000	0.6084	0.6561	0.5950	0.5157	0.5521	0.4402	0.5291	0.5749	0.5529	0.4806	0.4983	0.5256	0.5607	0.5815	0.6159	0.5466	0.4420	0.6358	0.6370	0.5596	0.5644	0.5091	0.5599	0.5214	0.5325	0.4928	0.5725	0.6266	0.5391	0.5696	0.4640	0.5306	0.6439	0.5418	0.5214	0.6675	0.5316	0.5098	0.5503	0.6824	0.6108	0.5295
0.5973	0.5034	0.6147	0.6147	0.5777	0.5826	0.5838	0.6084	1.0000	0.5589	0.6014	0.5774	0.6184	0.4156	0.5814	0.5192	0.5576	0.4717	0.5259	0.5746	0.6197	0.6531	0.5654	0.4955	0.5142	0.5802	0.5922	0.5141	0.5482	0.5647	0.5918	0.7008	0.5697	0.5862	0.5541	0.6012	0.6261	0.5227	0.4738	0.5423	0.5903	0.5260	0.4435	0.5958	0.4974	0.5322	0.4994	0.5646	0.5942	0.5723
0.5115	0.5315	0.6245	0.5321	0.6352	0.5779	0.5687	0.6561	0.5589	1.0000	0.6193	0.5384	0.5555	0.4692	0.4854	0.5561	0.6068	0.4846	0.5008	0.5650	0.5714	0.5562	0.6066	0.5556	0.4360	0.6211	0.6159	0.6086	0.5718	0.5566	0.5592	0.5000	0.5707	0.5414	0.5670	0.6096	0.5924	0.5707	0.4499	0.5729	0.6038	0.5358	0.5031	0.6339	0.6299	0.5489	0.5589	0.6136	0.6394	0.5620
0.5292	0.5185	0.6010	0.5465	0.5797	0.6017	0.6748	0.5950	0.6014	0.6193	1.0000	0.5401	0.5602	0.3906	0.5214	0.5610	0.5702	0.4496	0.4588	0.5439	0.5756	0.5559	0.5409	0.5176	0.4468	0.6032	0.5523	0.5074	0.5018	0.5818	0.5673	0.6150	0.5654	0.6169	0.5353	0.5861	0.6031	0.5958	0.4569	0.5514	0.6027	0.4706	0.4565	0.6951	0.5700	0.5379	0.4946	0.6878	0.5909	0.5873
0.5981	0.5665	0.5196	0.6319	0.5337	0.5923	0.5641	0.5157	0.5774	0.5384	0.5401	1.0000	0.6521	0.4459	0.6877	0.5984	0.6062	0.5674	0.6175	0.6363	0.6697	0.5448	0.5404	0.5558	0.5847	0.5084	0.5646	0.5488	0.5655	0.5676	0.6309	0.5785	0.6521	0.5925	0.5958	0.5382	0.5833	0.5138	0.4749	0.5643	0.5481	0.5520	0.4113	0.5341	0.5371	0.5534	0.5394	0.5485	0.5682	0.5743
0.6521	0.5850	0.5351	0.8905	0.5482	0.6535	0.6599	0.5521	0.6184	0.5555	0.5602	0.6521	1.0000	0.4797	0.6012	0.6548	0.6578	0.5698	0.6091	0.6722	0.8356	0.6153	0.6112	0.5641	0.6169	0.5447	0.5576	0.5785	0.5469	0.6434	0.7667	0.5814	0.7545	0.6408	0.7232	0.5598	0.5854	0.5670	0.5563	0.5723	0.5837	0.5808	0.4267	0.5331	0.6135	0.5962	0.5789	0.5834	0.5714	0.5568
0.4197	0.4096	0.4273	0.4530	0.5307	0.4272	0.4415	0.4402	0.4156	0.4692	0.3906	0.4459	0.4797	1.0000	0.3897	0.4426	0.4982	0.4595	0.4984	0.4353	0.4725	0.4276	0.4692	0.5270	0.3701	0.4685	0.4977	0.5868	0.4456	0.4563	0.4400	0.3916	0.4696	0.4708	0.4587	0.4835	0.4635	0.4165	0.3676	0.4805	0.4678	0.5247	0.4816	0.4229	0.5005	0.4690	0.5274	0.4354	0.5187	0.4065
0.6793	0.5946	0.4974	0.5872	0.5140	0.5696	0.5501	0.5291	0.5814	0.4854	0.5214	0.6877	0.6012	0.3897	1.0000	0.6065	0.5666	0.4911	0.5640	0.6147	0.6023	0.5403	0.5080	0.5650	0.5680	0.4973	0.5192	0.5054	0.5961	0.5075	0.6191	0.6420	0.5700	0.5056	0.5944	0.5445	0.5089	0.5181	0.5353	0.5774	0.5354	0.5073	0.4492	0.4989	0.4964	0.4994	0.4803	0.5342	0.5282	0.5399
0.6652	0.7112	0.5460	0.6506	0.5242	0.6009	0.5874	0.5749	0.5192	0.5561	0.5610	0.5984	0.6548	0.4426	0.6065	1.0000	0.5794	0.5379	0.5008	0.6330	0.6713	0.5541	0.5196	0.6399	0.4784	0.6471	0.5934	0.5478	0.5717	0.5400	0.7326	0.5678	0.6755	0.5151	0.7352	0.5466	0.5290	0.5509	0.5638	0.5746	0.5856	0.5424	0.4650	0.6053	0.6119	0.5928	0.5972	0.6156	0.5071	0.5569
0.5991	0.5187	0.5730	0.6365	0.5976	0.6334	0.6705	0.5529	0.5576	0.6068	0.5702	0.6062	0.6578	0.4982	0.5666	0.5794	1.0000	0.5215	0.5436	0.6535	0.6254	0.5424	0.5819	0.6185	0.5205	0.5613	0.6254	0.6192	0.5669	0.6117	0.6249	0.5745	0.6153	0.5778	0.6453	0.5495	0.5685	0.5388	0.5113	0.5937	0.5832	0.6370	0.4073	0.5394	0.6690	0.6244	0.6273	0.5595	0.6474	0.5813
0.4737	0.4771	0.4582	0.5507	0.4783	0.5117	0.5013	0.4806	0.4717	0.4846	0.4496	0.5674	0.5698	0.4595	0.4911	0.5379	0.5215	1.0000	0.5435	0.5168	0.5621	0.4751	0.4939	0.5231	0.5077	0.4905	0.5172	0.5105	0.5179	0.5283	0.5404	0.4422	0.5354	0.5141	0.5375	0.4522	0.4822	0.4761	0.4667	0.4629	0.5063	0.5447	0.3512	0.4852	0.5460	0.5643	0.5778	0.4959	0.4819	0.4688
0.5435	0.4862	0.4770	0.5797	0.5515	0.5283	0.5117	0.4983	0.5259	0.5008	0.4588	0.6175	0.6091	0.4984	0.5640	0.5008	0.5436	0.5435	1.0000	0.5468	0.6085	0.4872	0.5524	0.5486	0.5520	0.4829	0.5399	0.5947	0.4825	0.5361	0.5309	0.4910	0.5826	0.5581	0.5344	0.4997	0.5208	0.4841	0.4780	0.5162	0.4971	0.6114	0.4196	0.4785	0.5272	0.5117	0.5439	0.4624	0.5486	0.4748
0.6251	0.5815	0.5535	0.6401	0.5363	0.6379	0.5941	0.5256	0.5746	0.5650	0.5439	0.6363	0.6722	0.4353	0.6147	0.6330	0.6535	0.5168	0.5468	1.0000	0.6662	0.5818	0.5615	0.5931	0.5359	0.5461	0.5909	0.5631	0.5274	0.5461	0.6875	0.6072	0.6715	0.5443	0.7235	0.5793	0.5543	0.5375	0.5967	0.5487	0.5948	0.5792	0.4246	0.5457	0.5936	0.6051	0.5594	0.5518	0.5453	0.5232
0.6762	0.6532	0.5346	0.7925	0.5552	0.6560	0.6367	0.5607	0.6197	0.5714	0.5756	0.6697	0.8356	0.4725	0.6023	0.6713	0.6254	0.5621	0.6085	0.6662	1.0000	0.6168	0.5895	0.5927	0.5746	0.5600	0.5621	0.5760	0.5429	0.6250	0.7608	0.5992	0.8033	0.6403	0.7127	0.5683	0.6121	0.5460	0.5377	0.6042	0.5735	0.5895	0.4485	0.5562	0.5926	0.5947	0.5772	0.5887	0.5661	0.5583
0.5607	0.5206	0.5434	0.6117	0.5109	0.5928	0.5728	0.5815	0.6531	0.5562	0.5559	0.5448	0.6153	0.4276	0.5403	0.5541	0.5424	0.4751	0.4872	0.5818	0.6168	1.0000	0.5442	0.5124	0.5006	0.5321	0.5092	0.5334	0.5379	0.5834	0.6371	0.5738	0.6143	0.5541	0.5885	0.5683	0.5669	0.5352	0.5076	0.5242	0.5587	0.5004	0.4496	0.5602	0.5319	0.5843	0.5246	0.5549	0.5406	0.5377
0.5245	0.4864	0.6307	0.6002	0.5442	0.6532	0.5311	0.6159	0.5654	0.6066	0.5409	0.5404	0.6112	0.4692	0.5080	0.5196	0.5819	0.4939	0.5524	0.5615	0.5895	0.5442	1.0000	0.5251	0.4937	0.5331	0.5771	0.6000	0.5646	0.6003	0.5651	0.5355	0.5372	0.5503	0.5632	0.6184	0.6182	0.6992	0.4596	0.4844	0.6060	0.5794	0.5071	0.5379	0.5727	0.5271	0.5545	0.5707	0.5620	0.5618
0.6212	0.6216	0.5336	0.5293	0.6429	0.5506	0.5360	0.5466	0.4955	0.5556	0.5176	0.5558	0.5641	0.5270	0.5650	0.6399	0.6185	0.5231	0.5486	0.5931	0.5927	0.5124	0.5251	1.0000	0.4271	0.5981	0.6171	0.6582	0.5468	0.5150	0.5919	0.5432	0.6118	0.5218	0.6497	0.6205	0.4820	0.5160	0.5008	0.6639	0.6248	0.6781	0.4778	0.5332	0.6192	0.5686	0.6368	0.5623	0.5741	0.5630
0.4904	0.4147	0.4262	0.6169	0.4205	0.5271	0.5244	0.4420	0.5142	0.4360	0.4468	0.5847	0.6169	0.3701	0.5680	0.4784	0.5205	0.5077	0.5520	0.5359	0.5746	0.5006	0.4937	0.4271	1.0000	0.4300	0.4435	0.4509	0.4481	0.5172	0.5626	0.4756	0.5363	0.5006	0.5169	0.4314	0.4703	0.4570	0.6187	0.4345	0.4481	0.4469	0.3337	0.4154	0.4804	0.4652	0.4482	0.4594	0.4473	0.4487
0.5465	0.5585	0.6395	0.5369	0.6242	0.5342	0.5552	0.6358	0.5802	0.6211	0.6032	0.5084	0.5447	0.4685	0.4973	0.6471	0.5613	0.4905	0.4829	0.5461	0.5600	0.5321	0.5331	0.5981	0.4300	1.0000	0.7095	0.5918	0.4975	0.5024	0.5770	0.5444	0.5745	0.4997	0.5968	0.5973	0.6019	0.5228	0.5070	0.5692	0.6303	0.5270	0.4812	0.6767	0.6024	0.5338	0.5668	0.6374	0.5821	0.5276
0.5694	0.5496	0.6918	0.5456	0.6437	0.5661	0.5118	0.6370	0.5922	0.6159	0.5523	0.5646	0.5576	0.4977	0.5192	0.5934	0.6254	0.5172	0.5399	0.5909	0.5621	0.5092	0.5771	0.6171	0.4435	0.7095	1.0000	0.6119	0.5707	0.5164	0.5584	0.5546	0.5619	0.4995	0.6067	0.6230	0.5789	0.5301	0.4675	0.5473	0.6711	0.6311	0.4531	0.6234	0.5944	0.5501	0.6266	0.5932	0.6323	0.5526
0.5702	0.5259	0.5278	0.5402	0.6810	0.5281	0.5333	0.5596	0.5141	0.6086	0.5074	0.5488	0.5785	0.5868	0.5054	0.5478	0.6192	0.5105	0.5947	0.5631	0.5760	0.5334	0.6000	0.6582	0.4509	0.5918	0.6119	1.0000	0.5124	0.5092	0.5454	0.4874	0.6027	0.5386	0.5984	0.6180	0.5805	0.5492	0.4896	0.6005	0.5781	0.6090	0.5026	0.5352	0.6047	0.5322	0.5748	0.5246	0.6838	0.4876
0.5629	0.5529	0.5447	0.5472	0.5199	0.5637	0.4988	0.5644	0.5482	0.5718	0.5018	0.5655	0.5469	0.4456	0.5961	0.5717	0.5669	0.5179	0.4825	0.5274	0.5429	0.5379	0.5646	0.5468	0.4481	0.4975	0.5707	0.5124	1.0000	0.5712	0.5639	0.5533	0.4918	0.5021	0.5284	0.5182	0.5137	0.5754	0.4230	0.5531	0.5504	0.5321	0.4448	0.5230	0.5524	0.5348	0.5883	0.5451	0.5312	0.6064
0.5077	0.4734	0.5126	0.6396	0.5033	0.6150	0.6639	0.5091	0.5647	0.5566	0.5818	0.5676	0.6434	0.4563	0.5075	0.5400	0.6117	0.5283	0.5361	0.5461	0.6250	0.5834	0.6003	0.5150	0.5172	0.5024	0.5164	0.5092	0.5712	1.0000	0.5898	0.5574	0.5884	0.6674	0.5399	0.5271	0.5763	0.6069	0.4562	0.4995	0.5424	0.5346	0.4191	0.5344	0.6249	0.6246	0.6051	0.5638	0.5294	0.6063
0.6687	0.6541	0.5492	0.7574	0.5201	0.6556	0.6295	0.5599	0.5918	0.5592	0.5673	0.6309	0.7667	0.4400	0.6191	0.7326	0.6249	0.5404	0.5309	0.6875	0.7608	0.6371	0.5651	0.5919	0.5626	0.5770	0.5584	0.5454	0.5639	0.5898	1.0000	0.5996	0.7442	0.5734	0.7618	0.5613	0.5625	0.5433	0.5731	0.5848	0.5881	0.5428	0.4366	0.5662	0.6086	0.6092	0.5830	0.6025	0.5213	0.5623
0.6418	0.5658	0.5726	0.5708	0.5114	0.6016	0.6050	0.5214	0.7008	0.5000	0.6150	0.5785	0.5814	0.3916	0.6420	0.5678	0.5745	0.4422	0.4910	0.6072	0.5992	0.5738	0.5355	0.5432	0.4756	0.5444	0.5546	0.4874	0.5533	0.5574	0.5996	1.0000	0.5569	0.5837	0.5718	0.5777	0.5967	0.5382	0.4930	0.5746	0.5658	0.5426	0.4444	0.5872	0.5084	0.5514	0.4963	0.5416	0.5277	0.5821
0.6814	0.6607	0.5265	0.7039	0.5545	0.6098	0.6201	0.5325	0.5697	0.5707	0.5654	0.6521	0.7545	0.4696	0.5700	0.6755	0.6153	0.5354	0.5826	0.6715	0.8033	0.6143	0.5372	0.6118	0.5363	0.5745	0.5619	0.6027	0.4918	0.5884	0.7442	0.5569	1.0000	0.6083	0.7406	0.5966	0.5712	0.5198	0.5638	0.6177	0.5963	0.5493	0.4560	0.5582	0.6117	0.6086	0.5606	0.5761	0.5641	0.5375
0.5144	0.4814	0.5032	0.6247	0.5626	0.5836	0.6643	0.4928	0.5862	0.5414	0.6169	0.5925	0.6408	0.4708	0.5056	0.5151	0.5778	0.5141	0.5581	0.5443	0.6403	0.5541	0.5503	0.5218	0.5006	0.4997	0.4995	0.5386	0.5021	0.6674	0.5734	0.5837	0.6083	1.0000	0.5340	0.5452	0.5755	0.5401	0.4463	0.5606	0.5391	0.5426	0.4092	0.5449	0.5648	0.5432	0.5426	0.6159	0.5742	0.5753
0.7082	0.6760	0.5658	0.6818	0.5593	0.6092	0.5978	0.5725	0.5541	0.5670	0.5353	0.5958	0.7232	0.4587	0.5944	0.7352	0.6453	0.5375	0.5344	0.7235	0.7127	0.5885	0.5632	0.6497	0.5169	0.5968	0.6067	0.5984	0.5284	0.5399	0.7618	0.5718	0.7406	0.5340	1.0000	0.5991	0.5203	0.5420	0.6008	0.5807	0.6335	0.5912	0.4423	0.5664	0.6442	0.6291	0.5998	0.5820	0.5520	0.5167
0.5894	0.5558	0.6583	0.5211	0.6842	0.5469	0.5384	0.6266	0.6012	0.6096	0.5861	0.5382	0.5598	0.4835	0.5445	0.5466	0.5495	0.4522	0.4997	0.5793	0.5683	0.5683	0.6184	0.6205	0.4314	0.5973	0.6230	0.6180	0.5182	0.5271	0.5613	0.5777	0.5966	0.5452	0.5991	1.0000	0.5602	0.5913	0.4862	0.5909	0.7633	0.5347	0.5413	0.5638	0.5417	0.5115	0.5279	0.6343	0.6370	0.5412
0.5248	0.5062	0.5545	0.5774	0.5559	0.5825	0.5697	0.5391	0.6261	0.5924	0.6031	0.5833	0.5854	0.4635	0.5089	0.5290	0.5685	0.4822	0.5208	0.5543	0.6121	0.5669	0.6182	0.4820	0.4703	0.6019	0.5789	0.5805	0.5137	0.5763	0.5625	0.5967	0.5712	0.5755	0.5203	0.5602	1.0000	0.5519	0.4499	0.5251	0.5246	0.5358	0.4450	0.6171	0.5391	0.5614	0.5079	0.5448	0.6189	0.5270
0.5113	0.4645	0.5534	0.5640	0.5096	0.6203	0.5698	0.5696	0.5227	0.5707	0.5958	0.5138	0.5670	0.4165	0.5181	0.5509	0.5388	0.4761	0.4841	0.5375	0.5460	0.5352	0.6992	0.5160	0.4570	0.5228	0.5301	0.5492	0.5754	0.6069	0.5433	0.5382	0.5198	0.5401	0.5420	0.5913	0.5519	1.0000	0.4587	0.4710	0.6060	0.4942	0.5098	0.5421	0.5792	0.5223	0.4937	0.5994	0.5258	0.5908
0.5732	0.5169	0.4459	0.5383	0.4477	0.4931	0.5260	0.4640	0.4738	0.4499	0.4569	0.4749	0.5563	0.3676	0.5353	0.5638	0.5113	0.4667	0.4780	0.5967	0.5377	0.5076	0.4596	0.5008	0.6187	0.5070	0.4675	0.4896	0.4230	0.4562	0.5731	0.4930	0.5638	0.4463	0.6008	0.4862	0.4499	0.4587	1.0000	0.4868	0.4915	0.4582	0.4000	0.4673	0.5206	0.5111	0.4552	0.4688	0.4569	0.4188
0.6340	0.6398	0.5025	0.5310	0.6181	0.5439	0.5472	0.5306	0.5423	0.5729	0.5514	0.5643	0.5723	0.4805	0.5774	0.5746	0.5937	0.4629	0.5162	0.5487	0.6042	0.5242	0.4844	0.6639	0.4345	0.5692	0.5473	0.6005	0.5531	0.4995	0.5848	0.5746	0.6177	0.5606	0.5807	0.5909	0.5251	0.4710	0.4868	1.0000	0.5468	0.5550	0.4776	0.5434	0.5818	0.5353	0.5344	0.5216	0.5872	0.5708
0.5790	0.5414	0.6833	0.5524	0.6369	0.5523	0.5518	0.6439	0.5903	0.6038	0.6027	0.5481	0.5837	0.4678	0.5354	0.5856	0.5832	0.5063	0.4971	0.5948	0.5735	0.5587	0.6060	0.6248	0.4481	0.6303	0.6711	0.5781	0.5504	0.5424	0.5881	0.5658	0.5963	0.5391	0.6335	0.7633	0.5246	0.6060	0.4915	0.5468	1.0000	0.5394	0.4750	0.5819	0.5760	0.5371	0.5728	0.6808	0.6153	0.5649
0.5605	0.5269	0.5560	0.5626	0.5789	0.5795	0.5273	0.5418	0.5260	0.5358	0.4706	0.5520	0.5808	0.5247	0.5073	0.5424	0.6370	0.5447	0.6114	0.5792	0.5895	0.5004	0.5794	0.6781	0.4469	0.5270	0.6311	0.6090	0.5321	0.5346	0.5428	0.5426	0.5493	0.5426	0.5912	0.5347	0.5358	0.4942	0.4582	0.5550	0.5394	1.0000	0.4163	0.5276	0.5741	0.5850	0.6511	0.4909	0.5687	0.5232
0.4815	0.4704	0.4729	0.4101	0.4810	0.4519	0.4225	0.5214	0.4435	0.5031	0.4565	0.4113	0.4267	0.4816	0.4492	0.4650	0.4073	0.3512	0.4196	0.4246	0.4485	0.4496	0.5071	0.4778	0.3337	0.4812	0.4531	0.5026	0.4448	0.4191	0.4366	0.4444	0.4560	0.4092	0.4423	0.5413	0.4450	0.5098	0.4000	0.4776	0.4750	0.4163	1.0000	0.4631	0.4442	0.3992	0.3927	0.4772	0.4615	0.4356
0.5423	0.5937	0.6743	0.5208	0.5759	0.5753	0.6008	0.6675	0.5958	0.6339	0.6951	0.5341	0.5331	0.4229	0.4989	0.6053	0.5394	0.4852	0.4785	0.5457	0.5562	0.5602	0.5379	0.5332	0.4154	0.6767	0.6234	0.5352	0.5230	0.5344	0.5662	0.5872	0.5582	0.5449	0.5664	0.5638	0.6171	0.5421	0.4673	0.5434	0.5819	0.5276	0.4631	1.0000	0.5788	0.5971	0.5537	0.6392	0.5778	0.5418
0.5437	0.5376	0.5341	0.5826	0.5578	0.6135	0.6204	0.5316	0.4974	0.6299	0.5700	0.5371	0.6135	0.5005	0.4964	0.6119	0.6690	0.5460	0.5272	0.5936	0.5926	0.5319	0.5727	0.6192	0.4804	0.6024	0.5944	0.6047	0.5524	0.6249	0.6086	0.5084	0.6117	0.5648	0.6442	0.5417	0.5391	0.5792	0.5206	0.5818	0.5760	0.5741	0.4442	0.5788	1.0000	0.6668	0.6240	0.5630	0.5592	0.5628
0.5462	0.5660	0.5226	0.5657	0.4945	0.5795	0.6098	0.5098	0.5322	0.5489	0.5379	0.5534	0.5962	0.4690	0.4994	0.5928	0.6244	0.5643	0.5117	0.6051	0.5947	0.5843	0.5271	0.5686	0.4652	0.5338	0.5501	0.5322	0.5348	0.6246	0.6092	0.5514	0.6086	0.5432	0.6291	0.5115	0.5614	0.5223	0.5111	0.5353	0.5371	0.5850	0.3992	0.5971	0.6668	1.0000	0.6418	0.5056	0.5169	0.5171
0.5180	0.5499	0.5766	0.5657	0.5471	0.5811	0.5524	0.5503	0.4994	0.5589	0.4946	0.5394	0.5789	0.5274	0.4803	0.5972	0.6273	0.5778	0.5439	0.5594	0.5772	0.5246	0.5545	0.6368	0.4482	0.5668	0.6266	0.5748	0.5883	0.6051	0.5830	0.4963	0.5606	0.5426	0.5998	0.5279	0.5079	0.4937	0.4552	0.5344	0.5728	0.6511	0.3927	0.5537	0.6240	0.6418	1.0000	0.5390	0.5280	0.5300
0.5383	0.5383	0.6590	0.5851	0.5942	0.5841	0.6280	0.6824	0.5646	0.6136	0.6878	0.5485	0.5834	0.4354	0.5342	0.6156	0.5595	0.4959	0.4624	0.5518	0.5887	0.5549	0.5707	0.5623	0.4594	0.6374	0.5932	0.5246	0.5451	0.5638	0.6025	0.5416	0.5761	0.6159	0.5820	0.6343	0.5448	0.5994	0.4688	0.5216	0.6808	0.4909	0.4772	0.6392	0.5630	0.5056	0.5390	1.0000	0.5799	0.5738
0.5839	0.5071	0.5719	0.5365	0.7657	0.5176	0.6010	0.6108	0.5942	0.6394	0.5909	0.5682	0.5714	0.5187	0.5282	0.5071	0.6474	0.4819	0.5486	0.5453	0.5661	0.5406	0.5620	0.5741	0.4473	0.5821	0.6323	0.6838	0.5312	0.5294	0.5213	0.5277	0.5641	0.5742	0.5520	0.6370	0.6189	0.5258	0.4569	0.5872	0.6153	0.5687	0.4615	0.5778	0.5592	0.5169	0.5280	0.5799	1.0000	0.5214
0.5500	0.5107	0.5566	0.5607	0.5145	0.6189	0.5460	0.5295	0.5723	0.5620	0.5873	0.5743	0.5568	0.4065	0.5399	0.5569	0.5813	0.4688	0.4748	0.5232	0.5583	0.5377	0.5618	0.5630	0.4487	0.5276	0.5526	0.4876	0.6064	0.6063	0.5623	0.5821	0.5375	0.5753	0.5167	0.5412	0.5270	0.5908	0.4188	0.5708	0.5649	0.5232	0.4356	0.5418	0.5628	0.5171	0.5300	0.5738	0.5214	1.0000
