
Using the parameter settings in the file: 
''1763240293/clumpp.paramfile''

Parameter settings
----------------------- Main parameters -------------------------
DATATYPE = 0
INDFILE = 1763240293/ClumppIndFile
POPFILE = 
OUTFILE = 1763240293/ClumppIndFile.output
MISCFILE = 1763240293/ClumppIndFile.misc
K = 20
C = 164
R = 28
M = 3
W = 0
S = 2
- Additional options for the Greedy and LargeKGreedy algorithms -
GREEDY_OPTION = 2
REPEATS = 2000
PERMUTATIONFILE = 
----------------------- Optional outputs ------------------------
PRINT_PERMUTED_DATA = 0
PERMUTED_DATAFILE = 
PRINT_EVERY_PERM = 0
EVERY_PERMFILE = 
PRINT_RANDOM_INPUTORDER = 0
RANDOM_INPUTORDERFILE = 
----------------------- Advanced options ------------------------
OVERRIDE_WARNINGS = 0
ORDER_BY_RUN = 1


In total, 2000 configurations of runs and clusters will be tested.

Results
------------------------------
The highest value of H' is: 0.47220458470334

The list of permutations of the clusters that produces that
H' value is (runs are listed sequentially on separate rows)

1 2 3 4 5 6 7 8 9 10 11 12 13 14 15 16 17 18 19 20 
12 20 8 14 3 7 10 1 5 17 15 13 6 16 11 4 19 18 2 9 
19 5 8 20 1 10 16 12 7 3 6 17 18 2 13 11 14 15 9 4 
15 10 1 9 11 7 13 2 20 18 14 4 12 17 3 6 19 16 5 8 
10 5 6 13 8 16 1 14 3 17 18 2 19 11 12 7 20 15 9 4 
20 8 10 2 3 9 4 1 17 5 14 19 6 16 7 13 15 18 11 12 
6 18 4 1 7 5 2 16 13 20 3 14 9 19 8 17 11 15 12 10 
3 6 7 20 11 5 4 14 9 16 17 2 1 12 13 8 10 18 15 19 
17 4 2 7 11 10 14 20 19 15 1 12 9 13 5 3 16 6 18 8 
13 3 2 19 1 7 17 4 6 14 9 18 11 15 8 20 5 16 10 12 
9 11 7 5 10 3 2 13 20 17 14 15 4 16 18 8 6 19 1 12 
6 17 11 10 4 12 8 13 9 20 3 7 18 5 16 1 19 14 15 2 
5 17 18 19 1 6 4 12 16 2 14 3 8 9 13 11 10 7 20 15 
19 9 2 13 16 8 12 4 11 10 5 15 20 17 6 3 7 18 14 1 
2 1 8 10 3 7 9 11 5 6 12 13 18 16 20 4 14 19 17 15 
4 13 1 19 8 17 16 11 5 2 6 9 18 3 14 15 12 20 10 7 
6 7 4 17 18 9 5 15 11 2 3 1 19 12 14 20 8 13 16 10 
6 16 3 2 1 7 17 18 10 15 12 19 5 4 20 11 9 14 13 8 
4 20 14 16 1 9 17 5 2 10 3 11 7 18 19 15 12 13 8 6 
5 16 15 7 10 1 11 18 20 3 14 4 6 19 2 17 12 8 9 13 
19 11 8 15 20 18 12 3 7 17 13 9 10 14 2 16 4 1 6 5 
10 17 9 6 4 1 20 12 7 15 18 3 16 19 5 14 8 2 11 13 
12 6 19 1 18 17 7 9 16 11 2 13 10 3 4 5 8 20 15 14 
7 6 3 19 15 14 16 11 10 5 20 13 18 8 2 4 12 17 1 9 
11 4 2 3 19 20 15 8 10 6 14 7 13 18 12 16 9 1 17 5 
5 6 10 2 19 9 16 3 1 17 20 7 18 4 13 15 11 8 12 14 
5 15 3 20 16 2 1 13 7 14 11 12 9 18 6 4 8 10 19 17 
5 12 19 18 14 3 10 9 13 15 11 16 7 6 2 1 20 8 4 17 

The pairwise G' values for each pair of runs where the clusters
of each run are permuted according to the list of permutations above

1.0000 0.5079 0.4544 0.4566 0.5363 0.4486 0.4408 0.4344 0.4529 0.5059 0.4598 0.4341 0.4437 0.4849 0.4312 0.4903 0.4852 0.4595 0.3902 0.4592 0.4400 0.4678 0.4592 0.4620 0.4629 0.4627 0.4812 0.5286 
0.5079 1.0000 0.4843 0.4668 0.4926 0.4647 0.4567 0.4635 0.4989 0.4750 0.4535 0.5207 0.5435 0.4625 0.4382 0.5097 0.5018 0.5273 0.4292 0.4516 0.4457 0.4503 0.5224 0.4582 0.5090 0.4905 0.4916 0.4627 
0.4544 0.4843 1.0000 0.5564 0.4950 0.5522 0.4133 0.4601 0.4823 0.5075 0.4247 0.4668 0.5582 0.4805 0.4473 0.5382 0.5066 0.4774 0.4086 0.4812 0.4625 0.4699 0.4652 0.4853 0.5469 0.4914 0.4866 0.5005 
0.4566 0.4668 0.5564 1.0000 0.4805 0.4901 0.4443 0.4646 0.4755 0.4975 0.4801 0.4280 0.4537 0.4846 0.4284 0.5623 0.4873 0.4525 0.4040 0.4714 0.4840 0.4551 0.4876 0.5313 0.5201 0.4387 0.4983 0.4724 
0.5363 0.4926 0.4950 0.4805 1.0000 0.4551 0.4938 0.4497 0.4602 0.4927 0.4291 0.4807 0.5072 0.5187 0.4940 0.5016 0.5138 0.4662 0.4166 0.4432 0.4805 0.5434 0.5511 0.4525 0.4864 0.4416 0.4983 0.4931 
0.4486 0.4647 0.5522 0.4901 0.4551 1.0000 0.4091 0.4884 0.4938 0.4635 0.4344 0.4144 0.5003 0.4386 0.4796 0.5142 0.4830 0.4304 0.4142 0.4489 0.4782 0.4344 0.4605 0.4364 0.4774 0.4436 0.4689 0.4321 
0.4408 0.4567 0.4133 0.4443 0.4938 0.4091 1.0000 0.4256 0.4807 0.4766 0.4463 0.4614 0.4536 0.4775 0.4457 0.4823 0.4505 0.4336 0.4103 0.4442 0.4615 0.4712 0.5094 0.4509 0.4327 0.4312 0.4870 0.4471 
0.4344 0.4635 0.4601 0.4646 0.4497 0.4884 0.4256 1.0000 0.4852 0.4826 0.4637 0.4710 0.4775 0.4350 0.4609 0.5128 0.5556 0.4864 0.4275 0.4265 0.4630 0.4853 0.4515 0.4995 0.4970 0.4689 0.5253 0.4698 
0.4529 0.4989 0.4823 0.4755 0.4602 0.4938 0.4807 0.4852 1.0000 0.5058 0.4726 0.4696 0.4788 0.4921 0.4665 0.5154 0.4607 0.5040 0.4094 0.4839 0.4439 0.4464 0.4782 0.4853 0.5147 0.4629 0.5051 0.4473 
0.5059 0.4750 0.5075 0.4975 0.4927 0.4635 0.4766 0.4826 0.5058 1.0000 0.4756 0.4685 0.4619 0.5523 0.4641 0.5371 0.5563 0.5006 0.4167 0.4837 0.5066 0.4835 0.4948 0.4680 0.4938 0.4563 0.5122 0.5155 
0.4598 0.4535 0.4247 0.4801 0.4291 0.4344 0.4463 0.4637 0.4726 0.4756 1.0000 0.4219 0.4458 0.4661 0.4419 0.5194 0.4802 0.4803 0.4021 0.4576 0.4262 0.4119 0.4349 0.4692 0.4307 0.4388 0.4601 0.4674 
0.4341 0.5207 0.4668 0.4280 0.4807 0.4144 0.4614 0.4710 0.4696 0.4685 0.4219 1.0000 0.4596 0.5248 0.4906 0.4571 0.4740 0.5104 0.4168 0.4322 0.4546 0.5096 0.4581 0.4805 0.4567 0.4447 0.5058 0.4705 
0.4437 0.5435 0.5582 0.4537 0.5072 0.5003 0.4536 0.4775 0.4788 0.4619 0.4458 0.4596 1.0000 0.4695 0.5105 0.5365 0.4904 0.4732 0.4235 0.4399 0.4715 0.4672 0.4789 0.4640 0.4922 0.5091 0.5002 0.4684 
0.4849 0.4625 0.4805 0.4846 0.5187 0.4386 0.4775 0.4350 0.4921 0.5523 0.4661 0.5248 0.4695 1.0000 0.4925 0.5082 0.4862 0.4759 0.3915 0.4355 0.4503 0.5147 0.4827 0.4984 0.4765 0.4375 0.5209 0.5044 
0.4312 0.4382 0.4473 0.4284 0.4940 0.4796 0.4457 0.4609 0.4665 0.4641 0.4419 0.4906 0.5105 0.4925 1.0000 0.4917 0.4769 0.4831 0.3966 0.4185 0.4701 0.4686 0.4333 0.4419 0.4350 0.4476 0.4547 0.4275 
0.4903 0.5097 0.5382 0.5623 0.5016 0.5142 0.4823 0.5128 0.5154 0.5371 0.5194 0.4571 0.5365 0.5082 0.4917 1.0000 0.5267 0.5130 0.4036 0.4685 0.5295 0.4828 0.4953 0.5110 0.5363 0.5324 0.5042 0.4918 
0.4852 0.5018 0.5066 0.4873 0.5138 0.4830 0.4505 0.5556 0.4607 0.5563 0.4802 0.4740 0.4904 0.4862 0.4769 0.5267 1.0000 0.4961 0.4441 0.4785 0.4975 0.4668 0.5214 0.4532 0.4918 0.4575 0.5213 0.5437 
0.4595 0.5273 0.4774 0.4525 0.4662 0.4304 0.4336 0.4864 0.5040 0.5006 0.4803 0.5104 0.4732 0.4759 0.4831 0.5130 0.4961 1.0000 0.4129 0.4500 0.4631 0.4663 0.4455 0.4671 0.5067 0.4646 0.4879 0.4486 
0.3902 0.4292 0.4086 0.4040 0.4166 0.4142 0.4103 0.4275 0.4094 0.4167 0.4021 0.4168 0.4235 0.3915 0.3966 0.4036 0.4441 0.4129 1.0000 0.4085 0.3825 0.4052 0.4163 0.4029 0.3857 0.3525 0.4539 0.4038 
0.4592 0.4516 0.4812 0.4714 0.4432 0.4489 0.4442 0.4265 0.4839 0.4837 0.4576 0.4322 0.4399 0.4355 0.4185 0.4685 0.4785 0.4500 0.4085 1.0000 0.4827 0.4089 0.4656 0.4764 0.4990 0.4525 0.4769 0.5159 
0.4400 0.4457 0.4625 0.4840 0.4805 0.4782 0.4615 0.4630 0.4439 0.5066 0.4262 0.4546 0.4715 0.4503 0.4701 0.5295 0.4975 0.4631 0.3825 0.4827 1.0000 0.4859 0.4590 0.4988 0.4555 0.4603 0.4725 0.4968 
0.4678 0.4503 0.4699 0.4551 0.5434 0.4344 0.4712 0.4853 0.4464 0.4835 0.4119 0.5096 0.4672 0.5147 0.4686 0.4828 0.4668 0.4663 0.4052 0.4089 0.4859 1.0000 0.4507 0.4893 0.4560 0.4545 0.4941 0.4974 
0.4592 0.5224 0.4652 0.4876 0.5511 0.4605 0.5094 0.4515 0.4782 0.4948 0.4349 0.4581 0.4789 0.4827 0.4333 0.4953 0.5214 0.4455 0.4163 0.4656 0.4590 0.4507 1.0000 0.4309 0.4991 0.4302 0.4837 0.4942 
0.4620 0.4582 0.4853 0.5313 0.4525 0.4364 0.4509 0.4995 0.4853 0.4680 0.4692 0.4805 0.4640 0.4984 0.4419 0.5110 0.4532 0.4671 0.4029 0.4764 0.4988 0.4893 0.4309 1.0000 0.4935 0.5168 0.5546 0.4965 
0.4629 0.5090 0.5469 0.5201 0.4864 0.4774 0.4327 0.4970 0.5147 0.4938 0.4307 0.4567 0.4922 0.4765 0.4350 0.5363 0.4918 0.5067 0.3857 0.4990 0.4555 0.4560 0.4991 0.4935 1.0000 0.4874 0.5039 0.4911 
0.4627 0.4905 0.4914 0.4387 0.4416 0.4436 0.4312 0.4689 0.4629 0.4563 0.4388 0.4447 0.5091 0.4375 0.4476 0.5324 0.4575 0.4646 0.3525 0.4525 0.4603 0.4545 0.4302 0.5168 0.4874 1.0000 0.4680 0.4774 
0.4812 0.4916 0.4866 0.4983 0.4983 0.4689 0.4870 0.5253 0.5051 0.5122 0.4601 0.5058 0.5002 0.5209 0.4547 0.5042 0.5213 0.4879 0.4539 0.4769 0.4725 0.4941 0.4837 0.5546 0.5039 0.4680 1.0000 0.5150 
0.5286 0.4627 0.5005 0.4724 0.4931 0.4321 0.4471 0.4698 0.4473 0.5155 0.4674 0.4705 0.4684 0.5044 0.4275 0.4918 0.5437 0.4486 0.4038 0.5159 0.4968 0.4974 0.4942 0.4965 0.4911 0.4774 0.5150 1.0000 
