1:	0.0462 0.0002 0.1024 0.0002 0.0051 0.0131 0.1747 0.1566 0.0004 0.0480 0.1728 0.0038 0.0530 0.0088 0.0005 0.0369 0.0326 0.0155 0.0844 0.0448 	23
2:	0.1430 0.0192 0.0030 0.0055 0.0052 0.0005 0.1005 0.1732 0.0275 0.0920 0.0924 0.0040 0.0040 0.0073 0.0082 0.0401 0.0436 0.0193 0.1241 0.0874 	13
3:	0.2082 0.0000 0.0000 0.0000 0.0332 0.0000 0.0023 0.0009 0.0000 0.0043 0.1807 0.0029 0.0036 0.0093 0.0000 0.1911 0.0428 0.0571 0.1848 0.0788 	5
4:	0.2071 0.0946 0.0016 0.0506 0.0015 0.0200 0.0011 0.0010 0.0250 0.0022 0.1618 0.0055 0.0024 0.1409 0.0943 0.0225 0.0230 0.0246 0.0584 0.0619 	15
5:	0.1916 0.0833 0.0065 0.1138 0.0087 0.0053 0.0024 0.0013 0.1194 0.0029 0.0942 0.0055 0.0054 0.0031 0.0696 0.0449 0.0435 0.0201 0.0552 0.1232 	18
6:	0.0324 0.1322 0.0040 0.1387 0.0029 0.1600 0.0440 0.0335 0.1296 0.0005 0.0223 0.0009 0.0013 0.0056 0.1003 0.0492 0.0575 0.0086 0.0269 0.0495 	24
7:	0.1649 0.0310 0.2159 0.0412 0.0042 0.0196 0.0026 0.0004 0.0194 0.0041 0.0507 0.0113 0.0118 0.0158 0.0168 0.0606 0.0267 0.1330 0.1324 0.0376 	9
8:	0.0315 0.0000 0.0877 0.0000 0.1842 0.0004 0.0000 0.0007 0.0000 0.0102 0.1848 0.1760 0.0919 0.0011 0.0000 0.0243 0.0128 0.1220 0.0490 0.0234 	11
9:	0.0000 0.2432 0.0000 0.3316 0.0000 0.0000 0.0000 0.0000 0.1860 0.0000 0.0000 0.0357 0.0000 0.0000 0.0684 0.0527 0.0714 0.0000 0.0000 0.0109 	1
10:	0.4115 0.0011 0.0184 0.0007 0.0162 0.0115 0.0053 0.0017 0.0001 0.0065 0.1472 0.0103 0.0049 0.0154 0.0009 0.0524 0.0425 0.0337 0.1420 0.0778 	17
11:	0.0000 0.2391 0.0773 0.2834 0.0000 0.0000 0.0000 0.0000 0.0796 0.0000 0.0000 0.0000 0.0000 0.0000 0.1858 0.0218 0.0741 0.0000 0.0000 0.0390 	1
12:	0.1048 0.0007 0.0426 0.0139 0.0025 0.2511 0.0486 0.1506 0.0076 0.0067 0.1051 0.0032 0.0326 0.0235 0.0018 0.0202 0.0490 0.0126 0.0795 0.0436 	8
13:	0.0000 0.2109 0.0000 0.2861 0.0000 0.0000 0.0000 0.0000 0.0222 0.0000 0.0000 0.0004 0.0000 0.0000 0.4336 0.0199 0.0037 0.0000 0.0000 0.0231 	5
14:	0.1348 0.3273 0.0000 0.0708 0.0054 0.0000 0.0011 0.0016 0.0217 0.0031 0.1601 0.0038 0.0000 0.0140 0.0524 0.0093 0.0338 0.0043 0.0118 0.1444 	2
15:	0.0000 0.1313 0.0000 0.1361 0.0000 0.5000 0.0000 0.0000 0.0630 0.0000 0.0000 0.0000 0.0000 0.0000 0.1081 0.0075 0.0425 0.0000 0.0000 0.0115 	2
16:	0.4497 0.0000 0.0158 0.0000 0.0090 0.0129 0.0181 0.0022 0.0000 0.0017 0.1850 0.0295 0.0321 0.0005 0.0000 0.0452 0.0296 0.0177 0.0824 0.0688 	2
17:	0.0000 0.0000 0.0278 0.0000 0.0000 0.4709 0.4820 0.0179 0.0000 0.0000 0.0000 0.0000 0.0013 0.0000 0.0000 0.0000 0.0000 0.0000 0.0000 0.0000 	2
18:	0.1964 0.0000 0.0034 0.0000 0.0028 0.0000 0.0001 0.0000 0.0000 0.0120 0.3274 0.0020 0.0151 0.0231 0.0000 0.0527 0.0376 0.0508 0.1806 0.0960 	3
19:	0.1170 0.0150 0.0648 0.0127 0.0417 0.0804 0.0000 0.0000 0.0054 0.0013 0.0473 0.0375 0.0003 0.0300 0.0019 0.3402 0.0562 0.0269 0.0928 0.0286 	3
