1:	0.0000 1.0000 0.0000 0.0000 0.0000 	1
2:	0.5083 0.0775 0.1795 0.1774 0.0572 	2
3:	0.7534 0.0126 0.0582 0.1537 0.0222 	6
4:	0.9327 0.0000 0.0025 0.0153 0.0495 	4
5:	0.4350 0.0343 0.1558 0.2945 0.0804 	15
6:	0.2372 0.4925 0.1318 0.0088 0.1296 	8
7:	0.4099 0.1184 0.1692 0.0937 0.2089 	20
8:	0.4140 0.1943 0.2444 0.0469 0.1004 	21
9:	0.3502 0.1020 0.3662 0.0363 0.1452 	14
10:	0.2518 0.0314 0.4348 0.2290 0.0530 	1
11:	0.1252 0.2177 0.0040 0.5853 0.0678 	3
12:	0.0000 0.2640 0.0000 0.7360 0.0000 	5
13:	0.0000 0.5400 0.0000 0.4600 0.0000 	2
14:	0.0042 0.5557 0.2071 0.0149 0.2180 	5
15:	0.1429 0.6009 0.1266 0.0935 0.0361 	7
