1:	0.2750 0.0003 0.1061 0.0179 0.0139 0.0144 0.1145 0.2502 0.0007 0.0588 0.0797 0.0186 0.0499 	23
2:	0.3427 0.0106 0.0046 0.0228 0.0094 0.0040 0.0549 0.2422 0.0550 0.0976 0.1232 0.0122 0.0208 	13
3:	0.5650 0.0000 0.0000 0.0152 0.0645 0.0103 0.0184 0.0102 0.0000 0.0152 0.2268 0.0187 0.0556 	5
4:	0.3571 0.1534 0.0034 0.0945 0.0068 0.0279 0.0048 0.0023 0.0630 0.0115 0.1882 0.0350 0.0521 	15
5:	0.3834 0.1431 0.0074 0.0980 0.0129 0.0138 0.0101 0.0035 0.1784 0.0078 0.1111 0.0139 0.0165 	18
6:	0.0778 0.1904 0.0097 0.1203 0.0064 0.1695 0.0251 0.0554 0.2666 0.0018 0.0568 0.0026 0.0176 	24
7:	0.3044 0.0350 0.2253 0.0531 0.0148 0.0250 0.0141 0.0039 0.0572 0.0089 0.1880 0.0203 0.0499 	9
8:	0.2734 0.0006 0.0909 0.0161 0.2036 0.0063 0.0435 0.0034 0.0001 0.0281 0.0883 0.1730 0.0726 	11
9:	0.0000 0.3068 0.0000 0.2571 0.0000 0.0000 0.0061 0.0000 0.4085 0.0000 0.0000 0.0000 0.0216 	1
10:	0.6146 0.0032 0.0221 0.0165 0.0244 0.0198 0.0117 0.0040 0.0010 0.0147 0.2183 0.0241 0.0255 	17
11:	0.0000 0.4353 0.0885 0.2189 0.0000 0.0000 0.0000 0.0000 0.2015 0.0000 0.0311 0.0000 0.0246 	1
12:	0.2464 0.0025 0.0541 0.0175 0.0057 0.2600 0.0444 0.1905 0.0189 0.0117 0.0995 0.0126 0.0363 	8
13:	0.0000 0.7064 0.0000 0.1214 0.0000 0.0000 0.0000 0.0000 0.1586 0.0000 0.0088 0.0000 0.0049 	5
14:	0.3064 0.2414 0.0000 0.1523 0.0095 0.0006 0.0056 0.0034 0.1037 0.0110 0.1282 0.0176 0.0203 	2
15:	0.0000 0.2486 0.0076 0.1050 0.0001 0.4786 0.0000 0.0000 0.1446 0.0000 0.0022 0.0000 0.0133 	2
16:	0.6133 0.0000 0.0230 0.0158 0.0211 0.0170 0.0290 0.0094 0.0000 0.0059 0.1937 0.0427 0.0293 	2
17:	0.0015 0.0031 0.0557 0.0023 0.0004 0.4262 0.2618 0.2411 0.0014 0.0000 0.0002 0.0000 0.0063 	2
18:	0.6578 0.0000 0.0048 0.0238 0.0099 0.0068 0.0132 0.0002 0.0000 0.0248 0.1949 0.0197 0.0442 	3
19:	0.2800 0.0057 0.0736 0.0255 0.0929 0.1096 0.0021 0.0044 0.0306 0.0076 0.2561 0.0534 0.0586 	3
