1:	0.0000 1.0000 0.0000 	1
2:	0.5866 0.2054 0.2080 	2
3:	0.7881 0.1128 0.0992 	6
4:	0.9765 0.0000 0.0235 	4
5:	0.5429 0.2233 0.2338 	15
6:	0.3412 0.5062 0.1526 	8
7:	0.5771 0.1745 0.2484 	20
8:	0.5400 0.2238 0.2362 	21
9:	0.5301 0.1279 0.3420 	14
10:	0.4048 0.1921 0.4031 	1
11:	0.1573 0.6249 0.2178 	3
12:	0.0000 0.7600 0.2400 	5
13:	0.0000 0.8500 0.1500 	2
14:	0.1646 0.5709 0.2644 	5
15:	0.1933 0.6711 0.1356 	7
