
Using the parameter settings in the file: 
''1763145196/clumpp.paramfile''

Parameter settings
----------------------- Main parameters -------------------------
DATATYPE = 0
INDFILE = 1763145196/ClumppIndFile
POPFILE = 
OUTFILE = 1763145196/ClumppIndFile.output
MISCFILE = 1763145196/ClumppIndFile.misc
K = 5
C = 94
R = 35
M = 3
W = 0
S = 2
- Additional options for the Greedy and LargeKGreedy algorithms -
GREEDY_OPTION = 2
REPEATS = 2000
PERMUTATIONFILE = 
----------------------- Optional outputs ------------------------
PRINT_PERMUTED_DATA = 0
PERMUTED_DATAFILE = 
PRINT_EVERY_PERM = 0
EVERY_PERMFILE = 
PRINT_RANDOM_INPUTORDER = 0
RANDOM_INPUTORDERFILE = 
----------------------- Advanced options ------------------------
OVERRIDE_WARNINGS = 0
ORDER_BY_RUN = 1


In total, 2000 configurations of runs and clusters will be tested.

Results
------------------------------
The highest value of H' is: 0.59057599500566

The list of permutations of the clusters that produces that
H' value is (runs are listed sequentially on separate rows)

1 2 3 4 5 
2 5 3 4 1 
4 5 2 3 1 
1 3 4 2 5 
1 3 2 4 5 
5 2 4 1 3 
4 3 1 5 2 
5 1 4 3 2 
2 5 4 1 3 
5 1 3 4 2 
2 4 1 3 5 
5 2 4 3 1 
2 4 5 3 1 
2 3 5 1 4 
3 5 1 2 4 
1 4 5 2 3 
1 3 4 2 5 
5 2 3 1 4 
4 3 2 1 5 
2 3 4 1 5 
2 1 3 4 5 
2 5 3 4 1 
5 4 1 3 2 
1 4 3 2 5 
5 1 2 3 4 
5 4 2 3 1 
4 2 1 3 5 
2 5 3 1 4 
2 4 1 5 3 
5 4 2 3 1 
4 3 5 2 1 
1 2 5 3 4 
3 4 2 5 1 
4 2 1 3 5 
3 1 4 2 5 

The pairwise G' values for each pair of runs where the clusters
of each run are permuted according to the list of permutations above

1.0000 0.5757 0.5776 0.5216 0.5358 0.5840 0.5266 0.5948 0.5220 0.4807 0.5545 0.6958 0.4807 0.6589 0.5829 0.5212 0.5439 0.5665 0.6644 0.6831 0.5619 0.5019 0.5720 0.5821 0.7511 0.4914 0.5736 0.6478 0.4807 0.6080 0.6745 0.7391 0.5612 0.4807 0.5354 
0.5757 1.0000 0.7115 0.6105 0.6195 0.6669 0.6470 0.6782 0.5933 0.6343 0.7414 0.5787 0.6343 0.5816 0.6760 0.6521 0.7272 0.7295 0.5739 0.4936 0.7209 0.6448 0.6816 0.6464 0.4949 0.6427 0.7143 0.5405 0.6343 0.7376 0.5969 0.6322 0.7317 0.6343 0.6366 
0.5776 0.7115 1.0000 0.7241 0.6299 0.6416 0.6767 0.6553 0.6709 0.5349 0.6983 0.5635 0.5349 0.6113 0.6971 0.6274 0.5965 0.7812 0.5778 0.5601 0.6263 0.6235 0.6799 0.6650 0.5418 0.6440 0.6464 0.5833 0.5349 0.6591 0.5527 0.5666 0.7679 0.5349 0.5954 
0.5216 0.6105 0.7241 1.0000 0.5943 0.5893 0.7251 0.6230 0.6289 0.4661 0.6452 0.4961 0.4661 0.6208 0.6341 0.5686 0.5190 0.7492 0.5513 0.5326 0.5670 0.5815 0.6780 0.6161 0.5612 0.6522 0.5696 0.5934 0.4661 0.5543 0.5466 0.4856 0.7280 0.4661 0.5535 
0.5358 0.6195 0.6299 0.5943 1.0000 0.6697 0.5682 0.6119 0.6615 0.5328 0.6894 0.5830 0.5328 0.4671 0.6466 0.7468 0.5647 0.5794 0.4864 0.6145 0.6912 0.6766 0.7110 0.6306 0.4802 0.5908 0.7295 0.5251 0.5328 0.6359 0.4651 0.5379 0.5988 0.5328 0.7214 
0.5840 0.6669 0.6416 0.5893 0.6697 1.0000 0.6114 0.7391 0.6389 0.6199 0.6997 0.5515 0.6199 0.5043 0.7957 0.6265 0.6948 0.5998 0.5060 0.5419 0.6592 0.5992 0.6543 0.7190 0.5312 0.5538 0.7246 0.4556 0.6199 0.7780 0.5164 0.5685 0.6144 0.6199 0.7300 
0.5266 0.6470 0.6767 0.7251 0.5682 0.6114 1.0000 0.6678 0.6150 0.5303 0.6008 0.4573 0.5303 0.6327 0.6396 0.5328 0.5892 0.7532 0.5937 0.4749 0.5760 0.5862 0.6630 0.6095 0.5577 0.7264 0.5363 0.5573 0.5303 0.5992 0.6041 0.4931 0.7645 0.5303 0.6012 
0.5948 0.6782 0.6553 0.6230 0.6119 0.7391 0.6678 1.0000 0.6379 0.6233 0.6544 0.5489 0.6233 0.5445 0.7959 0.5755 0.7004 0.6472 0.5672 0.5214 0.6602 0.6151 0.6027 0.7063 0.5565 0.5768 0.6649 0.4866 0.6233 0.7579 0.5368 0.5863 0.6501 0.6233 0.6929 
0.5220 0.5933 0.6709 0.6289 0.6615 0.6389 0.6150 0.6379 1.0000 0.4794 0.6528 0.4788 0.4794 0.5120 0.6891 0.5790 0.5005 0.6339 0.4971 0.5395 0.6497 0.6971 0.5835 0.6405 0.5119 0.6463 0.5879 0.5322 0.4794 0.5969 0.4867 0.5159 0.6028 0.4794 0.6978 
0.4807 0.6343 0.5349 0.4661 0.5328 0.6199 0.5303 0.6233 0.4794 1.0000 0.5390 0.4526 0.9997 0.4440 0.5850 0.4828 0.7511 0.5332 0.4801 0.3946 0.5690 0.4688 0.5367 0.5149 0.4135 0.4788 0.5643 0.4126 1.0000 0.6664 0.4555 0.4967 0.5373 1.0000 0.5642 
0.5545 0.7414 0.6983 0.6452 0.6894 0.6997 0.6008 0.6544 0.6528 0.5390 1.0000 0.5959 0.5390 0.5367 0.7311 0.7050 0.6083 0.6718 0.5283 0.5354 0.7585 0.7248 0.6636 0.6954 0.5011 0.6278 0.8015 0.5344 0.5390 0.6870 0.5349 0.6082 0.6724 0.5390 0.6666 
0.6958 0.5787 0.5635 0.4961 0.5830 0.5515 0.4573 0.5489 0.4788 0.4526 0.5959 1.0000 0.4526 0.5921 0.5654 0.5872 0.5143 0.5080 0.6163 0.7180 0.5592 0.5300 0.5644 0.5651 0.5728 0.4458 0.6331 0.5999 0.4526 0.5804 0.5757 0.7119 0.5370 0.4526 0.5267 
0.4807 0.6343 0.5349 0.4661 0.5328 0.6199 0.5303 0.6233 0.4794 0.9997 0.5390 0.4526 1.0000 0.4440 0.5850 0.4828 0.7510 0.5332 0.4801 0.3945 0.5690 0.4688 0.5367 0.5148 0.4135 0.4788 0.5643 0.4126 0.9997 0.6664 0.4555 0.4967 0.5373 0.9997 0.5642 
0.6589 0.5816 0.6113 0.6208 0.4671 0.5043 0.6327 0.5445 0.5120 0.4440 0.5367 0.5921 0.4440 1.0000 0.5494 0.4473 0.4948 0.6743 0.7141 0.5761 0.5043 0.4872 0.5462 0.5089 0.6647 0.6017 0.4768 0.7588 0.4440 0.5048 0.7751 0.6595 0.6616 0.4440 0.4700 
0.5829 0.6760 0.6971 0.6341 0.6466 0.7957 0.6396 0.7959 0.6891 0.5850 0.7311 0.5654 0.5850 0.5494 1.0000 0.5938 0.6527 0.6663 0.5382 0.5339 0.6580 0.6413 0.6166 0.7404 0.5422 0.6046 0.7017 0.5031 0.5850 0.7455 0.5200 0.5932 0.6736 0.5850 0.6908 
0.5212 0.6521 0.6274 0.5686 0.7468 0.6265 0.5328 0.5755 0.5790 0.4828 0.7050 0.5872 0.4828 0.4473 0.5938 1.0000 0.5448 0.5738 0.4681 0.5978 0.6690 0.6890 0.6708 0.6235 0.4547 0.5269 0.7832 0.4702 0.4828 0.6272 0.4791 0.5593 0.5691 0.4828 0.6370 
0.5439 0.7272 0.5965 0.5190 0.5647 0.6948 0.5892 0.7004 0.5005 0.7511 0.6083 0.5143 0.7510 0.4948 0.6527 0.5448 1.0000 0.6022 0.5341 0.4488 0.6032 0.4963 0.6066 0.5727 0.4607 0.5064 0.6382 0.4391 0.7511 0.7566 0.5067 0.5606 0.6071 0.7510 0.5886 
0.5665 0.7295 0.7812 0.7492 0.5794 0.5998 0.7532 0.6472 0.6339 0.5332 0.6718 0.5080 0.5332 0.6743 0.6663 0.5738 0.6022 1.0000 0.5935 0.4992 0.6261 0.6103 0.6649 0.6114 0.5508 0.7354 0.5998 0.6333 0.5332 0.6122 0.6213 0.5657 0.8377 0.5332 0.5607 
0.6644 0.5739 0.5778 0.5513 0.4864 0.5060 0.5937 0.5672 0.4971 0.4801 0.5283 0.6163 0.4801 0.7141 0.5382 0.4681 0.5341 0.5935 1.0000 0.5738 0.5283 0.4934 0.5382 0.5123 0.6437 0.5014 0.5008 0.6630 0.4801 0.5570 0.6840 0.6317 0.5898 0.4801 0.4967 
0.6831 0.4936 0.5601 0.5326 0.6145 0.5419 0.4749 0.5214 0.5395 0.3946 0.5354 0.7180 0.3945 0.5761 0.5339 0.5978 0.4488 0.4992 0.5738 1.0000 0.4941 0.5232 0.5565 0.5516 0.6241 0.4373 0.5611 0.6089 0.3946 0.5156 0.5414 0.6342 0.4898 0.3946 0.5267 
0.5619 0.7209 0.6263 0.5670 0.6912 0.6592 0.5760 0.6602 0.6497 0.5690 0.7585 0.5592 0.5690 0.5043 0.6580 0.6690 0.6032 0.6261 0.5283 0.4941 1.0000 0.7436 0.6207 0.6422 0.4857 0.6334 0.7584 0.5160 0.5690 0.7017 0.5433 0.6120 0.6196 0.5690 0.7259 
0.5019 0.6448 0.6235 0.5815 0.6766 0.5992 0.5862 0.6151 0.6971 0.4688 0.7248 0.5300 0.4688 0.4872 0.6413 0.6890 0.4963 0.6103 0.4934 0.5232 0.7436 1.0000 0.5794 0.6721 0.4639 0.6472 0.6813 0.5222 0.4688 0.6026 0.5039 0.5619 0.5982 0.4688 0.7108 
0.5720 0.6816 0.6799 0.6780 0.7110 0.6543 0.6630 0.6027 0.5835 0.5367 0.6636 0.5644 0.5367 0.5462 0.6166 0.6708 0.6066 0.6649 0.5382 0.5565 0.6207 0.5794 1.0000 0.6419 0.5433 0.6288 0.6671 0.5574 0.5367 0.6449 0.5507 0.5203 0.7209 0.5367 0.6156 
0.5821 0.6464 0.6650 0.6161 0.6306 0.7190 0.6095 0.7063 0.6405 0.5149 0.6954 0.5651 0.5148 0.5089 0.7404 0.6235 0.5727 0.6114 0.5123 0.5516 0.6422 0.6721 0.6419 1.0000 0.5585 0.5608 0.6867 0.4868 0.5149 0.7133 0.5106 0.5478 0.6336 0.5149 0.7034 
0.7511 0.4949 0.5418 0.5612 0.4802 0.5312 0.5577 0.5565 0.5119 0.4135 0.5011 0.5728 0.4135 0.6647 0.5422 0.4547 0.4607 0.5508 0.6437 0.6241 0.4857 0.4639 0.5433 0.5585 1.0000 0.4985 0.4905 0.6572 0.4135 0.5097 0.6634 0.6036 0.5378 0.4135 0.4787 
0.4914 0.6427 0.6440 0.6522 0.5908 0.5538 0.7264 0.5768 0.6463 0.4788 0.6278 0.4458 0.4788 0.6017 0.6046 0.5269 0.5064 0.7354 0.5014 0.4373 0.6334 0.6472 0.6288 0.5608 0.4985 1.0000 0.5452 0.6085 0.4788 0.5250 0.5997 0.5134 0.7355 0.4788 0.6056 
0.5736 0.7143 0.6464 0.5696 0.7295 0.7246 0.5363 0.6649 0.5879 0.5643 0.8015 0.6331 0.5643 0.4768 0.7017 0.7832 0.6382 0.5998 0.5008 0.5611 0.7584 0.6813 0.6671 0.6867 0.4905 0.5452 1.0000 0.4814 0.5643 0.7333 0.5057 0.6215 0.6066 0.5643 0.6785 
0.6478 0.5405 0.5833 0.5934 0.5251 0.4556 0.5573 0.4866 0.5322 0.4126 0.5344 0.5999 0.4126 0.7588 0.5031 0.4702 0.4391 0.6333 0.6630 0.6089 0.5160 0.5222 0.5574 0.4868 0.6572 0.6085 0.4814 1.0000 0.4126 0.4526 0.6947 0.6320 0.6117 0.4126 0.4685 
0.4807 0.6343 0.5349 0.4661 0.5328 0.6199 0.5303 0.6233 0.4794 1.0000 0.5390 0.4526 0.9997 0.4440 0.5850 0.4828 0.7511 0.5332 0.4801 0.3946 0.5690 0.4688 0.5367 0.5149 0.4135 0.4788 0.5643 0.4126 1.0000 0.6664 0.4555 0.4967 0.5373 1.0000 0.5642 
0.6080 0.7376 0.6591 0.5543 0.6359 0.7780 0.5992 0.7579 0.5969 0.6664 0.6870 0.5804 0.6664 0.5048 0.7455 0.6272 0.7566 0.6122 0.5570 0.5156 0.7017 0.6026 0.6449 0.7133 0.5097 0.5250 0.7333 0.4526 0.6664 1.0000 0.5137 0.6072 0.6280 0.6664 0.6838 
0.6745 0.5969 0.5527 0.5466 0.4651 0.5164 0.6041 0.5368 0.4867 0.4555 0.5349 0.5757 0.4555 0.7751 0.5200 0.4791 0.5067 0.6213 0.6840 0.5414 0.5433 0.5039 0.5507 0.5106 0.6634 0.5997 0.5057 0.6947 0.4555 0.5137 1.0000 0.6753 0.6008 0.4555 0.5087 
0.7391 0.6322 0.5666 0.4856 0.5379 0.5685 0.4931 0.5863 0.5159 0.4967 0.6082 0.7119 0.4967 0.6595 0.5932 0.5593 0.5606 0.5657 0.6317 0.6342 0.6120 0.5619 0.5203 0.5478 0.6036 0.5134 0.6215 0.6320 0.4967 0.6072 0.6753 1.0000 0.5500 0.4967 0.5435 
0.5612 0.7317 0.7679 0.7280 0.5988 0.6144 0.7645 0.6501 0.6028 0.5373 0.6724 0.5370 0.5373 0.6616 0.6736 0.5691 0.6071 0.8377 0.5898 0.4898 0.6196 0.5982 0.7209 0.6336 0.5378 0.7355 0.6066 0.6117 0.5373 0.6280 0.6008 0.5500 1.0000 0.5373 0.5728 
0.4807 0.6343 0.5349 0.4661 0.5328 0.6199 0.5303 0.6233 0.4794 1.0000 0.5390 0.4526 0.9997 0.4440 0.5850 0.4828 0.7510 0.5332 0.4801 0.3946 0.5690 0.4688 0.5367 0.5149 0.4135 0.4788 0.5643 0.4126 1.0000 0.6664 0.4555 0.4967 0.5373 1.0000 0.5642 
0.5354 0.6366 0.5954 0.5535 0.7214 0.7300 0.6012 0.6929 0.6978 0.5642 0.6666 0.5267 0.5642 0.4700 0.6908 0.6370 0.5886 0.5607 0.4967 0.5267 0.7259 0.7108 0.6156 0.7034 0.4787 0.6056 0.6785 0.4685 0.5642 0.6838 0.5087 0.5435 0.5728 0.5642 1.0000 
