1:	0.5940 0.0075 0.0143 0.3732 0.0110 	13
2:	0.5480 0.0000 0.0716 0.3171 0.0633 	14
3:	0.2217 0.1250 0.1966 0.2063 0.2504 	18
4:	0.4970 0.1825 0.0754 0.2451 0.0000 	11
5:	0.3148 0.3384 0.0150 0.2017 0.1301 	6
6:	0.0725 0.5556 0.0607 0.0497 0.2615 	17
7:	0.8153 0.0000 0.0000 0.1847 0.0000 	1
8:	0.7093 0.0000 0.0505 0.2402 0.0000 	1
9:	0.0000 0.0000 1.0000 0.0000 0.0000 	1
10:	0.6620 0.0000 0.1335 0.2045 0.0000 	1
11:	0.6194 0.0000 0.2232 0.1575 0.0000 	2
12:	0.5309 0.0279 0.1005 0.2462 0.0945 	8
13:	0.6755 0.0000 0.0000 0.3245 0.0000 	1
