1:	0.3847 0.0046 0.0133 0.3432 0.0110 0.2334 0.0097 	13
2:	0.4661 0.0000 0.0713 0.2328 0.0029 0.1570 0.0700 	14
3:	0.1877 0.0796 0.1964 0.1378 0.1939 0.0916 0.1131 	18
4:	0.1899 0.1822 0.0725 0.3503 0.0000 0.1973 0.0078 	11
5:	0.1727 0.3373 0.0012 0.1798 0.0055 0.1414 0.1621 	6
6:	0.0776 0.4640 0.0528 0.0228 0.3491 0.0313 0.0024 	17
7:	0.1612 0.0000 0.0000 0.7820 0.0000 0.0568 0.0000 	1
8:	0.1821 0.0000 0.0409 0.5736 0.0000 0.1634 0.0400 	1
9:	0.0000 0.0000 1.0000 0.0000 0.0000 0.0000 0.0000 	1
10:	0.2634 0.0000 0.1307 0.3962 0.0000 0.1982 0.0115 	1
11:	0.2500 0.0000 0.2248 0.3481 0.0000 0.1769 0.0000 	2
12:	0.3262 0.0000 0.0989 0.2757 0.1250 0.1737 0.0004 	8
13:	0.2742 0.0000 0.0000 0.5837 0.0000 0.1421 0.0000 	1
