
Using the parameter settings in the file: 
''1763145196/clumpp.paramfile''

Parameter settings
----------------------- Main parameters -------------------------
DATATYPE = 0
INDFILE = 1763145196/ClumppIndFile
POPFILE = 
OUTFILE = 1763145196/ClumppIndFile.output
MISCFILE = 1763145196/ClumppIndFile.misc
K = 7
C = 94
R = 25
M = 3
W = 0
S = 2
- Additional options for the Greedy and LargeKGreedy algorithms -
GREEDY_OPTION = 2
REPEATS = 2000
PERMUTATIONFILE = 
----------------------- Optional outputs ------------------------
PRINT_PERMUTED_DATA = 0
PERMUTED_DATAFILE = 
PRINT_EVERY_PERM = 0
EVERY_PERMFILE = 
PRINT_RANDOM_INPUTORDER = 0
RANDOM_INPUTORDERFILE = 
----------------------- Advanced options ------------------------
OVERRIDE_WARNINGS = 0
ORDER_BY_RUN = 1


In total, 2000 configurations of runs and clusters will be tested.

Results
------------------------------
The highest value of H' is: 0.56041980760283

The list of permutations of the clusters that produces that
H' value is (runs are listed sequentially on separate rows)

1 2 3 4 5 6 7 
6 7 4 2 5 3 1 
3 7 4 1 6 5 2 
6 3 2 7 4 1 5 
4 7 3 6 2 5 1 
2 5 7 4 3 1 6 
7 1 5 4 2 6 3 
5 7 6 2 3 4 1 
2 5 6 4 7 3 1 
2 7 5 3 1 4 6 
2 4 6 3 1 5 7 
4 5 6 1 7 3 2 
4 7 6 5 3 2 1 
6 1 2 7 3 4 5 
7 3 4 2 6 1 5 
5 6 2 1 3 4 7 
4 7 5 2 6 1 3 
4 1 3 6 2 5 7 
3 1 7 4 2 6 5 
1 3 2 4 7 5 6 
2 1 7 4 3 5 6 
6 7 4 2 1 5 3 
4 5 6 3 7 1 2 
2 1 3 7 4 5 6 
5 4 1 7 3 6 2 

The pairwise G' values for each pair of runs where the clusters
of each run are permuted according to the list of permutations above

1.0000 0.5509 0.5300 0.5749 0.4666 0.5662 0.5844 0.5449 0.5996 0.5745 0.5850 0.5703 0.5031 0.6015 0.6020 0.6186 0.5264 0.6002 0.5277 0.5411 0.5659 0.5931 0.5899 0.5065 0.5312 
0.5509 1.0000 0.5112 0.6280 0.4744 0.5713 0.6206 0.6135 0.6825 0.4985 0.6704 0.5855 0.5522 0.6018 0.6072 0.5644 0.5453 0.4889 0.5196 0.4806 0.5770 0.5982 0.6233 0.5837 0.5433 
0.5300 0.5112 1.0000 0.5530 0.4337 0.5418 0.5664 0.5304 0.5424 0.6017 0.4966 0.5907 0.5280 0.5196 0.5537 0.5568 0.5033 0.5334 0.6909 0.5669 0.5471 0.5876 0.5538 0.5680 0.5841 
0.5749 0.6280 0.5530 1.0000 0.5639 0.5765 0.6934 0.5481 0.6034 0.5868 0.6660 0.5825 0.6078 0.5448 0.6694 0.5344 0.5084 0.5737 0.5290 0.5017 0.5787 0.6426 0.6456 0.6084 0.6202 
0.4666 0.4744 0.4337 0.5639 1.0000 0.4848 0.5660 0.4316 0.4868 0.4947 0.4915 0.4525 0.5845 0.4181 0.5187 0.4381 0.4203 0.5133 0.4420 0.3902 0.4363 0.5602 0.4529 0.5163 0.5456 
0.5662 0.5713 0.5418 0.5765 0.4848 1.0000 0.6007 0.5964 0.6687 0.5804 0.5356 0.6375 0.5508 0.5097 0.5788 0.4827 0.5570 0.5593 0.5854 0.5361 0.6148 0.6078 0.5958 0.5904 0.5743 
0.5844 0.6206 0.5664 0.6934 0.5660 0.6007 1.0000 0.5625 0.6077 0.5785 0.6396 0.5791 0.6116 0.5478 0.7029 0.5516 0.5108 0.5577 0.5624 0.5149 0.6024 0.6696 0.6205 0.6735 0.6159 
0.5449 0.6135 0.5304 0.5481 0.4316 0.5964 0.5625 1.0000 0.6166 0.4929 0.5645 0.5611 0.5063 0.5437 0.5227 0.4866 0.4824 0.4601 0.5515 0.5004 0.6349 0.5566 0.5857 0.5441 0.5535 
0.5996 0.6825 0.5424 0.6034 0.4868 0.6687 0.6077 0.6166 1.0000 0.5539 0.6038 0.6588 0.5453 0.5738 0.6506 0.5929 0.6444 0.5355 0.5538 0.5426 0.5772 0.6434 0.5935 0.5709 0.5639 
0.5745 0.4985 0.6017 0.5868 0.4947 0.5804 0.5785 0.4929 0.5539 1.0000 0.5273 0.6256 0.5508 0.4930 0.5599 0.5560 0.5092 0.6355 0.5601 0.5363 0.5529 0.6657 0.5839 0.5740 0.6378 
0.5850 0.6704 0.4966 0.6660 0.4915 0.5356 0.6396 0.5645 0.6038 0.5273 1.0000 0.5476 0.5363 0.5728 0.6033 0.5330 0.4972 0.5583 0.5323 0.5077 0.5879 0.5973 0.6072 0.5865 0.5489 
0.5703 0.5855 0.5907 0.5825 0.4525 0.6375 0.5791 0.5611 0.6588 0.6256 0.5476 1.0000 0.5345 0.5333 0.5574 0.6253 0.6224 0.5374 0.6097 0.6279 0.6034 0.6833 0.6017 0.5643 0.6282 
0.5031 0.5522 0.5280 0.6078 0.5845 0.5508 0.6116 0.5063 0.5453 0.5508 0.5363 0.5345 1.0000 0.4977 0.5572 0.4734 0.5218 0.5822 0.5191 0.4524 0.5042 0.6038 0.5704 0.5606 0.6515 
0.6015 0.6018 0.5196 0.5448 0.4181 0.5097 0.5478 0.5437 0.5738 0.4930 0.5728 0.5333 0.4977 1.0000 0.5393 0.5835 0.5218 0.5391 0.5568 0.4290 0.5356 0.5573 0.5618 0.5081 0.5206 
0.6020 0.6072 0.5537 0.6694 0.5187 0.5788 0.7029 0.5227 0.6506 0.5599 0.6033 0.5574 0.5572 0.5393 1.0000 0.5674 0.5478 0.5575 0.5424 0.4976 0.5976 0.6038 0.6100 0.6399 0.5399 
0.6186 0.5644 0.5568 0.5344 0.4381 0.4827 0.5516 0.4866 0.5929 0.5560 0.5330 0.6253 0.4734 0.5835 0.5674 1.0000 0.5270 0.5358 0.5285 0.5454 0.5304 0.6265 0.5391 0.4795 0.5348 
0.5264 0.5453 0.5033 0.5084 0.4203 0.5570 0.5108 0.4824 0.6444 0.5092 0.4972 0.6224 0.5218 0.5218 0.5478 0.5270 1.0000 0.5109 0.5335 0.5165 0.5160 0.5622 0.5593 0.4968 0.5142 
0.6002 0.4889 0.5334 0.5737 0.5133 0.5593 0.5577 0.4601 0.5355 0.6355 0.5583 0.5374 0.5822 0.5391 0.5575 0.5358 0.5109 1.0000 0.5495 0.5029 0.5247 0.5406 0.5746 0.5745 0.5383 
0.5277 0.5196 0.6909 0.5290 0.4420 0.5854 0.5624 0.5515 0.5538 0.5601 0.5323 0.6097 0.5191 0.5568 0.5424 0.5285 0.5335 0.5495 1.0000 0.5906 0.5980 0.5591 0.5390 0.5666 0.5144 
0.5411 0.4806 0.5669 0.5017 0.3902 0.5361 0.5149 0.5004 0.5426 0.5363 0.5077 0.6279 0.4524 0.4290 0.4976 0.5454 0.5165 0.5029 0.5906 1.0000 0.5644 0.5343 0.4977 0.5110 0.5151 
0.5659 0.5770 0.5471 0.5787 0.4363 0.6148 0.6024 0.6349 0.5772 0.5529 0.5879 0.6034 0.5042 0.5356 0.5976 0.5304 0.5160 0.5247 0.5980 0.5644 1.0000 0.5720 0.6732 0.6119 0.5719 
0.5931 0.5982 0.5876 0.6426 0.5602 0.6078 0.6696 0.5566 0.6434 0.6657 0.5973 0.6833 0.6038 0.5573 0.6038 0.6265 0.5622 0.5406 0.5591 0.5343 0.5720 1.0000 0.5835 0.6013 0.7313 
0.5899 0.6233 0.5538 0.6456 0.4529 0.5958 0.6205 0.5857 0.5935 0.5839 0.6072 0.6017 0.5704 0.5618 0.6100 0.5391 0.5593 0.5746 0.5390 0.4977 0.6732 0.5835 1.0000 0.5835 0.5954 
0.5065 0.5837 0.5680 0.6084 0.5163 0.5904 0.6735 0.5441 0.5709 0.5740 0.5865 0.5643 0.5606 0.5081 0.6399 0.4795 0.4968 0.5745 0.5666 0.5110 0.6119 0.6013 0.5835 1.0000 0.5714 
0.5312 0.5433 0.5841 0.6202 0.5456 0.5743 0.6159 0.5535 0.5639 0.6378 0.5489 0.6282 0.6515 0.5206 0.5399 0.5348 0.5142 0.5383 0.5144 0.5151 0.5719 0.7313 0.5954 0.5714 1.0000 
