
Using the parameter settings in the file: 
''1763145196/clumpp.paramfile''

Parameter settings
----------------------- Main parameters -------------------------
DATATYPE = 0
INDFILE = 1763145196/ClumppIndFile
POPFILE = 
OUTFILE = 1763145196/ClumppIndFile.output
MISCFILE = 1763145196/ClumppIndFile.misc
K = 8
C = 94
R = 38
M = 3
W = 0
S = 2
- Additional options for the Greedy and LargeKGreedy algorithms -
GREEDY_OPTION = 2
REPEATS = 2000
PERMUTATIONFILE = 
----------------------- Optional outputs ------------------------
PRINT_PERMUTED_DATA = 0
PERMUTED_DATAFILE = 
PRINT_EVERY_PERM = 0
EVERY_PERMFILE = 
PRINT_RANDOM_INPUTORDER = 0
RANDOM_INPUTORDERFILE = 
----------------------- Advanced options ------------------------
OVERRIDE_WARNINGS = 0
ORDER_BY_RUN = 1


In total, 2000 configurations of runs and clusters will be tested.

Results
------------------------------
The highest value of H' is: 0.51939031614330

The list of permutations of the clusters that produces that
H' value is (runs are listed sequentially on separate rows)

1 2 3 4 5 6 7 8 
1 7 3 4 2 5 8 6 
7 5 4 6 1 8 3 2 
1 5 4 3 7 8 6 2 
7 6 2 5 4 3 8 1 
1 4 7 6 3 2 8 5 
1 7 6 5 3 8 4 2 
6 7 4 1 5 2 8 3 
8 1 6 5 3 2 7 4 
7 6 5 2 8 3 4 1 
1 4 5 7 6 2 3 8 
6 7 1 2 4 5 3 8 
2 4 6 3 1 5 8 7 
5 6 1 4 8 2 3 7 
7 8 1 3 2 5 6 4 
1 3 2 4 8 5 6 7 
4 5 8 1 3 2 6 7 
5 8 1 7 6 3 4 2 
4 7 2 3 1 8 5 6 
2 1 3 7 5 6 4 8 
2 7 8 5 6 4 3 1 
5 7 8 2 4 3 6 1 
7 5 6 4 8 3 2 1 
1 2 8 7 3 4 6 5 
5 2 4 3 7 6 8 1 
1 4 5 8 7 2 3 6 
1 5 7 8 4 3 6 2 
6 2 1 8 5 4 7 3 
8 2 4 5 1 6 3 7 
1 5 6 8 3 7 2 4 
1 8 7 2 5 6 3 4 
5 2 6 7 4 8 3 1 
5 4 7 8 1 3 2 6 
8 3 2 4 5 6 1 7 
4 8 3 1 7 6 5 2 
2 1 6 7 5 3 8 4 
5 6 8 3 2 4 7 1 
7 4 5 1 8 3 6 2 

The pairwise G' values for each pair of runs where the clusters
of each run are permuted according to the list of permutations above

1.0000 0.4671 0.5071 0.4651 0.4833 0.5526 0.4682 0.4972 0.5107 0.5057 0.4847 0.5479 0.4881 0.5360 0.5694 0.5099 0.5168 0.4728 0.4953 0.4727 0.4977 0.4905 0.5518 0.5162 0.4649 0.4713 0.4912 0.3708 0.5501 0.5288 0.4751 0.5337 0.5179 0.5727 0.5022 0.4341 0.4156 0.4578 
0.4671 1.0000 0.5236 0.5345 0.5625 0.5104 0.5384 0.5271 0.5294 0.5372 0.5751 0.5013 0.5473 0.6133 0.5844 0.5057 0.5811 0.5186 0.5208 0.5617 0.5855 0.5586 0.5626 0.5649 0.5837 0.5034 0.5815 0.4579 0.5740 0.4813 0.5419 0.5939 0.4774 0.5696 0.5770 0.5133 0.4985 0.6445 
0.5071 0.5236 1.0000 0.5752 0.5436 0.5601 0.4797 0.5126 0.5334 0.4635 0.5348 0.5745 0.5414 0.5371 0.4968 0.5059 0.5148 0.5804 0.4830 0.5233 0.5637 0.5943 0.5347 0.5204 0.5618 0.4970 0.5171 0.4048 0.5646 0.6024 0.4975 0.5487 0.5388 0.4981 0.5509 0.4855 0.4345 0.5120 
0.4651 0.5345 0.5752 1.0000 0.4774 0.4906 0.4621 0.4459 0.4844 0.4434 0.5253 0.4836 0.5124 0.5673 0.4656 0.4634 0.5052 0.6343 0.4414 0.5004 0.5489 0.5238 0.4491 0.5127 0.5274 0.5125 0.5084 0.3983 0.5047 0.5096 0.4324 0.5086 0.4557 0.4596 0.5203 0.5067 0.4119 0.5783 
0.4833 0.5625 0.5436 0.4774 1.0000 0.4646 0.5459 0.4654 0.5415 0.5397 0.5931 0.5386 0.5214 0.5484 0.5676 0.4860 0.5924 0.4914 0.5195 0.4817 0.4704 0.5515 0.5010 0.5926 0.5138 0.4630 0.5253 0.4240 0.5787 0.5476 0.5377 0.5504 0.4991 0.5014 0.5155 0.4315 0.4560 0.5522 
0.5526 0.5104 0.5601 0.4906 0.4646 1.0000 0.4855 0.5438 0.5937 0.5055 0.4426 0.5609 0.4724 0.5480 0.5607 0.4971 0.4838 0.5275 0.5013 0.5541 0.5584 0.5984 0.5965 0.5353 0.5213 0.5435 0.5463 0.4277 0.5486 0.5496 0.5180 0.5214 0.4988 0.4844 0.5230 0.5084 0.4254 0.4894 
0.4682 0.5384 0.4797 0.4621 0.5459 0.4855 1.0000 0.5108 0.5578 0.4795 0.5217 0.4499 0.5066 0.5666 0.5216 0.4604 0.5654 0.5364 0.5752 0.5357 0.5108 0.4731 0.5134 0.5141 0.5448 0.5304 0.5759 0.4169 0.5708 0.5484 0.5249 0.5358 0.4496 0.4701 0.4899 0.4951 0.4109 0.5218 
0.4972 0.5271 0.5126 0.4459 0.4654 0.5438 0.5108 1.0000 0.4910 0.4764 0.4899 0.5280 0.5293 0.5176 0.5090 0.4983 0.4793 0.4817 0.4830 0.5371 0.5205 0.4949 0.6045 0.4647 0.5008 0.5453 0.4982 0.3884 0.5744 0.5095 0.4526 0.5016 0.4636 0.5356 0.5529 0.5090 0.4190 0.4600 
0.5107 0.5294 0.5334 0.4844 0.5415 0.5937 0.5578 0.4910 1.0000 0.5641 0.5313 0.5121 0.5501 0.5681 0.6370 0.5420 0.6128 0.5384 0.5764 0.5823 0.5764 0.5148 0.6117 0.5402 0.5458 0.5303 0.6334 0.5055 0.6545 0.6031 0.6127 0.5495 0.4998 0.5243 0.5566 0.4769 0.4356 0.5500 
0.5057 0.5372 0.4635 0.4434 0.5397 0.5055 0.4795 0.4764 0.5641 1.0000 0.5437 0.5464 0.5154 0.5603 0.5545 0.5420 0.5018 0.4522 0.4960 0.5303 0.5010 0.4646 0.5962 0.5504 0.4928 0.5032 0.5729 0.4170 0.5741 0.5421 0.5315 0.5115 0.5315 0.5647 0.5217 0.4399 0.5007 0.4989 
0.4847 0.5751 0.5348 0.5253 0.5931 0.4426 0.5217 0.4899 0.5313 0.5437 1.0000 0.4999 0.6094 0.5481 0.5860 0.4884 0.5512 0.5196 0.5143 0.4877 0.4981 0.5225 0.5455 0.5128 0.5323 0.4853 0.5238 0.4646 0.5806 0.5770 0.5090 0.5080 0.5785 0.4867 0.5360 0.4516 0.4393 0.5384 
0.5479 0.5013 0.5745 0.4836 0.5386 0.5609 0.4499 0.5280 0.5121 0.5464 0.4999 1.0000 0.4961 0.5501 0.5281 0.5374 0.5204 0.4652 0.4782 0.4841 0.4888 0.5635 0.5966 0.5461 0.5206 0.4907 0.5134 0.3729 0.5702 0.5859 0.4644 0.5250 0.5570 0.5195 0.5331 0.4263 0.4802 0.4775 
0.4881 0.5473 0.5414 0.5124 0.5214 0.4724 0.5066 0.5293 0.5501 0.5154 0.6094 0.4961 1.0000 0.5361 0.5409 0.4692 0.5358 0.5006 0.5223 0.5061 0.5680 0.4537 0.5299 0.4696 0.5582 0.4908 0.5725 0.4628 0.6106 0.5817 0.4807 0.5017 0.4673 0.5144 0.5654 0.4739 0.4335 0.5162 
0.5360 0.6133 0.5371 0.5673 0.5484 0.5480 0.5666 0.5176 0.5681 0.5603 0.5481 0.5501 0.5361 1.0000 0.5866 0.5443 0.5376 0.5593 0.5575 0.5913 0.6074 0.5234 0.5779 0.5733 0.5845 0.5636 0.6298 0.4185 0.6137 0.5636 0.5304 0.6031 0.4876 0.5656 0.5745 0.5215 0.4923 0.5818 
0.5694 0.5844 0.4968 0.4656 0.5676 0.5607 0.5216 0.5090 0.6370 0.5545 0.5860 0.5281 0.5409 0.5866 1.0000 0.5114 0.6125 0.4805 0.5717 0.5272 0.5401 0.5270 0.6504 0.5566 0.4969 0.4986 0.5941 0.4845 0.6373 0.5386 0.5643 0.5637 0.5302 0.5662 0.5316 0.4902 0.4692 0.5614 
0.5099 0.5057 0.5059 0.4634 0.4860 0.4971 0.4604 0.4983 0.5420 0.5420 0.4884 0.5374 0.4692 0.5443 0.5114 1.0000 0.5094 0.5091 0.5294 0.5825 0.5288 0.5116 0.6223 0.4823 0.4770 0.4749 0.5082 0.4187 0.5609 0.5202 0.4924 0.5809 0.5542 0.5963 0.5744 0.4270 0.4628 0.5484 
0.5168 0.5811 0.5148 0.5052 0.5924 0.4838 0.5654 0.4793 0.6128 0.5018 0.5512 0.5204 0.5358 0.5376 0.6125 0.5094 1.0000 0.4869 0.5132 0.5069 0.5448 0.5162 0.5209 0.5356 0.5504 0.4654 0.5824 0.4421 0.6184 0.5189 0.5739 0.5465 0.4934 0.5440 0.5044 0.4738 0.4393 0.5627 
0.4728 0.5186 0.5804 0.6343 0.4914 0.5275 0.5364 0.4817 0.5384 0.4522 0.5196 0.4652 0.5006 0.5593 0.4805 0.5091 0.4869 1.0000 0.4896 0.5432 0.5446 0.5372 0.4991 0.5021 0.4963 0.5062 0.5090 0.4339 0.5084 0.5213 0.4651 0.5592 0.4983 0.4637 0.5195 0.4898 0.4113 0.5712 
0.4953 0.5208 0.4830 0.4414 0.5195 0.5013 0.5752 0.4830 0.5764 0.4960 0.5143 0.4782 0.5223 0.5575 0.5717 0.5294 0.5132 0.4896 1.0000 0.5548 0.5060 0.4677 0.5246 0.5073 0.5561 0.5385 0.5613 0.4462 0.5627 0.5611 0.5257 0.6006 0.4945 0.5296 0.5064 0.4874 0.4500 0.5292 
0.4727 0.5617 0.5233 0.5004 0.4817 0.5541 0.5357 0.5371 0.5823 0.5303 0.4877 0.4841 0.5061 0.5913 0.5272 0.5825 0.5069 0.5432 0.5548 1.0000 0.5737 0.5095 0.6011 0.5537 0.5416 0.5110 0.5829 0.4589 0.6038 0.5341 0.4890 0.5819 0.4639 0.5363 0.5766 0.5142 0.4494 0.6037 
0.4977 0.5855 0.5637 0.5489 0.4704 0.5584 0.5108 0.5205 0.5764 0.5010 0.4981 0.4888 0.5680 0.6074 0.5401 0.5288 0.5448 0.5446 0.5060 0.5737 1.0000 0.4908 0.5546 0.5104 0.5880 0.5428 0.6196 0.4591 0.5860 0.5205 0.5216 0.5814 0.4638 0.5561 0.5784 0.5682 0.4582 0.5620 
0.4905 0.5586 0.5943 0.5238 0.5515 0.5984 0.4731 0.4949 0.5148 0.4646 0.5225 0.5635 0.4537 0.5234 0.5270 0.5116 0.5162 0.5372 0.4677 0.5095 0.4908 1.0000 0.5401 0.5628 0.5174 0.4649 0.4957 0.4171 0.5326 0.5203 0.5123 0.5375 0.5233 0.4831 0.5013 0.4238 0.4471 0.5374 
0.5518 0.5626 0.5347 0.4491 0.5010 0.5965 0.5134 0.6045 0.6117 0.5962 0.5455 0.5966 0.5299 0.5779 0.6504 0.6223 0.5209 0.4991 0.5246 0.6011 0.5546 0.5401 1.0000 0.5182 0.5132 0.5485 0.5903 0.4623 0.6560 0.5659 0.5045 0.5708 0.5894 0.5848 0.5867 0.4961 0.4998 0.5115 
0.5162 0.5649 0.5204 0.5127 0.5926 0.5353 0.5141 0.4647 0.5402 0.5504 0.5128 0.5461 0.4696 0.5733 0.5566 0.4823 0.5356 0.5021 0.5073 0.5537 0.5104 0.5628 0.5182 1.0000 0.5148 0.5127 0.5341 0.3857 0.5648 0.5272 0.5644 0.5494 0.5116 0.5433 0.5001 0.4584 0.4420 0.6040 
0.4649 0.5837 0.5618 0.5274 0.5138 0.5213 0.5448 0.5008 0.5458 0.4928 0.5323 0.5206 0.5582 0.5845 0.4969 0.4770 0.5504 0.4963 0.5561 0.5416 0.5880 0.5174 0.5132 0.5148 1.0000 0.5570 0.5827 0.4111 0.5604 0.5617 0.5540 0.5840 0.4700 0.5137 0.5101 0.5349 0.4981 0.5413 
0.4713 0.5034 0.4970 0.5125 0.4630 0.5435 0.5304 0.5453 0.5303 0.5032 0.4853 0.4907 0.4908 0.5636 0.4986 0.4749 0.4654 0.5062 0.5385 0.5110 0.5428 0.4649 0.5485 0.5127 0.5570 1.0000 0.5170 0.3566 0.5379 0.5495 0.5141 0.4827 0.4729 0.5005 0.5102 0.5640 0.4254 0.4643 
0.4912 0.5815 0.5171 0.5084 0.5253 0.5463 0.5759 0.4982 0.6334 0.5729 0.5238 0.5134 0.5725 0.6298 0.5941 0.5082 0.5824 0.5090 0.5613 0.5829 0.6196 0.4957 0.5903 0.5341 0.5827 0.5170 1.0000 0.5059 0.6308 0.5575 0.5379 0.5261 0.4761 0.5263 0.5560 0.5492 0.4816 0.5528 
0.3708 0.4579 0.4048 0.3983 0.4240 0.4277 0.4169 0.3884 0.5055 0.4170 0.4646 0.3729 0.4628 0.4185 0.4845 0.4187 0.4421 0.4339 0.4462 0.4589 0.4591 0.4171 0.4623 0.3857 0.4111 0.3566 0.5059 1.0000 0.4771 0.4332 0.3791 0.4310 0.4108 0.3986 0.4711 0.3825 0.3755 0.4464 
0.5501 0.5740 0.5646 0.5047 0.5787 0.5486 0.5708 0.5744 0.6545 0.5741 0.5806 0.5702 0.6106 0.6137 0.6373 0.5609 0.6184 0.5084 0.5627 0.6038 0.5860 0.5326 0.6560 0.5648 0.5604 0.5379 0.6308 0.4771 1.0000 0.6120 0.5191 0.5603 0.5165 0.6143 0.5911 0.5079 0.4776 0.5473 
0.5288 0.4813 0.6024 0.5096 0.5476 0.5496 0.5484 0.5095 0.6031 0.5421 0.5770 0.5859 0.5817 0.5636 0.5386 0.5202 0.5189 0.5213 0.5611 0.5341 0.5205 0.5203 0.5659 0.5272 0.5617 0.5495 0.5575 0.4332 0.6120 1.0000 0.5393 0.5239 0.5169 0.4930 0.5766 0.4667 0.4608 0.4858 
0.4751 0.5419 0.4975 0.4324 0.5377 0.5180 0.5249 0.4526 0.6127 0.5315 0.5090 0.4644 0.4807 0.5304 0.5643 0.4924 0.5739 0.4651 0.5257 0.4890 0.5216 0.5123 0.5045 0.5644 0.5540 0.5141 0.5379 0.3791 0.5191 0.5393 1.0000 0.5352 0.4576 0.5244 0.4688 0.4387 0.4419 0.5364 
0.5337 0.5939 0.5487 0.5086 0.5504 0.5214 0.5358 0.5016 0.5495 0.5115 0.5080 0.5250 0.5017 0.6031 0.5637 0.5809 0.5465 0.5592 0.6006 0.5819 0.5814 0.5375 0.5708 0.5494 0.5840 0.4827 0.5261 0.4310 0.5603 0.5239 0.5352 1.0000 0.5168 0.6217 0.5322 0.4731 0.5372 0.6041 
0.5179 0.4774 0.5388 0.4557 0.4991 0.4988 0.4496 0.4636 0.4998 0.5315 0.5785 0.5570 0.4673 0.4876 0.5302 0.5542 0.4934 0.4983 0.4945 0.4639 0.4638 0.5233 0.5894 0.5116 0.4700 0.4729 0.4761 0.4108 0.5165 0.5169 0.4576 0.5168 1.0000 0.4890 0.4836 0.4134 0.4424 0.4599 
0.5727 0.5696 0.4981 0.4596 0.5014 0.4844 0.4701 0.5356 0.5243 0.5647 0.4867 0.5195 0.5144 0.5656 0.5662 0.5963 0.5440 0.4637 0.5296 0.5363 0.5561 0.4831 0.5848 0.5433 0.5137 0.5005 0.5263 0.3986 0.6143 0.4930 0.5244 0.6217 0.4890 1.0000 0.5610 0.4409 0.4869 0.5582 
0.5022 0.5770 0.5509 0.5203 0.5155 0.5230 0.4899 0.5529 0.5566 0.5217 0.5360 0.5331 0.5654 0.5745 0.5316 0.5744 0.5044 0.5195 0.5064 0.5766 0.5784 0.5013 0.5867 0.5001 0.5101 0.5102 0.5560 0.4711 0.5911 0.5766 0.4688 0.5322 0.4836 0.5610 1.0000 0.5106 0.4468 0.5598 
0.4341 0.5133 0.4855 0.5067 0.4315 0.5084 0.4951 0.5090 0.4769 0.4399 0.4516 0.4263 0.4739 0.5215 0.4902 0.4270 0.4738 0.4898 0.4874 0.5142 0.5682 0.4238 0.4961 0.4584 0.5349 0.5640 0.5492 0.3825 0.5079 0.4667 0.4387 0.4731 0.4134 0.4409 0.5106 1.0000 0.4026 0.4791 
0.4156 0.4985 0.4345 0.4119 0.4560 0.4254 0.4109 0.4190 0.4356 0.5007 0.4393 0.4802 0.4335 0.4923 0.4692 0.4628 0.4393 0.4113 0.4500 0.4494 0.4582 0.4471 0.4998 0.4420 0.4981 0.4254 0.4816 0.3755 0.4776 0.4608 0.4419 0.5372 0.4424 0.4869 0.4468 0.4026 1.0000 0.4488 
0.4578 0.6445 0.5120 0.5783 0.5522 0.4894 0.5218 0.4600 0.5500 0.4989 0.5384 0.4775 0.5162 0.5818 0.5614 0.5484 0.5627 0.5712 0.5292 0.6037 0.5620 0.5374 0.5115 0.6040 0.5413 0.4643 0.5528 0.4464 0.5473 0.4858 0.5364 0.6041 0.4599 0.5582 0.5598 0.4791 0.4488 1.0000 
