1:	0.2795 0.0028 0.0102 0.2873 0.0080 0.1708 0.0073 0.2340 	13
2:	0.2978 0.0000 0.0707 0.3329 0.0019 0.1225 0.0695 0.1047 	14
3:	0.1509 0.0760 0.1963 0.0886 0.1875 0.1202 0.1184 0.0622 	18
4:	0.1491 0.1819 0.0697 0.2237 0.0000 0.2376 0.0066 0.1314 	11
5:	0.1092 0.3382 0.0008 0.2037 0.0037 0.1311 0.1600 0.0534 	6
6:	0.0683 0.4662 0.0536 0.0259 0.3407 0.0254 0.0098 0.0100 	17
7:	0.0263 0.0000 0.0000 0.8514 0.0000 0.0427 0.0000 0.0797 	1
8:	0.0801 0.0000 0.0364 0.6694 0.0000 0.1402 0.0029 0.0710 	1
9:	0.0000 0.0000 1.0000 0.0000 0.0000 0.0000 0.0000 0.0000 	1
10:	0.1355 0.0000 0.1289 0.4616 0.0000 0.1719 0.0000 0.1021 	1
11:	0.1180 0.0000 0.2242 0.4843 0.0000 0.1367 0.0000 0.0368 	2
12:	0.2583 0.0000 0.0980 0.2451 0.1250 0.1797 0.0011 0.0927 	8
13:	0.2053 0.0000 0.0000 0.4590 0.0000 0.2491 0.0148 0.0718 	1
