0.000000	0.284607	0.217462	0.214318	0.218316	0.254861	0.217436	0.297268	0.299861	0.293687	0.221860	0.218291	0.221196	0.218000	0.221714	0.224285	0.220310	0.295576	0.290503	0.295631	0.292675	0.217731	0.251243	0.234681	0.221819	0.229530	0.217594	0.221065	0.213861	0.220927	0.219604	0.219325	0.220741	0.223315	0.275383	0.221638	0.222766	0.266923	0.218593	0.219608	0.288810	0.222319	0.222472	0.294246	0.218153	0.217504	0.218989	0.214022	0.267965	0.299686	0.230922	0.297539	0.222109	0.301714	0.300571	0.303721	0.293277	0.311425	0.310620	0.310880	0.299836	0.228936	0.217758	0.226922	0.295486	0.300383	0.219544	0.228259	0.225121	0.225813	0.223424	0.221527	0.225983	0.363829	0.221753	0.303642	0.218367	0.436292	0.301302	0.288806	0.216352	0.295201	0.293704	0.296806	0.220275	0.421030	0.406407	0.219282	0.221709	0.284521	0.293307	0.219468	0.221284	0.398728	
0.284607	0.000000	0.286854	0.287227	0.283231	0.283825	0.283443	0.237311	0.233668	0.235750	0.284986	0.286111	0.283676	0.286200	0.280758	0.283966	0.283806	0.239201	0.239183	0.238324	0.235232	0.284703	0.316259	0.292465	0.286157	0.298430	0.288913	0.284540	0.287271	0.289456	0.286783	0.289534	0.287265	0.293052	0.338142	0.283550	0.284866	0.323017	0.288404	0.287396	0.211888	0.282403	0.281650	0.235236	0.282735	0.284464	0.282504	0.286498	0.330311	0.247644	0.282952	0.239348	0.283950	0.237012	0.242207	0.245509	0.241184	0.258927	0.254261	0.262278	0.238650	0.292462	0.286135	0.292824	0.235433	0.232749	0.283905	0.287477	0.289457	0.290887	0.286155	0.290939	0.286431	0.379753	0.286332	0.238080	0.292673	0.466201	0.340400	0.196896	0.282538	0.232833	0.234127	0.233460	0.285002	0.400000	0.418907	0.288645	0.290004	0.200353	0.234146	0.281314	0.287237	0.408879	
0.217462	0.286854	0.000000	0.219892	0.216813	0.253901	0.218073	0.293502	0.296006	0.292436	0.219578	0.218262	0.221488	0.217156	0.221447	0.223020	0.217135	0.296085	0.286717	0.290989	0.291533	0.213956	0.281418	0.236124	0.217014	0.228049	0.220310	0.219327	0.215884	0.216488	0.218607	0.220439	0.224502	0.224037	0.278793	0.215803	0.214181	0.266053	0.215278	0.221459	0.285620	0.219159	0.220350	0.290370	0.216636	0.217006	0.219812	0.216530	0.268661	0.293644	0.232643	0.294715	0.214629	0.297721	0.296040	0.303198	0.293977	0.303556	0.304712	0.313374	0.296793	0.228622	0.218439	0.225077	0.296189	0.291695	0.214980	0.224242	0.226117	0.228691	0.215619	0.219416	0.220500	0.352532	0.217473	0.301604	0.219161	0.436853	0.293386	0.287267	0.210675	0.293158	0.288967	0.292428	0.217051	0.418940	0.403112	0.216785	0.219544	0.283883	0.291991	0.221138	0.217088	0.395750	
0.214318	0.287227	0.219892	0.000000	0.215296	0.254074	0.219891	0.292414	0.296073	0.292498	0.220147	0.217791	0.217775	0.221969	0.222627	0.221678	0.219531	0.293521	0.286158	0.286985	0.287424	0.221703	0.272656	0.233397	0.221105	0.219754	0.217668	0.219177	0.214726	0.220916	0.218086	0.219609	0.214558	0.224748	0.261735	0.217963	0.220032	0.268047	0.218761	0.225817	0.288048	0.223875	0.218059	0.289575	0.214368	0.213141	0.217413	0.222832	0.265887	0.292860	0.228926	0.293887	0.219057	0.296533	0.300218	0.300211	0.295671	0.305319	0.303267	0.311048	0.298430	0.221760	0.220608	0.224991	0.293176	0.293609	0.219150	0.228647	0.226327	0.224160	0.222936	0.218524	0.228210	0.361643	0.218504	0.295324	0.221413	0.447273	0.300251	0.285744	0.217835	0.292808	0.290717	0.292690	0.218693	0.426269	0.402474	0.222559	0.219047	0.283175	0.289799	0.218422	0.223402	0.395078	
0.218316	0.283231	0.216813	0.215296	0.000000	0.257573	0.219570	0.291963	0.294827	0.293852	0.219632	0.218772	0.217020	0.221397	0.217816	0.219340	0.218871	0.296666	0.286849	0.290198	0.293144	0.216524	0.279000	0.235600	0.221260	0.228908	0.218546	0.224443	0.216533	0.220864	0.219322	0.221885	0.222127	0.219941	0.275203	0.218413	0.218334	0.276802	0.217938	0.222688	0.283020	0.218628	0.221306	0.294143	0.219322	0.215579	0.215438	0.220659	0.270501	0.297001	0.224528	0.298747	0.220770	0.298029	0.294386	0.300648	0.297205	0.312935	0.302556	0.309657	0.297809	0.225319	0.217444	0.224937	0.293812	0.298948	0.215161	0.225984	0.221765	0.224646	0.219230	0.221381	0.224068	0.359651	0.220274	0.298566	0.223864	0.425064	0.296476	0.290255	0.216359	0.290945	0.291470	0.293083	0.217842	0.421541	0.399324	0.222351	0.223145	0.286575	0.290916	0.224875	0.221729	0.398699	
0.254861	0.283825	0.253901	0.254074	0.257573	0.000000	0.254583	0.283011	0.284753	0.279078	0.260792	0.254433	0.256148	0.258824	0.255318	0.254742	0.253946	0.290466	0.287601	0.287989	0.285244	0.258081	0.286898	0.262709	0.258491	0.256514	0.256437	0.263247	0.251132	0.258984	0.261317	0.258310	0.260415	0.254894	0.299089	0.256710	0.251119	0.297185	0.251965	0.256042	0.285096	0.183838	0.259835	0.284362	0.255719	0.254902	0.252808	0.257317	0.290134	0.290299	0.260131	0.290849	0.258110	0.291062	0.300485	0.298651	0.285895	0.294774	0.297057	0.303134	0.290819	0.261436	0.253525	0.260605	0.288339	0.295230	0.255814	0.256292	0.261232	0.261913	0.256201	0.257224	0.263569	0.358455	0.257021	0.292246	0.259272	0.424969	0.305846	0.281005	0.252199	0.286517	0.283630	0.288147	0.259456	0.397594	0.397030	0.258437	0.261574	0.286646	0.289049	0.253561	0.260407	0.388719	
0.217436	0.283443	0.218073	0.219891	0.219570	0.254583	0.000000	0.293794	0.291560	0.288741	0.225394	0.217689	0.221368	0.219118	0.219849	0.226050	0.217662	0.292327	0.283027	0.287817	0.286615	0.215319	0.279649	0.233496	0.216848	0.228259	0.218416	0.219052	0.215451	0.219609	0.220062	0.217574	0.219817	0.219771	0.287011	0.218111	0.221188	0.273765	0.218071	0.223974	0.285097	0.221843	0.217008	0.288113	0.219820	0.216981	0.218038	0.217831	0.264354	0.297587	0.227535	0.293340	0.220112	0.293262	0.294992	0.298639	0.293646	0.301140	0.304706	0.314273	0.294481	0.225159	0.214777	0.234121	0.291673	0.290581	0.214326	0.224556	0.220708	0.225673	0.223008	0.216573	0.224901	0.357932	0.219365	0.299892	0.223909	0.437492	0.294756	0.284865	0.211706	0.292170	0.288944	0.292991	0.220669	0.422916	0.402757	0.226846	0.220201	0.282850	0.287339	0.217762	0.221455	0.396631	
0.297268	0.237311	0.293502	0.292414	0.291963	0.283011	0.293794	0.000000	0.226247	0.208241	0.295265	0.295774	0.296969	0.296745	0.295793	0.293107	0.294426	0.228848	0.242469	0.228701	0.236554	0.292317	0.327311	0.304051	0.293221	0.309584	0.300604	0.290367	0.291855	0.298908	0.299123	0.300282	0.296394	0.302113	0.339783	0.294569	0.292514	0.333636	0.298736	0.298134	0.244982	0.294727	0.293754	0.214095	0.296300	0.293460	0.292118	0.296883	0.341041	0.237669	0.289778	0.228820	0.293065	0.229262	0.216145	0.242904	0.218036	0.253218	0.252476	0.241773	0.219348	0.301649	0.295390	0.302593	0.231732	0.229858	0.291970	0.294841	0.297335	0.298072	0.296379	0.298198	0.299938	0.395731	0.297231	0.233164	0.301032	0.473461	0.347983	0.235095	0.288798	0.213126	0.219563	0.215193	0.293756	0.406124	0.430350	0.298098	0.298335	0.232223	0.224532	0.293074	0.297614	0.422544	
0.299861	0.233668	0.296006	0.296073	0.294827	0.284753	0.291560	0.226247	0.000000	0.229332	0.292432	0.294446	0.296137	0.293326	0.292015	0.289326	0.294426	0.212171	0.221754	0.212231	0.213785	0.291025	0.326412	0.298341	0.291281	0.302902	0.298772	0.293079	0.292720	0.297663	0.297633	0.295525	0.297023	0.300848	0.338129	0.295175	0.291943	0.321461	0.296369	0.296933	0.241736	0.291506	0.295080	0.231552	0.295337	0.294498	0.290890	0.293856	0.340211	0.224914	0.288624	0.215157	0.292902	0.211495	0.236149	0.228937	0.234326	0.237800	0.233461	0.258050	0.235166	0.301828	0.294281	0.299736	0.209104	0.211445	0.290498	0.291887	0.296984	0.301112	0.294632	0.295859	0.296733	0.385752	0.297001	0.218231	0.293888	0.472385	0.346868	0.231634	0.287531	0.230549	0.226101	0.226414	0.293284	0.409187	0.426726	0.292687	0.300005	0.237168	0.232158	0.291342	0.295798	0.426715	
0.293687	0.235750	0.292436	0.292498	0.293852	0.279078	0.288741	0.208241	0.229332	0.000000	0.293943	0.291514	0.294232	0.291896	0.295349	0.285714	0.285762	0.228663	0.243093	0.230497	0.234361	0.286674	0.328726	0.300450	0.289126	0.300531	0.293206	0.286869	0.291177	0.296018	0.295926	0.291189	0.291486	0.294691	0.334138	0.293149	0.291324	0.327692	0.294230	0.297203	0.243015	0.293379	0.292408	0.216147	0.291270	0.290336	0.288088	0.292012	0.337106	0.237126	0.285774	0.234076	0.289330	0.231603	0.213096	0.248388	0.217171	0.251930	0.250826	0.239920	0.213112	0.299850	0.292805	0.298860	0.234075	0.229147	0.292150	0.290362	0.296855	0.296859	0.288468	0.293477	0.295718	0.386521	0.289999	0.233713	0.293673	0.464713	0.349931	0.233617	0.284482	0.218525	0.218247	0.206977	0.289937	0.397213	0.423901	0.295757	0.295725	0.234693	0.224066	0.286738	0.298074	0.423089	
0.221860	0.284986	0.219578	0.220147	0.219632	0.260792	0.225394	0.295265	0.292432	0.293943	0.000000	0.217950	0.218872	0.220702	0.226416	0.225206	0.224451	0.293828	0.282502	0.288440	0.287522	0.221014	0.278368	0.239207	0.219017	0.231048	0.218169	0.219470	0.213769	0.223037	0.223899	0.227535	0.221759	0.223122	0.281417	0.220459	0.221048	0.276988	0.223997	0.226925	0.288210	0.222963	0.223763	0.293073	0.222374	0.219932	0.220651	0.223882	0.268338	0.298586	0.232896	0.296449	0.222493	0.294054	0.300154	0.300915	0.294230	0.302866	0.306279	0.315478	0.294317	0.224280	0.213446	0.230288	0.294617	0.292859	0.221148	0.222222	0.223489	0.228271	0.223176	0.220438	0.227085	0.361771	0.222622	0.296962	0.227892	0.439271	0.300846	0.286200	0.219701	0.291643	0.285905	0.291167	0.220801	0.419480	0.394571	0.222953	0.226472	0.283045	0.291510	0.222413	0.224390	0.408142	
0.218291	0.286111	0.218262	0.217791	0.218772	0.254433	0.217689	0.295774	0.294446	0.291514	0.217950	0.000000	0.214700	0.219331	0.222211	0.223892	0.219653	0.293922	0.286022	0.287811	0.287952	0.211288	0.274240	0.232433	0.222442	0.230557	0.217429	0.218733	0.210303	0.218940	0.219820	0.217829	0.220150	0.221509	0.280064	0.217082	0.216416	0.262740	0.216187	0.222118	0.293399	0.217727	0.220734	0.292836	0.219714	0.214986	0.216703	0.217010	0.266381	0.301034	0.222906	0.299325	0.219399	0.296266	0.300399	0.301260	0.295620	0.303489	0.304023	0.311437	0.298064	0.226420	0.211074	0.233275	0.292865	0.295559	0.218084	0.225452	0.224076	0.222083	0.220927	0.223780	0.223142	0.357862	0.222110	0.299198	0.223758	0.437255	0.294188	0.290306	0.215803	0.292421	0.291562	0.292703	0.217890	0.423037	0.406172	0.218314	0.221751	0.284499	0.292978	0.219292	0.223437	0.397547	
0.221196	0.283676	0.221488	0.217775	0.217020	0.256148	0.221368	0.296969	0.296137	0.294232	0.218872	0.214700	0.000000	0.220930	0.217712	0.218639	0.219493	0.297021	0.286801	0.294583	0.292320	0.213316	0.284632	0.235979	0.219826	0.234291	0.216422	0.223325	0.212533	0.214723	0.219273	0.215145	0.218246	0.220783	0.278967	0.217629	0.214709	0.267390	0.219661	0.222824	0.286500	0.218962	0.216312	0.291531	0.218250	0.215223	0.215975	0.218868	0.270721	0.297842	0.230726	0.297307	0.224848	0.296487	0.301226	0.304236	0.299104	0.304851	0.309088	0.319716	0.299837	0.223094	0.212739	0.230587	0.295759	0.295967	0.218823	0.226428	0.219938	0.224162	0.218083	0.218355	0.222155	0.362959	0.217260	0.300318	0.223671	0.436870	0.295520	0.290208	0.217797	0.293130	0.293523	0.295866	0.216115	0.420332	0.398408	0.217716	0.219130	0.285678	0.292320	0.220866	0.221285	0.399919	
0.218000	0.286200	0.217156	0.221969	0.221397	0.258824	0.219118	0.296745	0.293326	0.291896	0.220702	0.219331	0.220930	0.000000	0.221727	0.221545	0.220022	0.295668	0.284904	0.290695	0.289690	0.217601	0.281954	0.238640	0.219763	0.234483	0.217246	0.218507	0.217541	0.221752	0.222646	0.223016	0.226549	0.221198	0.285460	0.221973	0.220879	0.271493	0.220493	0.227086	0.288874	0.223890	0.225177	0.292101	0.223052	0.220595	0.216526	0.221812	0.269272	0.297757	0.230508	0.292019	0.218057	0.298690	0.296844	0.299629	0.297855	0.306433	0.307448	0.317644	0.295925	0.232567	0.221413	0.230742	0.291323	0.294724	0.222459	0.227512	0.228829	0.230254	0.224822	0.225236	0.226591	0.357387	0.225038	0.299228	0.227824	0.440907	0.299193	0.286171	0.219665	0.291446	0.291995	0.293393	0.219310	0.420783	0.398320	0.220894	0.226283	0.286338	0.289941	0.223792	0.226477	0.404107	
0.221714	0.280758	0.221447	0.222627	0.217816	0.255318	0.219849	0.295793	0.292015	0.295349	0.226416	0.222211	0.217712	0.221727	0.000000	0.226808	0.220084	0.292058	0.283063	0.291972	0.288877	0.216263	0.278017	0.233715	0.223651	0.232625	0.219665	0.222885	0.222475	0.222979	0.218568	0.222898	0.222522	0.226218	0.274659	0.223645	0.222002	0.270343	0.220768	0.229086	0.285552	0.222685	0.223672	0.285947	0.221657	0.217655	0.222009	0.217931	0.270290	0.293567	0.232158	0.297669	0.222053	0.294924	0.298410	0.301731	0.294377	0.302772	0.305127	0.310739	0.297873	0.224608	0.217824	0.232975	0.291628	0.295500	0.223831	0.224593	0.224228	0.227627	0.217191	0.226078	0.229553	0.358396	0.221204	0.297835	0.225110	0.436087	0.292651	0.285744	0.218720	0.289876	0.289767	0.294099	0.220431	0.420228	0.401932	0.219970	0.223110	0.283634	0.288476	0.223177	0.221913	0.406247	
0.224285	0.283966	0.223020	0.221678	0.219340	0.254742	0.226050	0.293107	0.289326	0.285714	0.225206	0.223892	0.218639	0.221545	0.226808	0.000000	0.222312	0.292308	0.281181	0.291178	0.286178	0.218829	0.276478	0.235016	0.224429	0.227963	0.226102	0.229036	0.217438	0.220768	0.221897	0.222501	0.222240	0.223721	0.271829	0.220408	0.221629	0.269872	0.219449	0.223655	0.286719	0.223697	0.221249	0.291658	0.220461	0.217549	0.220918	0.223326	0.266772	0.294909	0.232460	0.292970	0.226819	0.292028	0.295147	0.298598	0.295054	0.299190	0.298173	0.310097	0.293056	0.227607	0.219011	0.235253	0.289847	0.292606	0.220253	0.226134	0.230272	0.229248	0.225154	0.223888	0.225691	0.352043	0.222423	0.297669	0.225213	0.435635	0.291528	0.287224	0.223250	0.291349	0.291927	0.294482	0.223151	0.418585	0.392187	0.219315	0.229289	0.286455	0.290182	0.227263	0.223348	0.393522	
0.220310	0.283806	0.217135	0.219531	0.218871	0.253946	0.217662	0.294426	0.294426	0.285762	0.224451	0.219653	0.219493	0.220022	0.220084	0.222312	0.000000	0.296599	0.283147	0.290433	0.293264	0.219024	0.279076	0.231779	0.222798	0.231138	0.219635	0.223503	0.215192	0.223574	0.220628	0.222669	0.219512	0.224430	0.273629	0.221236	0.223573	0.263110	0.218103	0.224747	0.286120	0.219112	0.220131	0.292302	0.216880	0.213654	0.216172	0.220671	0.263931	0.296653	0.227664	0.295065	0.223658	0.298988	0.296570	0.302104	0.293852	0.303302	0.302205	0.312098	0.295016	0.225039	0.216754	0.226376	0.294127	0.297702	0.221099	0.226502	0.220115	0.224336	0.216022	0.224274	0.223715	0.363530	0.223394	0.299775	0.225885	0.434590	0.291897	0.285469	0.212003	0.292627	0.292607	0.292363	0.221310	0.417840	0.397899	0.218156	0.219976	0.280763	0.292470	0.225275	0.222779	0.398696	
0.295576	0.239201	0.296085	0.293521	0.296666	0.290466	0.292327	0.228848	0.212171	0.228663	0.293828	0.293922	0.297021	0.295668	0.292058	0.292308	0.296599	0.000000	0.221076	0.211505	0.221196	0.290005	0.333157	0.302713	0.295296	0.304748	0.295987	0.289110	0.294422	0.297652	0.297499	0.294584	0.298195	0.298435	0.332374	0.292802	0.296836	0.320150	0.296170	0.296144	0.249652	0.294287	0.292976	0.236713	0.296453	0.291150	0.291481	0.290417	0.338195	0.220951	0.287694	0.215512	0.288311	0.210917	0.238611	0.221564	0.238349	0.233912	0.235474	0.258846	0.237743	0.300338	0.293436	0.304708	0.211846	0.211771	0.293698	0.293000	0.298519	0.300752	0.294670	0.298932	0.298525	0.386083	0.295823	0.217612	0.298727	0.471520	0.342976	0.237699	0.287553	0.232985	0.223917	0.229306	0.295263	0.408010	0.426955	0.297073	0.297427	0.238113	0.231294	0.289896	0.297890	0.432128	
0.290503	0.239183	0.286717	0.286158	0.286849	0.287601	0.283027	0.242469	0.221754	0.243093	0.282502	0.286022	0.286801	0.284904	0.283063	0.281181	0.283147	0.221076	0.000000	0.226621	0.227153	0.279336	0.321628	0.294654	0.286261	0.298949	0.290387	0.283919	0.287074	0.285357	0.289031	0.291879	0.287902	0.291326	0.329397	0.286218	0.287668	0.313238	0.286474	0.289254	0.248992	0.284585	0.284148	0.240943	0.289474	0.283837	0.283886	0.285714	0.331290	0.240079	0.285466	0.231327	0.282368	0.225202	0.249434	0.243869	0.248008	0.247453	0.246989	0.264124	0.248969	0.295324	0.286599	0.295872	0.227350	0.226811	0.285707	0.288448	0.287993	0.292723	0.287794	0.292925	0.287787	0.386100	0.288458	0.228646	0.293176	0.467583	0.347535	0.243879	0.278708	0.243338	0.239084	0.238964	0.282767	0.412192	0.431229	0.287389	0.287124	0.246230	0.243785	0.285972	0.283133	0.419711	
0.295631	0.238324	0.290989	0.286985	0.290198	0.287989	0.287817	0.228701	0.212231	0.230497	0.288440	0.287811	0.294583	0.290695	0.291972	0.291178	0.290433	0.211505	0.226621	0.000000	0.215439	0.284673	0.328459	0.300977	0.290938	0.303045	0.291352	0.289271	0.290115	0.293870	0.290094	0.294366	0.293737	0.296470	0.323732	0.290910	0.293225	0.321601	0.294748	0.295778	0.246782	0.285640	0.291621	0.233383	0.292735	0.286163	0.286895	0.294100	0.336590	0.223632	0.286691	0.207040	0.290979	0.208702	0.237188	0.224272	0.237150	0.234727	0.229819	0.258116	0.234901	0.295781	0.288220	0.296108	0.210061	0.211467	0.289113	0.291380	0.295555	0.296813	0.290651	0.293720	0.292656	0.386612	0.290304	0.217917	0.294748	0.476138	0.346931	0.235199	0.282536	0.232121	0.223662	0.232442	0.290586	0.403356	0.426191	0.292248	0.293195	0.232489	0.230166	0.289745	0.294018	0.426405	
0.292675	0.235232	0.291533	0.287424	0.293144	0.285244	0.286615	0.236554	0.213785	0.234361	0.287522	0.287952	0.292320	0.289690	0.288877	0.286178	0.293264	0.221196	0.227153	0.215439	0.000000	0.284313	0.320844	0.295945	0.285350	0.302341	0.291116	0.289382	0.288006	0.292943	0.290019	0.289712	0.290761	0.294312	0.330547	0.289357	0.290887	0.323295	0.291657	0.287942	0.242926	0.287321	0.290144	0.239520	0.291424	0.287864	0.286367	0.288488	0.333871	0.229986	0.283014	0.217122	0.289264	0.218856	0.240461	0.230379	0.240688	0.237855	0.237021	0.257057	0.237640	0.295629	0.292163	0.295869	0.217588	0.216460	0.288159	0.290248	0.295895	0.295574	0.289850	0.291715	0.291743	0.383082	0.289687	0.223956	0.293383	0.462556	0.344579	0.237155	0.286991	0.238738	0.227787	0.236016	0.288731	0.400917	0.424685	0.290056	0.291986	0.241740	0.242816	0.286699	0.291510	0.420858	
0.217731	0.284703	0.213956	0.221703	0.216524	0.258081	0.215319	0.292317	0.291025	0.286674	0.221014	0.211288	0.213316	0.217601	0.216263	0.218829	0.219024	0.290005	0.279336	0.284673	0.284313	0.000000	0.281688	0.235532	0.217070	0.227119	0.215009	0.216115	0.213438	0.218553	0.216360	0.219076	0.217522	0.220749	0.284239	0.220029	0.219054	0.273124	0.215773	0.220467	0.285396	0.220158	0.218865	0.288016	0.217759	0.212763	0.217013	0.216900	0.265548	0.293926	0.227646	0.293981	0.216275	0.292270	0.294303	0.294893	0.292408	0.307517	0.300499	0.305887	0.292092	0.223181	0.210835	0.224621	0.290308	0.291471	0.217577	0.225327	0.220833	0.222898	0.218147	0.221736	0.220680	0.354786	0.221003	0.297629	0.220731	0.432769	0.291705	0.281424	0.210548	0.289720	0.287528	0.290189	0.220138	0.416457	0.399680	0.218144	0.216394	0.278047	0.287164	0.220383	0.220856	0.394399	
0.251243	0.316259	0.281418	0.272656	0.279000	0.286898	0.279649	0.327311	0.326412	0.328726	0.278368	0.274240	0.284632	0.281954	0.278017	0.276478	0.279076	0.333157	0.321628	0.328459	0.320844	0.281688	0.000000	0.279420	0.272561	0.269567	0.261747	0.281813	0.275438	0.272836	0.274536	0.275110	0.278501	0.274869	0.289393	0.276464	0.281356	0.286719	0.278195	0.269600	0.308856	0.280084	0.280136	0.325732	0.282645	0.277219	0.276410	0.272266	0.298290	0.328467	0.280297	0.328507	0.277203	0.323526	0.311467	0.307474	0.310980	0.328736	0.330946	0.320373	0.325610	0.272606	0.278099	0.281522	0.332531	0.331427	0.280387	0.290854	0.273934	0.280449	0.273201	0.283644	0.280828	0.316141	0.282640	0.332671	0.281589	0.370972	0.319848	0.321882	0.277865	0.326609	0.327056	0.327499	0.282748	0.373717	0.369030	0.273761	0.279932	0.317012	0.325086	0.277516	0.282199	0.357596	
0.234681	0.292465	0.236124	0.233397	0.235600	0.262709	0.233496	0.304051	0.298341	0.300450	0.239207	0.232433	0.235979	0.238640	0.233715	0.235016	0.231779	0.302713	0.294654	0.300977	0.295945	0.235532	0.279420	0.000000	0.238593	0.238026	0.234251	0.236347	0.229239	0.235518	0.236666	0.234510	0.233206	0.232861	0.283881	0.232724	0.231578	0.270274	0.232525	0.242003	0.290951	0.237964	0.229831	0.298083	0.231521	0.231421	0.229020	0.235639	0.271217	0.301124	0.244754	0.298362	0.235572	0.303152	0.303556	0.304074	0.297425	0.312277	0.305436	0.315752	0.304312	0.235776	0.230826	0.240413	0.303607	0.303151	0.235795	0.241581	0.240458	0.241615	0.239168	0.239251	0.237857	0.344768	0.235996	0.304737	0.241188	0.408355	0.291120	0.294510	0.227667	0.301966	0.300125	0.302372	0.232489	0.398462	0.383722	0.233966	0.235344	0.291281	0.295865	0.236799	0.239583	0.382596	
0.221819	0.286157	0.217014	0.221105	0.221260	0.258491	0.216848	0.293221	0.291281	0.289126	0.219017	0.222442	0.219826	0.219763	0.223651	0.224429	0.222798	0.295296	0.286261	0.290938	0.285350	0.217070	0.272561	0.238593	0.000000	0.230939	0.221067	0.224225	0.218517	0.221550	0.218719	0.220666	0.223005	0.226826	0.280633	0.223215	0.220609	0.262854	0.216046	0.227871	0.284771	0.223906	0.221509	0.284828	0.221823	0.216949	0.216812	0.221221	0.264505	0.292520	0.231061	0.293840	0.221058	0.295087	0.298943	0.300899	0.292001	0.304450	0.299688	0.310435	0.296579	0.227489	0.222977	0.232732	0.292837	0.294897	0.220127	0.224600	0.226196	0.226791	0.223516	0.224771	0.227730	0.358362	0.219280	0.297396	0.225352	0.435974	0.296478	0.285714	0.219117	0.291895	0.288185	0.292436	0.219616	0.414833	0.399900	0.218940	0.224123	0.284022	0.290910	0.223221	0.224268	0.399407	
0.229530	0.298430	0.228049	0.219754	0.228908	0.256514	0.228259	0.309584	0.302902	0.300531	0.231048	0.230557	0.234291	0.234483	0.232625	0.227963	0.231138	0.304748	0.298949	0.303045	0.302341	0.227119	0.269567	0.238026	0.230939	0.000000	0.221163	0.232185	0.225350	0.227742	0.229150	0.230021	0.229019	0.229907	0.271058	0.227030	0.230429	0.274673	0.230209	0.231980	0.299022	0.231498	0.233061	0.306276	0.225885	0.223195	0.227881	0.228109	0.262185	0.305319	0.239780	0.306096	0.230793	0.307697	0.307727	0.306437	0.301076	0.310415	0.311594	0.311922	0.307770	0.234413	0.226828	0.237374	0.307229	0.304008	0.230321	0.232627	0.233798	0.234541	0.229793	0.231622	0.232911	0.331669	0.229440	0.310326	0.235341	0.400805	0.284315	0.298289	0.223489	0.306168	0.304971	0.305372	0.233760	0.395515	0.376428	0.232829	0.233774	0.297311	0.302561	0.227926	0.231518	0.375676	
0.217594	0.288913	0.220310	0.217668	0.218546	0.256437	0.218416	0.300604	0.298772	0.293206	0.218169	0.217429	0.216422	0.217246	0.219665	0.226102	0.219635	0.295987	0.290387	0.291352	0.291116	0.215009	0.261747	0.234251	0.221067	0.221163	0.000000	0.221030	0.216716	0.219153	0.220916	0.222478	0.221417	0.220159	0.279227	0.218121	0.219715	0.272298	0.222262	0.219270	0.290076	0.223467	0.220523	0.293001	0.218893	0.215324	0.218409	0.217439	0.266211	0.298711	0.226848	0.296843	0.216410	0.301392	0.299173	0.304934	0.298194	0.303883	0.308404	0.312943	0.300831	0.222505	0.216494	0.230192	0.296315	0.298890	0.214268	0.226056	0.224401	0.221719	0.222993	0.224074	0.221073	0.356762	0.217815	0.298322	0.225536	0.434310	0.296145	0.287675	0.218308	0.294640	0.293074	0.299261	0.219657	0.423037	0.401532	0.221157	0.222189	0.286511	0.293649	0.224255	0.222099	0.406053	
0.221065	0.284540	0.219327	0.219177	0.224443	0.263247	0.219052	0.290367	0.293079	0.286869	0.219470	0.218733	0.223325	0.218507	0.222885	0.229036	0.223503	0.289110	0.283919	0.289271	0.289382	0.216115	0.281813	0.236347	0.224225	0.232185	0.221030	0.000000	0.214408	0.217490	0.221977	0.222141	0.224838	0.221066	0.287890	0.221045	0.217675	0.273899	0.224477	0.228755	0.283732	0.224797	0.222802	0.284848	0.218675	0.219140	0.221500	0.221836	0.271269	0.296698	0.230171	0.288958	0.222610	0.293146	0.295651	0.298946	0.295977	0.306187	0.305239	0.311068	0.295731	0.226944	0.219917	0.226525	0.291613	0.292100	0.217003	0.221529	0.228869	0.227173	0.223318	0.225149	0.223355	0.353704	0.218182	0.293001	0.230653	0.438122	0.297187	0.283716	0.218490	0.289297	0.286191	0.292365	0.218624	0.425136	0.404909	0.225811	0.218960	0.280933	0.285722	0.220652	0.221868	0.402632	
0.213861	0.287271	0.215884	0.214726	0.216533	0.251132	0.215451	0.291855	0.292720	0.291177	0.213769	0.210303	0.212533	0.217541	0.222475	0.217438	0.215192	0.294422	0.287074	0.290115	0.288006	0.213438	0.275438	0.229239	0.218517	0.225350	0.216716	0.214408	0.000000	0.217526	0.215430	0.217564	0.218093	0.219644	0.288000	0.213176	0.215291	0.265832	0.213422	0.221318	0.287048	0.217206	0.217122	0.289874	0.216772	0.211385	0.213948	0.215415	0.265902	0.297966	0.226225	0.295208	0.214163	0.294508	0.298008	0.304140	0.297155	0.305193	0.303711	0.309047	0.298642	0.220232	0.213235	0.221786	0.289167	0.294411	0.212943	0.221598	0.218226	0.221376	0.223266	0.217009	0.217230	0.361837	0.216790	0.299142	0.217037	0.432491	0.286695	0.286530	0.211928	0.294075	0.288809	0.291506	0.218063	0.421449	0.394142	0.218061	0.215886	0.280954	0.290082	0.216059	0.218115	0.397470	
0.220927	0.289456	0.216488	0.220916	0.220864	0.258984	0.219609	0.298908	0.297663	0.296018	0.223037	0.218940	0.214723	0.221752	0.222979	0.220768	0.223574	0.297652	0.285357	0.293870	0.292943	0.218553	0.272836	0.235518	0.221550	0.227742	0.219153	0.217490	0.217526	0.000000	0.224252	0.218710	0.227080	0.220732	0.285484	0.219167	0.219768	0.265101	0.221100	0.226045	0.292599	0.221543	0.222337	0.293240	0.215658	0.218848	0.217552	0.219574	0.264359	0.298424	0.230396	0.298928	0.218248	0.298218	0.300260	0.303221	0.294417	0.311496	0.310034	0.313549	0.295567	0.223440	0.221139	0.232948	0.294564	0.297994	0.219925	0.228570	0.227253	0.222559	0.221992	0.224951	0.227664	0.361020	0.225422	0.303776	0.228666	0.434783	0.295814	0.288860	0.216613	0.294840	0.294866	0.296473	0.219951	0.422246	0.401152	0.218415	0.222005	0.287640	0.296182	0.223516	0.218563	0.398678	
0.219604	0.286783	0.218607	0.218086	0.219322	0.261317	0.220062	0.299123	0.297633	0.295926	0.223899	0.219820	0.219273	0.222646	0.218568	0.221897	0.220628	0.297499	0.289031	0.290094	0.290019	0.216360	0.274536	0.236666	0.218719	0.229150	0.220916	0.221977	0.215430	0.224252	0.000000	0.222684	0.221717	0.221928	0.286615	0.224605	0.220984	0.266245	0.221784	0.227471	0.289276	0.225685	0.221545	0.290625	0.217819	0.214348	0.217282	0.218707	0.264655	0.299708	0.236916	0.297527	0.218882	0.302225	0.299049	0.304172	0.298434	0.308685	0.304336	0.315174	0.302230	0.224314	0.216843	0.230049	0.298926	0.298464	0.220764	0.225845	0.228381	0.224553	0.221372	0.220815	0.223484	0.351636	0.225287	0.303271	0.229113	0.432709	0.290674	0.290135	0.215514	0.294712	0.294677	0.296891	0.216607	0.423736	0.399153	0.219473	0.225821	0.284671	0.293778	0.218984	0.222845	0.399711	
0.219325	0.289534	0.220439	0.219609	0.221885	0.258310	0.217574	0.300282	0.295525	0.291189	0.227535	0.217829	0.215145	0.223016	0.222898	0.222501	0.222669	0.294584	0.291879	0.294366	0.289712	0.219076	0.275110	0.234510	0.220666	0.230021	0.222478	0.222141	0.217564	0.218710	0.222684	0.000000	0.218850	0.219377	0.278703	0.221187	0.220159	0.270822	0.220292	0.227668	0.291600	0.222954	0.223993	0.289822	0.221944	0.220242	0.216430	0.212918	0.264896	0.294991	0.232040	0.296846	0.217008	0.299163	0.298009	0.303848	0.295227	0.309606	0.307103	0.312677	0.296917	0.223999	0.216199	0.228421	0.294783	0.296524	0.224928	0.223787	0.231311	0.227459	0.222126	0.224656	0.222058	0.353584	0.218356	0.298042	0.221989	0.420522	0.292126	0.292526	0.218162	0.294749	0.295657	0.299162	0.221058	0.419587	0.391866	0.223177	0.222222	0.289283	0.293438	0.223446	0.226335	0.389614	
0.220741	0.287265	0.224502	0.214558	0.222127	0.260415	0.219817	0.296394	0.297023	0.291486	0.221759	0.220150	0.218246	0.226549	0.222522	0.222240	0.219512	0.298195	0.287902	0.293737	0.290761	0.217522	0.278501	0.233206	0.223005	0.229019	0.221417	0.224838	0.218093	0.227080	0.221717	0.218850	0.000000	0.222565	0.253776	0.216910	0.220625	0.272669	0.221726	0.229310	0.288556	0.221661	0.223599	0.292690	0.222368	0.216014	0.219132	0.221277	0.267968	0.300815	0.231728	0.295659	0.223161	0.296026	0.301265	0.300751	0.294362	0.309803	0.305797	0.311163	0.300260	0.229284	0.221916	0.230233	0.293583	0.298769	0.222781	0.224141	0.223457	0.227709	0.221639	0.226121	0.222114	0.367058	0.226480	0.300124	0.225083	0.438589	0.296109	0.288330	0.219033	0.292965	0.292557	0.295419	0.223435	0.419460	0.405210	0.220569	0.226604	0.284045	0.290713	0.221314	0.218911	0.402152	
0.223315	0.293052	0.224037	0.224748	0.219941	0.254894	0.219771	0.302113	0.300848	0.294691	0.223122	0.221509	0.220783	0.221198	0.226218	0.223721	0.224430	0.298435	0.291326	0.296470	0.294312	0.220749	0.274869	0.232861	0.226826	0.229907	0.220159	0.221066	0.219644	0.220732	0.221928	0.219377	0.222565	0.000000	0.261232	0.216002	0.217260	0.263129	0.220194	0.229694	0.287769	0.223167	0.221817	0.293447	0.224535	0.217277	0.221308	0.222657	0.261416	0.297717	0.232706	0.299716	0.226527	0.304430	0.298643	0.304753	0.298935	0.309292	0.307773	0.312221	0.304127	0.223895	0.221981	0.225384	0.300990	0.302007	0.225507	0.225210	0.222092	0.227950	0.225201	0.222267	0.224038	0.343177	0.224869	0.304224	0.223285	0.416605	0.279076	0.295059	0.221153	0.297808	0.296748	0.299236	0.225537	0.404433	0.385338	0.222165	0.224541	0.290406	0.296576	0.224991	0.224456	0.377215	
0.275383	0.338142	0.278793	0.261735	0.275203	0.299089	0.287011	0.339783	0.338129	0.334138	0.281417	0.280064	0.278967	0.285460	0.274659	0.271829	0.273629	0.332374	0.329397	0.323732	0.330547	0.284239	0.289393	0.283881	0.280633	0.271058	0.279227	0.287890	0.288000	0.285484	0.286615	0.278703	0.253776	0.261232	0.000000	0.252894	0.281239	0.293269	0.278175	0.269166	0.325050	0.279886	0.273826	0.335623	0.280786	0.278153	0.277581	0.272711	0.285634	0.332122	0.282369	0.331647	0.279687	0.338825	0.335108	0.317500	0.317069	0.332860	0.338486	0.333809	0.337855	0.283415	0.275494	0.271774	0.338601	0.338214	0.281505	0.281239	0.280791	0.283862	0.271028	0.287083	0.283577	0.331041	0.275844	0.339069	0.279177	0.348666	0.310095	0.330378	0.277758	0.342505	0.325122	0.341410	0.282270	0.352812	0.344568	0.280114	0.287914	0.340705	0.332912	0.274485	0.276781	0.330485	
0.221638	0.283550	0.215803	0.217963	0.218413	0.256710	0.218111	0.294569	0.295175	0.293149	0.220459	0.217082	0.217629	0.221973	0.223645	0.220408	0.221236	0.292802	0.286218	0.290910	0.289357	0.220029	0.276464	0.232724	0.223215	0.227030	0.218121	0.221045	0.213176	0.219167	0.224605	0.221187	0.216910	0.216002	0.252894	0.000000	0.215105	0.268984	0.219645	0.221419	0.292558	0.220022	0.218648	0.289195	0.222621	0.215479	0.219352	0.219025	0.269412	0.298329	0.232629	0.290944	0.218871	0.298783	0.299376	0.301676	0.294105	0.305255	0.306934	0.311690	0.296675	0.228426	0.219391	0.229003	0.293727	0.297381	0.218793	0.224124	0.225347	0.225920	0.222368	0.220222	0.221780	0.357247	0.220014	0.299752	0.223109	0.434125	0.289383	0.290067	0.216176	0.290811	0.289237	0.296168	0.221455	0.420434	0.399360	0.220727	0.218634	0.284398	0.289923	0.224609	0.221776	0.400266	
0.222766	0.284866	0.214181	0.220032	0.218334	0.251119	0.221188	0.292514	0.291943	0.291324	0.221048	0.216416	0.214709	0.220879	0.222002	0.221629	0.223573	0.296836	0.287668	0.293225	0.290887	0.219054	0.281356	0.231578	0.220609	0.230429	0.219715	0.217675	0.215291	0.219768	0.220984	0.220159	0.220625	0.217260	0.281239	0.215105	0.000000	0.268008	0.217024	0.226518	0.286349	0.220835	0.224162	0.289528	0.220426	0.214521	0.218974	0.219374	0.267963	0.296020	0.231774	0.291290	0.222691	0.295767	0.296843	0.302682	0.296545	0.305049	0.302177	0.316054	0.297419	0.223256	0.215007	0.226324	0.291667	0.294802	0.219100	0.224874	0.219993	0.224638	0.222490	0.221286	0.218627	0.365735	0.220960	0.300764	0.226933	0.432615	0.292815	0.285330	0.215300	0.292108	0.291671	0.291275	0.221225	0.417138	0.404800	0.218634	0.222065	0.283291	0.290456	0.222938	0.221675	0.395232	
0.266923	0.323017	0.266053	0.268047	0.276802	0.297185	0.273765	0.333636	0.321461	0.327692	0.276988	0.262740	0.267390	0.271493	0.270343	0.269872	0.263110	0.320150	0.313238	0.321601	0.323295	0.273124	0.286719	0.270274	0.262854	0.274673	0.272298	0.273899	0.265832	0.265101	0.266245	0.270822	0.272669	0.263129	0.293269	0.268984	0.268008	0.000000	0.258430	0.268958	0.319959	0.268770	0.267940	0.320978	0.271394	0.267978	0.269696	0.264890	0.290384	0.322356	0.280385	0.316070	0.272704	0.327343	0.334134	0.321704	0.319768	0.326181	0.325390	0.322123	0.329423	0.270502	0.259507	0.266489	0.324801	0.326793	0.264758	0.278324	0.274878	0.266467	0.262875	0.269872	0.274801	0.336409	0.270118	0.327492	0.279325	0.362079	0.301686	0.321136	0.265993	0.328261	0.322933	0.325500	0.269766	0.354531	0.337374	0.267834	0.271799	0.315646	0.322333	0.267631	0.266522	0.342638	
0.218593	0.288404	0.215278	0.218761	0.217938	0.251965	0.218071	0.298736	0.296369	0.294230	0.223997	0.216187	0.219661	0.220493	0.220768	0.219449	0.218103	0.296170	0.286474	0.294748	0.291657	0.215773	0.278195	0.232525	0.216046	0.230209	0.222262	0.224477	0.213422	0.221100	0.221784	0.220292	0.221726	0.220194	0.278175	0.219645	0.217024	0.258430	0.000000	0.224696	0.291128	0.218192	0.217603	0.291393	0.218535	0.219055	0.218618	0.216774	0.261334	0.298043	0.229684	0.296827	0.220706	0.299339	0.298932	0.303219	0.297188	0.309172	0.305984	0.311564	0.300431	0.224511	0.219651	0.227593	0.296534	0.298423	0.218006	0.224378	0.224295	0.223259	0.218091	0.218870	0.221550	0.349435	0.215606	0.303361	0.221086	0.438859	0.288490	0.291152	0.215950	0.297342	0.291476	0.296029	0.217968	0.414830	0.401951	0.218721	0.223209	0.282800	0.290734	0.218574	0.219427	0.393441	
0.219608	0.287396	0.221459	0.225817	0.222688	0.256042	0.223974	0.298134	0.296933	0.297203	0.226925	0.222118	0.222824	0.227086	0.229086	0.223655	0.224747	0.296144	0.289254	0.295778	0.287942	0.220467	0.269600	0.242003	0.227871	0.231980	0.219270	0.228755	0.221318	0.226045	0.227471	0.227668	0.229310	0.229694	0.269166	0.221419	0.226518	0.268958	0.224696	0.000000	0.286291	0.224926	0.230291	0.289994	0.231326	0.222561	0.230238	0.223989	0.267928	0.297061	0.234844	0.298322	0.223634	0.297498	0.299086	0.300154	0.295305	0.304331	0.304826	0.309422	0.299983	0.225706	0.219982	0.232402	0.295998	0.299227	0.228210	0.229483	0.232952	0.228100	0.226797	0.231486	0.227151	0.342296	0.228838	0.301608	0.233629	0.423143	0.297662	0.294708	0.217112	0.296457	0.293385	0.295088	0.223692	0.413951	0.393448	0.229521	0.231204	0.287391	0.294304	0.225071	0.225585	0.384841	
0.288810	0.211888	0.285620	0.288048	0.283020	0.285096	0.285097	0.244982	0.241736	0.243015	0.288210	0.293399	0.286500	0.288874	0.285552	0.286719	0.286120	0.249652	0.248992	0.246782	0.242926	0.285396	0.308856	0.290951	0.284771	0.299022	0.290076	0.283732	0.287048	0.292599	0.289276	0.291600	0.288556	0.287769	0.325050	0.292558	0.286349	0.319959	0.291128	0.286291	0.000000	0.286049	0.283405	0.245013	0.283217	0.285355	0.282214	0.285254	0.328998	0.248676	0.280050	0.247451	0.288103	0.243212	0.250015	0.252736	0.247324	0.260273	0.253997	0.265911	0.244227	0.293575	0.287486	0.290155	0.248951	0.240852	0.285038	0.289846	0.289999	0.290216	0.282739	0.292898	0.289450	0.369765	0.287896	0.249561	0.291417	0.445634	0.336326	0.208379	0.281916	0.245885	0.245880	0.241019	0.285731	0.393294	0.405741	0.291064	0.292160	0.213373	0.245267	0.281671	0.288693	0.400510	
0.222319	0.282403	0.219159	0.223875	0.218628	0.183838	0.221843	0.294727	0.291506	0.293379	0.222963	0.217727	0.218962	0.223890	0.222685	0.223697	0.219112	0.294287	0.284585	0.285640	0.287321	0.220158	0.280084	0.237964	0.223906	0.231498	0.223467	0.224797	0.217206	0.221543	0.225685	0.222954	0.221661	0.223167	0.279886	0.220022	0.220835	0.268770	0.218192	0.224926	0.286049	0.000000	0.221854	0.288667	0.219889	0.219210	0.220844	0.219449	0.271089	0.296209	0.231832	0.295346	0.225293	0.292673	0.299936	0.300745	0.294618	0.298954	0.301324	0.311059	0.297538	0.228027	0.219126	0.231919	0.294652	0.290124	0.221054	0.224433	0.225911	0.224979	0.222537	0.226033	0.228729	0.354760	0.221257	0.294798	0.227938	0.444249	0.297254	0.285086	0.217528	0.287736	0.291269	0.295619	0.222363	0.416982	0.404066	0.222465	0.224071	0.283435	0.286431	0.224321	0.230226	0.403933	
0.222472	0.281650	0.220350	0.218059	0.221306	0.259835	0.217008	0.293754	0.295080	0.292408	0.223763	0.220734	0.216312	0.225177	0.223672	0.221249	0.220131	0.292976	0.284148	0.291621	0.290144	0.218865	0.280136	0.229831	0.221509	0.233061	0.220523	0.222802	0.217122	0.222337	0.221545	0.223993	0.223599	0.221817	0.273826	0.218648	0.224162	0.267940	0.217603	0.230291	0.283405	0.221854	0.000000	0.286079	0.220391	0.215025	0.217174	0.218344	0.265421	0.297540	0.229259	0.294124	0.218591	0.297728	0.297199	0.301335	0.295103	0.300936	0.307756	0.308829	0.295540	0.222693	0.221225	0.227362	0.293232	0.292141	0.214811	0.221595	0.226776	0.227904	0.221104	0.221246	0.223893	0.355216	0.220237	0.298534	0.228910	0.436472	0.294312	0.285722	0.215903	0.289585	0.289759	0.294373	0.224031	0.423754	0.397162	0.221873	0.220375	0.281084	0.289969	0.221878	0.221110	0.398282	
0.294246	0.235236	0.290370	0.289575	0.294143	0.284362	0.288113	0.214095	0.231552	0.216147	0.293073	0.292836	0.291531	0.292101	0.285947	0.291658	0.292302	0.236713	0.240943	0.233383	0.239520	0.288016	0.325732	0.298083	0.284828	0.306276	0.293001	0.284848	0.289874	0.293240	0.290625	0.289822	0.292690	0.293447	0.335623	0.289195	0.289528	0.320978	0.291393	0.289994	0.245013	0.288667	0.286079	0.000000	0.290117	0.286998	0.286147	0.291554	0.330702	0.240458	0.285432	0.234142	0.291319	0.229898	0.220281	0.245860	0.220377	0.257557	0.249892	0.239835	0.219914	0.297832	0.290208	0.298633	0.234856	0.232409	0.290106	0.294828	0.294907	0.295210	0.291064	0.296495	0.293641	0.384537	0.287696	0.236129	0.294165	0.456408	0.340201	0.237348	0.283462	0.217775	0.222423	0.212408	0.287160	0.388548	0.418115	0.289847	0.294752	0.238802	0.226562	0.290606	0.288076	0.411012	
0.218153	0.282735	0.216636	0.214368	0.219322	0.255719	0.219820	0.296300	0.295337	0.291270	0.222374	0.219714	0.218250	0.223052	0.221657	0.220461	0.216880	0.296453	0.289474	0.292735	0.291424	0.217759	0.282645	0.231521	0.221823	0.225885	0.218893	0.218675	0.216772	0.215658	0.217819	0.221944	0.222368	0.224535	0.280786	0.222621	0.220426	0.271394	0.218535	0.231326	0.283217	0.219889	0.220391	0.290117	0.000000	0.213929	0.218763	0.221910	0.267847	0.296505	0.227406	0.297865	0.221040	0.296411	0.298152	0.302836	0.293083	0.306121	0.304740	0.311727	0.298356	0.226707	0.215002	0.228137	0.295041	0.295648	0.215629	0.225763	0.222111	0.225409	0.217068	0.221780	0.223043	0.358829	0.221450	0.299652	0.221892	0.441645	0.292879	0.290450	0.220548	0.292273	0.291334	0.292167	0.218604	0.426529	0.396620	0.218764	0.218487	0.282636	0.288289	0.219588	0.222088	0.394343	
0.217504	0.284464	0.217006	0.213141	0.215579	0.254902	0.216981	0.293460	0.294498	0.290336	0.219932	0.214986	0.215223	0.220595	0.217655	0.217549	0.213654	0.291150	0.283837	0.286163	0.287864	0.212763	0.277219	0.231421	0.216949	0.223195	0.215324	0.219140	0.211385	0.218848	0.214348	0.220242	0.216014	0.217277	0.278153	0.215479	0.214521	0.267978	0.219055	0.222561	0.285355	0.219210	0.215025	0.286998	0.213929	0.000000	0.212049	0.216558	0.261046	0.293542	0.227603	0.294218	0.221108	0.296378	0.297677	0.297512	0.292781	0.306345	0.302852	0.306490	0.298354	0.217939	0.214188	0.221997	0.292137	0.294081	0.217953	0.221878	0.222564	0.223771	0.222669	0.214358	0.219754	0.357676	0.220879	0.297140	0.222160	0.434935	0.293760	0.285552	0.216925	0.289808	0.287969	0.293887	0.219118	0.417775	0.400559	0.218728	0.223587	0.284279	0.290249	0.217435	0.220933	0.400367	
0.218989	0.282504	0.219812	0.217413	0.215438	0.252808	0.218038	0.292118	0.290890	0.288088	0.220651	0.216703	0.215975	0.216526	0.222009	0.220918	0.216172	0.291481	0.283886	0.286895	0.286367	0.217013	0.276410	0.229020	0.216812	0.227881	0.218409	0.221500	0.213948	0.217552	0.217282	0.216430	0.219132	0.221308	0.277581	0.219352	0.218974	0.269696	0.218618	0.230238	0.282214	0.220844	0.217174	0.286147	0.218763	0.212049	0.000000	0.216880	0.264841	0.293381	0.226897	0.292262	0.216123	0.295976	0.294673	0.297679	0.291045	0.303465	0.295873	0.308507	0.293549	0.221783	0.220814	0.228858	0.292395	0.292779	0.217711	0.226620	0.225415	0.222072	0.221840	0.226215	0.222537	0.352761	0.221466	0.298539	0.223282	0.437960	0.298578	0.283094	0.212780	0.287839	0.287749	0.291797	0.218574	0.424283	0.402964	0.221041	0.224427	0.278823	0.289754	0.220145	0.222043	0.401853	
