0.000000	0.287217	0.217135	0.218358	0.219230	0.255585	0.221956	0.293630	0.295573	0.287686	0.303330	0.222352	0.216463	0.222825	0.220502	0.220359	0.219292	0.224378	0.220889	0.290380	0.281683	0.298492	0.292580	0.295230	0.221214	0.242609	0.234197	0.222637	0.227024	0.219383	0.224747	0.227685	0.222021	0.221127	0.222499	0.220874	0.225698	0.220456	0.220080	0.223721	0.267782	0.222056	0.220554	0.258313	0.217298	0.221185	0.287993	0.224935	0.225880	0.291991	0.219347	0.217713	0.223158	0.225316	0.217200	0.268830	0.300435	0.230346	0.287164	0.298247	0.222541	0.298075	0.298584	0.299117	0.290863	0.303303	0.302542	0.305640	0.297872	0.228625	0.220598	0.514091	0.231912	0.292479	0.297505	0.216060	0.224936	0.226937	0.223640	0.222576	0.219204	0.225820	0.341759	0.223396	0.297420	0.217179	0.411013	0.285694	0.289220	0.219135	0.286748	0.287663	0.292683	0.218878	0.390717	0.374283	0.216750	0.219872	0.283547	0.290743	0.222659	0.219718	0.375516	
0.287217	0.000000	0.285967	0.288237	0.288305	0.284539	0.288840	0.239491	0.239874	0.236886	0.247059	0.287755	0.286213	0.288079	0.285577	0.287151	0.284087	0.288282	0.288910	0.239555	0.245161	0.242055	0.237828	0.244083	0.284797	0.315381	0.294538	0.285614	0.304237	0.286618	0.289131	0.290296	0.289345	0.290244	0.287967	0.289644	0.286580	0.288362	0.291149	0.292022	0.328514	0.287557	0.283591	0.313879	0.288651	0.292654	0.212900	0.285660	0.287760	0.240071	0.283499	0.285714	0.284873	0.285956	0.288772	0.326648	0.250889	0.286082	0.238516	0.244877	0.285438	0.240582	0.245915	0.245862	0.239160	0.257178	0.255165	0.258207	0.240387	0.294544	0.287548	0.536675	0.299852	0.235448	0.237914	0.289339	0.287114	0.292379	0.291373	0.288070	0.286958	0.287919	0.356968	0.289287	0.234676	0.288617	0.450397	0.334230	0.197045	0.287133	0.234712	0.234130	0.236177	0.284059	0.388827	0.405861	0.284687	0.288511	0.201883	0.233923	0.282909	0.288024	0.394743	
0.217135	0.285967	0.000000	0.222199	0.216746	0.259494	0.219423	0.292811	0.291932	0.289520	0.298929	0.223398	0.220074	0.224869	0.224044	0.218715	0.221793	0.221659	0.223127	0.290656	0.285355	0.294421	0.288485	0.289922	0.219001	0.273093	0.235993	0.219662	0.232281	0.221853	0.227208	0.229933	0.223300	0.221025	0.222433	0.221378	0.222252	0.221346	0.222948	0.224196	0.273349	0.218158	0.217589	0.259709	0.215193	0.225180	0.281420	0.226193	0.224913	0.289584	0.220064	0.219301	0.223616	0.225397	0.223311	0.268503	0.300842	0.233748	0.291387	0.296155	0.221275	0.297369	0.296076	0.301394	0.292423	0.302589	0.299305	0.304344	0.297914	0.230677	0.218760	0.513917	0.234102	0.290968	0.292141	0.216278	0.223115	0.228982	0.227518	0.222277	0.217660	0.225745	0.327364	0.222727	0.300559	0.227977	0.410156	0.284277	0.289326	0.216276	0.290243	0.284012	0.293732	0.223783	0.386117	0.378036	0.221019	0.220481	0.284238	0.290482	0.221049	0.218986	0.370647	
0.218358	0.288237	0.222199	0.000000	0.216984	0.258849	0.224930	0.293542	0.296288	0.292764	0.302353	0.222545	0.220292	0.227155	0.222726	0.222804	0.224326	0.224194	0.221025	0.289881	0.283860	0.297528	0.287884	0.294838	0.224563	0.271048	0.236730	0.222488	0.227054	0.218920	0.224731	0.226729	0.222028	0.221381	0.221401	0.223432	0.221792	0.217291	0.216688	0.226892	0.266186	0.219156	0.220587	0.265185	0.220598	0.224019	0.286062	0.226935	0.225405	0.291356	0.217753	0.216989	0.219145	0.225838	0.227141	0.264019	0.298242	0.230665	0.292368	0.300714	0.223503	0.299114	0.299911	0.299281	0.293004	0.304971	0.303076	0.308508	0.299637	0.226524	0.221344	0.532123	0.232072	0.286623	0.296014	0.218028	0.224274	0.224396	0.223354	0.226442	0.218973	0.226993	0.339261	0.221835	0.298276	0.220730	0.417090	0.289910	0.286636	0.219364	0.294351	0.290136	0.292040	0.224515	0.403242	0.378064	0.217706	0.219221	0.284003	0.287996	0.221043	0.222134	0.379445	
0.219230	0.288305	0.216746	0.216984	0.000000	0.259237	0.220074	0.293644	0.298624	0.295866	0.304032	0.219519	0.223140	0.219152	0.220408	0.219174	0.219356	0.220168	0.223471	0.295699	0.285021	0.301628	0.291814	0.294559	0.220387	0.273770	0.241738	0.221240	0.232328	0.215400	0.225542	0.228648	0.222956	0.216860	0.217595	0.223945	0.222103	0.222489	0.223316	0.223354	0.266780	0.220841	0.221501	0.272398	0.219598	0.230013	0.289341	0.218577	0.225524	0.292234	0.218804	0.215212	0.222887	0.223916	0.222788	0.263283	0.302602	0.229243	0.291849	0.302203	0.219511	0.301281	0.297070	0.299911	0.293925	0.304218	0.301937	0.305044	0.300258	0.228140	0.220148	0.516216	0.229193	0.292222	0.301933	0.215193	0.225174	0.224844	0.226453	0.222603	0.224460	0.224909	0.337007	0.221819	0.297575	0.223978	0.400837	0.288528	0.295842	0.216940	0.292575	0.291457	0.294942	0.220890	0.401923	0.378723	0.217698	0.220347	0.288273	0.291769	0.223532	0.221930	0.378687	
0.255585	0.284539	0.259494	0.258849	0.259237	0.000000	0.256320	0.287089	0.282311	0.280429	0.299109	0.266776	0.255615	0.189203	0.262346	0.257755	0.260368	0.257548	0.260797	0.290954	0.288483	0.295429	0.292567	0.292670	0.258224	0.287661	0.263385	0.259842	0.262841	0.254604	0.264640	0.264379	0.264333	0.255986	0.254489	0.259298	0.260511	0.255196	0.265373	0.259626	0.297669	0.257171	0.261032	0.280976	0.256952	0.257531	0.288007	0.190268	0.261908	0.281904	0.253630	0.258951	0.255743	0.264155	0.255952	0.292383	0.298376	0.261863	0.280978	0.295786	0.255566	0.294056	0.296810	0.297046	0.287479	0.300111	0.304708	0.298407	0.290954	0.264701	0.259824	0.474511	0.262967	0.291155	0.297373	0.259552	0.254127	0.263546	0.260608	0.260816	0.258341	0.263919	0.341727	0.258516	0.298330	0.261588	0.391329	0.296694	0.284106	0.257409	0.290364	0.288978	0.290765	0.257357	0.374542	0.377176	0.255210	0.260818	0.285972	0.292073	0.260617	0.259728	0.367208	
0.221956	0.288840	0.219423	0.224930	0.220074	0.256320	0.000000	0.291571	0.294203	0.289971	0.301698	0.223200	0.219109	0.223904	0.223537	0.217770	0.223519	0.224574	0.222847	0.288920	0.283163	0.295330	0.290526	0.291491	0.220649	0.274614	0.239194	0.220453	0.229429	0.221065	0.223876	0.224248	0.221879	0.219087	0.222604	0.222630	0.222624	0.220763	0.223092	0.224815	0.278042	0.220246	0.223586	0.265496	0.217173	0.226623	0.289785	0.225082	0.221549	0.290094	0.220487	0.218162	0.222257	0.226814	0.220403	0.268699	0.304799	0.229987	0.289443	0.295451	0.222405	0.294448	0.297897	0.297167	0.292726	0.302426	0.306683	0.305282	0.299504	0.227781	0.224623	0.513883	0.233739	0.285853	0.292938	0.221922	0.223561	0.221822	0.224063	0.227576	0.215740	0.225405	0.337084	0.222923	0.296632	0.224763	0.411483	0.286513	0.287240	0.216338	0.288916	0.286997	0.294843	0.219852	0.398754	0.382963	0.226690	0.225540	0.285622	0.286562	0.221904	0.225752	0.374325	
0.293630	0.239491	0.292811	0.293542	0.293644	0.287089	0.291571	0.000000	0.225786	0.212659	0.239275	0.292436	0.290637	0.295294	0.294645	0.294401	0.294965	0.292491	0.294600	0.230059	0.236937	0.237752	0.230586	0.236735	0.291395	0.325673	0.303827	0.293827	0.311632	0.293838	0.289662	0.292775	0.292199	0.291532	0.290455	0.296698	0.291683	0.295818	0.298774	0.297663	0.328053	0.292088	0.292678	0.321590	0.296574	0.300919	0.247511	0.295473	0.297123	0.214993	0.289521	0.291959	0.290340	0.296667	0.293208	0.335124	0.240434	0.288410	0.214033	0.239298	0.291250	0.233228	0.218558	0.243358	0.214628	0.250231	0.250437	0.232651	0.218063	0.301482	0.295660	0.524455	0.299093	0.229640	0.230836	0.291575	0.290623	0.296520	0.297012	0.294306	0.293714	0.298124	0.377972	0.296877	0.234972	0.294808	0.449037	0.337242	0.236845	0.288963	0.215020	0.215885	0.208552	0.290655	0.376642	0.406615	0.289009	0.292540	0.232781	0.226531	0.289016	0.295664	0.397134	
0.295573	0.239874	0.291932	0.296288	0.298624	0.282311	0.294203	0.225786	0.000000	0.230547	0.219130	0.293157	0.291979	0.293777	0.293694	0.290921	0.293062	0.290899	0.292724	0.214074	0.226008	0.220515	0.215075	0.218958	0.290149	0.325144	0.300837	0.290168	0.307263	0.295189	0.292021	0.295159	0.297590	0.293098	0.297040	0.295004	0.294236	0.293896	0.294029	0.298284	0.329353	0.296059	0.291318	0.321619	0.294938	0.298824	0.248425	0.291092	0.299023	0.233138	0.293983	0.292160	0.293700	0.298241	0.295911	0.336778	0.232853	0.289513	0.232904	0.222042	0.291841	0.215578	0.237754	0.224310	0.233965	0.235575	0.239538	0.250236	0.241977	0.299901	0.296812	0.523232	0.301629	0.211158	0.216762	0.294080	0.293187	0.296668	0.297581	0.292393	0.294568	0.295019	0.364336	0.292095	0.215919	0.294386	0.448995	0.335449	0.231976	0.289729	0.234092	0.223979	0.228327	0.291103	0.384133	0.406988	0.291642	0.293608	0.235707	0.230276	0.288740	0.295797	0.400962	
0.287686	0.236886	0.289520	0.292764	0.295866	0.280429	0.289971	0.212659	0.230547	0.000000	0.241469	0.290890	0.288470	0.293922	0.293678	0.290732	0.294973	0.286830	0.288137	0.230376	0.243545	0.242671	0.232606	0.237248	0.284551	0.322130	0.303006	0.287103	0.302895	0.291107	0.289820	0.290739	0.293766	0.294608	0.294762	0.293210	0.292647	0.287716	0.291942	0.291181	0.320586	0.291247	0.291721	0.311395	0.290812	0.297571	0.246533	0.292530	0.297218	0.217709	0.289550	0.291312	0.290429	0.294467	0.289217	0.336987	0.246968	0.285785	0.108764	0.246201	0.290212	0.236931	0.216973	0.247058	0.212734	0.254263	0.250733	0.234654	0.218101	0.300515	0.291125	0.525250	0.294293	0.233354	0.233846	0.290039	0.287848	0.293037	0.294005	0.289310	0.288813	0.292388	0.364028	0.292466	0.238472	0.288910	0.442753	0.343355	0.230892	0.287660	0.217473	0.211279	0.205831	0.285281	0.372891	0.405223	0.286896	0.294085	0.233893	0.223779	0.284686	0.294981	0.398735	
0.303330	0.247059	0.298929	0.302353	0.304032	0.299109	0.301698	0.239275	0.219130	0.241469	0.000000	0.300000	0.303790	0.305099	0.305061	0.300309	0.296731	0.301631	0.305004	0.220336	0.236367	0.113254	0.218176	0.230534	0.301734	0.329185	0.309974	0.302651	0.310383	0.301153	0.298633	0.301537	0.302585	0.299957	0.300462	0.302739	0.305944	0.302749	0.300054	0.301713	0.321394	0.299984	0.299455	0.311051	0.302670	0.307876	0.256336	0.303490	0.304357	0.247532	0.301702	0.302937	0.300027	0.309601	0.298897	0.345632	0.238638	0.299292	0.240741	0.115296	0.299973	0.224437	0.246250	0.231765	0.247764	0.239546	0.249240	0.260945	0.248841	0.307616	0.303011	0.523592	0.311299	0.222373	0.222126	0.301568	0.298550	0.302157	0.306048	0.304384	0.301578	0.303971	0.372287	0.302501	0.226606	0.303689	0.450657	0.347661	0.243325	0.300629	0.241002	0.233849	0.241895	0.300442	0.381696	0.408854	0.295145	0.304137	0.245224	0.242526	0.295768	0.305508	0.407589	
0.222352	0.287755	0.223398	0.222545	0.219519	0.266776	0.223200	0.292436	0.293157	0.290890	0.300000	0.000000	0.221032	0.227653	0.223610	0.225504	0.225462	0.226541	0.227686	0.292552	0.283574	0.294830	0.289115	0.293965	0.224246	0.270477	0.242275	0.220859	0.235868	0.222808	0.223905	0.228353	0.225309	0.220901	0.222386	0.224500	0.230190	0.227786	0.224353	0.227267	0.273522	0.221090	0.223053	0.257778	0.224264	0.231111	0.289199	0.226301	0.227448	0.291377	0.223444	0.220753	0.225689	0.228019	0.226868	0.266880	0.302741	0.236884	0.287928	0.298223	0.227977	0.292158	0.296485	0.299583	0.291255	0.299701	0.303294	0.311342	0.297998	0.231037	0.220393	0.515076	0.235401	0.292391	0.294054	0.225491	0.223115	0.228097	0.231919	0.228042	0.221681	0.231067	0.342798	0.229778	0.298560	0.226977	0.415094	0.288386	0.287704	0.223520	0.289068	0.287662	0.289728	0.221648	0.394535	0.368932	0.219839	0.226258	0.286815	0.291012	0.224530	0.223015	0.385189	
0.216463	0.286213	0.220074	0.220292	0.223140	0.255615	0.219109	0.290637	0.291979	0.288470	0.303790	0.221032	0.000000	0.220759	0.218179	0.217113	0.226151	0.224505	0.220976	0.295062	0.282866	0.298850	0.285691	0.288907	0.218992	0.267371	0.239211	0.221585	0.231878	0.217151	0.220816	0.224368	0.219791	0.218119	0.218256	0.218021	0.221720	0.220355	0.223137	0.221022	0.274554	0.219328	0.223623	0.258495	0.219880	0.222741	0.290085	0.224377	0.223345	0.290337	0.218540	0.218717	0.220783	0.225116	0.219283	0.264824	0.304716	0.228172	0.291223	0.301035	0.219755	0.295190	0.298868	0.301753	0.294088	0.303802	0.301806	0.304304	0.296840	0.229258	0.217643	0.517429	0.235177	0.288771	0.294411	0.219178	0.224484	0.224403	0.223711	0.221816	0.219337	0.224345	0.336904	0.218755	0.297493	0.223855	0.414003	0.287451	0.291273	0.216757	0.289471	0.287422	0.291447	0.220605	0.395917	0.381048	0.221378	0.221876	0.285478	0.287887	0.220492	0.222445	0.379083	
0.222825	0.288079	0.224869	0.227155	0.219152	0.189203	0.223904	0.295294	0.293777	0.293922	0.305099	0.227653	0.220759	0.000000	0.218734	0.221875	0.226025	0.229235	0.222455	0.293061	0.282673	0.299968	0.292570	0.296343	0.223304	0.275000	0.236391	0.225007	0.237878	0.225580	0.231985	0.232976	0.231071	0.224067	0.222252	0.222192	0.226484	0.225417	0.219682	0.225874	0.275718	0.223812	0.223862	0.265775	0.222507	0.230000	0.287761	0.112000	0.228133	0.288470	0.223265	0.221875	0.223999	0.231625	0.225146	0.269897	0.302216	0.238216	0.295136	0.302584	0.226933	0.296302	0.301350	0.298339	0.292351	0.302060	0.302962	0.306057	0.298305	0.231050	0.226108	0.502609	0.237054	0.292452	0.296017	0.223641	0.225836	0.229739	0.227476	0.225473	0.223382	0.230324	0.334835	0.224256	0.299516	0.228652	0.415675	0.288110	0.290112	0.223786	0.290300	0.289146	0.298332	0.224060	0.387814	0.378029	0.219770	0.223590	0.287949	0.291745	0.226003	0.227181	0.379471	
0.220502	0.285577	0.224044	0.222726	0.220408	0.262346	0.223537	0.294645	0.293694	0.293678	0.305061	0.223610	0.218179	0.218734	0.000000	0.220227	0.220252	0.220076	0.220447	0.292632	0.282864	0.298907	0.292627	0.294411	0.216344	0.274779	0.239696	0.221951	0.234079	0.212900	0.227316	0.232357	0.226843	0.218429	0.219265	0.221118	0.224881	0.218470	0.224358	0.224772	0.277988	0.219015	0.219498	0.264587	0.221359	0.220316	0.286008	0.220900	0.222504	0.288749	0.221061	0.217247	0.222374	0.224281	0.220670	0.270273	0.302030	0.233231	0.292919	0.300610	0.222808	0.295263	0.297082	0.300694	0.293841	0.303239	0.303605	0.309424	0.299962	0.227194	0.216029	0.512415	0.233217	0.292122	0.295826	0.222732	0.225326	0.224245	0.224077	0.221962	0.221231	0.223252	0.338152	0.221415	0.300488	0.227733	0.412105	0.290049	0.295039	0.220565	0.291363	0.291564	0.292633	0.221198	0.397476	0.382477	0.221771	0.223409	0.287673	0.290805	0.224459	0.221677	0.377668	
0.220359	0.287151	0.218715	0.222804	0.219174	0.257755	0.217770	0.294401	0.290921	0.290732	0.300309	0.225504	0.217113	0.221875	0.220227	0.000000	0.223011	0.226777	0.222535	0.290525	0.280739	0.293297	0.287652	0.291954	0.221318	0.269936	0.237810	0.219847	0.231115	0.217058	0.219543	0.225216	0.221845	0.222940	0.220391	0.219008	0.225777	0.219424	0.228105	0.219976	0.277049	0.220420	0.225695	0.265325	0.222210	0.226776	0.287760	0.223544	0.224386	0.286805	0.223523	0.218218	0.219701	0.222325	0.222064	0.266433	0.294317	0.228081	0.290292	0.295860	0.216229	0.295174	0.293964	0.297325	0.292898	0.299035	0.300296	0.308864	0.296510	0.226678	0.220704	0.503067	0.233669	0.288462	0.295258	0.220691	0.222978	0.228121	0.228040	0.225559	0.223258	0.227176	0.334315	0.225719	0.296121	0.225890	0.413933	0.286812	0.288915	0.218239	0.288357	0.290130	0.291263	0.220154	0.396958	0.378427	0.220982	0.224536	0.285385	0.287939	0.226221	0.223517	0.377258	
0.219292	0.284087	0.221793	0.224326	0.219356	0.260368	0.223519	0.294965	0.293062	0.294973	0.296731	0.225462	0.226151	0.226025	0.220252	0.223011	0.000000	0.222984	0.224908	0.287146	0.283670	0.294197	0.287758	0.291846	0.217747	0.273571	0.233763	0.225428	0.236297	0.220024	0.230387	0.234123	0.228558	0.223758	0.224229	0.221671	0.221319	0.220901	0.223014	0.227673	0.269231	0.222128	0.222582	0.264286	0.225524	0.232147	0.287769	0.222488	0.228987	0.286401	0.227412	0.219645	0.225638	0.227411	0.224470	0.265722	0.294797	0.231989	0.293752	0.295815	0.225667	0.294834	0.295196	0.298410	0.293006	0.296549	0.302844	0.306870	0.294309	0.231092	0.222989	0.517974	0.236027	0.286879	0.294855	0.224793	0.224788	0.226242	0.227555	0.223072	0.221940	0.227925	0.334830	0.224930	0.296786	0.225134	0.410197	0.280095	0.286783	0.222963	0.288902	0.286397	0.291290	0.224798	0.398980	0.382635	0.218182	0.221530	0.283549	0.290020	0.222533	0.222346	0.378095	
0.224378	0.288282	0.221659	0.224194	0.220168	0.257548	0.224574	0.292491	0.290899	0.286830	0.301631	0.226541	0.224505	0.229235	0.220076	0.226777	0.222984	0.000000	0.222901	0.290017	0.282804	0.294867	0.286843	0.290274	0.222403	0.275256	0.242206	0.224613	0.230211	0.219460	0.231943	0.235449	0.227639	0.223430	0.224825	0.225922	0.221815	0.222730	0.226504	0.226170	0.274088	0.223649	0.220990	0.263093	0.221037	0.227504	0.287233	0.227046	0.224097	0.286165	0.226904	0.221298	0.225964	0.226582	0.223644	0.265310	0.297760	0.235287	0.288321	0.300750	0.228758	0.296769	0.290255	0.297488	0.291669	0.299294	0.298456	0.295345	0.297571	0.230608	0.221000	0.505750	0.236216	0.288829	0.294944	0.223057	0.228344	0.228723	0.231487	0.229691	0.224892	0.231119	0.334906	0.224583	0.298728	0.226996	0.410177	0.280112	0.287690	0.224201	0.287955	0.288085	0.289241	0.226133	0.393687	0.373208	0.224571	0.227429	0.284387	0.286248	0.223355	0.226868	0.369806	
0.220889	0.288910	0.223127	0.221025	0.223471	0.260797	0.222847	0.294600	0.292724	0.288137	0.305004	0.227686	0.220976	0.222455	0.220447	0.222535	0.224908	0.222901	0.000000	0.292382	0.285800	0.299854	0.289130	0.295692	0.220092	0.277532	0.235074	0.223763	0.232130	0.221112	0.226596	0.227652	0.225442	0.220564	0.221459	0.224859	0.226521	0.222374	0.219993	0.226294	0.267090	0.221247	0.223509	0.253725	0.218467	0.231160	0.290862	0.226382	0.224214	0.291203	0.219751	0.219586	0.222125	0.222513	0.220889	0.260911	0.299929	0.227750	0.288307	0.300576	0.223207	0.298972	0.298446	0.302040	0.288108	0.302543	0.298999	0.306082	0.294071	0.226867	0.221566	0.508112	0.234790	0.291367	0.295867	0.221978	0.226824	0.225017	0.227829	0.219534	0.220900	0.222713	0.345738	0.224251	0.300056	0.223990	0.406618	0.281686	0.291557	0.217881	0.289412	0.287157	0.292908	0.222149	0.395073	0.373951	0.219430	0.221819	0.287123	0.289297	0.228009	0.223586	0.374680	
0.290380	0.239555	0.290656	0.289881	0.295699	0.290954	0.288920	0.230059	0.214074	0.230376	0.220336	0.292552	0.295062	0.293061	0.292632	0.290525	0.287146	0.290017	0.292382	0.000000	0.225885	0.217910	0.213748	0.224641	0.289949	0.323876	0.304033	0.294757	0.306112	0.290307	0.292511	0.291931	0.292980	0.293752	0.296615	0.288030	0.292957	0.289870	0.293972	0.293618	0.324750	0.291205	0.293581	0.309299	0.294658	0.296557	0.250614	0.291754	0.294771	0.232124	0.292500	0.291053	0.290435	0.295029	0.291109	0.331857	0.225496	0.289309	0.231417	0.219930	0.289197	0.219662	0.240649	0.222448	0.235082	0.230479	0.237288	0.255098	0.237961	0.299906	0.296501	0.528038	0.300135	0.211519	0.214824	0.289099	0.290073	0.297728	0.298327	0.294525	0.292236	0.293260	0.366655	0.292815	0.220352	0.294051	0.447689	0.332862	0.235633	0.284682	0.229101	0.224459	0.230965	0.292362	0.386348	0.407526	0.285921	0.293539	0.235914	0.230431	0.287212	0.295148	0.404065	
0.281683	0.245161	0.285355	0.283860	0.285021	0.288483	0.283163	0.236937	0.226008	0.243545	0.236367	0.283574	0.282866	0.282673	0.282864	0.280739	0.283670	0.282804	0.285800	0.225885	0.000000	0.235717	0.225243	0.229307	0.278988	0.315421	0.293861	0.284842	0.297071	0.283953	0.283780	0.288082	0.285602	0.285933	0.286245	0.281649	0.285082	0.285963	0.283053	0.288382	0.315373	0.283520	0.287042	0.306417	0.285790	0.287759	0.251917	0.282232	0.284949	0.239843	0.282892	0.282944	0.280248	0.285405	0.284202	0.323139	0.240020	0.283977	0.245352	0.233479	0.282219	0.225392	0.244133	0.237397	0.244174	0.247858	0.240289	0.259680	0.248857	0.289928	0.282491	0.516738	0.293300	0.223920	0.229082	0.285377	0.284708	0.287108	0.285128	0.284732	0.283745	0.285774	0.360774	0.284772	0.227099	0.289540	0.441366	0.329876	0.246394	0.281368	0.245359	0.234116	0.232169	0.279266	0.383617	0.404338	0.280481	0.281077	0.245391	0.239399	0.283830	0.285856	0.396445	
0.298492	0.242055	0.294421	0.297528	0.301628	0.295429	0.295330	0.237752	0.220515	0.242671	0.113254	0.294830	0.298850	0.299968	0.298907	0.293297	0.294197	0.294867	0.299854	0.217910	0.235717	0.000000	0.215670	0.222087	0.293310	0.328301	0.305491	0.298119	0.309255	0.295229	0.296557	0.298542	0.298318	0.294813	0.294901	0.297300	0.299151	0.297276	0.297119	0.297804	0.316024	0.296278	0.293911	0.310510	0.295956	0.302045	0.251740	0.297719	0.302026	0.242851	0.295434	0.297052	0.294994	0.302471	0.294496	0.339109	0.231340	0.296236	0.241494	0.105588	0.294282	0.216994	0.244546	0.230057	0.243615	0.235972	0.242650	0.259429	0.246494	0.302027	0.295896	0.526716	0.301589	0.217197	0.220300	0.294330	0.289514	0.300788	0.302640	0.299161	0.295872	0.297137	0.367000	0.296925	0.223014	0.297615	0.454893	0.340916	0.242229	0.293137	0.237997	0.232074	0.236895	0.297271	0.379861	0.403974	0.291980	0.298765	0.240741	0.239473	0.291098	0.299042	0.401361	
0.292580	0.237828	0.288485	0.287884	0.291814	0.292567	0.290526	0.230586	0.215075	0.232606	0.218176	0.289115	0.285691	0.292570	0.292627	0.287652	0.287758	0.286843	0.289130	0.213748	0.225243	0.215670	0.000000	0.220683	0.287557	0.319527	0.301664	0.287596	0.303443	0.290693	0.289571	0.289909	0.289624	0.291150	0.291001	0.292825	0.288716	0.292412	0.292915	0.295647	0.313045	0.288737	0.295325	0.306743	0.292859	0.297726	0.248877	0.290050	0.289431	0.235546	0.289781	0.285783	0.289035	0.293522	0.289491	0.332405	0.227160	0.287016	0.229356	0.215527	0.288141	0.219079	0.236935	0.228136	0.234411	0.233514	0.230377	0.253476	0.236822	0.296343	0.289082	0.520709	0.297537	0.208597	0.213746	0.290876	0.286614	0.294505	0.293233	0.290935	0.290694	0.290749	0.361736	0.289510	0.213366	0.291223	0.450266	0.333428	0.233589	0.286620	0.234236	0.225358	0.234325	0.288145	0.380095	0.403995	0.284955	0.290075	0.237045	0.230371	0.285407	0.292540	0.402529	
0.295230	0.244083	0.289922	0.294838	0.294559	0.292670	0.291491	0.236735	0.218958	0.237248	0.230534	0.293965	0.288907	0.296343	0.294411	0.291954	0.291846	0.290274	0.295692	0.224641	0.229307	0.222087	0.220683	0.000000	0.287860	0.319556	0.302123	0.291263	0.306216	0.292579	0.296232	0.297892	0.295814	0.292604	0.292997	0.294121	0.291795	0.294002	0.296127	0.295178	0.321718	0.292603	0.295970	0.316231	0.294945	0.299834	0.247213	0.293364	0.293256	0.240886	0.295058	0.290730	0.295723	0.296768	0.289275	0.331880	0.232736	0.291973	0.236233	0.222615	0.290497	0.221023	0.238556	0.231679	0.240080	0.238916	0.241915	0.256883	0.246480	0.300282	0.292629	0.510273	0.298498	0.219776	0.221435	0.294859	0.289370	0.299886	0.296474	0.295172	0.297992	0.295245	0.364441	0.295169	0.227977	0.297842	0.439145	0.336406	0.243262	0.291140	0.241265	0.230282	0.238757	0.290851	0.376825	0.407871	0.287085	0.292408	0.241195	0.242313	0.288096	0.297959	0.398940	
0.221214	0.284797	0.219001	0.224563	0.220387	0.258224	0.220649	0.291395	0.290149	0.284551	0.301734	0.224246	0.218992	0.223304	0.216344	0.221318	0.217747	0.222403	0.220092	0.289949	0.278988	0.293310	0.287557	0.287860	0.000000	0.279543	0.237415	0.223438	0.235146	0.219463	0.220024	0.229042	0.222725	0.217754	0.221404	0.221951	0.226823	0.223524	0.218375	0.224685	0.280213	0.220948	0.222707	0.267415	0.219202	0.226387	0.286253	0.221464	0.223062	0.290387	0.221353	0.221048	0.224181	0.225158	0.220400	0.264241	0.298229	0.233375	0.288803	0.296748	0.224519	0.292748	0.293419	0.297153	0.290523	0.305812	0.298658	0.302373	0.293959	0.227407	0.218512	0.517776	0.231227	0.288401	0.292936	0.223616	0.231132	0.227960	0.228815	0.218388	0.223658	0.222957	0.337550	0.221803	0.296404	0.223787	0.416327	0.284852	0.283840	0.218285	0.290693	0.283311	0.293206	0.223700	0.391266	0.378945	0.215127	0.223418	0.280588	0.289013	0.222547	0.223261	0.378913	
0.242609	0.315381	0.273093	0.271048	0.273770	0.287661	0.274614	0.325673	0.325144	0.322130	0.329185	0.270477	0.267371	0.275000	0.274779	0.269936	0.273571	0.275256	0.277532	0.323876	0.315421	0.328301	0.319527	0.319556	0.279543	0.000000	0.272877	0.264473	0.267146	0.247512	0.276159	0.274714	0.273816	0.276252	0.277200	0.273227	0.275619	0.271319	0.269730	0.269863	0.272996	0.271626	0.276011	0.281211	0.275364	0.261550	0.301383	0.274477	0.277261	0.318096	0.274499	0.273371	0.271496	0.272968	0.272966	0.298996	0.325372	0.276531	0.319240	0.327938	0.272576	0.325067	0.299842	0.308016	0.304741	0.322780	0.320099	0.319558	0.325918	0.271530	0.276818	0.395184	0.274875	0.321950	0.324725	0.273510	0.281470	0.273815	0.271196	0.272753	0.276345	0.271071	0.297354	0.273707	0.326026	0.271567	0.351581	0.316008	0.318723	0.274744	0.320423	0.316278	0.323587	0.272475	0.351030	0.352546	0.266463	0.272110	0.309198	0.320158	0.268969	0.271288	0.336099	
0.234197	0.294538	0.235993	0.236730	0.241738	0.263385	0.239194	0.303827	0.300837	0.303006	0.309974	0.242275	0.239211	0.236391	0.239696	0.237810	0.233763	0.242206	0.235074	0.304033	0.293861	0.305491	0.301664	0.302123	0.237415	0.272877	0.000000	0.237198	0.242800	0.235690	0.243506	0.243649	0.243097	0.233892	0.237574	0.239521	0.238406	0.235773	0.234723	0.236305	0.274308	0.233463	0.238179	0.262623	0.234374	0.245441	0.294967	0.237969	0.239118	0.299053	0.233794	0.234225	0.233109	0.237406	0.243183	0.266455	0.310204	0.248060	0.301346	0.304813	0.235525	0.305597	0.302409	0.303204	0.299434	0.309082	0.303321	0.314725	0.308051	0.239820	0.237359	0.478859	0.242115	0.300927	0.304892	0.240579	0.238636	0.240897	0.240250	0.242687	0.238079	0.241002	0.322944	0.236519	0.306725	0.240773	0.386881	0.282760	0.296259	0.233704	0.300173	0.299488	0.302859	0.236193	0.372704	0.360902	0.232494	0.238713	0.293957	0.297001	0.239948	0.237906	0.359139	
0.222637	0.285614	0.219662	0.222488	0.221240	0.259842	0.220453	0.293827	0.290168	0.287103	0.302651	0.220859	0.221585	0.225007	0.221951	0.219847	0.225428	0.224613	0.223763	0.294757	0.284842	0.298119	0.287596	0.291263	0.223438	0.264473	0.237198	0.000000	0.230636	0.218965	0.226067	0.226328	0.225502	0.224573	0.224060	0.223370	0.223003	0.222393	0.220377	0.226297	0.274335	0.223319	0.219425	0.256448	0.216799	0.231130	0.285902	0.225978	0.224451	0.286858	0.224279	0.218278	0.221899	0.226166	0.223016	0.261411	0.297405	0.232712	0.287723	0.297318	0.223037	0.298000	0.298818	0.301039	0.292331	0.304088	0.300508	0.304997	0.297774	0.229433	0.222270	0.508398	0.237734	0.289956	0.294311	0.222258	0.224170	0.228032	0.229468	0.226127	0.218413	0.228357	0.338296	0.221868	0.298088	0.223061	0.415251	0.281718	0.288386	0.218040	0.289802	0.286831	0.292832	0.223590	0.394061	0.382347	0.221421	0.223188	0.282564	0.291772	0.224027	0.220936	0.376341	
0.227024	0.304237	0.232281	0.227054	0.232328	0.262841	0.229429	0.311632	0.307263	0.302895	0.310383	0.235868	0.231878	0.237878	0.234079	0.231115	0.236297	0.230211	0.232130	0.306112	0.297071	0.309255	0.303443	0.306216	0.235146	0.267146	0.242800	0.230636	0.000000	0.230095	0.240571	0.239808	0.239239	0.231359	0.231863	0.232108	0.237360	0.232799	0.230972	0.230978	0.273563	0.230467	0.236519	0.267022	0.229124	0.238292	0.298905	0.237326	0.236621	0.302286	0.231133	0.227209	0.235895	0.237819	0.233291	0.268918	0.308333	0.241025	0.302235	0.310883	0.232664	0.308409	0.307281	0.313450	0.300427	0.305676	0.307802	0.313126	0.312190	0.238223	0.232122	0.465044	0.242196	0.302961	0.304972	0.234443	0.234454	0.234967	0.236626	0.236212	0.227593	0.238279	0.313873	0.234974	0.312260	0.233891	0.380157	0.278511	0.301096	0.231297	0.305172	0.300274	0.308509	0.232435	0.375839	0.354337	0.236188	0.234025	0.299422	0.305594	0.230193	0.236682	0.354141	
0.219383	0.286618	0.221853	0.218920	0.215400	0.254604	0.221065	0.293838	0.295189	0.291107	0.301153	0.222808	0.217151	0.225580	0.212900	0.217058	0.220024	0.219460	0.221112	0.290307	0.283953	0.295229	0.290693	0.292579	0.219463	0.247512	0.235690	0.218965	0.230095	0.000000	0.221947	0.228107	0.220577	0.221649	0.223521	0.217772	0.222950	0.219895	0.220845	0.221287	0.269968	0.215496	0.218975	0.263583	0.219536	0.223508	0.290976	0.222704	0.225182	0.290830	0.216716	0.215450	0.223005	0.226568	0.218686	0.260576	0.304462	0.229266	0.290434	0.297986	0.219057	0.298435	0.297236	0.302136	0.293555	0.297853	0.303723	0.307902	0.297893	0.223163	0.216611	0.511827	0.231893	0.288259	0.295963	0.215394	0.224402	0.222909	0.224627	0.222767	0.224596	0.221740	0.336717	0.220109	0.297460	0.223733	0.409019	0.285615	0.290200	0.216768	0.292491	0.288734	0.295612	0.218689	0.398782	0.381268	0.219289	0.223100	0.286263	0.292170	0.220648	0.220810	0.373962	
0.224747	0.289131	0.227208	0.224731	0.225542	0.264640	0.223876	0.289662	0.292021	0.289820	0.298633	0.223905	0.220816	0.231985	0.227316	0.219543	0.230387	0.231943	0.226596	0.292511	0.283780	0.296557	0.289571	0.296232	0.220024	0.276159	0.243506	0.226067	0.240571	0.221947	0.000000	0.112571	0.105523	0.221980	0.221707	0.221223	0.228579	0.228718	0.229676	0.228668	0.278431	0.226044	0.221029	0.264666	0.224786	0.230925	0.287675	0.232057	0.229589	0.290865	0.218499	0.221893	0.227433	0.229863	0.229471	0.267055	0.303522	0.237809	0.291239	0.293758	0.226624	0.298056	0.297233	0.301836	0.295001	0.306928	0.304511	0.306313	0.298425	0.232341	0.225249	0.514486	0.239326	0.290467	0.296145	0.223971	0.229908	0.228963	0.233509	0.225738	0.226502	0.223288	0.337931	0.222633	0.298981	0.231951	0.415955	0.294807	0.289320	0.223542	0.288742	0.285737	0.292420	0.225250	0.394696	0.385274	0.226764	0.221555	0.283173	0.290271	0.228517	0.225055	0.379064	
0.227685	0.290296	0.229933	0.226729	0.228648	0.264379	0.224248	0.292775	0.295159	0.290739	0.301537	0.228353	0.224368	0.232976	0.232357	0.225216	0.234123	0.235449	0.227652	0.291931	0.288082	0.298542	0.289909	0.297892	0.229042	0.274714	0.243649	0.226328	0.239808	0.228107	0.112571	0.000000	0.108828	0.222963	0.224798	0.222943	0.229712	0.228180	0.229943	0.227733	0.275251	0.227000	0.223868	0.261660	0.226519	0.234802	0.291333	0.234561	0.231957	0.291133	0.221116	0.223398	0.225892	0.224006	0.229236	0.266119	0.304280	0.238262	0.292876	0.297949	0.226347	0.300871	0.297619	0.302085	0.296085	0.308350	0.304157	0.306843	0.300018	0.232196	0.227315	0.492757	0.237318	0.291850	0.297146	0.226371	0.226706	0.227122	0.236080	0.229173	0.230380	0.227199	0.326091	0.223908	0.299299	0.236874	0.400307	0.288921	0.293994	0.226285	0.293464	0.287991	0.294668	0.228393	0.385427	0.372837	0.226724	0.223594	0.287069	0.290626	0.227322	0.228645	0.367100	
0.222021	0.289345	0.223300	0.222028	0.222956	0.264333	0.221879	0.292199	0.297590	0.293766	0.302585	0.225309	0.219791	0.231071	0.226843	0.221845	0.228558	0.227639	0.225442	0.292980	0.285602	0.298318	0.289624	0.295814	0.222725	0.273816	0.243097	0.225502	0.239239	0.220577	0.105523	0.108828	0.000000	0.222478	0.224507	0.218493	0.229213	0.227100	0.226672	0.225381	0.273887	0.224599	0.222299	0.268451	0.223387	0.232057	0.291030	0.232172	0.229657	0.289697	0.220699	0.221415	0.225575	0.225602	0.227126	0.266425	0.302714	0.234532	0.292369	0.297485	0.224804	0.298518	0.300050	0.301838	0.295921	0.309029	0.308038	0.308721	0.300061	0.229259	0.224493	0.512815	0.232351	0.291732	0.297370	0.222081	0.227229	0.229711	0.231762	0.224425	0.226101	0.223641	0.335813	0.220457	0.297485	0.231136	0.418169	0.292039	0.289959	0.220632	0.293611	0.287497	0.292632	0.225552	0.399331	0.384779	0.224259	0.221822	0.284710	0.291336	0.223323	0.226386	0.374743	
0.221127	0.290244	0.221025	0.221381	0.216860	0.255986	0.219087	0.291532	0.293098	0.294608	0.299957	0.220901	0.218119	0.224067	0.218429	0.222940	0.223758	0.223430	0.220564	0.293752	0.285933	0.294813	0.291150	0.292604	0.217754	0.276252	0.233892	0.224573	0.231359	0.221649	0.221980	0.222963	0.222478	0.000000	0.113555	0.219747	0.220971	0.222419	0.225206	0.226169	0.274049	0.218539	0.226479	0.262015	0.220255	0.227474	0.286325	0.225437	0.226405	0.292401	0.218753	0.217971	0.222931	0.226602	0.217377	0.266569	0.304883	0.230180	0.293587	0.295994	0.217514	0.298072	0.297016	0.299054	0.294054	0.305211	0.304016	0.306033	0.303264	0.225925	0.220664	0.518485	0.233688	0.290345	0.295330	0.221623	0.223128	0.224202	0.224641	0.225735	0.221042	0.225762	0.334315	0.219547	0.300369	0.223153	0.415015	0.283212	0.286249	0.218785	0.293757	0.287950	0.294845	0.224182	0.392106	0.377969	0.220937	0.219211	0.284087	0.291391	0.219155	0.221600	0.375490	
0.222499	0.287967	0.222433	0.221401	0.217595	0.254489	0.222604	0.290455	0.297040	0.294762	0.300462	0.222386	0.218256	0.222252	0.219265	0.220391	0.224229	0.224825	0.221459	0.296615	0.286245	0.294901	0.291001	0.292997	0.221404	0.277200	0.237574	0.224060	0.231863	0.223521	0.221707	0.224798	0.224507	0.113555	0.000000	0.219216	0.222264	0.222745	0.223507	0.225006	0.279688	0.220809	0.222745	0.260471	0.218637	0.226843	0.287541	0.221052	0.224991	0.293862	0.219958	0.216103	0.222619	0.226438	0.217188	0.266733	0.301580	0.225806	0.293692	0.296677	0.221008	0.296196	0.299429	0.300570	0.294931	0.309140	0.299668	0.305476	0.302437	0.226502	0.219720	0.519231	0.232391	0.286245	0.298160	0.219324	0.223764	0.225641	0.227156	0.226653	0.223684	0.224218	0.338913	0.221262	0.299920	0.223918	0.413738	0.287428	0.289281	0.216152	0.293622	0.288240	0.295335	0.222761	0.394346	0.375606	0.221174	0.220332	0.286592	0.293293	0.218122	0.218263	0.378968	
0.220874	0.289644	0.221378	0.223432	0.223945	0.259298	0.222630	0.296698	0.295004	0.293210	0.302739	0.224500	0.218021	0.222192	0.221118	0.219008	0.221671	0.225922	0.224859	0.288030	0.281649	0.297300	0.292825	0.294121	0.221951	0.273227	0.239521	0.223370	0.232108	0.217772	0.221223	0.222943	0.218493	0.219747	0.219216	0.000000	0.221851	0.218175	0.225303	0.220358	0.277374	0.214266	0.221430	0.259310	0.219962	0.228035	0.290365	0.223953	0.225529	0.288192	0.221703	0.216686	0.222974	0.224946	0.220158	0.263874	0.302009	0.233751	0.293704	0.300723	0.217968	0.294825	0.297369	0.299897	0.290843	0.303999	0.303893	0.301483	0.299748	0.226486	0.225609	0.505763	0.234888	0.290940	0.298043	0.219117	0.225991	0.227045	0.221661	0.226185	0.221653	0.224100	0.337244	0.224264	0.300066	0.225805	0.401294	0.284973	0.292643	0.218809	0.289143	0.287801	0.293244	0.222222	0.395255	0.377635	0.221761	0.222372	0.288622	0.293914	0.225160	0.221971	0.373632	
0.225698	0.286580	0.222252	0.221792	0.222103	0.260511	0.222624	0.291683	0.294236	0.292647	0.305944	0.230190	0.221720	0.226484	0.224881	0.225777	0.221319	0.221815	0.226521	0.292957	0.285082	0.299151	0.288716	0.291795	0.226823	0.275619	0.238406	0.223003	0.237360	0.222950	0.228579	0.229712	0.229213	0.220971	0.222264	0.221851	0.000000	0.224219	0.224913	0.225816	0.276547	0.226045	0.225817	0.267285	0.226997	0.228003	0.289394	0.226978	0.225302	0.291988	0.222895	0.217342	0.222246	0.222933	0.222222	0.256990	0.303211	0.236203	0.294469	0.299230	0.220334	0.299614	0.294466	0.302824	0.291700	0.304388	0.300973	0.309614	0.301152	0.225516	0.222966	0.514418	0.235636	0.293436	0.296448	0.222085	0.224915	0.230276	0.228001	0.226518	0.224435	0.226252	0.331525	0.222658	0.300613	0.227439	0.405533	0.284268	0.291927	0.218822	0.293143	0.285511	0.293741	0.223327	0.396989	0.376911	0.220430	0.226465	0.287855	0.292742	0.220581	0.227593	0.372500	
0.220456	0.288362	0.221346	0.217291	0.222489	0.255196	0.220763	0.295818	0.293896	0.287716	0.302749	0.227786	0.220355	0.225417	0.218470	0.219424	0.220901	0.222730	0.222374	0.289870	0.285963	0.297276	0.292412	0.294002	0.223524	0.271319	0.235773	0.222393	0.232799	0.219895	0.228718	0.228180	0.227100	0.222419	0.222745	0.218175	0.224219	0.000000	0.219066	0.220442	0.262435	0.218312	0.223889	0.257383	0.218985	0.226775	0.289597	0.225686	0.224723	0.289065	0.222192	0.219969	0.223078	0.223773	0.220068	0.262673	0.298237	0.234254	0.285909	0.298488	0.224786	0.297454	0.297733	0.299988	0.292174	0.304971	0.299503	0.306568	0.298737	0.226146	0.221011	0.496484	0.229659	0.291154	0.295596	0.225191	0.222296	0.230747	0.225603	0.222548	0.219583	0.223866	0.329864	0.220926	0.296672	0.223428	0.401100	0.284276	0.289428	0.221035	0.291555	0.291379	0.296814	0.218112	0.394701	0.372232	0.222484	0.224278	0.285405	0.290504	0.222837	0.228033	0.362988	
0.220080	0.291149	0.222948	0.216688	0.223316	0.265373	0.223092	0.298774	0.294029	0.291942	0.300054	0.224353	0.223137	0.219682	0.224358	0.228105	0.223014	0.226504	0.219993	0.293972	0.283053	0.297119	0.292915	0.296127	0.218375	0.269730	0.234723	0.220377	0.230972	0.220845	0.229676	0.229943	0.226672	0.225206	0.223507	0.225303	0.224913	0.219066	0.000000	0.224760	0.256274	0.221191	0.221187	0.258628	0.224063	0.230618	0.289423	0.222684	0.225381	0.292778	0.222886	0.217655	0.221905	0.225572	0.221046	0.265996	0.304027	0.232286	0.293037	0.300167	0.221466	0.298997	0.303132	0.299438	0.292811	0.308982	0.309496	0.309320	0.300851	0.233825	0.223164	0.515311	0.234859	0.292522	0.297500	0.221886	0.225981	0.228681	0.230828	0.225897	0.221885	0.222181	0.341146	0.228226	0.300221	0.225175	0.412073	0.296437	0.289349	0.223013	0.291637	0.290535	0.297722	0.221992	0.394737	0.387545	0.224428	0.224089	0.285806	0.290638	0.224570	0.224153	0.380224	
0.223721	0.292022	0.224196	0.226892	0.223354	0.259626	0.224815	0.297663	0.298284	0.291181	0.301713	0.227267	0.221022	0.225874	0.224772	0.219976	0.227673	0.226170	0.226294	0.293618	0.288382	0.297804	0.295647	0.295178	0.224685	0.269863	0.236305	0.226297	0.230978	0.221287	0.228668	0.227733	0.225381	0.226169	0.225006	0.220358	0.225816	0.220442	0.224760	0.000000	0.261354	0.218037	0.225958	0.260240	0.223974	0.230623	0.285998	0.226793	0.226404	0.290337	0.224708	0.222050	0.224790	0.226193	0.226729	0.259288	0.299696	0.237457	0.291738	0.296854	0.230508	0.304413	0.295246	0.303364	0.294192	0.304949	0.302077	0.305121	0.301692	0.230330	0.220969	0.476707	0.232248	0.296658	0.299231	0.231126	0.227777	0.228666	0.227794	0.226111	0.223194	0.229153	0.323048	0.223781	0.301767	0.228497	0.390576	0.268035	0.292257	0.221066	0.291349	0.290975	0.293162	0.225657	0.378424	0.364688	0.222968	0.230568	0.287703	0.298601	0.227424	0.225446	0.349894	
0.267782	0.328514	0.273349	0.266186	0.266780	0.297669	0.278042	0.328053	0.329353	0.320586	0.321394	0.273522	0.274554	0.275718	0.277988	0.277049	0.269231	0.274088	0.267090	0.324750	0.315373	0.316024	0.313045	0.321718	0.280213	0.272996	0.274308	0.274335	0.273563	0.269968	0.278431	0.275251	0.273887	0.274049	0.279688	0.277374	0.276547	0.262435	0.256274	0.261354	0.000000	0.251188	0.271293	0.292388	0.273509	0.274482	0.309871	0.273333	0.268682	0.329503	0.268445	0.268807	0.269901	0.269988	0.269790	0.280849	0.324166	0.277212	0.323949	0.321057	0.271621	0.329175	0.326727	0.311125	0.311268	0.316296	0.322318	0.322482	0.328831	0.272482	0.274838	0.381158	0.265975	0.325952	0.325231	0.275208	0.274795	0.279155	0.272902	0.261740	0.274696	0.278296	0.311861	0.264756	0.330423	0.278157	0.337785	0.300878	0.322050	0.271778	0.327012	0.316899	0.329278	0.279021	0.345234	0.334206	0.273848	0.281061	0.325192	0.319235	0.271692	0.265628	0.326975	
0.222056	0.287557	0.218158	0.219156	0.220841	0.257171	0.220246	0.292088	0.296059	0.291247	0.299984	0.221090	0.219328	0.223812	0.219015	0.220420	0.222128	0.223649	0.221247	0.291205	0.283520	0.296278	0.288737	0.292603	0.220948	0.271626	0.233463	0.223319	0.230467	0.215496	0.226044	0.227000	0.224599	0.218539	0.220809	0.214266	0.226045	0.218312	0.221191	0.218037	0.251188	0.000000	0.216297	0.263215	0.218405	0.227376	0.291546	0.224927	0.224610	0.289393	0.220519	0.217031	0.220605	0.223986	0.221952	0.267259	0.301878	0.235827	0.291361	0.297740	0.216987	0.296634	0.295750	0.298341	0.291002	0.300430	0.306084	0.307109	0.300718	0.227243	0.219302	0.512007	0.229811	0.292499	0.295738	0.220586	0.221783	0.230351	0.224112	0.223068	0.221998	0.224598	0.333621	0.220454	0.301010	0.224371	0.407843	0.282947	0.291014	0.218838	0.288900	0.287300	0.294305	0.222764	0.396126	0.376085	0.221615	0.219413	0.289346	0.290246	0.225871	0.219273	0.372957	
0.220554	0.283591	0.217589	0.220587	0.221501	0.261032	0.223586	0.292678	0.291318	0.291721	0.299455	0.223053	0.223623	0.223862	0.219498	0.225695	0.222582	0.220990	0.223509	0.293581	0.287042	0.293911	0.295325	0.295970	0.222707	0.276011	0.238179	0.219425	0.236519	0.218975	0.221029	0.223868	0.222299	0.226479	0.222745	0.221430	0.225817	0.223889	0.221187	0.225958	0.271293	0.216297	0.000000	0.257359	0.224367	0.229647	0.286672	0.224987	0.229442	0.288928	0.222843	0.216324	0.223501	0.225226	0.220568	0.267896	0.299000	0.233755	0.289291	0.294634	0.226566	0.298250	0.295699	0.299172	0.297334	0.303700	0.303329	0.306778	0.296588	0.229683	0.222157	0.514053	0.229562	0.287793	0.295358	0.227572	0.229306	0.227038	0.227270	0.221657	0.219731	0.225190	0.341172	0.224280	0.300323	0.226123	0.411458	0.280918	0.288442	0.221392	0.291294	0.283133	0.290601	0.221922	0.386813	0.383134	0.224541	0.222728	0.284910	0.287132	0.224564	0.224237	0.373593	
