1.0000	0.4089	0.3749	0.4023	0.4486	0.4063	0.4282	0.3953	0.3498	0.4436	0.4160	0.4040	0.4391	0.3725	0.4497	0.3771	0.4163	0.4135	0.4070	0.3643	0.3990	0.4197	0.3787	0.4039	0.3883	0.4101	0.3937	0.3976	0.3745	0.3915	0.4182	0.3843	0.4085	0.4051	0.3808	0.3924	0.3604	0.3911	0.3675	0.3697	0.3991	0.3368	0.3656	0.4438	0.3918	0.4034	0.3726	0.4483	0.3933	0.4126
0.4089	1.0000	0.4652	0.5103	0.4093	0.4557	0.4541	0.4196	0.4511	0.3929	0.5193	0.4036	0.4769	0.5130	0.4627	0.5139	0.5059	0.4763	0.5340	0.4657	0.4838	0.5063	0.3988	0.4982	0.3540	0.4374	0.4410	0.4452	0.4817	0.4139	0.4638	0.4571	0.4392	0.3684	0.4046	0.4156	0.3801	0.4567	0.4510	0.4479	0.4461	0.4097	0.4175	0.5148	0.3798	0.4892	0.5034	0.4428	0.4610	0.4246
0.3749	0.4652	1.0000	0.4041	0.3752	0.4234	0.3730	0.3554	0.4356	0.3388	0.4897	0.3585	0.4149	0.4865	0.4093	0.4468	0.3700	0.3938	0.4448	0.4439	0.4010	0.4413	0.4066	0.4159	0.3810	0.4561	0.4390	0.3753	0.4453	0.3721	0.4338	0.4591	0.3639	0.3167	0.3123	0.3779	0.3707	0.4664	0.4268	0.4937	0.3545	0.4107	0.5023	0.4584	0.3492	0.3622	0.4891	0.3738	0.4186	0.3589
0.4023	0.5103	0.4041	1.0000	0.3824	0.4076	0.4262	0.4290	0.4276	0.3539	0.4546	0.3412	0.4025	0.4951	0.4131	0.4480	0.4782	0.4143	0.5352	0.3858	0.4146	0.4981	0.3870	0.4186	0.3746	0.4231	0.3717	0.4194	0.4396	0.3685	0.4435	0.4497	0.4051	0.3666	0.4250	0.4012	0.3499	0.4123	0.3933	0.4664	0.4151	0.4047	0.4429	0.4144	0.3845	0.4465	0.4223	0.3616	0.4419	0.3744
0.4486	0.4093	0.3752	0.3824	1.0000	0.4711	0.4884	0.4147	0.4065	0.4442	0.4240	0.4160	0.4455	0.4461	0.5304	0.3681	0.3600	0.3862	0.4034	0.3811	0.4718	0.3693	0.4746	0.3826	0.4727	0.4193	0.3756	0.4525	0.4216	0.4147	0.3943	0.4483	0.4826	0.4661	0.4464	0.4239	0.4434	0.3855	0.3678	0.4334	0.4483	0.4051	0.4081	0.4093	0.4799	0.3450	0.3963	0.4642	0.3842	0.4817
0.4063	0.4557	0.4234	0.4076	0.4711	1.0000	0.4590	0.4605	0.4254	0.4383	0.4921	0.4462	0.4732	0.4464	0.4593	0.4473	0.4007	0.3988	0.4833	0.4357	0.5065	0.4028	0.4214	0.3884	0.4175	0.3899	0.4155	0.4421	0.4365	0.4674	0.3810	0.4385	0.4368	0.4524	0.4338	0.4322	0.4430	0.4043	0.4052	0.4208	0.5086	0.3991	0.3859	0.4351	0.4651	0.3930	0.4677	0.5192	0.4007	0.5347
0.4282	0.4541	0.3730	0.4262	0.4884	0.4590	1.0000	0.4345	0.4467	0.4603	0.3936	0.3853	0.4675	0.4424	0.5366	0.3507	0.4301	0.4053	0.4271	0.4309	0.4458	0.3681	0.4407	0.4220	0.4088	0.4607	0.3607	0.5192	0.4523	0.5142	0.4805	0.4540	0.4873	0.4294	0.4339	0.4824	0.5029	0.4768	0.4119	0.4593	0.4697	0.3929	0.3910	0.4649	0.4637	0.4175	0.3924	0.4668	0.4267	0.4594
0.3953	0.4196	0.3554	0.4290	0.4147	0.4605	0.4345	1.0000	0.3727	0.3490	0.3920	0.3473	0.4093	0.3828	0.4483	0.3749	0.4322	0.3393	0.4779	0.4108	0.4275	0.4014	0.4571	0.3501	0.3855	0.4500	0.3290	0.4367	0.3845	0.4425	0.3591	0.3952	0.4291	0.3728	0.5119	0.4516	0.4502	0.3787	0.3284	0.3668	0.4426	0.3231	0.3423	0.3613	0.4425	0.3776	0.3986	0.4194	0.3691	0.4366
0.3498	0.4511	0.4356	0.4276	0.4065	0.4254	0.4467	0.3727	1.0000	0.3851	0.4759	0.3309	0.4180	0.4874	0.4117	0.4327	0.3747	0.4246	0.4397	0.4204	0.4280	0.4230	0.3868	0.4316	0.3781	0.4716	0.3907	0.4002	0.4440	0.4053	0.4182	0.4622	0.4276	0.3587	0.3613	0.3517	0.4064	0.4115	0.4212	0.4634	0.3888	0.4363	0.4368	0.4787	0.3541	0.3894	0.4361	0.3622	0.4560	0.3843
0.4436	0.3929	0.3388	0.3539	0.4442	0.4383	0.4603	0.3490	0.3851	1.0000	0.3853	0.4711	0.4563	0.3964	0.4259	0.3656	0.3680	0.4520	0.3953	0.3719	0.4289	0.3767	0.3985	0.3889	0.3983	0.3620	0.3785	0.4449	0.3689	0.4481	0.3847	0.3698	0.4353	0.4681	0.3631	0.4158	0.3762	0.4185	0.3791	0.3730	0.4456	0.3750	0.3508	0.3996	0.3891	0.3670	0.3903	0.4917	0.3574	0.4156
0.4160	0.5193	0.4897	0.4546	0.4240	0.4921	0.3936	0.3920	0.4759	0.3853	1.0000	0.4235	0.4950	0.5302	0.4314	0.5728	0.4195	0.4415	0.4748	0.4741	0.4417	0.4772	0.4211	0.4661	0.4017	0.4597	0.4485	0.4116	0.4797	0.3912	0.4632	0.4864	0.4571	0.3976	0.3898	0.3800	0.3951	0.4618	0.4543	0.4728	0.4240	0.4904	0.4989	0.5130	0.4042	0.4109	0.5136	0.4306	0.4578	0.4401
0.4040	0.4036	0.3585	0.3412	0.4160	0.4462	0.3853	0.3473	0.3309	0.4711	0.4235	1.0000	0.4818	0.3772	0.4252	0.3935	0.3766	0.4689	0.3867	0.3862	0.4382	0.3748	0.3761	0.3632	0.3719	0.3434	0.3624	0.3890	0.3699	0.4153	0.3423	0.3471	0.4565	0.4736	0.3878	0.4288	0.3472	0.3943	0.3745	0.3729	0.4386	0.3379	0.3412	0.4077	0.3975	0.3334	0.3859	0.4523	0.3525	0.4408
0.4391	0.4769	0.4149	0.4025	0.4455	0.4732	0.4675	0.4093	0.4180	0.4563	0.4950	0.4818	1.0000	0.4029	0.4734	0.4357	0.4181	0.4278	0.4310	0.4105	0.5659	0.4491	0.4395	0.4361	0.4390	0.3870	0.3861	0.4732	0.4346	0.4673	0.4101	0.3933	0.5546	0.4585	0.4279	0.4750	0.4686	0.4279	0.4165	0.4205	0.4923	0.3888	0.4045	0.4614	0.4295	0.4047	0.4025	0.4730	0.4178	0.4740
0.3725	0.5130	0.4865	0.4951	0.4461	0.4464	0.4424	0.3828	0.4874	0.3964	0.5302	0.3772	0.4029	1.0000	0.4537	0.4846	0.4234	0.4566	0.5016	0.4516	0.4187	0.4743	0.4210	0.4398	0.3757	0.4838	0.4274	0.4647	0.4843	0.4029	0.4760	0.5265	0.4481	0.3789	0.3644	0.4020	0.3640	0.4914	0.4768	0.4841	0.4116	0.4669	0.5591	0.5021	0.3803	0.4085	0.5321	0.4048	0.4813	0.3820
0.4497	0.4627	0.4093	0.4131	0.5304	0.4593	0.5366	0.4483	0.4117	0.4259	0.4314	0.4252	0.4734	0.4537	1.0000	0.3726	0.4182	0.4189	0.4095	0.4005	0.4537	0.4049	0.5153	0.3969	0.4449	0.4466	0.3876	0.5103	0.4124	0.4365	0.4278	0.4418	0.4826	0.4041	0.4369	0.4677	0.4370	0.3973	0.3740	0.4378	0.4635	0.3904	0.4192	0.4450	0.4836	0.3546	0.4157	0.4352	0.4305	0.4451
0.3771	0.5139	0.4468	0.4480	0.3681	0.4473	0.3507	0.3749	0.4327	0.3656	0.5728	0.3935	0.4357	0.4846	0.3726	1.0000	0.4317	0.4417	0.4622	0.4232	0.4261	0.5029	0.3582	0.4285	0.3289	0.4037	0.4470	0.4041	0.4534	0.3808	0.4148	0.4414	0.4181	0.3663	0.3391	0.3527	0.3375	0.4328	0.4397	0.4104	0.4214	0.3928	0.4324	0.4703	0.3632	0.3788	0.4892	0.4031	0.4395	0.4019
0.4163	0.5059	0.3700	0.4782	0.3600	0.4007	0.4301	0.4322	0.3747	0.3680	0.4195	0.3766	0.4181	0.4234	0.4182	0.4317	1.0000	0.4274	0.4729	0.4232	0.4310	0.5088	0.3806	0.4384	0.3371	0.4324	0.3983	0.4555	0.4106	0.4126	0.4017	0.4299	0.4316	0.3576	0.4032	0.3916	0.4031	0.3742	0.3937	0.3856	0.4298	0.3291	0.3971	0.4495	0.3921	0.4515	0.4562	0.4205	0.4380	0.3672
0.4135	0.4763	0.3938	0.4143	0.3862	0.3988	0.4053	0.3393	0.4246	0.4520	0.4415	0.4689	0.4278	0.4566	0.4189	0.4417	0.4274	1.0000	0.4313	0.4636	0.4455	0.4655	0.3580	0.4434	0.3618	0.4246	0.3881	0.4054	0.4735	0.4224	0.4223	0.3951	0.4192	0.3475	0.3549	0.4349	0.3579	0.4178	0.4468	0.3890	0.4525	0.3681	0.3825	0.4795	0.3831	0.4123	0.4464	0.4034	0.4325	0.3912
0.4070	0.5340	0.4448	0.5352	0.4034	0.4833	0.4271	0.4779	0.4397	0.3953	0.4748	0.3867	0.4310	0.5016	0.4095	0.4622	0.4729	0.4313	1.0000	0.4513	0.4756	0.5179	0.3727	0.4408	0.4055	0.4500	0.4199	0.4323	0.4893	0.4298	0.4170	0.4645	0.3982	0.3954	0.4277	0.4431	0.4000	0.4770	0.4541	0.4618	0.4290	0.4283	0.4574	0.4654	0.3864	0.5037	0.4775	0.4600	0.4301	0.4209
0.3643	0.4657	0.4439	0.3858	0.3811	0.4357	0.4309	0.4108	0.4204	0.3719	0.4741	0.3862	0.4105	0.4516	0.4005	0.4232	0.4232	0.4636	0.4513	1.0000	0.4184	0.4110	0.3772	0.4902	0.3199	0.5043	0.4283	0.3987	0.5185	0.4598	0.4857	0.4701	0.3866	0.3623	0.3611	0.4234	0.4325	0.4615	0.4665	0.4120	0.4158	0.3870	0.3939	0.5547	0.4053	0.4427	0.4899	0.4443	0.4023	0.3899
0.3990	0.4838	0.4010	0.4146	0.4718	0.5065	0.4458	0.4275	0.4280	0.4289	0.4417	0.4382	0.5659	0.4187	0.4537	0.4261	0.4310	0.4455	0.4756	0.4184	1.0000	0.4513	0.4452	0.4648	0.4548	0.3850	0.3808	0.4618	0.4706	0.4684	0.3963	0.3977	0.5559	0.4281	0.4518	0.4765	0.4321	0.3947	0.4010	0.4222	0.5289	0.3648	0.3838	0.4343	0.4403	0.4383	0.4257	0.4685	0.4180	0.4885
0.4197	0.5063	0.4413	0.4981	0.3693	0.4028	0.3681	0.4014	0.4230	0.3767	0.4772	0.3748	0.4491	0.4743	0.4049	0.5029	0.5088	0.4655	0.5179	0.4110	0.4513	1.0000	0.3832	0.4157	0.3748	0.4223	0.4073	0.4674	0.4204	0.3789	0.4101	0.4309	0.4297	0.3935	0.3897	0.3818	0.3655	0.3914	0.4571	0.4077	0.4391	0.3718	0.4710	0.4298	0.3740	0.4138	0.4492	0.3888	0.4233	0.3800
0.3787	0.3988	0.4066	0.3870	0.4746	0.4214	0.4407	0.4571	0.3868	0.3985	0.4211	0.3761	0.4395	0.4210	0.5153	0.3582	0.3806	0.3580	0.3727	0.3772	0.4452	0.3832	1.0000	0.3684	0.4974	0.4210	0.3504	0.4474	0.3842	0.3972	0.3968	0.3869	0.4535	0.3889	0.4409	0.4785	0.4162	0.3787	0.3478	0.4023	0.4382	0.3778	0.4193	0.3705	0.4302	0.3173	0.3957	0.3733	0.4068	0.4329
0.4039	0.4982	0.4159	0.4186	0.3826	0.3884	0.4220	0.3501	0.4316	0.3889	0.4661	0.3632	0.4361	0.4398	0.3969	0.4285	0.4384	0.4434	0.4408	0.4902	0.4648	0.4157	0.3684	1.0000	0.3377	0.5108	0.4510	0.4048	0.5082	0.4412	0.4912	0.4185	0.4424	0.3596	0.3953	0.4001	0.4208	0.4494	0.4542	0.4167	0.4381	0.3710	0.3792	0.5600	0.4053	0.5105	0.4956	0.4283	0.4575	0.4044
0.3883	0.3540	0.3810	0.3746	0.4727	0.4175	0.4088	0.3855	0.3781	0.3983	0.4017	0.3719	0.4390	0.3757	0.4449	0.3289	0.3371	0.3618	0.4055	0.3199	0.4548	0.3748	0.4974	0.3377	1.0000	0.3584	0.3160	0.4093	0.3868	0.3680	0.3331	0.3764	0.4213	0.3621	0.3988	0.4605	0.3711	0.3562	0.3299	0.3995	0.4282	0.3715	0.4405	0.3352	0.3785	0.3325	0.3391	0.3972	0.3438	0.4124
0.4101	0.4374	0.4561	0.4231	0.4193	0.3899	0.4607	0.4500	0.4716	0.3620	0.4597	0.3434	0.3870	0.4838	0.4466	0.4037	0.4324	0.4246	0.4500	0.5043	0.3850	0.4223	0.4210	0.5108	0.3584	1.0000	0.4079	0.4288	0.4735	0.4590	0.5064	0.5254	0.4461	0.3981	0.4566	0.4324	0.4945	0.4850	0.4969	0.4736	0.4109	0.4173	0.4523	0.5412	0.4408	0.4295	0.4931	0.4432	0.4552	0.4149
0.3937	0.4410	0.4390	0.3717	0.3756	0.4155	0.3607	0.3290	0.3907	0.3785	0.4485	0.3624	0.3861	0.4274	0.3876	0.4470	0.3983	0.3881	0.4199	0.4283	0.3808	0.4073	0.3504	0.4510	0.3160	0.4079	1.0000	0.3720	0.3861	0.4026	0.4309	0.4300	0.3583	0.3317	0.3082	0.3067	0.3392	0.4209	0.4066	0.4438	0.3519	0.3585	0.4187	0.4443	0.3450	0.3575	0.5099	0.4345	0.3770	0.3523
0.3976	0.4452	0.3753	0.4194	0.4525	0.4421	0.5192	0.4367	0.4002	0.4449	0.4116	0.3890	0.4732	0.4647	0.5103	0.4041	0.4555	0.4054	0.4323	0.3987	0.4618	0.4674	0.4474	0.4048	0.4093	0.4288	0.3720	1.0000	0.4046	0.4166	0.4262	0.4413	0.5337	0.4743	0.4661	0.5143	0.4492	0.4106	0.3613	0.4129	0.5083	0.3374	0.3983	0.3863	0.5082	0.3596	0.4065	0.4732	0.4135	0.4388
0.3745	0.4817	0.4453	0.4396	0.4216	0.4365	0.4523	0.3845	0.4440	0.3689	0.4797	0.3699	0.4346	0.4843	0.4124	0.4534	0.4106	0.4735	0.4893	0.5185	0.4706	0.4204	0.3842	0.5082	0.3868	0.4735	0.3861	0.4046	1.0000	0.4296	0.4760	0.4852	0.3970	0.3741	0.3693	0.4158	0.4134	0.4768	0.5122	0.4429	0.4333	0.4361	0.4170	0.5294	0.3917	0.4358	0.4625	0.4101	0.4756	0.4153
0.3915	0.4139	0.3721	0.3685	0.4147	0.4674	0.5142	0.4425	0.4053	0.4481	0.3912	0.4153	0.4673	0.4029	0.4365	0.3808	0.4126	0.4224	0.4298	0.4598	0.4684	0.3789	0.3972	0.4412	0.3680	0.4590	0.4026	0.4166	0.4296	1.0000	0.4155	0.4284	0.4450	0.3933	0.4105	0.4429	0.4689	0.4457	0.4320	0.4039	0.4656	0.3497	0.3438	0.4788	0.4147	0.3918	0.4391	0.4940	0.3644	0.4173
0.4182	0.4638	0.4338	0.4435	0.3943	0.3810	0.4805	0.3591	0.4182	0.3847	0.4632	0.3423	0.4101	0.4760	0.4278	0.4148	0.4017	0.4223	0.4170	0.4857	0.3963	0.4101	0.3968	0.4912	0.3331	0.5064	0.4309	0.4262	0.4760	0.4155	1.0000	0.4554	0.4557	0.3680	0.3783	0.4146	0.3973	0.5119	0.4481	0.4476	0.4110	0.3785	0.4228	0.5001	0.3969	0.4093	0.4246	0.3874	0.4666	0.3860
0.3843	0.4571	0.4591	0.4497	0.4483	0.4385	0.4540	0.3952	0.4622	0.3698	0.4864	0.3471	0.3933	0.5265	0.4418	0.4414	0.4299	0.3951	0.4645	0.4701	0.3977	0.4309	0.3869	0.4185	0.3764	0.5254	0.4300	0.4413	0.4852	0.4284	0.4554	1.0000	0.3989	0.4145	0.3850	0.3947	0.4287	0.4559	0.4502	0.5201	0.3912	0.4240	0.4884	0.4940	0.4198	0.4016	0.4597	0.4428	0.4462	0.3763
0.4085	0.4392	0.3639	0.4051	0.4826	0.4368	0.4873	0.4291	0.4276	0.4353	0.4571	0.4565	0.5546	0.4481	0.4826	0.4181	0.4316	0.4192	0.3982	0.3866	0.5559	0.4297	0.4535	0.4424	0.4213	0.4461	0.3583	0.5337	0.3970	0.4450	0.4557	0.3989	1.0000	0.4625	0.5001	0.4968	0.4891	0.4442	0.3618	0.3992	0.5714	0.3523	0.4180	0.4060	0.4932	0.3867	0.3836	0.4733	0.3934	0.4539
0.4051	0.3684	0.3167	0.3666	0.4661	0.4524	0.4294	0.3728	0.3587	0.4681	0.3976	0.4736	0.4585	0.3789	0.4041	0.3663	0.3576	0.3475	0.3954	0.3623	0.4281	0.3935	0.3889	0.3596	0.3621	0.3981	0.3317	0.4743	0.3741	0.3933	0.3680	0.4145	0.4625	1.0000	0.4458	0.4188	0.4589	0.3990	0.3390	0.3776	0.4300	0.3762	0.3720	0.3843	0.4609	0.3612	0.3458	0.4824	0.3683	0.4975
0.3808	0.4046	0.3123	0.4250	0.4464	0.4338	0.4339	0.5119	0.3613	0.3631	0.3898	0.3878	0.4279	0.3644	0.4369	0.3391	0.4032	0.3549	0.4277	0.3611	0.4518	0.3897	0.4409	0.3953	0.3988	0.4566	0.3082	0.4661	0.3693	0.4105	0.3783	0.3850	0.5001	0.4458	1.0000	0.4789	0.4466	0.3657	0.3032	0.3618	0.5298	0.3213	0.3388	0.3517	0.5649	0.4059	0.3612	0.4448	0.3607	0.4937
0.3924	0.4156	0.3779	0.4012	0.4239	0.4322	0.4824	0.4516	0.3517	0.4158	0.3800	0.4288	0.4750	0.4020	0.4677	0.3527	0.3916	0.4349	0.4431	0.4234	0.4765	0.3818	0.4785	0.4001	0.4605	0.4324	0.3067	0.5143	0.4158	0.4429	0.4146	0.3947	0.4968	0.4188	0.4789	1.0000	0.4452	0.4220	0.3734	0.4004	0.5474	0.3437	0.3579	0.4135	0.4694	0.3945	0.3653	0.4381	0.3827	0.4536
0.3604	0.3801	0.3707	0.3499	0.4434	0.4430	0.5029	0.4502	0.4064	0.3762	0.3951	0.3472	0.4686	0.3640	0.4370	0.3375	0.4031	0.3579	0.4000	0.4325	0.4321	0.3655	0.4162	0.4208	0.3711	0.4945	0.3392	0.4492	0.4134	0.4689	0.3973	0.4287	0.4891	0.4589	0.4466	0.4452	1.0000	0.4309	0.3837	0.4220	0.4443	0.3626	0.3532	0.4155	0.4549	0.3761	0.3687	0.4387	0.3717	0.4750
0.3911	0.4567	0.4664	0.4123	0.3855	0.4043	0.4768	0.3787	0.4115	0.4185	0.4618	0.3943	0.4279	0.4914	0.3973	0.4328	0.3742	0.4178	0.4770	0.4615	0.3947	0.3914	0.3787	0.4494	0.3562	0.4850	0.4209	0.4106	0.4768	0.4457	0.5119	0.4559	0.4442	0.3990	0.3657	0.4220	0.4309	1.0000	0.4299	0.4826	0.3996	0.3998	0.4390	0.5082	0.3893	0.4274	0.4424	0.4233	0.4205	0.4093
0.3675	0.4510	0.4268	0.3933	0.3678	0.4052	0.4119	0.3284	0.4212	0.3791	0.4543	0.3745	0.4165	0.4768	0.3740	0.4397	0.3937	0.4468	0.4541	0.4665	0.4010	0.4571	0.3478	0.4542	0.3299	0.4969	0.4066	0.3613	0.5122	0.4320	0.4481	0.4502	0.3618	0.3390	0.3032	0.3734	0.3837	0.4299	1.0000	0.4575	0.3856	0.3996	0.4033	0.5243	0.3562	0.4091	0.5225	0.4057	0.4226	0.3678
0.3697	0.4479	0.4937	0.4664	0.4334	0.4208	0.4593	0.3668	0.4634	0.3730	0.4728	0.3729	0.4205	0.4841	0.4378	0.4104	0.3856	0.3890	0.4618	0.4120	0.4222	0.4077	0.4023	0.4167	0.3995	0.4736	0.4438	0.4129	0.4429	0.4039	0.4476	0.5201	0.3992	0.3776	0.3618	0.4004	0.4220	0.4826	0.4575	1.0000	0.3747	0.4537	0.4720	0.4694	0.3988	0.3807	0.4588	0.4135	0.4109	0.3904
0.3991	0.4461	0.3545	0.4151	0.4483	0.5086	0.4697	0.4426	0.3888	0.4456	0.4240	0.4386	0.4923	0.4116	0.4635	0.4214	0.4298	0.4525	0.4290	0.4158	0.5289	0.4391	0.4382	0.4381	0.4282	0.4109	0.3519	0.5083	0.4333	0.4656	0.4110	0.3912	0.5714	0.4300	0.5298	0.5474	0.4443	0.3996	0.3856	0.3747	1.0000	0.3628	0.3533	0.4163	0.5249	0.4402	0.4192	0.4760	0.3793	0.5226
0.3368	0.4097	0.4107	0.4047	0.4051	0.3991	0.3929	0.3231	0.4363	0.3750	0.4904	0.3379	0.3888	0.4669	0.3904	0.3928	0.3291	0.3681	0.4283	0.3870	0.3648	0.3718	0.3778	0.3710	0.3715	0.4173	0.3585	0.3374	0.4361	0.3497	0.3785	0.4240	0.3523	0.3762	0.3213	0.3437	0.3626	0.3998	0.3996	0.4537	0.3628	1.0000	0.4381	0.4431	0.3496	0.3465	0.4191	0.3590	0.3855	0.4092
0.3656	0.4175	0.5023	0.4429	0.4081	0.3859	0.3910	0.3423	0.4368	0.3508	0.4989	0.3412	0.4045	0.5591	0.4192	0.4324	0.3971	0.3825	0.4574	0.3939	0.3838	0.4710	0.4193	0.3792	0.4405	0.4523	0.4187	0.3983	0.4170	0.3438	0.4228	0.4884	0.4180	0.3720	0.3388	0.3579	0.3532	0.4390	0.4033	0.4720	0.3533	0.4381	1.0000	0.4272	0.3369	0.3469	0.4531	0.3720	0.4205	0.3530
0.4438	0.5148	0.4584	0.4144	0.4093	0.4351	0.4649	0.3613	0.4787	0.3996	0.5130	0.4077	0.4614	0.5021	0.4450	0.4703	0.4495	0.4795	0.4654	0.5547	0.4343	0.4298	0.3705	0.5600	0.3352	0.5412	0.4443	0.3863	0.5294	0.4788	0.5001	0.4940	0.4060	0.3843	0.3517	0.4135	0.4155	0.5082	0.5243	0.4694	0.4163	0.4431	0.4272	1.0000	0.3909	0.4991	0.5043	0.4559	0.4649	0.4325
0.3918	0.3798	0.3492	0.3845	0.4799	0.4651	0.4637	0.4425	0.3541	0.3891	0.4042	0.3975	0.4295	0.3803	0.4836	0.3632	0.3921	0.3831	0.3864	0.4053	0.4403	0.3740	0.4302	0.4053	0.3785	0.4408	0.3450	0.5082	0.3917	0.4147	0.3969	0.4198	0.4932	0.4609	0.5649	0.4694	0.4549	0.3893	0.3562	0.3988	0.5249	0.3496	0.3369	0.3909	1.0000	0.4028	0.3902	0.4671	0.3829	0.4785
0.4034	0.4892	0.3622	0.4465	0.3450	0.3930	0.4175	0.3776	0.3894	0.3670	0.4109	0.3334	0.4047	0.4085	0.3546	0.3788	0.4515	0.4123	0.5037	0.4427	0.4383	0.4138	0.3173	0.5105	0.3325	0.4295	0.3575	0.3596	0.4358	0.3918	0.4093	0.4016	0.3867	0.3612	0.4059	0.3945	0.3761	0.4274	0.4091	0.3807	0.4402	0.3465	0.3469	0.4991	0.4028	1.0000	0.4131	0.4325	0.3865	0.4013
0.3726	0.5034	0.4891	0.4223	0.3963	0.4677	0.3924	0.3986	0.4361	0.3903	0.5136	0.3859	0.4025	0.5321	0.4157	0.4892	0.4562	0.4464	0.4775	0.4899	0.4257	0.4492	0.3957	0.4956	0.3391	0.4931	0.5099	0.4065	0.4625	0.4391	0.4246	0.4597	0.3836	0.3458	0.3612	0.3653	0.3687	0.4424	0.5225	0.4588	0.4192	0.4191	0.4531	0.5043	0.3902	0.4131	1.0000	0.4500	0.4460	0.3929
0.4483	0.4428	0.3738	0.3616	0.4642	0.5192	0.4668	0.4194	0.3622	0.4917	0.4306	0.4523	0.4730	0.4048	0.4352	0.4031	0.4205	0.4034	0.4600	0.4443	0.4685	0.3888	0.3733	0.4283	0.3972	0.4432	0.4345	0.4732	0.4101	0.4940	0.3874	0.4428	0.4733	0.4824	0.4448	0.4381	0.4387	0.4233	0.4057	0.4135	0.4760	0.3590	0.3720	0.4559	0.4671	0.4325	0.4500	1.0000	0.3563	0.4847
0.3933	0.4610	0.4186	0.4419	0.3842	0.4007	0.4267	0.3691	0.4560	0.3574	0.4578	0.3525	0.4178	0.4813	0.4305	0.4395	0.4380	0.4325	0.4301	0.4023	0.4180	0.4233	0.4068	0.4575	0.3438	0.4552	0.3770	0.4135	0.4756	0.3644	0.4666	0.4462	0.3934	0.3683	0.3607	0.3827	0.3717	0.4205	0.4226	0.4109	0.3793	0.3855	0.4205	0.4649	0.3829	0.3865	0.4460	0.3563	1.0000	0.4205
0.4126	0.4246	0.3589	0.3744	0.4817	0.5347	0.4594	0.4366	0.3843	0.4156	0.4401	0.4408	0.4740	0.3820	0.4451	0.4019	0.3672	0.3912	0.4209	0.3899	0.4885	0.3800	0.4329	0.4044	0.4124	0.4149	0.3523	0.4388	0.4153	0.4173	0.3860	0.3763	0.4539	0.4975	0.4937	0.4536	0.4750	0.4093	0.3678	0.3904	0.5226	0.4092	0.3530	0.4325	0.4785	0.4013	0.3929	0.4847	0.4205	1.0000
