1:	0.0000 0.4376 0.0220 0.4531 0.0000 0.0015 0.0858 	6
2:	0.0037 0.3972 0.0238 0.4875 0.0044 0.0027 0.0807 	7
3:	0.3874 0.0000 0.0825 0.0000 0.3125 0.2175 0.0000 	12
4:	0.3844 0.1800 0.0000 0.0015 0.2505 0.1148 0.0689 	14
5:	0.3109 0.1816 0.0000 0.0000 0.1989 0.1826 0.1261 	13
6:	0.1702 0.0733 0.2883 0.0088 0.1429 0.1425 0.1741 	11
7:	0.0000 0.2723 0.0010 0.0043 0.0000 0.0000 0.7224 	4
8:	0.2174 0.0081 0.2188 0.0000 0.3281 0.2258 0.0019 	6
9:	0.0031 0.4521 0.0905 0.0279 0.0154 0.0222 0.3890 	2
10:	0.0000 0.0625 0.0000 0.0000 0.0000 0.0000 0.9375 	1
11:	0.0000 0.4858 0.0000 0.0000 0.0000 0.0000 0.5142 	1
12:	0.0000 0.7986 0.0000 0.0000 0.0000 0.0000 0.2014 	1
13:	0.1678 0.0000 0.2817 0.0000 0.3221 0.2284 0.0000 	2
