1:	0.3754 0.0003 0.1072 0.3388 0.0273 0.0168 0.0829 0.0502 0.0011 	23
2:	0.4844 0.0183 0.0045 0.2881 0.0271 0.0094 0.0595 0.0501 0.0586 	13
3:	0.8181 0.0000 0.0005 0.0228 0.0833 0.0150 0.0380 0.0223 0.0000 	5
4:	0.6066 0.2055 0.0048 0.0041 0.0136 0.0246 0.0268 0.0362 0.0778 	15
5:	0.4824 0.2165 0.0079 0.0082 0.0187 0.0178 0.0211 0.0278 0.1997 	18
6:	0.1264 0.2786 0.0132 0.0739 0.0096 0.1680 0.0057 0.0306 0.2942 	24
7:	0.5299 0.0691 0.2263 0.0112 0.0272 0.0306 0.0283 0.0264 0.0511 	9
8:	0.4174 0.0015 0.0910 0.0067 0.2307 0.0148 0.1351 0.1021 0.0006 	11
9:	0.0000 0.3508 0.0000 0.0000 0.0000 0.0000 0.0000 0.0494 0.5998 	1
10:	0.8484 0.0043 0.0235 0.0093 0.0359 0.0239 0.0270 0.0262 0.0014 	17
11:	0.0000 0.6590 0.0887 0.0000 0.0000 0.0000 0.0000 0.0376 0.2147 	1
12:	0.3696 0.0059 0.0640 0.2142 0.0092 0.2533 0.0391 0.0216 0.0232 	8
13:	0.0000 0.7326 0.0000 0.0000 0.0000 0.0000 0.0000 0.0248 0.2426 	5
14:	0.4413 0.3660 0.0000 0.0091 0.0153 0.0003 0.0146 0.0443 0.1090 	2
15:	0.0050 0.2784 0.0145 0.0000 0.0004 0.4639 0.0001 0.0160 0.2214 	2
16:	0.8175 0.0000 0.0250 0.0178 0.0323 0.0234 0.0519 0.0321 0.0000 	2
17:	0.0058 0.0016 0.0711 0.4487 0.0005 0.4017 0.0046 0.0566 0.0095 	2
18:	0.8867 0.0000 0.0043 0.0003 0.0215 0.0145 0.0487 0.0241 0.0000 	3
19:	0.5431 0.0069 0.0755 0.0170 0.1256 0.1236 0.0276 0.0426 0.0381 	3
