
Using the parameter settings in the file: 
''1763240293/clumpp.paramfile''

Parameter settings
----------------------- Main parameters -------------------------
DATATYPE = 0
INDFILE = 1763240293/ClumppIndFile
POPFILE = 
OUTFILE = 1763240293/ClumppIndFile.output
MISCFILE = 1763240293/ClumppIndFile.misc
K = 9
C = 164
R = 36
M = 3
W = 0
S = 2
- Additional options for the Greedy and LargeKGreedy algorithms -
GREEDY_OPTION = 2
REPEATS = 2000
PERMUTATIONFILE = 
----------------------- Optional outputs ------------------------
PRINT_PERMUTED_DATA = 0
PERMUTED_DATAFILE = 
PRINT_EVERY_PERM = 0
EVERY_PERMFILE = 
PRINT_RANDOM_INPUTORDER = 0
RANDOM_INPUTORDERFILE = 
----------------------- Advanced options ------------------------
OVERRIDE_WARNINGS = 0
ORDER_BY_RUN = 1


In total, 2000 configurations of runs and clusters will be tested.

Results
------------------------------
The highest value of H' is: 0.69879533492215

The list of permutations of the clusters that produces that
H' value is (runs are listed sequentially on separate rows)

1 2 3 4 5 6 7 8 9 
7 9 2 3 6 1 5 4 8 
2 4 5 7 8 1 3 9 6 
1 5 3 8 4 9 7 6 2 
7 1 2 3 6 9 8 5 4 
5 2 4 8 6 7 9 3 1 
1 4 3 7 6 2 5 9 8 
7 8 5 1 2 9 6 3 4 
8 7 5 9 6 4 1 3 2 
2 3 6 1 4 9 7 5 8 
3 6 9 8 5 4 1 2 7 
7 6 3 5 8 9 4 1 2 
3 4 2 5 1 6 7 8 9 
6 8 3 1 9 7 2 5 4 
1 3 6 2 9 7 5 8 4 
7 1 6 5 9 8 3 2 4 
8 4 5 3 6 1 2 7 9 
7 4 2 9 5 1 8 3 6 
1 7 2 9 8 5 6 3 4 
6 7 4 9 1 3 8 2 5 
9 6 4 5 3 7 2 8 1 
4 2 3 5 7 8 1 9 6 
2 3 1 4 8 9 7 5 6 
5 8 6 1 9 3 4 2 7 
6 7 1 3 5 8 2 9 4 
5 1 4 7 3 6 8 9 2 
6 4 1 2 7 3 5 9 8 
8 4 7 5 2 6 9 1 3 
8 5 9 1 2 6 3 7 4 
3 2 8 4 1 7 6 5 9 
7 8 6 3 9 4 5 2 1 
9 3 2 8 7 1 4 5 6 
2 1 3 9 4 6 7 8 5 
3 7 1 4 9 6 5 8 2 
8 4 3 6 5 9 2 1 7 
8 3 6 5 2 1 4 9 7 

The pairwise G' values for each pair of runs where the clusters
of each run are permuted according to the list of permutations above

1.0000 0.7201 0.7833 0.7599 0.8208 0.6765 0.7912 0.7774 0.7758 0.7747 0.6411 0.7479 0.8103 0.6979 0.7514 0.7217 0.7656 0.7213 0.8416 0.8021 0.8309 0.7439 0.7476 0.7726 0.7506 0.7115 0.6086 0.6521 0.7120 0.6517 0.7562 0.8426 0.7101 0.6861 0.7191 0.7755 
0.7201 1.0000 0.7143 0.6817 0.7429 0.6500 0.7064 0.7229 0.6938 0.6554 0.6118 0.7246 0.6968 0.6598 0.6692 0.6479 0.6603 0.7016 0.7383 0.6788 0.7373 0.6982 0.7087 0.6688 0.6550 0.6772 0.6419 0.6774 0.6363 0.6522 0.6649 0.7139 0.6418 0.6142 0.6974 0.7336 
0.7833 0.7143 1.0000 0.7710 0.7187 0.6655 0.7749 0.7685 0.7439 0.7089 0.6139 0.7088 0.7098 0.6740 0.7179 0.6580 0.7584 0.7154 0.8002 0.7166 0.7580 0.6729 0.7213 0.6888 0.7060 0.7225 0.5859 0.6885 0.6700 0.6668 0.7255 0.7702 0.6948 0.6415 0.7351 0.7167 
0.7599 0.6817 0.7710 1.0000 0.7104 0.6741 0.8609 0.7919 0.7657 0.7524 0.6352 0.7077 0.6991 0.6727 0.7281 0.7107 0.6874 0.7706 0.8318 0.7385 0.7786 0.6856 0.7170 0.6946 0.7505 0.6803 0.6200 0.6572 0.6730 0.6928 0.8146 0.7990 0.7419 0.6750 0.7099 0.7224 
0.8208 0.7429 0.7187 0.7104 1.0000 0.6455 0.7317 0.7654 0.7189 0.7152 0.6059 0.8000 0.7511 0.6601 0.7009 0.7278 0.6997 0.7551 0.7734 0.7089 0.7388 0.6793 0.7377 0.7033 0.6938 0.6644 0.6518 0.6493 0.6754 0.6979 0.7395 0.7742 0.6628 0.6684 0.6759 0.7031 
0.6765 0.6500 0.6655 0.6741 0.6455 1.0000 0.7039 0.6566 0.7034 0.6431 0.6061 0.6065 0.7490 0.6544 0.6367 0.6869 0.6582 0.6260 0.6989 0.7119 0.6862 0.7149 0.6108 0.7515 0.6460 0.6586 0.5883 0.5643 0.6074 0.6338 0.6901 0.6802 0.6726 0.6283 0.7515 0.6777 
0.7912 0.7064 0.7749 0.8609 0.7317 0.7039 1.0000 0.8264 0.7984 0.7808 0.6684 0.7247 0.7358 0.6949 0.7587 0.7346 0.7129 0.7458 0.8784 0.7823 0.8190 0.7166 0.7421 0.7309 0.7863 0.7149 0.6432 0.6576 0.6864 0.6691 0.8689 0.8394 0.7707 0.6989 0.7277 0.7529 
0.7774 0.7229 0.7685 0.7919 0.7654 0.6566 0.8264 1.0000 0.7535 0.7310 0.6254 0.8132 0.7096 0.6697 0.7248 0.7572 0.7044 0.8216 0.8187 0.7118 0.7429 0.6601 0.8047 0.6815 0.7316 0.7041 0.6389 0.7052 0.7260 0.7310 0.7968 0.7866 0.7198 0.7165 0.6814 0.7024 
0.7758 0.6938 0.7439 0.7657 0.7189 0.7034 0.7984 0.7535 1.0000 0.7287 0.6440 0.7006 0.7560 0.6966 0.7298 0.7064 0.7706 0.6969 0.8370 0.7602 0.7666 0.7148 0.6994 0.7323 0.7304 0.7038 0.6168 0.6508 0.6809 0.6668 0.7639 0.8050 0.7657 0.6745 0.7073 0.7479 
0.7747 0.6554 0.7089 0.7524 0.7152 0.6431 0.7808 0.7310 0.7287 1.0000 0.6896 0.6874 0.7167 0.6437 0.8032 0.7070 0.6782 0.6701 0.7821 0.7499 0.7916 0.7042 0.6957 0.7172 0.7918 0.6520 0.5977 0.6064 0.6502 0.6191 0.7506 0.7828 0.6987 0.6539 0.6723 0.7374 
0.6411 0.6118 0.6139 0.6352 0.6059 0.6061 0.6684 0.6254 0.6440 0.6896 1.0000 0.6104 0.6433 0.6217 0.7075 0.6307 0.6243 0.5910 0.6593 0.6674 0.6689 0.6566 0.6268 0.6414 0.6745 0.6728 0.5721 0.5668 0.5944 0.5529 0.6383 0.6597 0.6163 0.6188 0.6139 0.6758 
0.7479 0.7246 0.7088 0.7077 0.8000 0.6065 0.7247 0.8132 0.7006 0.6874 0.6104 1.0000 0.6687 0.6400 0.6800 0.7364 0.6725 0.7959 0.7517 0.6647 0.7066 0.6452 0.8250 0.6417 0.6860 0.6547 0.6747 0.6901 0.7010 0.7248 0.7274 0.7514 0.6564 0.7054 0.6334 0.6778 
0.8103 0.6968 0.7098 0.6991 0.7511 0.7490 0.7358 0.7096 0.7560 0.7167 0.6433 0.6687 1.0000 0.6723 0.6890 0.7274 0.7274 0.6653 0.7516 0.8058 0.7687 0.7363 0.6899 0.8228 0.7005 0.6898 0.5928 0.6078 0.6648 0.6382 0.7116 0.7533 0.7042 0.6728 0.7473 0.7469 
0.6979 0.6598 0.6740 0.6727 0.6601 0.6544 0.6949 0.6697 0.6966 0.6437 0.6217 0.6400 0.6723 1.0000 0.6513 0.6571 0.6762 0.6320 0.7158 0.6763 0.6928 0.6964 0.6282 0.6714 0.6458 0.6965 0.5802 0.6161 0.6407 0.5991 0.6766 0.6955 0.6549 0.7175 0.6512 0.7098 
0.7514 0.6692 0.7179 0.7281 0.7009 0.6367 0.7587 0.7248 0.7298 0.8032 0.7075 0.6800 0.6890 0.6513 1.0000 0.6521 0.6779 0.6783 0.7820 0.7000 0.7289 0.6625 0.6798 0.6728 0.7569 0.6640 0.5782 0.6143 0.6406 0.6275 0.7288 0.7565 0.6821 0.6329 0.6726 0.6878 
0.7217 0.6479 0.6580 0.7107 0.7278 0.6869 0.7346 0.7572 0.7064 0.7070 0.6307 0.7364 0.7274 0.6571 0.6521 1.0000 0.6743 0.7120 0.7323 0.7257 0.7129 0.7106 0.7294 0.7382 0.6885 0.6564 0.6309 0.6421 0.6945 0.6706 0.7549 0.7335 0.6806 0.7188 0.6865 0.7292 
0.7656 0.6603 0.7584 0.6874 0.6997 0.6582 0.7129 0.7044 0.7706 0.6782 0.6243 0.6725 0.7274 0.6762 0.6779 0.6743 1.0000 0.6523 0.7413 0.7213 0.7186 0.6951 0.6763 0.7002 0.6772 0.7139 0.5763 0.6357 0.7098 0.6275 0.6795 0.7635 0.6676 0.6407 0.6590 0.7256 
0.7213 0.7016 0.7154 0.7706 0.7551 0.6260 0.7458 0.8216 0.6969 0.6701 0.5910 0.7959 0.6653 0.6320 0.6783 0.7120 0.6523 1.0000 0.7464 0.6585 0.6791 0.6227 0.7324 0.6315 0.6687 0.6499 0.6487 0.6940 0.6810 0.7915 0.7397 0.7243 0.6607 0.6731 0.6492 0.6403 
0.8416 0.7383 0.8002 0.8318 0.7734 0.6989 0.8784 0.8187 0.8370 0.7821 0.6593 0.7517 0.7516 0.7158 0.7820 0.7323 0.7413 0.7464 1.0000 0.7815 0.8239 0.7330 0.7498 0.7512 0.7830 0.7241 0.6349 0.6714 0.7028 0.6715 0.8278 0.8919 0.7652 0.6959 0.7502 0.7706 
0.8021 0.6788 0.7166 0.7385 0.7089 0.7119 0.7823 0.7118 0.7602 0.7499 0.6674 0.6647 0.8058 0.6763 0.7000 0.7257 0.7213 0.6585 0.7815 1.0000 0.8359 0.7806 0.7061 0.8682 0.7331 0.6981 0.6277 0.6135 0.6662 0.6117 0.7427 0.7844 0.7151 0.7030 0.7356 0.7996 
0.8309 0.7373 0.7580 0.7786 0.7388 0.6862 0.8190 0.7429 0.7666 0.7916 0.6689 0.7066 0.7687 0.6928 0.7289 0.7129 0.7186 0.6791 0.8239 0.8359 1.0000 0.7947 0.7360 0.7779 0.7665 0.7037 0.6315 0.6371 0.6717 0.6191 0.7599 0.8237 0.7230 0.6688 0.7295 0.8485 
0.7439 0.6982 0.6729 0.6856 0.6793 0.7149 0.7166 0.6601 0.7148 0.7042 0.6566 0.6452 0.7363 0.6964 0.6625 0.7106 0.6951 0.6227 0.7330 0.7806 0.7947 1.0000 0.6561 0.7710 0.6870 0.6788 0.6126 0.6252 0.6580 0.5832 0.6926 0.7341 0.6728 0.6448 0.7074 0.8632 
0.7476 0.7087 0.7213 0.7170 0.7377 0.6108 0.7421 0.8047 0.6994 0.6957 0.6268 0.8250 0.6899 0.6282 0.6798 0.7294 0.6763 0.7324 0.7498 0.7061 0.7360 0.6561 1.0000 0.6702 0.6956 0.6713 0.6378 0.6649 0.6924 0.6707 0.7223 0.7489 0.6626 0.7210 0.6630 0.6983 
0.7726 0.6688 0.6888 0.6946 0.7033 0.7515 0.7309 0.6815 0.7323 0.7172 0.6414 0.6417 0.8228 0.6714 0.6728 0.7382 0.7002 0.6315 0.7512 0.8682 0.7779 0.7710 0.6702 1.0000 0.7014 0.6734 0.6127 0.5858 0.6392 0.5906 0.7100 0.7534 0.6850 0.6877 0.7813 0.7642 
0.7506 0.6550 0.7060 0.7505 0.6938 0.6460 0.7863 0.7316 0.7304 0.7918 0.6745 0.6860 0.7005 0.6458 0.7569 0.6885 0.6772 0.6687 0.7830 0.7331 0.7665 0.6870 0.6956 0.7014 1.0000 0.6533 0.5978 0.6046 0.6502 0.6069 0.7567 0.7842 0.7014 0.6570 0.6746 0.7166 
0.7115 0.6772 0.7225 0.6803 0.6644 0.6586 0.7149 0.7041 0.7038 0.6520 0.6728 0.6547 0.6898 0.6965 0.6640 0.6564 0.7139 0.6499 0.7241 0.6981 0.7037 0.6788 0.6713 0.6734 0.6533 1.0000 0.5830 0.6354 0.6529 0.6267 0.6707 0.7026 0.6603 0.6297 0.6626 0.7105 
0.6086 0.6419 0.5859 0.6200 0.6518 0.5883 0.6432 0.6389 0.6168 0.5977 0.5721 0.6747 0.5928 0.5802 0.5782 0.6309 0.5763 0.6487 0.6349 0.6277 0.6315 0.6126 0.6378 0.6127 0.5978 0.5830 1.0000 0.6594 0.6578 0.6313 0.6421 0.6348 0.6893 0.6182 0.5749 0.6130 
0.6521 0.6774 0.6885 0.6572 0.6493 0.5643 0.6576 0.7052 0.6508 0.6064 0.5668 0.6901 0.6078 0.6161 0.6143 0.6421 0.6357 0.6940 0.6714 0.6135 0.6371 0.6252 0.6649 0.5858 0.6046 0.6354 0.6594 1.0000 0.7826 0.6510 0.6216 0.6522 0.7187 0.6062 0.6109 0.6625 
0.7120 0.6363 0.6700 0.6730 0.6754 0.6074 0.6864 0.7260 0.6809 0.6502 0.5944 0.7010 0.6648 0.6407 0.6406 0.6945 0.7098 0.6810 0.7028 0.6662 0.6717 0.6580 0.6924 0.6392 0.6502 0.6529 0.6578 0.7826 1.0000 0.6308 0.6584 0.7216 0.7587 0.6525 0.6051 0.6841 
0.6517 0.6522 0.6668 0.6928 0.6979 0.6338 0.6691 0.7310 0.6668 0.6191 0.5529 0.7248 0.6382 0.5991 0.6275 0.6706 0.6275 0.7915 0.6715 0.6117 0.6191 0.5832 0.6707 0.5906 0.6069 0.6267 0.6313 0.6510 0.6308 1.0000 0.6756 0.6538 0.6338 0.6329 0.5924 0.6015 
0.7562 0.6649 0.7255 0.8146 0.7395 0.6901 0.8689 0.7968 0.7639 0.7506 0.6383 0.7274 0.7116 0.6766 0.7288 0.7549 0.6795 0.7397 0.8278 0.7427 0.7599 0.6926 0.7223 0.7100 0.7567 0.6707 0.6421 0.6216 0.6584 0.6756 1.0000 0.8015 0.7449 0.7053 0.6981 0.7094 
0.8426 0.7139 0.7702 0.7990 0.7742 0.6802 0.8394 0.7866 0.8050 0.7828 0.6597 0.7514 0.7533 0.6955 0.7565 0.7335 0.7635 0.7243 0.8919 0.7844 0.8237 0.7341 0.7489 0.7534 0.7842 0.7026 0.6348 0.6522 0.7216 0.6538 0.8015 1.0000 0.7422 0.6975 0.7293 0.7701 
0.7101 0.6418 0.6948 0.7419 0.6628 0.6726 0.7707 0.7198 0.7657 0.6987 0.6163 0.6564 0.7042 0.6549 0.6821 0.6806 0.6676 0.6607 0.7652 0.7151 0.7230 0.6728 0.6626 0.6850 0.7014 0.6603 0.6893 0.7187 0.7587 0.6338 0.7449 0.7422 1.0000 0.6485 0.6609 0.7015 
0.6861 0.6142 0.6415 0.6750 0.6684 0.6283 0.6989 0.7165 0.6745 0.6539 0.6188 0.7054 0.6728 0.7175 0.6329 0.7188 0.6407 0.6731 0.6959 0.7030 0.6688 0.6448 0.7210 0.6877 0.6570 0.6297 0.6182 0.6062 0.6525 0.6329 0.7053 0.6975 0.6485 1.0000 0.6293 0.6586 
0.7191 0.6974 0.7351 0.7099 0.6759 0.7515 0.7277 0.6814 0.7073 0.6723 0.6139 0.6334 0.7473 0.6512 0.6726 0.6865 0.6590 0.6492 0.7502 0.7356 0.7295 0.7074 0.6630 0.7813 0.6746 0.6626 0.5749 0.6109 0.6051 0.5924 0.6981 0.7293 0.6609 0.6293 1.0000 0.7047 
0.7755 0.7336 0.7167 0.7224 0.7031 0.6777 0.7529 0.7024 0.7479 0.7374 0.6758 0.6778 0.7469 0.7098 0.6878 0.7292 0.7256 0.6403 0.7706 0.7996 0.8485 0.8632 0.6983 0.7642 0.7166 0.7105 0.6130 0.6625 0.6841 0.6015 0.7094 0.7701 0.7015 0.6586 0.7047 1.0000 
