1:	0.3997 0.0026 0.1145 0.3630 0.0358 0.0844 	23
2:	0.4925 0.0769 0.0053 0.3012 0.0362 0.0879 	13
3:	0.8377 0.0000 0.0007 0.0260 0.0846 0.0510 	5
4:	0.6245 0.3005 0.0109 0.0061 0.0240 0.0340 	15
5:	0.4936 0.4308 0.0124 0.0096 0.0217 0.0319 	18
6:	0.1910 0.6286 0.0698 0.0872 0.0152 0.0083 	24
7:	0.5547 0.1290 0.2324 0.0137 0.0327 0.0375 	9
8:	0.4846 0.0050 0.0930 0.0086 0.2130 0.1958 	11
9:	0.0000 1.0000 0.0000 0.0000 0.0000 0.0000 	1
10:	0.8599 0.0074 0.0297 0.0125 0.0417 0.0488 	17
11:	0.0000 0.9090 0.0910 0.0000 0.0000 0.0000 	1
12:	0.4730 0.0600 0.1635 0.2424 0.0177 0.0433 	8
13:	0.0000 1.0000 0.0000 0.0000 0.0000 0.0000 	5
14:	0.4393 0.5000 0.0000 0.0117 0.0186 0.0305 	2
15:	0.1883 0.6441 0.1528 0.0004 0.0120 0.0023 	2
16:	0.8377 0.0000 0.0330 0.0208 0.0367 0.0716 	2
17:	0.1253 0.1103 0.1786 0.5559 0.0129 0.0169 	2
18:	0.9034 0.0000 0.0066 0.0000 0.0294 0.0605 	3
19:	0.6079 0.0619 0.1104 0.0277 0.1255 0.0666 	3
