1.0472716 -0.0216985 -0.0074811 0.0073125 0.0003768 -0.0302295 -0.0109119 -0.0005872 -0.0217648 -0.0012828 -0.0004228 0.0418971 -0.0223683 -0.0182495 -0.0072115 -0.0060179 -0.0119222 -0.0291904 -0.0231686 -0.0329415 -0.0134853 -0.0050167 0.0238560 -0.0142324 -0.0276152 -0.0184627 0.1926832 -0.0291237 -0.0047964 -0.0025283 -0.0140401 -0.0371229 0.0215348 -0.0232890 0.2315821 -0.0096393 -0.0102294 -0.0218101 -0.0121884 -0.0291670 -0.0047333 -0.0290738 -0.0362206 -0.0058584 -0.0136864 -0.0113317 -0.0134147 -0.0042185 -0.0204715 -0.0149173 -0.0120913 -0.0162229 -0.0148774 -0.0313672 -0.0113926 -0.0136704 -0.0230211 -0.0042194 -0.0055977 -0.0182397 -0.0279848 -0.0228104 0.0047388 -0.0227119 -0.0003624 -0.0298157 -0.0147927 -0.0069634 -0.0285923 -0.0081545 -0.0179958 -0.0061630 0.0057265 -0.0093621 -0.0206452 -0.0068338
-0.0216985 1.0052042 -0.0093078 -0.0106229 -0.0311409 -0.0036419 -0.0284084 -0.0087548 -0.0126778 -0.0228006 -0.0331819 -0.0159273 0.0014601 0.0083261 -0.0184915 -0.0159947 -0.0202298 0.0034787 0.0042924 -0.0055963 -0.0390635 -0.0221211 -0.0238136 -0.0193650 -0.0164689 -0.0174870 -0.0853222 -0.0206551 -0.0043845 -0.0229562 -0.0019971 -0.0172246 -0.0188326 -0.0171266 -0.1113200 -0.0096800 -0.0202007 -0.0185730 -0.0262731 -0.0071111 -0.0031921 -0.0151399 -0.0239845 -0.0001527 -0.0030069 0.0077357 -0.0262555 -0.0138432 -0.0127937 -0.0016966 0.0001369 -0.0284655 -0.0035334 0.0066646 -0.0138491 0.0044142 0.0041873 -0.0177419 -0.0030207 0.0036634 -0.0040764 -0.0096741 -0.0144315 -0.0079665 -0.0016265 -0.0155945 -0.0266571 -0.0223535 -0.0090547 -0.0077515 0.0114015 0.0013057 -0.0142797 -0.0215228 -0.0028470 -0.0030076
-0.0074811 -0.0093078 1.0939033 -0.0152320 0.0117631 -0.0010782 -0.0081692 0.0176392 -0.0167577 -0.0284415 -0.0241648 -0.0143476 -0.0464854 -0.0163869 -0.0043190 0.0026662 -0.0117979 -0.0235058 -0.0106416 -0.0390041 -0.0323245 0.0059343 -0.0282119 -0.0402434 0.0025522 -0.0098377 -0.0690755 -0.0272275 -0.0297521 -0.0133320 -0.0235594 -0.0284285 -0.0128839 -0.0107747 -0.0831283 0.0011707 -0.0179788 -0.0341401 -0.0229605 0.0144137 0.0095715 0.0067204 -0.0143680 -0.0149182 -0.0072548 -0.0207551 -0.0294025 -0.0278718 -0.0077152 -0.0086219 -0.0013866 0.0023924 -0.0133802 -0.0451522 -0.0180924 0.0058165 -0.0235396 -0.0069424 -0.0233004 -0.0055566 -0.0138632 -0.0395884 -0.0388629 -0.0168754 -0.0015152 -0.0140649 -0.0331871 -0.0013837 0.0000962 0.0015833 -0.0024271 -0.0148675 0.0016728 0.0174478 -0.0080739 -0.0143544
0.0073125 -0.0106229 -0.0152320 1.0357516 -0.0083861 -0.0083331 -0.0088212 -0.0231905 -0.0434446 -0.0093314 -0.0150033 -0.0144284 -0.0007099 0.0054765 -0.0193128 -0.0134496 0.0068225 -0.0119459 -0.0138528 -0.0187420 -0.0107032 -0.0137237 -0.0170593 -0.0132670 -0.0265513 -0.0071536 -0.0200216 -0.0200141 0.0087687 -0.0155984 -0.0146359 -0.0461729 -0.0266322 -0.0069570 -0.0384892 -0.0015067 -0.0180070 -0.0413263 -0.0232019 -0.0192099 0.0002011 -0.0156823 -0.0159055 -0.0145154 0.0048267 -0.0165017 -0.0058309 0.0010211 -0.0106529 -0.0298561 -0.0146046 0.0061903 -0.0243579 -0.0109310 0.0033498 -0.0112143 -0.0301380 -0.0036880 -0.0216596 0.0075971 -0.0234553 -0.0286940 -0.0242152 -0.0007356 -0.0058063 -0.0111328 0.0061050 -0.0019023 -0.0145546 -0.0276895 -0.0053009 -0.0033605 -0.0215600 -0.0195911 -0.0095655 -0.0078304
0.0003768 -0.0311409 0.0117631 -0.0083861 1.0472925 -0.0086376 -0.0213344 -0.0183569 -0.0002851 -0.0237522 -0.0362619 -0.0218893 0.0040267 -0.0110194 -0.0058535 -0.0126643 -0.0036802 -0.0124800 -0.0080019 -0.0104961 -0.0088266 0.0006531 -0.0178814 -0.0168661 -0.0238344 -0.0257811 -0.0260089 -0.0242394 -0.0165707 -0.0054365 -0.0133936 -0.0220865 0.0175836 -0.0086079 -0.0321234 -0.0180094 0.0263255 -0.0177199 -0.0234274 -0.0170030 -0.0133078 -0.0027279 -0.0240222 -0.0296746 -0.0042452 -0.0184603 -0.0098152 -0.0001684 -0.0032186 -0.0281642 -0.0176897 -0.0110443 -0.0040856 -0.0122185 -0.0171606 -0.0176987 -0.0164174 -0.0085077 0.0021903 -0.0266088 -0.0218180 -0.0165760 -0.0021917 -0.0007602 -0.0141009 -0.0004078 -0.0218581 -0.0164900 -0.0177825 -0.0076866 -0.0154836 -0.0294569 -0.0334643 -0.0206574 -0.0186217 -0.0193522
-0.0302295 -0.0036419 -0.0010782 -0.0083331 -0.0086376 1.0121036 0.0000536 -0.0103956 0.0246849 0.0018990 -0.0070425 0.0087521 -0.0155250 0.0175677 -0.0122917 -0.0304473 -0.0165435 -0.0100596 0.0056658 -0.0160734 -0.0249335 -0.0005072 -0.0133681 -0.0105434 -0.0078837 -0.0089966 -0.0579064 -0.0071401 -0.0382208 0.0004916 -0.0091496 -0.0296620 -0.0311824 -0.0286481 -0.0661892 -0.0071194 -0.0175532 -0.0216283 -0.0126633 0.0042536 -0.0206327 0.0016503 -0.0027063 -0.0337393 -0.0146693 -0.0089949 0.0057245 -0.0134596 -0.0088389 -0.0019569 -0.0282910 -0.0028558 -0.0010622 -0.0142619 0.0003813 -0.0295246 -0.0267864 0.0027599 -0.0175090 -0.0216779 -0.0175992 -0.0016637 -0.0224194 -0.0275142 -0.0260799 0.0088178 -0.0019737 0.0059767 -0.0214459 -0.0107704 -0.0107414 -0.0316756 -0.0263290 -0.0160334 -0.0108968 -0.0308847
-0.0109119 -0.0284084 -0.0081692 -0.0088212 -0.0213344 0.0000536 1.0762905 -0.0305734 0.0051012 -0.0065983 -0.0226221 -0.0208368 -0.0231362 -0.0127486 0.0009248 0.0049024 -0.0031557 0.2177750 -0.0292149 -0.0268527 -0.0040555 -0.0061668 -0.0151277 -0.0257424 -0.0184560 -0.0113787 -0.0743709 -0.0158593 -0.0168136 -0.0216283 -0.0028476 -0.0163501 -0.0282968 -0.0074477 -0.1004940 0.0055028 -0.0166514 -0.0173049 -0.0201058 -0.0194830 -0.0070432 -0.0230974 -0.0225536 -0.0186866 -0.0302724 -0.0006274 -0.0092841 -0.0206686 -0.0115253 -0.0012193 -0.0381844 -0.0121261 -0.0313992 -0.0165109 -0.0112909 -0.0117555 -0.0093283 -0.0166075 -0.0016370 -0.0238289 -0.0297546 -0.0416150 -0.0329665 -0.0228536 -0.0095901 -0.0291057 0.0081580 -0.0055061 -0.0126825 -0.0229443 -0.0018184 -0.0177057 -0.0307605 -0.0270306 -0.0058038 -0.0428674
-0.0005872 -0.0087548 0.0176392 -0.0231905 -0.0183569 -0.0103956 -0.0305734 1.0233225 -0.0144209 -0.0072983 0.0011398 0.0081100 -0.0052048 -0.0165867 -0.0023240 -0.0178256 -0.0047014 -0.0391762 -0.0204300 -0.0129998 -0.0269774 0.0046723 -0.0127406 -0.0262667 -0.0019746 -0.0249662 -0.0001936 -0.0114757 0.0196464 -0.0172423 -0.0372800 -0.0327306 -0.0137805 -0.0181379 -0.0037674 -0.0100778 -0.0042391 -0.0328072 -0.0290890 -0.0147853 -0.0236237 -0.0279240 -0.0060696 -0.0237224 0.0030400 -0.0084767 0.0018143 0.0046178 0.0062043 -0.0237949 -0.0018509 -0.0266346 -0.0185579 -0.0323096 -0.0198195 -0.0220941 -0.0203445 -0.0188518 0.0036321 -0.0131959 0.0042005 0.0038652 -0.0227642 -0.0107814 0.0008708 -0.0134664 -0.0081767 -0.0279998 -0.0098977 -0.0201721 -0.0112960 -0.0172395 0.0002348 0.0025416 0.0012598 -0.0148514
-0.0217648 -0.0126778 -0.0167577 -0.0434446 -0.0002851 0.0246849 0.0051012 -0.0144209 0.9575646 -0.0067722 -0.0115455 -0.0099937 -0.0230857 -0.0276123 -0.0206972 -0.0119174 0.0098688 -0.0059915 -0.0018380 -0.0351660 0.0024679 -0.0141246 -0.0165685 -0.0120163 -0.0144240 -0.0105659 -0.0490007 -0.0235456 -0.0063290 -0.0017790 -0.0169769 -0.0364573 -0.0012125 -0.0137881 -0.0775429 -0.0298562 -0.0195749 -0.0283992 -0.0139419 -0.0142467 -0.0261787 -0.0283553 0.0057610 -0.0077899 -0.0212919 -0.0131804 -0.0216415 -0.0020121 -0.0117997 -0.0073887 -0.0057010 0.0000444 -0.0135273 -0.0050992 -0.0136349 -0.0072786 -0.0057372 0.0079454 0.0049443 -0.0097718 0.0028526 -0.0194409 -0.0065043 -0.0122201 -0.0151473 -0.0144511 -0.0217916 -0.0075936 -0.0043135 -0.0215699 -0.0053211 0.0015315 0.0116410 0.0030063 -0.0123797 -0.0314239
-0.0012828 -0.0228006 -0.0284415 -0.0093314 -0.0237522 0.0018990 -0.0065983 -0.0072983 -0.0067722 0.9417831 0.4180654 0.0118837 -0.0280562 -0.0223312 -0.0342694 -0.0151432 -0.0069210 -0.0252481 0.0051321 -0.0322641 -0.0185550 -0.0179563 -0.0170465 -0.0068492 -0.0311816 -0.0303050 0.0574490 -0.0140719 -0.0215275 -0.0164003 -0.0188030 -0.0256427 -0.0069251 -0.0260617 0.0508312 -0.0274981 -0.0117289 -0.0056814 -0.0143056 -0.0226184 -0.0068265 -0.0213904 -0.0263800 -0.0234259 -0.0140821 -0.0259100 -0.0259729 -0.0172735 -0.0109648 -0.0085639 -0.0355387 -0.0059963 -0.0164770 -0.0165819 -0.0024656 -0.0205469 -0.0205531 -0.0124513 -0.0251847 -0.0335809 -0.0194059 0.0098614 -0.0244392 -0.0242430 -0.0290365 -0.0159785 -0.0221774 -0.0346205 -0.0333364 -0.0093922 -0.0112549 -0.0225267 -0.0265025 -0.0199580 -0.0259774 -0.0100645
-0.0004228 -0.0331819 -0.0241648 -0.0150033 -0.0362619 -0.0070425 -0.0226221 0.0011398 -0.0115455 0.4180654 0.9186182 0.1910770 -0.0256399 -0.0295085 -0.0389645 -0.0113740 -0.0121783 -0.0246862 -0.0111156 -0.0326583 -0.0077315 -0.0351176 -0.0299235 -0.0119378 -0.0247966 -0.0162327 0.1028390 -0.0113938 -0.0161910 -0.0187316 -0.0124017 -0.0289435 -0.0115291 -0.0239135 0.0904432 -0.0226348 -0.0117062 -0.0133945 -0.0342263 -0.0262851 -0.0189583 -0.0083367 -0.0316900 -0.0169293 -0.0136247 -0.0176499 -0.0237114 -0.0173853 -0.0283385 -0.0151207 -0.0278763 -0.0181038 -0.0205967 -0.0206273 -0.0147918 -0.0362585 -0.0221745 -0.0145146 -0.0212445 -0.0280648 -0.0312267 -0.0062581 -0.0242049 -0.0307026 -0.0323192 -0.0182245 -0.0358380 -0.0467377 -0.0254375 -0.0215759 0.0056265 -0.0032187 -0.0115244 -0.0148740 -0.0203303 -0.0093242
0.0418971 -0.0159273 -0.0143476 -0.0144284 -0.0218893 0.0087521 -0.0208368 0.0081100 -0.0099937 0.0118837 0.1910770 1.0812426 -0.0165539 -0.0282958 -0.0233465 -0.0072663 -0.0151593 -0.0105383 -0.0229305 -0.0248047 -0.0067738 -0.0028142 -0.0088489 -0.0275167 -0.0128453 -0.0180063 0.3013778 -0.0166705 -0.0183208 -0.0068548 -0.0224962 -0.0417845 -0.0106227 -0.0216067 0.3831068 -0.0173081 0.0109049 -0.0266446 -0.0372673 -0.0337815 -0.0261189 -0.0062602 -0.0189246 -0.0093489 -0.0069327 -0.0122749 -0.0290798 -0.0063476 -0.0245405 -0.0087214 -0.0125446 -0.0120471 -0.0308171 -0.0270342 -0.0015632 -0.0254992 -0.0106734 -0.0061847 -0.0144540 -0.0321945 -0.0299146 -0.0199728 -0.0260452 -0.0082367 -0.0061563 -0.0245877 -0.0283040 -0.0323528 -0.0371529 -0.0241959 -0.0162968 -0.0125692 -0.0060790 -0.0121770 -0.0277067 -0.0177868
-0.0223683 0.0014601 -0.0464854 -0.0007099 0.0040267 -0.0155250 -0.0231362 -0.0052048 -0.0230857 -0.0280562 -0.0256399 -0.0165539 1.0402641 -0.0202239 0.0000345 -0.0007852 -0.0073926 -0.0101774 -0.0044825 -0.0013453 -0.0087263 -0.0309496 -0.0115832 -0.0007922 -0.0298570 -0.0110967 -0.0642154 -0.0032986 -0.0157336 0.0069062 -0.0222302 -0.0033855 -0.0183211 -0.0158987 -0.0873636 -0.0273368 -0.0200258 0.0025512 -0.0091135 -0.0255563 -0.0094372 -0.0263502 -0.0129804 -0.0205419 -0.0093888 -0.0278949 -0.0247485 -0.0174505 0.0028771 -0.0160110 -0.0104401 -0.0092226 -0.0179093 0.0029358 -0.0098585 -0.0007151 -0.0229023 -0.0274895 -0.0273133 -0.0116708 -0.0006504 0.0079626 -0.0086709 0.0249449 -0.0001656 -0.0187864 0.0019311 -0.0133150 0.0006758 -0.0081060 -0.0082817 0.0020130 -0.0281482 -0.0086970 -0.0119781 -0.0262804
-0.0182495 0.0083261 -0.0163869 0.0054765 -0.0110194 0.0175677 -0.0127486 -0.0165867 -0.0276123 -0.0223312 -0.0295085 -0.0282958 -0.0202239 1.0564572 0.0001231 -0.0130444 -0.0078962 -0.0045113 -0.0192578 -0.0034509 -0.0233884 -0.0382422 -0.0053364 0.0008963 0.0014111 -0.0232541 -0.0713578 -0.0217662 -0.0236195 -0.0238273 -0.0124288 -0.0327545 -0.0073256 -0.0136312 -0.0822618 -0.0010428 -0.0285258 -0.0380337 -0.0287915 -0.0016370 -0.0130224 -0.0074544 -0.0103105 -0.0185959 -0.0267396 -0.0043818 0.0140870 -0.0229491 -0.0262079 -0.0055378 -0.0032994 -0.0193953 -0.0046845 -0.0150176 -0.0203504 -0.0164098 -0.0027163 -0.0138603 -0.0027920 -0.0169606 -0.0165103 -0.0096240 0.0003840 -0.0281401 -0.0027443 -0.0332976 -0.0143489 0.0096028 0.0045282 -0.0165909 -0.0041133 -0.0114228 -0.0216088 -0.0189318 0.0069229 -0.0035154
-0.0072115 -0.0184915 -0.0043190 -0.0193128 -0.0058535 -0.0122917 0.0009248 -0.0023240 -0.0206972 -0.0342694 -0.0389645 -0.0233465 0.0000345 0.0001231 1.0195580 0.0143071 -0.0005352 0.0049361 -0.0103077 -0.0173065 -0.0167044 -0.0290468 -0.0019892 -0.0043152 0.0055195 -0.0090103 -0.0580862 -0.0025662 -0.0014521 -0.0282399 -0.0229825 -0.0139477 -0.0051305 -0.0238456 -0.0823682 -0.0237719 -0.0246803 -0.0128106 -0.0126074 -0.0356832 -0.0140158 -0.0186881 -0.0092430 -0.0042325 -0.0127217 -0.0127978 0.0162361 -0.0136193 -0.0126718 0.0101453 -0.0178838 -0.0187323 -0.0129592 -0.0191474 -0.0289642 -0.0274029 -0.0041757 -0.0072703 -0.0042130 -0.0232108 -0.0197276 -0.0090570 -0.0159150 0.0117800 -0.0146688 -0.0086240 -0.0204675 -0.0266062 -0.0081679 0.0026783 -0.0283366 -0.0281213 -0.0206048 -0.0053698 0.0001437 -0.0210467
-0.0060179 -0.0159947 0.0026662 -0.0134496 -0.0126643 -0.0304473 0.0049024 -0.0178256 -0.0119174 -0.0151432 -0.0113740 -0.0072663 -0.0007852 -0.0130444 0.0143071 1.0100319 -0.0132780 0.0004528 0.0033806 -0.0029860 -0.0212481 -0.0342890 -0.0137163 -0.0057659 -0.0272223 -0.0143245 -0.0171923 -0.0330095 0.0141629 -0.0075413 0.0120697 -0.0191115 -0.0013260 -0.0202405 -0.0311334 -0.0200535 0.0126924 -0.0221179 -0.0189109 -0.0081157 -0.0199529 -0.0278019 -0.0236996 -0.0013734 -0.0273507 0.0004039 -0.0053063 -0.0178911 0.0067542 -0.0172545 -0.0209949 -0.0121820 -0.0056906 -0.0147089 -0.0311502 -0.0090050 0.0023746 -0.0133679 -0.0235324 -0.0175108 -0.0241009 -0.0146606 -0.0119026 -0.0058158 0.0063851 0.0005891 -0.0130314 -0.0229673 -0.0262990 -0.0268746 0.0036051 -0.0170734 -0.0032224 -0.0509294 -0.0180326 -0.0223849
-0.0119222 -0.0202298 -0.0117979 0.0068225 -0.0036802 -0.0165435 -0.0031557 -0.0047014 0.0098688 -0.0069210 -0.0121783 -0.0151593 -0.0073926 -0.0078962 -0.0005352 -0.0132780 1.0164696 -0.0124224 -0.0137264 -0.0181977 -0.0260518 -0.0233445 -0.0113846 -0.0017850 -0.0099025 -0.0149601 -0.0402267 -0.0135586 -0.0006349 -0.0014418 -0.0017412 -0.0246456 0.0153483 -0.0061644 -0.0653213 -0.0231421 -0.0110474 -0.0160753 -0.0171434 -0.0224275 -0.0079075 -0.0146849 -0.0216304 -0.0128826 -0.0114089 -0.0369700 -0.0126627 -0.0030636 -0.0237938 0.0040474 -0.0142040 0.0135705 -0.0130979 -0.0157368 -0.0081900 -0.0153289 -0.0285214 0.0047264 -0.0220062 -0.0154506 -0.0244139 -0.0266419 -0.0071300 -0.0092657 -0.0226416 -0.0171875 -0.0313221 -0.0009645 -0.0117118 -0.0286143 -0.0164537 -0.0030934 0.0044862 -0.0128247 -0.0353949 -0.0330455
-0.0291904 0.0034787 -0.0235058 -0.0119459 -0.0124800 -0.0100596 0.2177750 -0.0391762 -0.0059915 -0.0252481 -0.0246862 -0.0105383 -0.0101774 -0.0045113 0.0049361 0.0004528 -0.0124224 1.0211380 -0.0181498 -0.0120773 -0.0049039 -0.0131642 -0.0341628 -0.0173297 -0.0027617 -0.0110697 -0.0496888 -0.0046218 -0.0229040 -0.0205662 -0.0239392 -0.0090318 -0.0292550 -0.0043926 -0.0470217 -0.0091782 -0.0064997 -0.0214498 -0.0072099 -0.0246455 -0.0143615 -0.0107066 -0.0259300 -0.0029115 -0.0064915 -0.0278592 0.0057089 -0.0251056 -0.0120935 -0.0177432 -0.0207316 -0.0352350 -0.0273388 -0.0172139 -0.0069439 -0.0244149 0.0024443 -0.0087529 -0.0337557 -0.0352337 -0.0316237 -0.0044323 -0.0266975 -0.0149514 -0.0113950 -0.0199986 -0.0232512 -0.0358409 -0.0120774 0.0013240 -0.0414355 -0.0155531 -0.0108537 -0.0260070 -0.0130259 -0.0142426
-0.0231686 0.0042924 -0.0106416 -0.0138528 -0.0080019 0.0056658 -0.0292149 -0.0204300 -0.0018380 0.0051321 -0.0111156 -0.0229305 -0.0044825 -0.0192578 -0.0103077 0.0033806 -0.0137264 -0.0181498 1.0598196 -0.0222404 -0.0148217 -0.0094570 -0.0163704 -0.0008750 -0.0118050 -0.0058683 -0.0704829 -0.0176082 -0.0296356 0.0030017 -0.0195817 -0.0368043 -0.0277809 -0.0212458 -0.0789618 -0.0169033 0.0007903 -0.0396844 -0.0072708 -0.0033078 0.0125292 0.0073345 -0.0142198 -0.0233379 -0.0218362 -0.0074972 -0.0205755 -0.0054879 -0.0058728 -0.0093382 -0.0199373 -0.0162663 -0.0279751 -0.0017352 -0.0114109 -0.0172596 -0.0201724 -0.0314391 -0.0042934 -0.0241164 -0.0114770 -0.0063707 -0.0129042 0.0069441 -0.0085131 -0.0296537 -0.0160531 -0.0152513 -0.0190550 -0.0184908 0.0001384 -0.0070447 -0.0026557 -0.0151903 -0.0295414 -0.0024089
-0.0329415 -0.0055963 -0.0390041 -0.0187420 -0.0104961 -0.0160734 -0.0268527 -0.0129998 -0.0351660 -0.0322641 -0.0326583 -0.0248047 -0.0013453 -0.0034509 -0.0173065 -0.0029860 -0.0181977 -0.0120773 -0.0222404 1.0213629 -0.0213654 -0.0214292 0.0085554 -0.0060083 -0.0166828 0.0036132 -0.0919640 -0.0183612 -0.0242379 -0.0149136 -0.0013541 -0.0053046 -0.0143812 -0.0040295 -0.1153896 -0.0239611 -0.0308674 -0.0015463 -0.0128540 0.0047600 0.0074409 -0.0256302 0.0017122 -0.0134287 -0.0110923 -0.0267308 -0.0154904 -0.0250114 -0.0108130 -0.0052458 -0.0127577 -0.0149348 -0.0066750 -0.0085451 -0.0198878 0.0050350 -0.0015712 -0.0157127 -0.0118306 -0.0120907 -0.0023084 -0.0001216 -0.0124514 -0.0104946 0.0022732 0.0107860 0.0188506 -0.0235030 -0.0069111 -0.0045420 -0.0284470 -0.0264833 -0.0134338 -0.0097958 0.0014144 0.0036678
-0.0134853 -0.0390635 -0.0323245 -0.0107032 -0.0088266 -0.0249335 -0.0040555 -0.0269774 0.0024679 -0.0185550 -0.0077315 -0.0067738 -0.0087263 -0.0233884 -0.0167044 -0.0212481 -0.0260518 -0.0049039 -0.0148217 -0.0213654 1.0820540 -0.0005288 -0.0041055 -0.0109452 -0.0074951 0.0004647 0.0487828 -0.0103495 -0.0116820 -0.0107878 -0.0000478 -0.0087070 -0.0287480 -0.0231707 -0.0070773 -0.0202204 -0.0180130 -0.0147810 -0.0242912 -0.0271336 -0.0222974 -0.0157706 -0.0069948 -0.0186603 -0.0043259 -0.0282848 -0.0250751 -0.0290355 -0.0074401 -0.0002816 -0.0060883 -0.0097750 -0.0115045 -0.0130381 -0.0223099 0.0042355 -0.0095887 -0.0077188 -0.0049451 0.0091542 -0.0119809 -0.0140111 -0.0033574 0.0037523 -0.0364427 0.0006097 -0.0051786 0.0037865 -0.0137431 -0.0279716 -0.0319578 -0.0107624 -0.0270489 -0.0087904 -0.0167202 -0.0344369
-0.0050167 -0.0221211 0.0059343 -0.0137237 0.0006531 -0.0005072 -0.0061668 0.0046723 -0.0141246 -0.0179563 -0.0351176 -0.0028142 -0.0309496 -0.0382422 -0.0290468 -0.0342890 -0.0233445 -0.0131642 -0.0094570 -0.0214292 -0.0005288 1.0640675 0.0016425 -0.0032919 -0.0014317 -0.0192687 0.0547356 -0.0208514 -0.0028306 -0.0089755 -0.0029237 -0.0247934 -0.0105266 -0.0164091 0.0021410 -0.0030213 -0.0029695 -0.0169451 -0.0097403 0.0076614 -0.0233637 -0.0042811 -0.0018310 -0.0226236 -0.0030133 -0.0076644 -0.0094922 -0.0145996 -0.0025810 -0.0155823 -0.0281577 -0.0167287 -0.0123036 0.0009880 -0.0224515 -0.0337235 -0.0177603 -0.0191207 -0.0204579 -0.0174114 -0.0139511 -0.0221336 -0.0068050 -0.0307243 -0.0098142 -0.0067360 -0.0240924 -0.0181615 -0.0341426 -0.0024950 -0.0214702 -0.0224727 -0.0270617 -0.0178314 -0.0134788 -0.0148352
0.0238560 -0.0238136 -0.0282119 -0.0170593 -0.0178814 -0.0133681 -0.0151277 -0.0127406 -0.0165685 -0.0170465 -0.0299235 -0.0088489 -0.0115832 -0.0053364 -0.0019892 -0.0137163 -0.0113846 -0.0341628 -0.0163704 0.0085554 -0.0041055 0.0016425 0.9809157 -0.0065517 -0.0083535 -0.0079320 0.0247651 -0.0137034 -0.0113535 -0.0036624 0.0132049 -0.0149779 -0.0118320 -0.0249330 0.0047621 -0.0013721 -0.0055876 -0.0093396 -0.0138783 -0.0138362 -0.0343318 -0.0101758 -0.0068155 -0.0086658 -0.0332993 -0.0056010 0.0035337 0.0084338 -0.0100320 -0.0045653 -0.0024436 -0.0163555 -0.0079863 -0.0116250 0.0024644 -0.0033065 -0.0120731 -0.0054900 -0.0033075 -0.0045464 -0.0336544 -0.0204527 -0.0012506 -0.0055603 -0.0140136 -0.0150880 0.0049889 -0.0145602 -0.0180350 -0.0023631 -0.0169384 -0.0093878 -0.0122383 -0.0207211 -0.0201517 0.0042698
-0.0142324 -0.0193650 -0.0402434 -0.0132670 -0.0168661 -0.0105434 -0.0257424 -0.0262667 -0.0120163 -0.0068492 -0.0119378 -0.0275167 -0.0007922 0.0008963 -0.0043152 -0.0057659 -0.0017850 -0.0173297 -0.0008750 -0.0060083 -0.0109452 -0.0032919 -0.0065517 1.0290227 -0.0058386 -0.0143703 -0.0139440 -0.0009881 -0.0184012 0.0049258 -0.0087699 -0.0168433 -0.0178357 -0.0223322 -0.0610325 -0.0297559 -0.0179962 -0.0110687 -0.0205301 -0.0055371 -0.0122012 -0.0264102 -0.0071839 -0.0105804 0.0035918 -0.0125906 -0.0171400 -0.0250516 0.0046081 0.0098555 -0.0193776 -0.0267439 -0.0039966 -0.0039640 -0.0177964 -0.0079352 -0.0305533 -0.0037747 -0.0074436 -0.0220249 -0.0032518 -0.0232921 0.0056344 -0.0190707 -0.0199516 -0.0108457 -0.0209055 -0.0168630 -0.0133071 -0.0115987 -0.0030124 -0.0345406 -0.0084386 -0.0078197 -0.0147907 -0.0217988
-0.0276152 -0.0164689 0.0025522 -0.0265513 -0.0238344 -0.0078837 -0.0184560 -0.0019746 -0.0144240 -0.0311816 -0.0247966 -0.0128453 -0.0298570 0.0014111 0.0055195 -0.0272223 -0.0099025 -0.0027617 -0.0118050 -0.0166828 -0.0074951 -0.0014317 -0.0083535 -0.0058386 1.0493559 -0.0154938 -0.0154622 -0.0208327 -0.0296423 -0.0117969 -0.0231408 -0.0338518 -0.0043750 -0.0155987 -0.0673878 -0.0047837 -0.0195135 -0.0279205 -0.0000694 -0.0035892 -0.0182942 -0.0117582 -0.0020738 -0.0199101 -0.0220832 -0.0161552 -0.0204467 0.0036993 -0.0077751 -0.0033638 -0.0042714 -0.0070334 -0.0062279 -0.0109347 0.0137928 -0.0190048 -0.0071069 -0.0097188 -0.0284501 -0.0270931 -0.0211914 -0.0146554 -0.0331801 -0.0141751 -0.0271551 0.0041399 -0.0190299 -0.0271490 -0.0101744 -0.0088696 -0.0226603 0.0175971 -0.0140344 -0.0058790 0.0121995 -0.0248987
-0.0184627 -0.0174870 -0.0098377 -0.0071536 -0.0257811 -0.0089966 -0.0113787 -0.0249662 -0.0105659 -0.0303050 -0.0162327 -0.0180063 -0.0110967 -0.0232541 -0.0090103 -0.0143245 -0.0149601 -0.0110697 -0.0058683 0.0036132 0.0004647 -0.0192687 -0.0079320 -0.0143703 -0.0154938 1.0120261 0.0089964 0.0045355 -0.0268022 -0.0302275 -0.0128505 -0.0255524 -0.0256563 -0.0049763 -0.0389688 -0.0016625 -0.0178236 -0.0263011 -0.0401699 -0.0069934 -0.0029895 0.0005044 -0.0056547 -0.0154504 0.0036922 0.0004505 0.0010985 0.0036991 -0.0522352 -0.0106424 -0.0155469 -0.0165062 0.0047551 -0.0020480 -0.0115506 -0.0063281 -0.0273258 -0.0181195 -0.0253525 -0.0150132 -0.0138076 0.0060372 0.0004705 -0.0127851 -0.0377527 -0.0315185 -0.0153527 0.0119202 -0.0092302 -0.0044334 0.0150542 -0.0190378 0.0011658 -0.0140360 -0.0094437 -0.0210025
0.1926832 -0.0853222 -0.0690755 -0.0200216 -0.0260089 -0.0579064 -0.0743709 -0.0001936 -0.0490007 0.0574490 0.1028390 0.3013778 -0.0642154 -0.0713578 -0.0580862 -0.0171923 -0.0402267 -0.0496888 -0.0704829 -0.0919640 0.0487828 0.0547356 0.0247651 -0.0139440 -0.0154622 0.0089964 2.0772579 -0.0051733 -0.0266891 -0.0109096 -0.0558589 -0.1245300 -0.0205937 -0.0389161 1.7966363 -0.0464106 0.0749484 -0.0884595 -0.0957108 -0.0965200 -0.0563685 0.0026958 -0.0678646 -0.0215748 -0.0182081 -0.0047102 -0.0353275 0.0012764 -0.0224068 -0.0229574 -0.0386106 -0.0503122 -0.0662553 -0.0620588 0.0118144 -0.0618961 -0.0140451 -0.0188986 -0.0468364 -0.0504372 -0.0553267 -0.0680780 -0.0408005 -0.0116362 -0.0014709 -0.0533074 -0.0745776 -0.0520568 -0.0980910 -0.0762665 -0.0340753 -0.0247602 -0.0077119 -0.0135868 -0.0787543 0.0112880
-0.0291237 -0.0206551 -0.0272275 -0.0200141 -0.0242394 -0.0071401 -0.0158593 -0.0114757 -0.0235456 -0.0140719 -0.0113938 -0.0166705 -0.0032986 -0.0217662 -0.0025662 -0.0330095 -0.0135586 -0.0046218 -0.0176082 -0.0183612 -0.0103495 -0.0208514 -0.0137034 -0.0009881 -0.0208327 0.0045355 -0.0051733 1.0317075 -0.0073066 0.0002448 0.0012517 -0.0364319 -0.0175477 -0.0201996 -0.0031658 -0.0190088 -0.0097548 -0.0477110 -0.0011257 -0.0225610 -0.0320784 -0.0009856 -0.0270492 0.0002627 -0.0064217 -0.0007173 -0.0000796 -0.0055252 -0.0166155 -0.0035299 -0.0081885 -0.0067972 -0.0055756 -0.0007528 -0.0096648 -0.0046044 -0.0316547 0.0031927 -0.0184175 0.0000861 -0.0025938 -0.0108757 -0.0151181 -0.0058852 0.0051022 -0.0104454 -0.0190550 0.0028536 -0.0130982 -0.0227631 -0.0164947 -0.0298729 -0.0006948 0.0040315 -0.0097434 -0.0076058
-0.0047964 -0.0043845 -0.0297521 0.0087687 -0.0165707 -0.0382208 -0.0168136 0.0196464 -0.0063290 -0.0215275 -0.0161910 -0.0183208 -0.0157336 -0.0236195 -0.0014521 0.0141629 -0.0006349 -0.0229040 -0.0296356 -0.0242379 -0.0116820 -0.0028306 -0.0113535 -0.0184012 -0.0296423 -0.0268022 -0.0266891 -0.0073066 1.0567634 0.0099031 -0.0119506 -0.0079901 0.0085472 -0.0165928 -0.0368494 -0.0300074 -0.0247289 -0.0104967 0.0076684 -0.0234702 -0.0111267 -0.0153798 -0.0211463 -0.0144622 -0.0121129 -0.0279037 -0.0258899 -0.0144711 -0.0101085 -0.0264028 -0.0192935 -0.0251702 -0.0141963 -0.0054299 -0.0264551 -0.0119429 -0.0042775 -0.0163572 -0.0083119 -0.0095447 -0.0261696 -0.0302885 -0.0184485 -0.0033766 0.0065137 -0.0167122 0.0080129 -0.0405482 -0.0215529 -0.0063328 -0.0147070 -0.0091259 0.0072468 -0.0276081 -0.0069826 0.0071474
-0.0025283 -0.0229562 -0.0133320 -0.0155984 -0.0054365 0.0004916 -0.0216283 -0.0172423 -0.0017790 -0.0164003 -0.0187316 -0.0068548 0.0069062 -0.0238273 -0.0282399 -0.0075413 -0.0014418 -0.0205662 0.0030017 -0.0149136 -0.0107878 -0.0089755 -0.0036624 0.0049258 -0.0117969 -0.0302275 -0.0109096 0.0002448 0.0099031 0.9836645 -0.0108123 -0.0193189 -0.0234208 0.0013119 -0.0057224 -0.0121146 -0.0021426 -0.0210717 0.0053471 -0.0092380 -0.0095613 -0.0139610 0.0109296 -0.0086859 -0.0052226 -0.0006154 -0.0151143 -0.0029365 0.0101370 -0.0147421 -0.0090100 -0.0083806 -0.0049854 -0.0174697 -0.0088904 -0.0042970 -0.0091939 -0.0136294 -0.0129928 -0.0094041 -0.0199734 -0.0256467 -0.0134267 -0.0220706 -0.0151498 0.0002536 -0.0147418 -0.0145556 -0.0039569 0.0000094 -0.0270117 -0.0062221 -0.0079807 -0.0062064 -0.0110217 -0.0077545
-0.0140401 -0.0019971 -0.0235594 -0.0146359 -0.0133936 -0.0091496 -0.0028476 -0.0372800 -0.0169769 -0.0188030 -0.0124017 -0.0224962 -0.0222302 -0.0124288 -0.0229825 0.0120697 -0.0017412 -0.0239392 -0.0195817 -0.0013541 -0.0000478 -0.0029237 0.0132049 -0.0087699 -0.0231408 -0.0128505 -0.0558589 0.0012517 -0.0119506 -0.0108123 1.0320024 -0.0131238 0.0020742 -0.0028171 -0.0737103 -0.0141730 -0.0065934 -0.0124528 -0.0089332 -0.0095394 0.0022504 0.0047253 -0.0097260 -0.0182718 0.0011992 -0.0058249 -0.0286248 0.0055736 -0.0011627 -0.0033830 -0.0015831 0.0042523 -0.0130286 -0.0012371 -0.0284670 -0.0253582 -0.0169759 -0.0065462 -0.0098006 -0.0366454 -0.0336184 -0.0234458 -0.0311735 -0.0164733 -0.0217793 0.0012735 0.0057629 -0.0044791 -0.0225475 -0.0257351 -0.0172420 -0.0230707 -0.0260050 -0.0164681 -0.0137886 -0.0012931
-0.0371229 -0.0172246 -0.0284285 -0.0461729 -0.0220865 -0.0296620 -0.0163501 -0.0327306 -0.0364573 -0.0256427 -0.0289435 -0.0417845 -0.0033855 -0.0327545 -0.0139477 -0.0191115 -0.0246456 -0.0090318 -0.0368043 -0.0053046 -0.0087070 -0.0247934 -0.0149779 -0.0168433 -0.0338518 -0.0255524 -0.1245300 -0.0364319 -0.0079901 -0.0193189 -0.0131238 1.0577732 -0.0162936 -0.0080548 -0.1260566 -0.0262905 -0.0202762 0.6958573 -0.0269916 -0.0199165 -0.0218137 -0.0210036 -0.0257456 -0.0114707 -0.0157503 -0.0368094 -0.0107233 -0.0359182 -0.0337957 -0.0215607 -0.0164704 -0.0262381 -0.0334463 -0.0204078 -0.0289513 -0.0227638 -0.0021675 -0.0250176 -0.0080222 -0.0304130 -0.0339983 -0.0061252 -0.0213568 -0.0151663 -0.0390240 -0.0131419 -0.0256870 -0.0049803 -0.0004559 -0.0186966 -0.0267461 -0.0369133 -0.0237319 -0.0336684 -0.0100654 -0.0213642
0.0215348 -0.0188326 -0.0128839 -0.0266322 0.0175836 -0.0311824 -0.0282968 -0.0137805 -0.0012125 -0.0069251 -0.0115291 -0.0106227 -0.0183211 -0.0073256 -0.0051305 -0.0013260 0.0153483 -0.0292550 -0.0277809 -0.0143812 -0.0287480 -0.0105266 -0.0118320 -0.0178357 -0.0043750 -0.0256563 -0.0205937 -0.0175477 0.0085472 -0.0234208 0.0020742 -0.0162936 1.0550425 -0.0043526 -0.0248044 -0.0111996 -0.0282128 -0.0166505 -0.0243586 -0.0291038 -0.0210787 -0.0058298 -0.0410831 -0.0146880 0.0076510 -0.0137819 -0.0242717 -0.0068521 -0.0260542 -0.0094707 0.0000687 -0.0094406 -0.0197319 -0.0263669 -0.0091416 0.0120082 -0.0202504 -0.0137092 -0.0167134 -0.0258781 0.0005606 -0.0259550 -0.0124319 0.0009288 -0.0157632 -0.0134637 0.0000890 -0.0250312 -0.0030494 -0.0060651 -0.0268242 -0.0226387 -0.0286659 -0.0143055 -0.0186843 -0.0009634
-0.0232890 -0.0171266 -0.0107747 -0.0069570 -0.0086079 -0.0286481 -0.0074477 -0.0181379 -0.0137881 -0.0260617 -0.0239135 -0.0216067 -0.0158987 -0.0136312 -0.0238456 -0.0202405 -0.0061644 -0.0043926 -0.0212458 -0.0040295 -0.0231707 -0.0164091 -0.0249330 -0.0223322 -0.0155987 -0.0049763 -0.0389161 -0.0201996 -0.0165928 0.0013119 -0.0028171 -0.0080548 -0.0043526 1.0572175 -0.0594835 0.0026328 -0.0021681 -0.0105016 -0.0032778 -0.0121760 0.0088792 -0.0180978 -0.0267380 -0.0028461 -0.0322516 -0.0150941 -0.0200825 -0.0149289 -0.0169944 -0.0045861 -0.0147079 -0.0114074 -0.0154386 -0.0055199 -0.0018477 -0.0116681 -0.0240125 -0.0227923 -0.0179025 -0.0207213 -0.0069786 -0.0091504 -0.0182697 -0.0138573 -0.0069636 -0.0093844 -0.0019247 -0.0039312 -0.0102321 0.0033238 -0.0020741 -0.0125799 -0.0097182 -0.0327677 -0.0186852 -0.0132684
0.2315821 -0.1113200 -0.0831283 -0.0384892 -0.0321234 -0.0661892 -0.1004940 -0.0037674 -0.0775429 0.0508312 0.0904432 0.3831068 -0.0873636 -0.0822618 -0.0823682 -0.0311334 -0.0653213 -0.0470217 -0.0789618 -0.1153896 -0.0070773 0.0021410 0.0047621 -0.0610325 -0.0673878 -0.0389688 1.7966363 -0.0031658 -0.0368494 -0.0057224 -0.0737103 -0.1260566 -0.0248044 -0.0594835 3.0599880 -0.0564712 0.0810387 -0.0875036 -0.1205294 -0.1064094 -0.0658474 -0.0037899 -0.0742545 -0.0285032 -0.0351669 -0.0061290 -0.0408824 -0.0023860 -0.0341097 -0.0338957 -0.0671911 -0.0505778 -0.0756043 -0.0720390 0.0086914 -0.0737387 -0.0285534 -0.0295614 -0.0690603 -0.0572050 -0.0582898 -0.0766600 -0.0453038 -0.0181643 -0.0112869 -0.0639160 -0.0991243 -0.0624260 -0.1180363 -0.0938006 -0.0461395 -0.0415618 -0.0074685 -0.0209780 -0.0973106 0.0132233
-0.0096393 -0.0096800 0.0011707 -0.0015067 -0.0180094 -0.0071194 0.0055028 -0.0100778 -0.0298562 -0.0274981 -0.0226348 -0.0173081 -0.0273368 -0.0010428 -0.0237719 -0.0200535 -0.0231421 -0.0091782 -0.0169033 -0.0239611 -0.0202204 -0.0030213 -0.0013721 -0.0297559 -0.0047837 -0.0016625 -0.0464106 -0.0190088 -0.0300074 -0.0121146 -0.0141730 -0.0262905 -0.0111996 0.0026328 -0.0564712 1.0327321 -0.0083281 -0.0300728 0.0034247 -0.0099530 -0.0311293 -0.0285489 0.0077684 -0.0012614 -0.0171904 -0.0075310 -0.0064634 -0.0197225 -0.0357506 -0.0018069 -0.0060993 -0.0034341 -0.0122744 -0.0186827 -0.0226231 -0.0010284 -0.0156028 -0.0098467 -0.0177743 -0.0125737 0.0022200 -0.0198309 -0.0177111 -0.0299408 0.0079934 -0.0268047 -0.0231304 -0.0049772 0.0075918 -0.0171140 -0.0149209 -0.0133780 -0.0109327 -0.0024726 0.0148840 -0.0056021
-0.0102294 -0.0202007 -0.0179788 -0.0180070 0.0263255 -0.0175532 -0.0166514 -0.0042391 -0.0195749 -0.0117289 -0.0117062 0.0109049 -0.0200258 -0.0285258 -0.0246803 0.0126924 -0.0110474 -0.0064997 0.0007903 -0.0308674 -0.0180130 -0.0029695 -0.0055876 -0.0179962 -0.0195135 -0.0178236 0.0749484 -0.0097548 -0.0247289 -0.0021426 -0.0065934 -0.0202762 -0.0282128 -0.0021681 0.0810387 -0.0083281 0.9859831 -0.0131925 -0.0152929 -0.0111031 -0.0235378 0.0058549 -0.0049588 0.0040684 -0.0242736 -0.0091594 -0.0232873 -0.0010604 -0.0032985 -0.0193131 -0.0198537 -0.0123615 -0.0196891 -0.0038863 -0.0105606 -0.0278049 -0.0151060 -0.0089977 -0.0098014 -0.0141144 -0.0030727 -0.0133734 -0.0017779 -0.0247120 -0.0006808 -0.0060358 -0.0254083 -0.0340572 -0.0187441 -0.0007354 -0.0116392 -0.0142338 -0.0253487 -0.0203733 -0.0137449 -0.0032917
-0.0218101 -0.0185730 -0.0341401 -0.0413263 -0.0177199 -0.0216283 -0.0173049 -0.0328072 -0.0283992 -0.0056814 -0.0133945 -0.0266446 0.0025512 -0.0380337 -0.0128106 -0.0221179 -0.0160753 -0.0214498 -0.0396844 -0.0015463 -0.0147810 -0.0169451 -0.0093396 -0.0110687 -0.0279205 -0.0263011 -0.0884595 -0.0477110 -0.0104967 -0.0210717 -0.0124528 0.6958573 -0.0166505 -0.0105016 -0.0875036 -0.0300728 -0.0131925 0.8811726 -0.0201301 -0.0147386 -0.0138754 -0.0231350 -0.0315682 -0.0062147 -0.0035185 -0.0293144 -0.0093537 -0.0303338 -0.0219498 -0.0164791 -0.0195099 -0.0205060 -0.0301959 -0.0232173 -0.0178721 -0.0198143 -0.0009426 -0.0095489 -0.0113492 -0.0311302 -0.0323698 0.0017949 -0.0206172 -0.0262095 -0.0361482 -0.0136765 -0.0306862 -0.0122299 -0.0070086 -0.0134219 -0.0256131 -0.0258862 -0.0284122 -0.0380045 -0.0058080 -0.0145846
-0.0121884 -0.0262731 -0.0229605 -0.0232019 -0.0234274 -0.0126633 -0.0201058 -0.0290890 -0.0139419 -0.0143056 -0.0342263 -0.0372673 -0.0091135 -0.0287915 -0.0126074 -0.0189109 -0.0171434 -0.0072099 -0.0072708 -0.0128540 -0.0242912 -0.0097403 -0.0138783 -0.0205301 -0.0000694 -0.0401699 -0.0957108 -0.0011257 0.0076684 0.0053471 -0.0089332 -0.0269916 -0.0243586 -0.0032778 -0.1205294 0.0034247 -0.0152929 -0.0201301 1.0790720 0.0155760 -0.0258705 -0.0282272 0.0105069 0.0003098 -0.0106971 -0.0209594 -0.0306270 -0.0094383 0.0043772 -0.0289258 0.0096219 -0.0037929 -0.0037828 -0.0014973 -0.0238994 0.0003104 -0.0157378 -0.0141535 -0.0211867 -0.0013674 0.0265739 -0.0091861 -0.0217795 -0.0061492 -0.0075173 -0.0284240 -0.0012357 -0.0299959 -0.0035585 0.0030548 -0.0044348 -0.0116055 -0.0059604 -0.0304901 -0.0070113 -0.0317223
-0.0291670 -0.0071111 0.0144137 -0.0192099 -0.0170030 0.0042536 -0.0194830 -0.0147853 -0.0142467 -0.0226184 -0.0262851 -0.0337815 -0.0255563 -0.0016370 -0.0356832 -0.0081157 -0.0224275 -0.0246455 -0.0033078 0.0047600 -0.0271336 0.0076614 -0.0138362 -0.0055371 -0.0035892 -0.0069934 -0.0965200 -0.0225610 -0.0234702 -0.0092380 -0.0095394 -0.0199165 -0.0291038 -0.0121760 -0.1064094 -0.0099530 -0.0111031 -0.0147386 0.0155760 1.0605901 -0.0156675 -0.0100694 -0.0037869 -0.0004352 -0.0170232 0.0188071 -0.0119540 -0.0131876 -0.0297413 -0.0126175 -0.0103427 -0.0311684 -0.0086119 0.0020993 0.0099988 -0.0353842 -0.0327108 -0.0232955 -0.0067919 -0.0175916 -0.0212519 -0.0277933 -0.0093422 -0.0004244 -0.0259960 -0.0274180 -0.0211056 0.0109551 -0.0079483 -0.0105430 0.0075496 0.0042530 -0.0089731 -0.0047816 -0.0138139 -0.0175283
-0.0047333 -0.0031921 0.0095715 0.0002011 -0.0133078 -0.0206327 -0.0070432 -0.0236237 -0.0261787 -0.0068265 -0.0189583 -0.0261189 -0.0094372 -0.0130224 -0.0140158 -0.0199529 -0.0079075 -0.0143615 0.0125292 0.0074409 -0.0222974 -0.0233637 -0.0343318 -0.0122012 -0.0182942 -0.0029895 -0.0563685 -0.0320784 -0.0111267 -0.0095613 0.0022504 -0.0218137 -0.0210787 0.0088792 -0.0658474 -0.0311293 -0.0235378 -0.0138754 -0.0258705 -0.0156675 1.0702903 -0.0289679 -0.0229510 -0.0394886 -0.0028623 -0.0374822 -0.0006177 -0.0211054 -0.0044454 -0.0141975 -0.0208145 0.0098790 -0.0158604 -0.0185532 -0.0049138 -0.0013874 0.0084962 -0.0151999 -0.0175435 -0.0184066 -0.0200733 -0.0127062 -0.0333815 -0.0134313 -0.0054920 -0.0130787 0.0077256 -0.0149541 -0.0023879 -0.0059975 0.0037132 -0.0116859 -0.0085734 -0.0111091 -0.0246188 -0.0128193
-0.0290738 -0.0151399 0.0067204 -0.0156823 -0.0027279 0.0016503 -0.0230974 -0.0279240 -0.0283553 -0.0213904 -0.0083367 -0.0062602 -0.0263502 -0.0074544 -0.0186881 -0.0278019 -0.0146849 -0.0107066 0.0073345 -0.0256302 -0.0157706 -0.0042811 -0.0101758 -0.0264102 -0.0117582 0.0005044 0.0026958 -0.0009856 -0.0153798 -0.0139610 0.0047253 -0.0210036 -0.0058298 -0.0180978 -0.0037899 -0.0285489 0.0058549 -0.0231350 -0.0282272 -0.0100694 -0.0289679 1.0549428 -0.0258481 0.0005973 0.0213411 0.0053936 -0.0022314 -0.0044731 -0.0253292 -0.0098527 0.0069796 -0.0241433 -0.0160868 -0.0213741 -0.0143745 -0.0262015 0.0037078 -0.0048516 -0.0061967 -0.0212743 -0.0326404 -0.0043323 -0.0226521 -0.0173507 -0.0068094 -0.0126487 -0.0067121 -0.0319624 -0.0006636 -0.0147599 -0.0174978 -0.0131607 -0.0148004 -0.0178126 -0.0171525 -0.0214379
-0.0362206 -0.0239845 -0.0143680 -0.0159055 -0.0240222 -0.0027063 -0.0225536 -0.0060696 0.0057610 -0.0263800 -0.0316900 -0.0189246 -0.0129804 -0.0103105 -0.0092430 -0.0236996 -0.0216304 -0.0259300 -0.0142198 0.0017122 -0.0069948 -0.0018310 -0.0068155 -0.0071839 -0.0020738 -0.0056547 -0.0678646 -0.0270492 -0.0211463 0.0109296 -0.0097260 -0.0257456 -0.0410831 -0.0267380 -0.0742545 0.0077684 -0.0049588 -0.0315682 0.0105069 -0.0037869 -0.0229510 -0.0258481 1.0632755 -0.0046596 -0.0284316 -0.0092674 -0.0113769 -0.0192967 -0.0083033 -0.0058884 -0.0173215 -0.0087767 -0.0144676 0.0040163 -0.0146148 0.0074337 -0.0154847 0.0124103 -0.0000968 -0.0170725 0.0071426 -0.0077978 -0.0076686 -0.0409160 -0.0241757 0.0026246 -0.0309175 -0.0106055 -0.0111092 -0.0133353 -0.0028502 -0.0093631 0.0038663 -0.0210927 -0.0185708 -0.0197959
-0.0058584 -0.0001527 -0.0149182 -0.0145154 -0.0296746 -0.0337393 -0.0186866 -0.0237224 -0.0077899 -0.0234259 -0.0169293 -0.0093489 -0.0205419 -0.0185959 -0.0042325 -0.0013734 -0.0128826 -0.0029115 -0.0233379 -0.0134287 -0.0186603 -0.0226236 -0.0086658 -0.0105804 -0.0199101 -0.0154504 -0.0215748 0.0002627 -0.0144622 -0.0086859 -0.0182718 -0.0114707 -0.0146880 -0.0028461 -0.0285032 -0.0012614 0.0040684 -0.0062147 0.0003098 -0.0004352 -0.0394886 0.0005973 -0.0046596 1.0158167 -0.0195418 -0.0144785 -0.0153882 -0.0235406 -0.0311522 -0.0154550 -0.0039501 -0.0212401 -0.0244553 -0.0158499 -0.0204923 0.0053420 0.0020507 -0.0068037 -0.0019598 -0.0041565 -0.0139907 -0.0080188 0.0150087 -0.0084035 -0.0109505 -0.0105561 0.0021080 -0.0124573 -0.0077913 -0.0215602 -0.0221932 0.0103194 -0.0082185 -0.0251785 -0.0285214 -0.0381464
-0.0136864 -0.0030069 -0.0072548 0.0048267 -0.0042452 -0.0146693 -0.0302724 0.0030400 -0.0212919 -0.0140821 -0.0136247 -0.0069327 -0.0093888 -0.0267396 -0.0127217 -0.0273507 -0.0114089 -0.0064915 -0.0218362 -0.0110923 -0.0043259 -0.0030133 -0.0332993 0.0035918 -0.0220832 0.0036922 -0.0182081 -0.0064217 -0.0121129 -0.0052226 0.0011992 -0.0157503 0.0076510 -0.0322516 -0.0351669 -0.0171904 -0.0242736 -0.0035185 -0.0106971 -0.0170232 -0.0028623 0.0213411 -0.0284316 -0.0195418 1.0403790 -0.0261138 -0.0002352 -0.0123234 -0.0081623 -0.0082926 -0.0137414 -0.0013973 0.0050554 -0.0066377 -0.0120618 -0.0191423 -0.0176571 -0.0276106 -0.0162993 -0.0297215 -0.0074484 -0.0072541 -0.0133902 -0.0084726 -0.0355279 -0.0083294 -0.0242507 -0.0347167 -0.0169942 -0.0093646 -0.0147767 -0.0298240 -0.0039611 -0.0108609 -0.0225652 -0.0011143
-0.0113317 0.0077357 -0.0207551 -0.0165017 -0.0184603 -0.0089949 -0.0006274 -0.0084767 -0.0131804 -0.0259100 -0.0176499 -0.0122749 -0.0278949 -0.0043818 -0.0127978 0.0004039 -0.0369700 -0.0278592 -0.0074972 -0.0267308 -0.0282848 -0.0076644 -0.0056010 -0.0125906 -0.0161552 0.0004505 -0.0047102 -0.0007173 -0.0279037 -0.0006154 -0.0058249 -0.0368094 -0.0137819 -0.0150941 -0.0061290 -0.0075310 -0.0091594 -0.0293144 -0.0209594 0.0188071 -0.0374822 0.0053936 -0.0092674 -0.0144785 -0.0261138 0.9926648 -0.0128728 -0.0002160 -0.0023922 -0.0206438 -0.0023458 0.0002076 -0.0080486 0.0046973 0.0009206 -0.0227205 -0.0108224 -0.0093557 -0.0054428 -0.0048328 -0.0080639 -0.0019601 0.0133034 -0.0207230 -0.0065569 -0.0110313 -0.0192902 -0.0037420 -0.0233958 -0.0067120 -0.0197642 -0.0153928 -0.0011665 -0.0123223 -0.0089313 -0.0097869
-0.0134147 -0.0262555 -0.0294025 -0.0058309 -0.0098152 0.0057245 -0.0092841 0.0018143 -0.0216415 -0.0259729 -0.0237114 -0.0290798 -0.0247485 0.0140870 0.0162361 -0.0053063 -0.0126627 0.0057089 -0.0205755 -0.0154904 -0.0250751 -0.0094922 0.0035337 -0.0171400 -0.0204467 0.0010985 -0.0353275 -0.0000796 -0.0258899 -0.0151143 -0.0286248 -0.0107233 -0.0242717 -0.0200825 -0.0408824 -0.0064634 -0.0232873 -0.0093537 -0.0306270 -0.0119540 -0.0006177 -0.0022314 -0.0113769 -0.0153882 -0.0002352 -0.0128728 1.0187321 -0.0379014 0.0037534 0.0023094 0.0009761 -0.0094692 -0.0136129 -0.0029260 -0.0181035 -0.0075265 -0.0140282 -0.0055715 -0.0156070 -0.0082328 -0.0361398 -0.0297640 -0.0089318 -0.0115455 -0.0064138 0.0099074 -0.0142239 -0.0128709 -0.0191797 -0.0097311 -0.0171974 -0.0037686 0.0060375 -0.0271374 0.0000544 -0.0271233
-0.0042185 -0.0138432 -0.0278718 0.0010211 -0.0001684 -0.0134596 -0.0206686 0.0046178 -0.0020121 -0.0172735 -0.0173853 -0.0063476 -0.0174505 -0.0229491 -0.0136193 -0.0178911 -0.0030636 -0.0251056 -0.0054879 -0.0250114 -0.0290355 -0.0145996 0.0084338 -0.0250516 0.0036993 0.0036991 0.0012764 -0.0055252 -0.0144711 -0.0029365 0.0055736 -0.0359182 -0.0068521 -0.0149289 -0.0023860 -0.0197225 -0.0010604 -0.0303338 -0.0094383 -0.0131876 -0.0211054 -0.0044731 -0.0192967 -0.0235406 -0.0123234 -0.0002160 -0.0379014 1.0475951 -0.0257451 -0.0133027 0.0186158 -0.0208818 -0.0225906 -0.0221822 -0.0054127 -0.0235582 -0.0306302 -0.0063004 0.0045437 -0.0148261 -0.0277472 -0.0132822 -0.0118898 -0.0123524 0.0079177 -0.0116326 -0.0165829 -0.0179645 -0.0140289 -0.0286261 -0.0210690 0.0064487 -0.0080196 -0.0134769 -0.0098927 -0.0175392
