1:	0.0000 0.4700 0.0000 0.0000 0.0000 0.0000 0.0000 0.0000 0.0000 0.0000 0.0000 0.0000 0.4530 0.0000 0.0769 	1
2:	0.4179 0.0000 0.0000 0.0000 0.0000 0.3462 0.0000 0.0000 0.0000 0.0000 0.0769 0.0821 0.0000 0.0000 0.0769 	2
3:	0.1227 0.0000 0.0074 0.1346 0.0026 0.0259 0.0000 0.0000 0.4890 0.0000 0.0077 0.0514 0.0000 0.0846 0.0742 	6
4:	0.3332 0.0000 0.0000 0.0000 0.0000 0.0000 0.1120 0.0000 0.1646 0.0000 0.0000 0.1188 0.0000 0.2637 0.0078 	4
5:	0.1048 0.0000 0.0977 0.2492 0.0000 0.0667 0.1696 0.0000 0.0086 0.0164 0.0300 0.1674 0.0000 0.0539 0.0358 	15
6:	0.1174 0.3581 0.0728 0.0000 0.1226 0.0012 0.0183 0.1154 0.0597 0.0010 0.0492 0.0130 0.0169 0.0394 0.0150 	8
7:	0.0932 0.0696 0.1149 0.0500 0.1462 0.1000 0.1407 0.0025 0.0339 0.0006 0.0337 0.1100 0.0266 0.0514 0.0266 	20
8:	0.0476 0.0293 0.1325 0.0476 0.0916 0.0000 0.0296 0.0004 0.0847 0.0000 0.0983 0.1930 0.1534 0.0638 0.0282 	21
9:	0.1003 0.0083 0.2304 0.0000 0.1374 0.0008 0.0187 0.0000 0.0477 0.0716 0.1258 0.1021 0.0631 0.0786 0.0151 	14
10:	0.0381 0.0000 0.1063 0.0000 0.0000 0.3587 0.0000 0.0000 0.0101 0.0000 0.2938 0.0000 0.0000 0.0391 0.1538 	1
11:	0.0009 0.0000 0.0000 0.2764 0.0000 0.2069 0.0000 0.0000 0.0000 0.3605 0.0810 0.0000 0.0183 0.0000 0.0560 	3
12:	0.0000 0.2000 0.0000 0.8000 0.0000 0.0000 0.0000 0.0000 0.0000 0.0000 0.0000 0.0000 0.0000 0.0000 0.0000 	5
13:	0.0000 0.0384 0.0000 0.5000 0.0000 0.0000 0.0000 0.0000 0.0000 0.0000 0.0000 0.0000 0.4616 0.0000 0.0000 	2
14:	0.0000 0.0602 0.1303 0.0000 0.2018 0.0450 0.0000 0.2000 0.0000 0.0000 0.0442 0.0000 0.2944 0.0065 0.0175 	5
15:	0.0658 0.3589 0.0580 0.0170 0.0000 0.1515 0.0000 0.2092 0.0267 0.0009 0.0330 0.0027 0.0024 0.0175 0.0564 	7
