1:	0.1040 0.1244 0.0153 0.0028 0.1446 0.1005 0.0677 0.0222 0.2293 0.1373 0.0518 	9
2:	0.1699 0.0882 0.0000 0.0000 0.0667 0.0000 0.0301 0.0715 0.3737 0.0667 0.1333 	3
3:	0.1370 0.0000 0.2500 0.2500 0.0000 0.0000 0.1125 0.0005 0.1198 0.1302 0.0000 	4
4:	0.0156 0.0000 0.2874 0.1962 0.0000 0.2248 0.1825 0.0132 0.0000 0.0000 0.0804 	2
5:	0.0764 0.0841 0.1198 0.0038 0.1901 0.1870 0.0899 0.0752 0.0526 0.0681 0.0529 	17
6:	0.0952 0.0050 0.0864 0.0056 0.0117 0.4109 0.1861 0.0839 0.0217 0.0054 0.0883 	12
7:	0.1260 0.0740 0.0000 0.0009 0.0628 0.2316 0.0327 0.0072 0.0112 0.0455 0.4081 	3
8:	0.7493 0.0000 0.0959 0.0000 0.0000 0.0210 0.0842 0.0004 0.0000 0.0000 0.0491 	2
9:	0.2000 0.0000 0.0000 0.0000 0.0000 0.0000 0.2000 0.0000 0.0000 0.0000 0.6000 	1
10:	0.0000 0.0000 0.2500 0.0000 0.0000 0.0848 0.2319 0.0000 0.2333 0.0168 0.1834 	4
11:	0.2675 0.1729 0.2439 0.0001 0.0179 0.0318 0.1702 0.0009 0.0162 0.0310 0.0475 	14
12:	0.2146 0.1375 0.0254 0.0000 0.0952 0.0497 0.0714 0.0033 0.0392 0.3427 0.0211 	9
13:	0.0337 0.3765 0.1007 0.0001 0.0859 0.0475 0.0361 0.0013 0.1894 0.1051 0.0237 	14
14:	0.1082 0.0983 0.0000 0.0006 0.0000 0.0000 0.3912 0.0000 0.3387 0.0630 0.0000 	2
15:	0.0336 0.0000 0.1111 0.3938 0.0446 0.2719 0.0806 0.0000 0.0102 0.0000 0.0541 	9
