1.0000	0.5153	0.5382	0.5014	0.4475	0.3942	0.4832	0.4492	0.4317	0.5258	0.5225	0.5270	0.4901	0.4676	0.4776	0.4597	0.4319	0.4658	0.5282	0.4862	0.5145	0.4798	0.5096	0.4335	0.5080	0.4460	0.4904	0.5233	0.4333	0.5214	0.4659	0.4761	0.5141	0.4495	0.5021	0.5206	0.4589	0.4911	0.5029	0.4533	0.5105	0.4746	0.4566	0.5233	0.4394	0.4554	0.5102	0.4226	0.4551	0.4779
0.5153	1.0000	0.4862	0.4546	0.4718	0.4060	0.4661	0.4429	0.4612	0.4244	0.4810	0.4684	0.4415	0.5076	0.4754	0.4325	0.4076	0.4556	0.4828	0.4869	0.5260	0.4937	0.4667	0.4818	0.5216	0.3513	0.4805	0.5287	0.4066	0.4632	0.5075	0.5304	0.5465	0.4557	0.5400	0.4596	0.4811	0.5006	0.5033	0.4459	0.4315	0.4758	0.5037	0.5178	0.4746	0.4413	0.4762	0.4078	0.4343	0.4928
0.5382	0.4862	1.0000	0.5151	0.4628	0.4645	0.4887	0.4880	0.5109	0.5306	0.5865	0.4495	0.4943	0.4720	0.4831	0.5077	0.4701	0.5457	0.5021	0.5089	0.5122	0.5415	0.4785	0.4707	0.4932	0.4537	0.5605	0.5068	0.4447	0.5471	0.4933	0.5070	0.5334	0.4581	0.5270	0.5138	0.4764	0.4927	0.5158	0.5262	0.5261	0.4808	0.4826	0.5382	0.4979	0.4928	0.4978	0.4228	0.4905	0.5317
0.5014	0.4546	0.5151	1.0000	0.4234	0.4429	0.4474	0.5010	0.4425	0.4860	0.4904	0.4621	0.4374	0.4431	0.5210	0.4921	0.4473	0.4826	0.5339	0.4649	0.5074	0.4941	0.4903	0.4353	0.5265	0.4202	0.4802	0.5032	0.4658	0.4696	0.4697	0.5045	0.4742	0.4245	0.5300	0.4860	0.4478	0.4603	0.5344	0.4749	0.4561	0.4485	0.4762	0.5054	0.5071	0.4891	0.4722	0.4330	0.4399	0.4819
0.4475	0.4718	0.4628	0.4234	1.0000	0.3860	0.4688	0.4154	0.4079	0.4626	0.5257	0.4064	0.4065	0.3922	0.4548	0.4125	0.3955	0.3841	0.4182	0.4385	0.4227	0.4095	0.3806	0.3924	0.4187	0.4497	0.4322	0.4588	0.3847	0.4478	0.4660	0.4490	0.4289	0.4244	0.4869	0.4759	0.3842	0.4101	0.4418	0.3949	0.4404	0.4086	0.4437	0.4121	0.4109	0.3969	0.4300	0.3486	0.4236	0.4541
0.3942	0.4060	0.4645	0.4429	0.3860	1.0000	0.4000	0.4595	0.4783	0.4105	0.4419	0.4311	0.4142	0.4006	0.4284	0.4394	0.4430	0.4312	0.4982	0.4172	0.4669	0.4469	0.3886	0.4254	0.4419	0.4306	0.4173	0.4469	0.4883	0.4544	0.4231	0.4764	0.4400	0.3674	0.4189	0.4712	0.4579	0.4698	0.4315	0.4033	0.3918	0.4699	0.4305	0.4996	0.4560	0.4103	0.4091	0.4314	0.4591	0.4290
0.4832	0.4661	0.4887	0.4474	0.4688	0.4000	1.0000	0.5092	0.4744	0.4473	0.5495	0.4470	0.4425	0.4904	0.4522	0.4859	0.4401	0.4702	0.4712	0.5236	0.4762	0.5237	0.4795	0.3954	0.4517	0.4514	0.4921	0.4818	0.4393	0.4797	0.4534	0.4854	0.4860	0.5246	0.5028	0.5088	0.4520	0.4766	0.4460	0.4845	0.4127	0.4832	0.4584	0.4620	0.4634	0.4337	0.5468	0.4048	0.5237	0.4542
0.4492	0.4429	0.4880	0.5010	0.4154	0.4595	0.5092	1.0000	0.5701	0.5018	0.4873	0.5227	0.3903	0.4789	0.4732	0.4911	0.4252	0.4719	0.5172	0.5090	0.4833	0.5288	0.4505	0.4255	0.5331	0.4390	0.4912	0.4891	0.4435	0.4558	0.4393	0.4991	0.5029	0.4414	0.5011	0.4976	0.5225	0.5665	0.4762	0.5078	0.4325	0.4566	0.4908	0.4794	0.5039	0.4461	0.4955	0.5061	0.5161	0.4775
0.4317	0.4612	0.5109	0.4425	0.4079	0.4783	0.4744	0.5701	1.0000	0.5341	0.5110	0.4483	0.4001	0.4896	0.4799	0.4578	0.4640	0.4925	0.5101	0.4857	0.5086	0.5024	0.4552	0.4360	0.4764	0.4305	0.5156	0.4822	0.4490	0.4652	0.4700	0.5229	0.5801	0.4592	0.5027	0.4957	0.5022	0.5651	0.4623	0.4865	0.4229	0.4685	0.5010	0.5058	0.5094	0.4562	0.5206	0.4636	0.5131	0.4548
0.5258	0.4244	0.5306	0.4860	0.4626	0.4105	0.4473	0.5018	0.5341	1.0000	0.5280	0.4351	0.4270	0.4746	0.4803	0.4671	0.4468	0.4540	0.5339	0.5054	0.4806	0.4798	0.4937	0.3919	0.4325	0.4882	0.5109	0.4791	0.4412	0.5094	0.4549	0.4732	0.4978	0.4493	0.5090	0.4528	0.4965	0.4895	0.4397	0.4629	0.4782	0.4427	0.5118	0.4933	0.5012	0.4447	0.4902	0.4420	0.4587	0.4763
0.5225	0.4810	0.5865	0.4904	0.5257	0.4419	0.5495	0.4873	0.5110	0.5280	1.0000	0.4369	0.4762	0.4963	0.4908	0.5097	0.4492	0.4930	0.4776	0.5031	0.4779	0.5111	0.4634	0.3927	0.4481	0.4652	0.5307	0.4793	0.4425	0.5303	0.4703	0.4632	0.4925	0.4969	0.5178	0.5199	0.4444	0.4757	0.4746	0.4760	0.4856	0.4709	0.4648	0.4559	0.5243	0.4446	0.4873	0.4231	0.4820	0.5158
0.5270	0.4684	0.4495	0.4621	0.4064	0.4311	0.4470	0.5227	0.4483	0.4351	0.4369	1.0000	0.4377	0.4926	0.4446	0.4880	0.4237	0.4302	0.5633	0.5043	0.5278	0.4936	0.4524	0.4654	0.5445	0.3899	0.4703	0.4928	0.4287	0.4614	0.4599	0.5112	0.5188	0.4323	0.5239	0.5465	0.4914	0.5426	0.5079	0.4867	0.4518	0.4417	0.4697	0.4865	0.4740	0.4438	0.5021	0.4510	0.4901	0.4308
0.4901	0.4415	0.4943	0.4374	0.4065	0.4142	0.4425	0.3903	0.4001	0.4270	0.4762	0.4377	1.0000	0.4422	0.4107	0.4587	0.5398	0.4808	0.4832	0.4977	0.4889	0.4502	0.4508	0.4844	0.4505	0.4150	0.4533	0.4984	0.4256	0.5191	0.4080	0.4459	0.4659	0.4250	0.4708	0.4343	0.4461	0.4491	0.4575	0.4448	0.4877	0.4680	0.4482	0.5075	0.4679	0.4434	0.4670	0.3802	0.4187	0.4614
0.4676	0.5076	0.4720	0.4431	0.3922	0.4006	0.4904	0.4789	0.4896	0.4746	0.4963	0.4926	0.4422	1.0000	0.4540	0.5230	0.4469	0.5071	0.5146	0.5483	0.5785	0.6137	0.4932	0.4705	0.5056	0.3841	0.5839	0.4866	0.4238	0.4665	0.4814	0.5217	0.5071	0.5140	0.5739	0.4462	0.5065	0.5397	0.4741	0.5516	0.4467	0.4806	0.5140	0.4867	0.5858	0.4422	0.5211	0.4720	0.4809	0.4839
0.4776	0.4754	0.4831	0.5210	0.4548	0.4284	0.4522	0.4732	0.4799	0.4803	0.4908	0.4446	0.4107	0.4540	1.0000	0.4690	0.4424	0.4704	0.4991	0.4783	0.4709	0.4646	0.4912	0.4381	0.4961	0.4329	0.4802	0.4953	0.4552	0.4521	0.5002	0.4973	0.4983	0.4398	0.5160	0.4851	0.4359	0.4949	0.4895	0.4565	0.4440	0.4454	0.4938	0.4982	0.5018	0.4669	0.4803	0.4307	0.4630	0.4722
0.4597	0.4325	0.5077	0.4921	0.4125	0.4394	0.4859	0.4911	0.4578	0.4671	0.5097	0.4880	0.4587	0.5230	0.4690	1.0000	0.5320	0.4931	0.5154	0.5155	0.5170	0.5196	0.4855	0.4792	0.4936	0.4082	0.5510	0.4664	0.4370	0.4881	0.4689	0.4916	0.4676	0.4222	0.4917	0.4614	0.4619	0.4928	0.5318	0.5015	0.4905	0.4855	0.4675	0.4784	0.5617	0.4783	0.4661	0.4665	0.4660	0.4763
0.4319	0.4076	0.4701	0.4473	0.3955	0.4430	0.4401	0.4252	0.4640	0.4468	0.4492	0.4237	0.5398	0.4469	0.4424	0.5320	1.0000	0.4769	0.4947	0.4784	0.4893	0.4367	0.4258	0.5389	0.4291	0.4057	0.4895	0.4727	0.4511	0.4446	0.4260	0.4830	0.4723	0.4027	0.4568	0.4425	0.4344	0.4531	0.4706	0.4568	0.4670	0.4621	0.4534	0.4956	0.5280	0.4840	0.4622	0.4263	0.4443	0.4154
0.4658	0.4556	0.5457	0.4826	0.3841	0.4312	0.4702	0.4719	0.4925	0.4540	0.4930	0.4302	0.4808	0.5071	0.4704	0.4931	0.4769	1.0000	0.5009	0.5425	0.5186	0.5124	0.5383	0.4951	0.4903	0.4010	0.5447	0.5074	0.4561	0.4879	0.4753	0.4982	0.4882	0.5002	0.5061	0.4537	0.5011	0.4878	0.5312	0.5184	0.5031	0.5022	0.4873	0.5061	0.5007	0.4735	0.5057	0.4697	0.4798	0.4866
0.5282	0.4828	0.5021	0.5339	0.4182	0.4982	0.4712	0.5172	0.5101	0.5339	0.4776	0.5633	0.4832	0.5146	0.4991	0.5154	0.4947	0.5009	1.0000	0.5305	0.5305	0.5555	0.4989	0.4843	0.5301	0.4717	0.4876	0.5176	0.4459	0.4905	0.5137	0.5428	0.5374	0.4830	0.5422	0.5444	0.5337	0.5357	0.5090	0.4859	0.4837	0.4561	0.5205	0.5805	0.5156	0.4845	0.5394	0.5016	0.4880	0.4500
0.4862	0.4869	0.5089	0.4649	0.4385	0.4172	0.5236	0.5090	0.4857	0.5054	0.5031	0.5043	0.4977	0.5483	0.4783	0.5155	0.4784	0.5425	0.5305	1.0000	0.5790	0.5215	0.5212	0.4677	0.4946	0.4033	0.5652	0.5181	0.4471	0.5070	0.4897	0.5621	0.5309	0.5484	0.6257	0.4731	0.5070	0.5225	0.5291	0.5266	0.4723	0.4961	0.5316	0.5284	0.5240	0.4516	0.5342	0.4135	0.4585	0.4831
0.5145	0.5260	0.5122	0.5074	0.4227	0.4669	0.4762	0.4833	0.5086	0.4806	0.4779	0.5278	0.4889	0.5785	0.4709	0.5170	0.4893	0.5186	0.5305	0.5790	1.0000	0.5521	0.5601	0.5568	0.5377	0.4049	0.5417	0.5252	0.4868	0.5038	0.5097	0.6217	0.5499	0.4896	0.5832	0.4691	0.5368	0.5209	0.5280	0.5494	0.5046	0.5178	0.5276	0.5589	0.5860	0.4753	0.5295	0.4343	0.4662	0.4490
0.4798	0.4937	0.5415	0.4941	0.4095	0.4469	0.5237	0.5288	0.5024	0.4798	0.5111	0.4936	0.4502	0.6137	0.4646	0.5196	0.4367	0.5124	0.5555	0.5215	0.5521	1.0000	0.4921	0.4408	0.5691	0.4312	0.5489	0.5386	0.4263	0.4852	0.4907	0.5357	0.5596	0.5111	0.5576	0.4949	0.5108	0.5368	0.5069	0.5725	0.4910	0.4987	0.4955	0.5093	0.5414	0.4797	0.5356	0.4866	0.5272	0.4678
0.5096	0.4667	0.4785	0.4903	0.3806	0.3886	0.4795	0.4505	0.4552	0.4937	0.4634	0.4524	0.4508	0.4932	0.4912	0.4855	0.4258	0.5383	0.4989	0.5212	0.5601	0.4921	1.0000	0.4332	0.4605	0.3885	0.5105	0.5077	0.4567	0.5072	0.5066	0.5202	0.5155	0.5095	0.5254	0.4461	0.5127	0.4727	0.4762	0.5268	0.4506	0.4951	0.4779	0.4968	0.5092	0.4644	0.5436	0.4437	0.4475	0.4390
0.4335	0.4818	0.4707	0.4353	0.3924	0.4254	0.3954	0.4255	0.4360	0.3919	0.3927	0.4654	0.4844	0.4705	0.4381	0.4792	0.5389	0.4951	0.4843	0.4677	0.5568	0.4408	0.4332	1.0000	0.5179	0.3692	0.4776	0.4709	0.3894	0.3993	0.4704	0.5401	0.4938	0.4139	0.4677	0.4263	0.4556	0.4611	0.5333	0.5035	0.4413	0.4304	0.4568	0.5090	0.5131	0.4527	0.4356	0.4204	0.3923	0.4512
0.5080	0.5216	0.4932	0.5265	0.4187	0.4419	0.4517	0.5331	0.4764	0.4325	0.4481	0.5445	0.4505	0.5056	0.4961	0.4936	0.4291	0.4903	0.5301	0.4946	0.5377	0.5691	0.4605	0.5179	1.0000	0.4020	0.5007	0.5720	0.4044	0.4667	0.5005	0.5272	0.5291	0.4535	0.5385	0.4656	0.5233	0.4769	0.5967	0.5121	0.5005	0.4658	0.4901	0.4932	0.4825	0.4992	0.4915	0.4667	0.4728	0.4990
0.4460	0.3513	0.4537	0.4202	0.4497	0.4306	0.4514	0.4390	0.4305	0.4882	0.4652	0.3899	0.4150	0.3841	0.4329	0.4082	0.4057	0.4010	0.4717	0.4033	0.4049	0.4312	0.3885	0.3692	0.4020	1.0000	0.3918	0.4150	0.3984	0.4712	0.4205	0.4462	0.4213	0.4045	0.4039	0.4606	0.3988	0.4195	0.3910	0.3889	0.4430	0.4075	0.4420	0.4378	0.3864	0.3936	0.4562	0.4059	0.4478	0.4546
0.4904	0.4805	0.5605	0.4802	0.4322	0.4173	0.4921	0.4912	0.5156	0.5109	0.5307	0.4703	0.4533	0.5839	0.4802	0.5510	0.4895	0.5447	0.4876	0.5652	0.5417	0.5489	0.5105	0.4776	0.5007	0.3918	1.0000	0.5306	0.4550	0.4795	0.4799	0.5250	0.5428	0.5331	0.6117	0.4695	0.4679	0.5298	0.5324	0.5505	0.4867	0.4827	0.4926	0.5068	0.5652	0.4835	0.5408	0.4540	0.4988	0.4989
0.5233	0.5287	0.5068	0.5032	0.4588	0.4469	0.4818	0.4891	0.4822	0.4791	0.4793	0.4928	0.4984	0.4866	0.4953	0.4664	0.4727	0.5074	0.5176	0.5181	0.5252	0.5386	0.5077	0.4709	0.5720	0.4150	0.5306	1.0000	0.4594	0.5447	0.4965	0.5269	0.5783	0.4672	0.5599	0.4705	0.5234	0.5210	0.5303	0.4827	0.4930	0.4952	0.5187	0.5290	0.4907	0.5221	0.5368	0.4328	0.4882	0.5016
0.4333	0.4066	0.4447	0.4658	0.3847	0.4883	0.4393	0.4435	0.4490	0.4412	0.4425	0.4287	0.4256	0.4238	0.4552	0.4370	0.4511	0.4561	0.4459	0.4471	0.4868	0.4263	0.4567	0.3894	0.4044	0.3984	0.4550	0.4594	1.0000	0.4372	0.4673	0.4657	0.4678	0.4314	0.4764	0.4455	0.4298	0.4635	0.4399	0.4243	0.4497	0.4979	0.4182	0.4774	0.4460	0.4361	0.4542	0.3928	0.4717	0.4135
0.5214	0.4632	0.5471	0.4696	0.4478	0.4544	0.4797	0.4558	0.4652	0.5094	0.5303	0.4614	0.5191	0.4665	0.4521	0.4881	0.4446	0.4879	0.4905	0.5070	0.5038	0.4852	0.5072	0.3993	0.4667	0.4712	0.4795	0.5447	0.4372	1.0000	0.4425	0.5350	0.4783	0.4457	0.5166	0.4753	0.5439	0.4676	0.4673	0.4358	0.4631	0.5271	0.5578	0.5346	0.4356	0.4352	0.4987	0.3945	0.4556	0.5595
0.4659	0.5075	0.4933	0.4697	0.4660	0.4231	0.4534	0.4393	0.4700	0.4549	0.4703	0.4599	0.4080	0.4814	0.5002	0.4689	0.4260	0.4753	0.5137	0.4897	0.5097	0.4907	0.5066	0.4704	0.5005	0.4205	0.4799	0.4965	0.4673	0.4425	1.0000	0.5145	0.5304	0.4952	0.5406	0.4609	0.4810	0.4798	0.5105	0.4594	0.4812	0.4771	0.4686	0.5276	0.4556	0.4922	0.4797	0.4169	0.4691	0.4695
0.4761	0.5304	0.5070	0.5045	0.4490	0.4764	0.4854	0.4991	0.5229	0.4732	0.4632	0.5112	0.4459	0.5217	0.4973	0.4916	0.4830	0.4982	0.5428	0.5621	0.6217	0.5357	0.5202	0.5401	0.5272	0.4462	0.5250	0.5269	0.4657	0.5350	0.5145	1.0000	0.5571	0.5053	0.5806	0.4897	0.5011	0.5173	0.5295	0.5361	0.4757	0.4951	0.5339	0.5721	0.5261	0.4594	0.5335	0.4201	0.4813	0.5079
0.5141	0.5465	0.5334	0.4742	0.4289	0.4400	0.4860	0.5029	0.5801	0.4978	0.4925	0.5188	0.4659	0.5071	0.4983	0.4676	0.4723	0.4882	0.5374	0.5309	0.5499	0.5596	0.5155	0.4938	0.5291	0.4213	0.5428	0.5783	0.4678	0.4783	0.5304	0.5571	1.0000	0.4988	0.5675	0.4950	0.5137	0.5642	0.5129	0.5181	0.4887	0.4812	0.5199	0.5667	0.5449	0.5083	0.5490	0.4408	0.4807	0.4718
0.4495	0.4557	0.4581	0.4245	0.4244	0.3674	0.5246	0.4414	0.4592	0.4493	0.4969	0.4323	0.4250	0.5140	0.4398	0.4222	0.4027	0.5002	0.4830	0.5484	0.4896	0.5111	0.5095	0.4139	0.4535	0.4045	0.5331	0.4672	0.4314	0.4457	0.4952	0.5053	0.4988	1.0000	0.5577	0.4496	0.4295	0.4444	0.4614	0.5036	0.4506	0.4541	0.4791	0.4461	0.4592	0.4040	0.5481	0.3971	0.4420	0.4409
0.5021	0.5400	0.5270	0.5300	0.4869	0.4189	0.5028	0.5011	0.5027	0.5090	0.5178	0.5239	0.4708	0.5739	0.5160	0.4917	0.4568	0.5061	0.5422	0.6257	0.5832	0.5576	0.5254	0.4677	0.5385	0.4039	0.6117	0.5599	0.4764	0.5166	0.5406	0.5806	0.5675	0.5577	1.0000	0.5014	0.4959	0.5103	0.5563	0.5318	0.4979	0.4948	0.5255	0.5364	0.5282	0.5050	0.5715	0.4177	0.4826	0.5211
0.5206	0.4596	0.5138	0.4860	0.4759	0.4712	0.5088	0.4976	0.4957	0.4528	0.5199	0.5465	0.4343	0.4462	0.4851	0.4614	0.4425	0.4537	0.5444	0.4731	0.4691	0.4949	0.4461	0.4263	0.4656	0.4606	0.4695	0.4705	0.4455	0.4753	0.4609	0.4897	0.4950	0.4496	0.5014	1.0000	0.4614	0.5345	0.4755	0.4622	0.4297	0.4651	0.4726	0.5160	0.4626	0.4615	0.5001	0.4679	0.5722	0.4602
0.4589	0.4811	0.4764	0.4478	0.3842	0.4579	0.4520	0.5225	0.5022	0.4965	0.4444	0.4914	0.4461	0.5065	0.4359	0.4619	0.4344	0.5011	0.5337	0.5070	0.5368	0.5108	0.5127	0.4556	0.5233	0.3988	0.4679	0.5234	0.4298	0.5439	0.4810	0.5011	0.5137	0.4295	0.4959	0.4614	1.0000	0.4974	0.4792	0.4547	0.4328	0.4830	0.5269	0.5584	0.4792	0.4490	0.4914	0.4500	0.4607	0.4697
0.4911	0.5006	0.4927	0.4603	0.4101	0.4698	0.4766	0.5665	0.5651	0.4895	0.4757	0.5426	0.4491	0.5397	0.4949	0.4928	0.4531	0.4878	0.5357	0.5225	0.5209	0.5368	0.4727	0.4611	0.4769	0.4195	0.5298	0.5210	0.4635	0.4676	0.4798	0.5173	0.5642	0.4444	0.5103	0.5345	0.4974	1.0000	0.4840	0.4941	0.4540	0.4472	0.5106	0.5608	0.5074	0.4516	0.4913	0.4873	0.5423	0.4926
0.5029	0.5033	0.5158	0.5344	0.4418	0.4315	0.4460	0.4762	0.4623	0.4397	0.4746	0.5079	0.4575	0.4741	0.4895	0.5318	0.4706	0.5312	0.5090	0.5291	0.5280	0.5069	0.4762	0.5333	0.5967	0.3910	0.5324	0.5303	0.4399	0.4673	0.5105	0.5295	0.5129	0.4614	0.5563	0.4755	0.4792	0.4840	1.0000	0.4683	0.4769	0.4491	0.4932	0.5109	0.4781	0.4722	0.4692	0.4476	0.4413	0.5112
0.4533	0.4459	0.5262	0.4749	0.3949	0.4033	0.4845	0.5078	0.4865	0.4629	0.4760	0.4867	0.4448	0.5516	0.4565	0.5015	0.4568	0.5184	0.4859	0.5266	0.5494	0.5725	0.5268	0.5035	0.5121	0.3889	0.5505	0.4827	0.4243	0.4358	0.4594	0.5361	0.5181	0.5036	0.5318	0.4622	0.4547	0.4941	0.4683	1.0000	0.4888	0.4572	0.4809	0.4538	0.5861	0.4724	0.5115	0.4770	0.4837	0.4556
0.5105	0.4315	0.5261	0.4561	0.4404	0.3918	0.4127	0.4325	0.4229	0.4782	0.4856	0.4518	0.4877	0.4467	0.4440	0.4905	0.4670	0.5031	0.4837	0.4723	0.5046	0.4910	0.4506	0.4413	0.5005	0.4430	0.4867	0.4930	0.4497	0.4631	0.4812	0.4757	0.4887	0.4506	0.4979	0.4297	0.4328	0.4540	0.4769	0.4888	1.0000	0.4235	0.4473	0.4635	0.4785	0.4670	0.4805	0.4340	0.4484	0.4706
0.4746	0.4758	0.4808	0.4485	0.4086	0.4699	0.4832	0.4566	0.4685	0.4427	0.4709	0.4417	0.4680	0.4806	0.4454	0.4855	0.4621	0.5022	0.4561	0.4961	0.5178	0.4987	0.4951	0.4304	0.4658	0.4075	0.4827	0.4952	0.4979	0.5271	0.4771	0.4951	0.4812	0.4541	0.4948	0.4651	0.4830	0.4472	0.4491	0.4572	0.4235	1.0000	0.5080	0.4943	0.4738	0.4406	0.4771	0.3941	0.4967	0.4681
0.4566	0.5037	0.4826	0.4762	0.4437	0.4305	0.4584	0.4908	0.5010	0.5118	0.4648	0.4697	0.4482	0.5140	0.4938	0.4675	0.4534	0.4873	0.5205	0.5316	0.5276	0.4955	0.4779	0.4568	0.4901	0.4420	0.4926	0.5187	0.4182	0.5578	0.4686	0.5339	0.5199	0.4791	0.5255	0.4726	0.5269	0.5106	0.4932	0.4809	0.4473	0.5080	1.0000	0.5404	0.4716	0.4411	0.5088	0.4313	0.4407	0.5127
0.5233	0.5178	0.5382	0.5054	0.4121	0.4996	0.4620	0.4794	0.5058	0.4933	0.4559	0.4865	0.5075	0.4867	0.4982	0.4784	0.4956	0.5061	0.5805	0.5284	0.5589	0.5093	0.4968	0.5090	0.4932	0.4378	0.5068	0.5290	0.4774	0.5346	0.5276	0.5721	0.5667	0.4461	0.5364	0.5160	0.5584	0.5608	0.5109	0.4538	0.4635	0.4943	0.5404	1.0000	0.4933	0.4699	0.5047	0.4661	0.5062	0.5161
0.4394	0.4746	0.4979	0.5071	0.4109	0.4560	0.4634	0.5039	0.5094	0.5012	0.5243	0.4740	0.4679	0.5858	0.5018	0.5617	0.5280	0.5007	0.5156	0.5240	0.5860	0.5414	0.5092	0.5131	0.4825	0.3864	0.5652	0.4907	0.4460	0.4356	0.4556	0.5261	0.5449	0.4592	0.5282	0.4626	0.4792	0.5074	0.4781	0.5861	0.4785	0.4738	0.4716	0.4933	1.0000	0.4721	0.4819	0.5050	0.4813	0.4578
0.4554	0.4413	0.4928	0.4891	0.3969	0.4103	0.4337	0.4461	0.4562	0.4447	0.4446	0.4438	0.4434	0.4422	0.4669	0.4783	0.4840	0.4735	0.4845	0.4516	0.4753	0.4797	0.4644	0.4527	0.4992	0.3936	0.4835	0.5221	0.4361	0.4352	0.4922	0.4594	0.5083	0.4040	0.5050	0.4615	0.4490	0.4516	0.4722	0.4724	0.4670	0.4406	0.4411	0.4699	0.4721	1.0000	0.4675	0.4446	0.4556	0.4204
0.5102	0.4762	0.4978	0.4722	0.4300	0.4091	0.5468	0.4955	0.5206	0.4902	0.4873	0.5021	0.4670	0.5211	0.4803	0.4661	0.4622	0.5057	0.5394	0.5342	0.5295	0.5356	0.5436	0.4356	0.4915	0.4562	0.5408	0.5368	0.4542	0.4987	0.4797	0.5335	0.5490	0.5481	0.5715	0.5001	0.4914	0.4913	0.4692	0.5115	0.4805	0.4771	0.5088	0.5047	0.4819	0.4675	1.0000	0.4278	0.5022	0.4569
0.4226	0.4078	0.4228	0.4330	0.3486	0.4314	0.4048	0.5061	0.4636	0.4420	0.4231	0.4510	0.3802	0.4720	0.4307	0.4665	0.4263	0.4697	0.5016	0.4135	0.4343	0.4866	0.4437	0.4204	0.4667	0.4059	0.4540	0.4328	0.3928	0.3945	0.4169	0.4201	0.4408	0.3971	0.4177	0.4679	0.4500	0.4873	0.4476	0.4770	0.4340	0.3941	0.4313	0.4661	0.5050	0.4446	0.4278	1.0000	0.4743	0.4206
0.4551	0.4343	0.4905	0.4399	0.4236	0.4591	0.5237	0.5161	0.5131	0.4587	0.4820	0.4901	0.4187	0.4809	0.4630	0.4660	0.4443	0.4798	0.4880	0.4585	0.4662	0.5272	0.4475	0.3923	0.4728	0.4478	0.4988	0.4882	0.4717	0.4556	0.4691	0.4813	0.4807	0.4420	0.4826	0.5722	0.4607	0.5423	0.4413	0.4837	0.4484	0.4967	0.4407	0.5062	0.4813	0.4556	0.5022	0.4743	1.0000	0.4481
0.4779	0.4928	0.5317	0.4819	0.4541	0.4290	0.4542	0.4775	0.4548	0.4763	0.5158	0.4308	0.4614	0.4839	0.4722	0.4763	0.4154	0.4866	0.4500	0.4831	0.4490	0.4678	0.4390	0.4512	0.4990	0.4546	0.4989	0.5016	0.4135	0.5595	0.4695	0.5079	0.4718	0.4409	0.5211	0.4602	0.4697	0.4926	0.5112	0.4556	0.4706	0.4681	0.5127	0.5161	0.4578	0.4204	0.4569	0.4206	0.4481	1.0000
