1:	0.3353 0.6490 0.0157 	9
2:	0.3322 0.6678 0.0000 	3
3:	0.4337 0.2685 0.2979 	4
4:	0.6784 0.0138 0.3079 	2
5:	0.4265 0.4482 0.1252 	17
6:	0.7982 0.1115 0.0903 	12
7:	0.7880 0.2112 0.0009 	3
8:	0.8878 0.0001 0.1121 	2
9:	1.0000 0.0000 0.0000 	1
10:	0.5000 0.2500 0.2500 	4
11:	0.5075 0.2389 0.2537 	14
12:	0.3485 0.6193 0.0322 	9
13:	0.1421 0.7528 0.1051 	14
14:	0.4986 0.5014 0.0000 	2
15:	0.7504 0.0923 0.1574 	9
