1:	0.3611 0.0004 0.1069 0.3211 0.0199 0.0169 0.0702 0.0546 0.0010 0.0478 	23
2:	0.4700 0.0203 0.0046 0.2781 0.0128 0.0033 0.0291 0.0464 0.0548 0.0806 	13
3:	0.8019 0.0000 0.0003 0.0205 0.0763 0.0009 0.0312 0.0448 0.0000 0.0241 	5
4:	0.5556 0.2050 0.0046 0.0037 0.0074 0.0274 0.0231 0.0659 0.0828 0.0245 	15
5:	0.4767 0.2241 0.0077 0.0072 0.0162 0.0205 0.0165 0.0347 0.1823 0.0141 	18
6:	0.1292 0.2848 0.0128 0.0707 0.0094 0.1648 0.0047 0.0345 0.2852 0.0039 	24
7:	0.5063 0.0723 0.2261 0.0104 0.0238 0.0237 0.0249 0.0547 0.0412 0.0165 	9
8:	0.3992 0.0011 0.0910 0.0061 0.2160 0.0108 0.1060 0.0902 0.0009 0.0787 	11
9:	0.0000 0.2668 0.0000 0.0000 0.0000 0.0122 0.0000 0.0673 0.6536 0.0000 	1
10:	0.8245 0.0042 0.0233 0.0081 0.0304 0.0158 0.0190 0.0471 0.0012 0.0263 	17
11:	0.0000 0.6839 0.0892 0.0000 0.0000 0.0224 0.0000 0.0185 0.1860 0.0000 	1
12:	0.3520 0.0045 0.0615 0.2080 0.0080 0.2491 0.0445 0.0359 0.0230 0.0136 	8
13:	0.0000 0.6831 0.0000 0.0000 0.0000 0.0083 0.0000 0.0390 0.2695 0.0000 	5
14:	0.4218 0.3666 0.0000 0.0079 0.0108 0.0066 0.0075 0.0308 0.1282 0.0198 	2
15:	0.0169 0.2427 0.0132 0.0000 0.0014 0.4549 0.0001 0.0187 0.2521 0.0001 	2
16:	0.7971 0.0000 0.0249 0.0163 0.0288 0.0167 0.0449 0.0508 0.0000 0.0204 	2
17:	0.0082 0.0030 0.0679 0.4105 0.0011 0.4062 0.0046 0.0930 0.0054 0.0000 	2
18:	0.8547 0.0000 0.0048 0.0001 0.0153 0.0054 0.0404 0.0495 0.0000 0.0298 	3
19:	0.5356 0.0117 0.0751 0.0151 0.1186 0.0923 0.0128 0.0695 0.0331 0.0361 	3
