1.0000 0.4195 0.4217 0.4519 0.3927 0.4154 0.3731 0.3910 0.4148 0.3691 0.3816 0.3413 0.4165 0.4273 0.4174 0.3998 0.4101 0.3893 0.4187 0.4013 0.4737 0.4192 0.4050 0.3409 0.3782 0.4169 0.4595 0.3581 0.4225 0.4047 0.4402 0.3888 0.3826 0.4632 0.3929 0.4856 0.4173 0.3545 0.3498 0.3679 0.3973 0.3676 0.4411 0.4330 0.3931 0.4074 0.4245 0.3563 0.4057 0.3919
0.4195 1.0000 0.4689 0.4364 0.4323 0.4721 0.3953 0.4891 0.3481 0.4250 0.3868 0.4203 0.4068 0.4945 0.4326 0.3959 0.3631 0.3937 0.4571 0.4273 0.3613 0.4178 0.4632 0.4248 0.4808 0.4584 0.5314 0.4287 0.4021 0.4110 0.4402 0.3607 0.4267 0.3847 0.3572 0.4836 0.3962 0.3607 0.3860 0.4715 0.4037 0.3724 0.3948 0.4891 0.3733 0.4049 0.3629 0.3700 0.3978 0.5111
0.4217 0.4689 1.0000 0.4648 0.3948 0.4761 0.3991 0.4547 0.4010 0.4625 0.4829 0.4505 0.3764 0.4687 0.4907 0.4681 0.3523 0.4526 0.4524 0.4059 0.3835 0.4217 0.4138 0.4371 0.5317 0.4006 0.4579 0.4209 0.4515 0.4421 0.5010 0.4098 0.3876 0.3360 0.4094 0.4369 0.4197 0.3404 0.3541 0.4056 0.3729 0.4141 0.4434 0.4744 0.4155 0.3966 0.4232 0.3786 0.4984 0.4590
0.4519 0.4364 0.4648 1.0000 0.4204 0.4698 0.4143 0.5061 0.3962 0.4104 0.3894 0.4220 0.4221 0.4469 0.4825 0.4726 0.3987 0.4585 0.5294 0.4430 0.4195 0.4983 0.4259 0.3928 0.5533 0.4269 0.5048 0.3722 0.4129 0.4215 0.4385 0.4083 0.4667 0.4214 0.4266 0.4930 0.4666 0.4017 0.3865 0.3847 0.4606 0.3750 0.4082 0.5456 0.4655 0.4354 0.4865 0.3951 0.5103 0.4171
0.3927 0.4323 0.3948 0.4204 1.0000 0.4725 0.5058 0.4870 0.4900 0.3962 0.4423 0.4056 0.4566 0.4648 0.4637 0.4838 0.4372 0.3898 0.4216 0.4593 0.4002 0.5076 0.5408 0.3953 0.4667 0.4251 0.4255 0.4104 0.4828 0.4572 0.5222 0.4543 0.5007 0.4095 0.5039 0.4369 0.3806 0.4218 0.3896 0.4832 0.5097 0.3954 0.5057 0.4479 0.4603 0.4095 0.4232 0.4281 0.4171 0.4595
0.4154 0.4721 0.4761 0.4698 0.4725 1.0000 0.4730 0.5164 0.4378 0.4735 0.4758 0.4902 0.3852 0.4667 0.4605 0.4550 0.3920 0.4113 0.4510 0.4548 0.4096 0.4991 0.4197 0.4766 0.5259 0.4866 0.4427 0.4466 0.4638 0.4660 0.5104 0.4358 0.4730 0.4492 0.4367 0.4558 0.4313 0.4127 0.3702 0.4027 0.4180 0.4004 0.5118 0.4914 0.4204 0.4671 0.4848 0.4741 0.4651 0.4526
0.3731 0.3953 0.3991 0.4143 0.5058 0.4730 1.0000 0.4326 0.4952 0.4084 0.4163 0.4065 0.4543 0.4576 0.4029 0.4240 0.4646 0.3676 0.3810 0.4211 0.4758 0.4879 0.4453 0.3908 0.4381 0.4574 0.4355 0.4274 0.4664 0.5288 0.4598 0.4489 0.4770 0.4197 0.4488 0.4247 0.3885 0.4510 0.3643 0.3917 0.4412 0.3787 0.4845 0.4407 0.4632 0.3945 0.4446 0.5057 0.3947 0.4359
0.3910 0.4891 0.4547 0.5061 0.4870 0.5164 0.4326 1.0000 0.4058 0.4367 0.4170 0.4779 0.4309 0.5451 0.4729 0.4696 0.4161 0.4289 0.4482 0.5079 0.4035 0.5467 0.3972 0.4597 0.5452 0.4745 0.4841 0.5049 0.5005 0.5002 0.4179 0.5025 0.5028 0.4423 0.3960 0.5150 0.4400 0.4474 0.4418 0.4392 0.4374 0.3966 0.4505 0.5228 0.4090 0.4844 0.4394 0.4606 0.4387 0.5514
0.4148 0.3481 0.4010 0.3962 0.4900 0.4378 0.4952 0.4058 1.0000 0.3722 0.3886 0.3651 0.4440 0.4108 0.3974 0.4499 0.4683 0.3501 0.3649 0.4356 0.4688 0.4624 0.4518 0.3311 0.4449 0.4887 0.4239 0.4253 0.4715 0.4564 0.4360 0.4949 0.4514 0.4146 0.4416 0.4039 0.3878 0.4914 0.3927 0.4100 0.5128 0.3369 0.4777 0.3890 0.4386 0.3571 0.4530 0.4208 0.4050 0.4419
0.3691 0.4250 0.4625 0.4104 0.3962 0.4735 0.4084 0.4367 0.3722 1.0000 0.4529 0.4429 0.3893 0.4643 0.4518 0.4220 0.4054 0.3843 0.4774 0.4250 0.3788 0.4081 0.4016 0.4945 0.3976 0.3726 0.4323 0.3977 0.4512 0.4216 0.4969 0.3985 0.3993 0.3927 0.4213 0.3900 0.4276 0.3757 0.3900 0.4320 0.4359 0.4184 0.3912 0.4298 0.4365 0.4091 0.4289 0.3976 0.3946 0.4071
0.3816 0.3868 0.4829 0.3894 0.4423 0.4758 0.4163 0.4170 0.3886 0.4529 1.0000 0.4273 0.3475 0.4038 0.4349 0.4291 0.3637 0.4651 0.3906 0.3893 0.3789 0.4188 0.4394 0.4373 0.4265 0.3523 0.3972 0.3705 0.4221 0.4034 0.4938 0.4272 0.3839 0.3375 0.4817 0.3883 0.3764 0.3436 0.3283 0.3911 0.3833 0.4109 0.4579 0.4663 0.4234 0.4256 0.4314 0.4219 0.4359 0.3757
0.3413 0.4203 0.4505 0.4220 0.4056 0.4902 0.4065 0.4779 0.3651 0.4429 0.4273 1.0000 0.4016 0.4395 0.4742 0.4502 0.3819 0.4175 0.4708 0.4213 0.3465 0.4108 0.4157 0.5588 0.4995 0.4096 0.4207 0.4037 0.4219 0.3939 0.4208 0.3975 0.4181 0.4278 0.4191 0.4000 0.4283 0.3419 0.3573 0.3801 0.4185 0.4121 0.4308 0.5073 0.4370 0.4291 0.4689 0.4048 0.4477 0.4319
0.4165 0.4068 0.3764 0.4221 0.4566 0.3852 0.4543 0.4309 0.4440 0.3893 0.3475 0.4016 1.0000 0.4515 0.4515 0.3844 0.4837 0.3724 0.4295 0.4396 0.4585 0.4448 0.4160 0.4092 0.4461 0.4701 0.4409 0.3887 0.4534 0.4426 0.4796 0.4797 0.4142 0.4591 0.4175 0.4311 0.4437 0.4180 0.3844 0.4409 0.5096 0.3715 0.4032 0.4238 0.4943 0.4008 0.4177 0.3977 0.3925 0.3966
0.4273 0.4945 0.4687 0.4469 0.4648 0.4667 0.4576 0.5451 0.4108 0.4643 0.4038 0.4395 0.4515 1.0000 0.4862 0.4591 0.4562 0.3737 0.4538 0.4328 0.4197 0.4854 0.3882 0.4347 0.4648 0.5097 0.5124 0.3786 0.4640 0.4573 0.4707 0.4112 0.4478 0.4392 0.4059 0.5164 0.4057 0.3923 0.3428 0.4498 0.4951 0.3815 0.4260 0.4745 0.4476 0.4209 0.4155 0.4548 0.4248 0.4948
0.4174 0.4326 0.4907 0.4825 0.4637 0.4605 0.4029 0.4729 0.3974 0.4518 0.4349 0.4742 0.4515 0.4862 1.0000 0.4813 0.4285 0.4414 0.4991 0.4857 0.4046 0.4140 0.4924 0.4461 0.4941 0.4119 0.4553 0.3870 0.4815 0.3959 0.5286 0.4644 0.4295 0.4223 0.4780 0.4774 0.4648 0.3738 0.3794 0.4952 0.4714 0.4303 0.4263 0.4783 0.5256 0.4251 0.4252 0.4085 0.4519 0.4339
0.3998 0.3959 0.4681 0.4726 0.4838 0.4550 0.4240 0.4696 0.4499 0.4220 0.4291 0.4502 0.3844 0.4591 0.4813 1.0000 0.4254 0.4188 0.5075 0.4149 0.3923 0.4269 0.4262 0.4036 0.4687 0.4471 0.4231 0.4085 0.4694 0.4014 0.4720 0.4266 0.5121 0.4337 0.4580 0.4421 0.4272 0.4060 0.3730 0.4029 0.4188 0.4120 0.4413 0.4669 0.4311 0.4178 0.4743 0.4345 0.4247 0.5052
0.4101 0.3631 0.3523 0.3987 0.4372 0.3920 0.4646 0.4161 0.4683 0.4054 0.3637 0.3819 0.4837 0.4562 0.4285 0.4254 1.0000 0.3440 0.3951 0.4111 0.4235 0.4228 0.4313 0.3875 0.3967 0.4196 0.4175 0.3835 0.4355 0.4231 0.4344 0.4930 0.4613 0.5233 0.4321 0.3678 0.3985 0.4161 0.3261 0.3829 0.5028 0.3432 0.4098 0.4480 0.4606 0.3516 0.4500 0.4173 0.3789 0.4075
0.3893 0.3937 0.4526 0.4585 0.3898 0.4113 0.3676 0.4289 0.3501 0.3843 0.4651 0.4175 0.3724 0.3737 0.4414 0.4188 0.3440 1.0000 0.4133 0.3801 0.3820 0.3998 0.3943 0.3943 0.4448 0.3667 0.4135 0.3815 0.4077 0.3992 0.4284 0.4046 0.3604 0.3654 0.4542 0.4127 0.4237 0.3387 0.3392 0.3809 0.3697 0.4280 0.4198 0.4747 0.3921 0.4734 0.4152 0.3932 0.4393 0.3734
0.4187 0.4571 0.4524 0.5294 0.4216 0.4510 0.3810 0.4482 0.3649 0.4774 0.3906 0.4708 0.4295 0.4538 0.4991 0.5075 0.3951 0.4133 1.0000 0.3676 0.3654 0.4252 0.3848 0.4628 0.4725 0.4227 0.4879 0.3779 0.3999 0.3472 0.4726 0.3658 0.4409 0.4555 0.4184 0.4319 0.4295 0.3405 0.3696 0.4100 0.4503 0.3875 0.3682 0.5319 0.4534 0.4093 0.4869 0.3663 0.4118 0.4225
0.4013 0.4273 0.4059 0.4430 0.4593 0.4548 0.4211 0.5079 0.4356 0.4250 0.3893 0.4213 0.4396 0.4328 0.4857 0.4149 0.4111 0.3801 0.3676 1.0000 0.4015 0.5121 0.4664 0.4050 0.4605 0.4219 0.3997 0.4114 0.5188 0.4155 0.4611 0.5161 0.4350 0.3713 0.3983 0.4900 0.4042 0.4394 0.4051 0.4373 0.4637 0.3641 0.4010 0.4301 0.4274 0.4040 0.4062 0.4456 0.4349 0.4355
0.4737 0.3613 0.3835 0.4195 0.4002 0.4096 0.4758 0.4035 0.4688 0.3788 0.3789 0.3465 0.4585 0.4197 0.4046 0.3923 0.4235 0.3820 0.3654 0.4015 1.0000 0.3922 0.3808 0.3753 0.4012 0.4340 0.4609 0.3833 0.4123 0.4063 0.4878 0.3946 0.3978 0.4237 0.4088 0.4559 0.4868 0.3855 0.3626 0.3718 0.4300 0.3944 0.4470 0.4287 0.4266 0.4023 0.3868 0.4905 0.4168 0.3960
0.4192 0.4178 0.4217 0.4983 0.5076 0.4991 0.4879 0.5467 0.4624 0.4081 0.4188 0.4108 0.4448 0.4854 0.4140 0.4269 0.4228 0.3998 0.4252 0.5121 0.3922 1.0000 0.4443 0.3951 0.5081 0.4464 0.4992 0.4761 0.4959 0.5370 0.4386 0.4577 0.5300 0.4176 0.4328 0.5238 0.4254 0.5150 0.4122 0.3928 0.5026 0.3794 0.4504 0.4777 0.4240 0.4816 0.4467 0.4560 0.5047 0.4585
0.4050 0.4632 0.4138 0.4259 0.5408 0.4197 0.4453 0.3972 0.4518 0.4016 0.4394 0.4157 0.4160 0.3882 0.4924 0.4262 0.4313 0.3943 0.3848 0.4664 0.3808 0.4443 1.0000 0.3732 0.4239 0.3727 0.4797 0.4156 0.4541 0.3935 0.4732 0.4324 0.4604 0.4005 0.4550 0.4308 0.3670 0.3740 0.3936 0.4913 0.5002 0.4055 0.4332 0.4350 0.4681 0.3913 0.3979 0.4061 0.4139 0.4806
0.3409 0.4248 0.4371 0.3928 0.3953 0.4766 0.3908 0.4597 0.3311 0.4945 0.4373 0.5588 0.4092 0.4347 0.4461 0.4036 0.3875 0.3943 0.4628 0.4050 0.3753 0.3951 0.3732 1.0000 0.4674 0.3905 0.3969 0.3993 0.3877 0.4287 0.4914 0.3935 0.4006 0.4135 0.3812 0.3714 0.4142 0.3419 0.3212 0.3909 0.3775 0.4018 0.4343 0.5022 0.3980 0.4130 0.4011 0.4205 0.4189 0.3814
0.3782 0.4808 0.5317 0.5533 0.4667 0.5259 0.4381 0.5452 0.4449 0.3976 0.4265 0.4995 0.4461 0.4648 0.4941 0.4687 0.3967 0.4448 0.4725 0.4605 0.4012 0.5081 0.4239 0.4674 1.0000 0.4573 0.4730 0.4373 0.4672 0.4897 0.4824 0.4701 0.4517 0.3769 0.4604 0.4503 0.4898 0.3995 0.3736 0.4126 0.4483 0.3760 0.4689 0.5175 0.4758 0.4209 0.4663 0.4260 0.4940 0.4832
0.4169 0.4584 0.4006 0.4269 0.4251 0.4866 0.4574 0.4745 0.4887 0.3726 0.3523 0.4096 0.4701 0.5097 0.4119 0.4471 0.4196 0.3667 0.4227 0.4219 0.4340 0.4464 0.3727 0.3905 0.4573 1.0000 0.4560 0.4422 0.4234 0.4547 0.4159 0.4646 0.4456 0.4503 0.3819 0.4827 0.4117 0.4483 0.3712 0.4142 0.4113 0.3370 0.4608 0.4255 0.3763 0.4455 0.4232 0.4425 0.3734 0.4500
0.4595 0.5314 0.4579 0.5048 0.4255 0.4427 0.4355 0.4841 0.4239 0.4323 0.3972 0.4207 0.4409 0.5124 0.4553 0.4231 0.4175 0.4135 0.4879 0.3997 0.4609 0.4992 0.4797 0.3969 0.4730 0.4560 1.0000 0.4223 0.4065 0.4314 0.4499 0.3434 0.4723 0.4039 0.3807 0.5400 0.4523 0.4051 0.3931 0.4360 0.5195 0.4078 0.4095 0.5252 0.4377 0.4570 0.3930 0.4393 0.4486 0.5036
0.3581 0.4287 0.4209 0.3722 0.4104 0.4466 0.4274 0.5049 0.4253 0.3977 0.3705 0.4037 0.3887 0.3786 0.3870 0.4085 0.3835 0.3815 0.3779 0.4114 0.3833 0.4761 0.4156 0.3993 0.4373 0.4422 0.4223 1.0000 0.4483 0.4412 0.3951 0.4166 0.4704 0.3782 0.3554 0.4279 0.4181 0.4525 0.4744 0.4074 0.3666 0.3527 0.4145 0.4177 0.3350 0.4030 0.3860 0.3498 0.3908 0.4754
0.4225 0.4021 0.4515 0.4129 0.4828 0.4638 0.4664 0.5005 0.4715 0.4512 0.4221 0.4219 0.4534 0.4640 0.4815 0.4694 0.4355 0.4077 0.3999 0.5188 0.4123 0.4959 0.4541 0.3877 0.4672 0.4234 0.4065 0.4483 1.0000 0.5041 0.4970 0.5038 0.5026 0.4234 0.4279 0.4720 0.4109 0.3838 0.4257 0.4434 0.4815 0.3702 0.4468 0.4381 0.4332 0.3996 0.4451 0.4324 0.4204 0.5066
0.4047 0.4110 0.4421 0.4215 0.4572 0.4660 0.5288 0.5002 0.4564 0.4216 0.4034 0.3939 0.4426 0.4573 0.3959 0.4014 0.4231 0.3992 0.3472 0.4155 0.4063 0.5370 0.3935 0.4287 0.4897 0.4547 0.4314 0.4412 0.5041 1.0000 0.4272 0.4735 0.4695 0.4209 0.4216 0.4380 0.4195 0.4454 0.3627 0.3669 0.3994 0.3472 0.4656 0.4358 0.4025 0.4610 0.4155 0.4143 0.4200 0.4470
0.4402 0.4402 0.5010 0.4385 0.5222 0.5104 0.4598 0.4179 0.4360 0.4969 0.4938 0.4208 0.4796 0.4707 0.5286 0.4720 0.4344 0.4284 0.4726 0.4611 0.4878 0.4386 0.4732 0.4914 0.4824 0.4159 0.4499 0.3951 0.4970 0.4272 1.0000 0.4377 0.4374 0.4127 0.5011 0.4416 0.5174 0.3818 0.3670 0.4579 0.4767 0.4090 0.4841 0.4814 0.5187 0.4249 0.4211 0.4301 0.4644 0.4263
0.3888 0.3607 0.4098 0.4083 0.4543 0.4358 0.4489 0.5025 0.4949 0.3985 0.4272 0.3975 0.4797 0.4112 0.4644 0.4266 0.4930 0.4046 0.3658 0.5161 0.3946 0.4577 0.4324 0.3935 0.4701 0.4646 0.3434 0.4166 0.5038 0.4735 0.4377 1.0000 0.4150 0.4115 0.4323 0.3830 0.3997 0.4382 0.3694 0.4433 0.4225 0.3532 0.4564 0.4216 0.4529 0.4051 0.4287 0.4424 0.3975 0.4250
0.3826 0.4267 0.3876 0.4667 0.5007 0.4730 0.4770 0.5028 0.4514 0.3993 0.3839 0.4181 0.4142 0.4478 0.4295 0.5121 0.4613 0.3604 0.4409 0.4350 0.3978 0.5300 0.4604 0.4006 0.4517 0.4456 0.4723 0.4704 0.5026 0.4695 0.4374 0.4150 1.0000 0.4605 0.3872 0.4514 0.4101 0.4803 0.4306 0.3725 0.4922 0.3737 0.4252 0.4739 0.4005 0.4750 0.4106 0.4218 0.4261 0.4830
0.4632 0.3847 0.3360 0.4214 0.4095 0.4492 0.4197 0.4423 0.4146 0.3927 0.3375 0.4278 0.4591 0.4392 0.4223 0.4337 0.5233 0.3654 0.4555 0.3713 0.4237 0.4176 0.4005 0.4135 0.3769 0.4503 0.4039 0.3782 0.4234 0.4209 0.4127 0.4115 0.4605 1.0000 0.3843 0.3874 0.4148 0.3879 0.3792 0.4096 0.4407 0.4019 0.4193 0.4615 0.3982 0.4407 0.4685 0.4312 0.3548 0.4328
0.3929 0.3572 0.4094 0.4266 0.5039 0.4367 0.4488 0.3960 0.4416 0.4213 0.4817 0.4191 0.4175 0.4059 0.4780 0.4580 0.4321 0.4542 0.4184 0.3983 0.4088 0.4328 0.4550 0.3812 0.4604 0.3819 0.3807 0.3554 0.4279 0.4216 0.5011 0.4323 0.3872 0.3843 1.0000 0.3884 0.4127 0.3610 0.3421 0.4230 0.4215 0.3846 0.4740 0.4051 0.5355 0.3929 0.4658 0.4137 0.4231 0.3746
0.4856 0.4836 0.4369 0.4930 0.4369 0.4558 0.4247 0.5150 0.4039 0.3900 0.3883 0.4000 0.4311 0.5164 0.4774 0.4421 0.3678 0.4127 0.4319 0.4900 0.4559 0.5238 0.4308 0.3714 0.4503 0.4827 0.5400 0.4279 0.4720 0.4380 0.4416 0.3830 0.4514 0.3874 0.3884 1.0000 0.4284 0.4410 0.4255 0.4172 0.4559 0.3904 0.4081 0.4662 0.4012 0.4508 0.3881 0.4363 0.4643 0.4823
0.4173 0.3962 0.4197 0.4666 0.3806 0.4313 0.3885 0.4400 0.3878 0.4276 0.3764 0.4283 0.4437 0.4057 0.4648 0.4272 0.3985 0.4237 0.4295 0.4042 0.4868 0.4254 0.3670 0.4142 0.4898 0.4117 0.4523 0.4181 0.4109 0.4195 0.5174 0.3997 0.4101 0.4148 0.4127 0.4284 1.0000 0.4275 0.3831 0.4269 0.3962 0.3981 0.4161 0.4841 0.4241 0.4597 0.3841 0.4020 0.4191 0.4032
0.3545 0.3607 0.3404 0.4017 0.4218 0.4127 0.4510 0.4474 0.4914 0.3757 0.3436 0.3419 0.4180 0.3923 0.3738 0.4060 0.4161 0.3387 0.3405 0.4394 0.3855 0.5150 0.3740 0.3419 0.3995 0.4483 0.4051 0.4525 0.3838 0.4454 0.3818 0.4382 0.4803 0.3879 0.3610 0.4410 0.4275 1.0000 0.4099 0.3727 0.4166 0.3462 0.3893 0.3723 0.3780 0.4244 0.3632 0.4020 0.4105 0.3785
0.3498 0.3860 0.3541 0.3865 0.3896 0.3702 0.3643 0.4418 0.3927 0.3900 0.3283 0.3573 0.3844 0.3428 0.3794 0.3730 0.3261 0.3392 0.3696 0.4051 0.3626 0.4122 0.3936 0.3212 0.3736 0.3712 0.3931 0.4744 0.4257 0.3627 0.3670 0.3694 0.4306 0.3792 0.3421 0.4255 0.3831 0.4099 1.0000 0.4185 0.3832 0.3247 0.3289 0.3532 0.3602 0.3716 0.3441 0.3309 0.3715 0.4784
0.3679 0.4715 0.4056 0.3847 0.4832 0.4027 0.3917 0.4392 0.4100 0.4320 0.3911 0.3801 0.4409 0.4498 0.4952 0.4029 0.3829 0.3809 0.4100 0.4373 0.3718 0.3928 0.4913 0.3909 0.4126 0.4142 0.4360 0.4074 0.4434 0.3669 0.4579 0.4433 0.3725 0.4096 0.4230 0.4172 0.4269 0.3727 0.4185 1.0000 0.4679 0.3845 0.3902 0.4080 0.4262 0.3886 0.3523 0.3963 0.3569 0.4646
0.3973 0.4037 0.3729 0.4606 0.5097 0.4180 0.4412 0.4374 0.5128 0.4359 0.3833 0.4185 0.5096 0.4951 0.4714 0.4188 0.5028 0.3697 0.4503 0.4637 0.4300 0.5026 0.5002 0.3775 0.4483 0.4113 0.5195 0.3666 0.4815 0.3994 0.4767 0.4225 0.4922 0.4407 0.4215 0.4559 0.3962 0.4166 0.3832 0.4679 1.0000 0.3682 0.4053 0.4653 0.5191 0.3818 0.4286 0.4502 0.4427 0.4285
0.3676 0.3724 0.4141 0.3750 0.3954 0.4004 0.3787 0.3966 0.3369 0.4184 0.4109 0.4121 0.3715 0.3815 0.4303 0.4120 0.3432 0.4280 0.3875 0.3641 0.3944 0.3794 0.4055 0.4018 0.3760 0.3370 0.4078 0.3527 0.3702 0.3472 0.4090 0.3532 0.3737 0.4019 0.3846 0.3904 0.3981 0.3462 0.3247 0.3845 0.3682 1.0000 0.4378 0.4259 0.3606 0.4244 0.3265 0.3962 0.3851 0.3977
0.4411 0.3948 0.4434 0.4082 0.5057 0.5118 0.4845 0.4505 0.4777 0.3912 0.4579 0.4308 0.4032 0.4260 0.4263 0.4413 0.4098 0.4198 0.3682 0.4010 0.4470 0.4504 0.4332 0.4343 0.4689 0.4608 0.4095 0.4145 0.4468 0.4656 0.4841 0.4564 0.4252 0.4193 0.4740 0.4081 0.4161 0.3893 0.3289 0.3902 0.4053 0.4378 1.0000 0.4377 0.4215 0.4408 0.4124 0.4574 0.4329 0.4258
0.4330 0.4891 0.4744 0.5456 0.4479 0.4914 0.4407 0.5228 0.3890 0.4298 0.4663 0.5073 0.4238 0.4745 0.4783 0.4669 0.4480 0.4747 0.5319 0.4301 0.4287 0.4777 0.4350 0.5022 0.5175 0.4255 0.5252 0.4177 0.4381 0.4358 0.4814 0.4216 0.4739 0.4615 0.4051 0.4662 0.4841 0.3723 0.3532 0.4080 0.4653 0.4259 0.4377 1.0000 0.4327 0.4435 0.4784 0.4259 0.4795 0.4588
0.3931 0.3733 0.4155 0.4655 0.4603 0.4204 0.4632 0.4090 0.4386 0.4365 0.4234 0.4370 0.4943 0.4476 0.5256 0.4311 0.4606 0.3921 0.4534 0.4274 0.4266 0.4240 0.4681 0.3980 0.4758 0.3763 0.4377 0.3350 0.4332 0.4025 0.5187 0.4529 0.4005 0.3982 0.5355 0.4012 0.4241 0.3780 0.3602 0.4262 0.5191 0.3606 0.4215 0.4327 1.0000 0.3589 0.4659 0.4491 0.4177 0.3920
0.4074 0.4049 0.3966 0.4354 0.4095 0.4671 0.3945 0.4844 0.3571 0.4091 0.4256 0.4291 0.4008 0.4209 0.4251 0.4178 0.3516 0.4734 0.4093 0.4040 0.4023 0.4816 0.3913 0.4130 0.4209 0.4455 0.4570 0.4030 0.3996 0.4610 0.4249 0.4051 0.4750 0.4407 0.3929 0.4508 0.4597 0.4244 0.3716 0.3886 0.3818 0.4244 0.4408 0.4435 0.3589 1.0000 0.3546 0.4378 0.4015 0.4157
0.4245 0.3629 0.4232 0.4865 0.4232 0.4848 0.4446 0.4394 0.4530 0.4289 0.4314 0.4689 0.4177 0.4155 0.4252 0.4743 0.4500 0.4152 0.4869 0.4062 0.3868 0.4467 0.3979 0.4011 0.4663 0.4232 0.3930 0.3860 0.4451 0.4155 0.4211 0.4287 0.4106 0.4685 0.4658 0.3881 0.3841 0.3632 0.3441 0.3523 0.4286 0.3265 0.4124 0.4784 0.4659 0.3546 1.0000 0.4139 0.3828 0.4056
0.3563 0.3700 0.3786 0.3951 0.4281 0.4741 0.5057 0.4606 0.4208 0.3976 0.4219 0.4048 0.3977 0.4548 0.4085 0.4345 0.4173 0.3932 0.3663 0.4456 0.4905 0.4560 0.4061 0.4205 0.4260 0.4425 0.4393 0.3498 0.4324 0.4143 0.4301 0.4424 0.4218 0.4312 0.4137 0.4363 0.4020 0.4020 0.3309 0.3963 0.4502 0.3962 0.4574 0.4259 0.4491 0.4378 0.4139 1.0000 0.3688 0.4152
0.4057 0.3978 0.4984 0.5103 0.4171 0.4651 0.3947 0.4387 0.4050 0.3946 0.4359 0.4477 0.3925 0.4248 0.4519 0.4247 0.3789 0.4393 0.4118 0.4349 0.4168 0.5047 0.4139 0.4189 0.4940 0.3734 0.4486 0.3908 0.4204 0.4200 0.4644 0.3975 0.4261 0.3548 0.4231 0.4643 0.4191 0.4105 0.3715 0.3569 0.4427 0.3851 0.4329 0.4795 0.4177 0.4015 0.3828 0.3688 1.0000 0.4009
0.3919 0.5111 0.4590 0.4171 0.4595 0.4526 0.4359 0.5514 0.4419 0.4071 0.3757 0.4319 0.3966 0.4948 0.4339 0.5052 0.4075 0.3734 0.4225 0.4355 0.3960 0.4585 0.4806 0.3814 0.4832 0.4500 0.5036 0.4754 0.5066 0.4470 0.4263 0.4250 0.4830 0.4328 0.3746 0.4823 0.4032 0.3785 0.4784 0.4646 0.4285 0.3977 0.4258 0.4588 0.3920 0.4157 0.4056 0.4152 0.4009 1.0000
