1:	0.0154 0.0000 0.1044 0.0000 0.0046 0.0136 0.1516 0.1412 0.0004 0.0311 0.1290 0.0020 0.0513 0.0019 0.0003 0.0010 0.0002 0.0156 0.0782 0.1145 0.0732 0.0267 0.0438 	23
2:	0.1341 0.0000 0.0023 0.0256 0.0056 0.0005 0.0840 0.1845 0.0513 0.0799 0.0465 0.0037 0.0034 0.0019 0.0000 0.0251 0.0000 0.0167 0.0627 0.0756 0.0375 0.0546 0.1045 	13
3:	0.1952 0.0000 0.0000 0.0000 0.0094 0.0000 0.0000 0.0006 0.0000 0.0021 0.0779 0.0011 0.0016 0.0069 0.0000 0.2041 0.0000 0.0036 0.2512 0.0529 0.0013 0.0911 0.1009 	5
4:	0.1806 0.0900 0.0009 0.0309 0.0013 0.0197 0.0007 0.0005 0.0094 0.0135 0.1007 0.0043 0.0016 0.1424 0.0694 0.0103 0.0111 0.0034 0.0289 0.0852 0.0012 0.0723 0.1216 	15
5:	0.0627 0.0161 0.0066 0.0331 0.0069 0.0053 0.0020 0.0007 0.1642 0.0026 0.0886 0.0032 0.0033 0.0017 0.0511 0.0438 0.1112 0.0178 0.0332 0.1257 0.0021 0.0736 0.1445 	18
6:	0.0137 0.1320 0.0023 0.1660 0.0010 0.1506 0.0401 0.0320 0.0638 0.0032 0.0264 0.0001 0.0012 0.0117 0.0530 0.0851 0.1308 0.0008 0.0032 0.0119 0.0003 0.0534 0.0174 	24
7:	0.1627 0.0000 0.2230 0.0185 0.0018 0.0209 0.0020 0.0007 0.0379 0.0192 0.0613 0.0068 0.0121 0.0105 0.0004 0.0533 0.0286 0.1176 0.0600 0.0287 0.0020 0.0360 0.0962 	9
8:	0.0057 0.0000 0.0909 0.0000 0.1842 0.0000 0.0000 0.0000 0.0000 0.0003 0.0351 0.1819 0.0923 0.0004 0.0000 0.0000 0.0000 0.0927 0.1365 0.0962 0.0003 0.0000 0.0835 	11
9:	0.0000 0.7418 0.0000 0.1667 0.0000 0.0000 0.0000 0.0000 0.0000 0.0000 0.0000 0.0000 0.0000 0.0000 0.0915 0.0000 0.0000 0.0000 0.0000 0.0000 0.0000 0.0000 0.0000 	1
10:	0.2541 0.0001 0.0171 0.0006 0.0120 0.0096 0.0041 0.0010 0.0000 0.0045 0.2515 0.0060 0.0035 0.0120 0.0030 0.0422 0.0000 0.0150 0.0808 0.0867 0.0034 0.0275 0.1653 	17
11:	0.0000 0.0249 0.0852 0.2128 0.0000 0.0000 0.0000 0.0000 0.0837 0.0069 0.0000 0.0000 0.0000 0.0000 0.0351 0.0000 0.3846 0.0000 0.0000 0.0000 0.0000 0.1668 0.0000 	1
12:	0.0872 0.0000 0.0418 0.0020 0.0022 0.2413 0.0250 0.1877 0.0088 0.0305 0.0797 0.0024 0.0331 0.0164 0.0002 0.0184 0.0181 0.0082 0.0375 0.0764 0.0018 0.0214 0.0598 	8
13:	0.0000 0.1108 0.0000 0.0803 0.0000 0.0000 0.0000 0.0000 0.0106 0.0000 0.0000 0.0000 0.0000 0.0000 0.5061 0.0000 0.1433 0.0000 0.0000 0.0000 0.0000 0.1489 0.0000 	5
14:	0.1243 0.0609 0.0000 0.0829 0.0044 0.0000 0.0000 0.0000 0.0393 0.0186 0.0222 0.0032 0.0000 0.0066 0.0032 0.0833 0.1959 0.0017 0.0101 0.1120 0.0013 0.1092 0.1208 	2
15:	0.0000 0.3775 0.0000 0.0053 0.0000 0.5000 0.0000 0.0000 0.0314 0.0000 0.0000 0.0000 0.0000 0.0000 0.0798 0.0000 0.0060 0.0000 0.0000 0.0000 0.0000 0.0000 0.0000 	2
16:	0.3479 0.0000 0.0140 0.0000 0.0052 0.0147 0.0186 0.0008 0.0000 0.0000 0.1426 0.0278 0.0290 0.0000 0.0000 0.0438 0.0000 0.0096 0.0624 0.1117 0.0052 0.0139 0.1527 	2
17:	0.0000 0.0000 0.0088 0.0000 0.0000 0.4913 0.5000 0.0000 0.0000 0.0000 0.0000 0.0000 0.0000 0.0000 0.0000 0.0000 0.0000 0.0000 0.0000 0.0000 0.0000 0.0000 0.0000 	2
18:	0.1868 0.0000 0.0013 0.0000 0.0025 0.0000 0.0004 0.0000 0.0000 0.0035 0.0623 0.0021 0.0138 0.0178 0.0000 0.0420 0.0000 0.0262 0.1186 0.1804 0.0002 0.0855 0.2566 	3
19:	0.0851 0.0000 0.0708 0.0291 0.0063 0.0690 0.0000 0.0000 0.0000 0.0000 0.0318 0.0356 0.0000 0.0318 0.0000 0.5070 0.0191 0.0201 0.0059 0.0679 0.0000 0.0155 0.0051 	3
