1:	0.2230 0.0032 0.0130 0.3014 0.0140 0.2117 0.2337 	13
2:	0.3317 0.0000 0.0708 0.2736 0.0714 0.1435 0.1090 	14
3:	0.1482 0.0776 0.1961 0.0940 0.3113 0.0524 0.1204 	18
4:	0.1387 0.1819 0.0683 0.1656 0.0000 0.1432 0.3023 	11
5:	0.1247 0.3406 0.0181 0.1725 0.1379 0.1447 0.0615 	6
6:	0.0571 0.4720 0.0592 0.0321 0.3466 0.0098 0.0231 	17
7:	0.0258 0.0000 0.0000 0.7615 0.0000 0.2012 0.0115 	1
8:	0.0583 0.0000 0.0447 0.6984 0.0000 0.1013 0.0973 	1
9:	0.0000 0.0000 1.0000 0.0000 0.0000 0.0000 0.0000 	1
10:	0.1156 0.0000 0.1287 0.3397 0.0000 0.2047 0.2114 	1
11:	0.1138 0.0000 0.2250 0.4937 0.0000 0.0766 0.0909 	2
12:	0.2616 0.0000 0.0986 0.2453 0.1250 0.1045 0.1650 	8
13:	0.1839 0.0000 0.0000 0.5751 0.0000 0.0160 0.2250 	1
