0.000000	0.266130	0.272432	0.269763	0.271924	0.269418	0.268512	0.265241	0.276621	0.269051	0.270605	0.247517	0.259393	0.264769	0.253046	0.347211	0.267149	0.274488	0.252725	0.261549	0.269770	0.272872	0.268150	0.270258	0.258503	0.274993	0.279279	0.276031	0.251486	0.254175	0.356646	0.315855	0.336904	0.253851	0.252947	0.250854	0.250193	0.269036	0.252482	0.265256	0.250107	0.248262	0.266575	0.268611	0.248907	0.269520	0.254342	0.270438	0.254130	0.248865	0.252073	0.257209	0.254520	0.257954	0.247809	0.250429	0.250649	0.252995	0.263222	0.242043	0.248214	0.262478	0.275045	0.245766	0.261253	0.250129	0.271736	0.272610	0.294284	0.271975	0.274785	0.272336	0.271667	0.253435	0.269449	0.249915	0.267591	0.254547	0.265722	0.268825	0.269913	0.251310	0.255050	0.261271	0.257959	0.274595	0.323367	0.255579	0.254080	0.253457	0.254055	0.255070	0.251332	0.363938	0.249047	0.273135	0.280960	0.288235	0.254701	0.275015	0.293672	0.256248	0.336302	0.252034	0.269000	0.268559	0.263835	0.248458	0.261147	0.247389	0.250149	0.255428	0.332083	0.261252	0.258836	0.255154	0.266353	0.313454	0.245401	0.254681	
0.266130	0.000000	0.265292	0.258858	0.268640	0.264457	0.260028	0.259154	0.263067	0.267620	0.262111	0.272579	0.269887	0.259192	0.275011	0.358306	0.256082	0.271727	0.273516	0.258569	0.258431	0.260224	0.258114	0.261934	0.263982	0.271269	0.264538	0.265741	0.275115	0.270238	0.367589	0.335398	0.348837	0.271715	0.268784	0.261939	0.268859	0.254514	0.269497	0.257596	0.268082	0.272860	0.260546	0.269742	0.273101	0.264350	0.270851	0.263402	0.273413	0.275466	0.272914	0.264297	0.268886	0.272555	0.271453	0.270073	0.276393	0.274774	0.229406	0.269536	0.274550	0.258962	0.259134	0.266552	0.271806	0.267765	0.261022	0.263829	0.283394	0.272681	0.275607	0.270607	0.277019	0.271368	0.262661	0.269152	0.264721	0.270545	0.269502	0.269145	0.267295	0.268070	0.274900	0.276794	0.266312	0.262909	0.327984	0.280052	0.277187	0.279667	0.274996	0.276112	0.268930	0.387665	0.269234	0.269264	0.280249	0.286885	0.273496	0.267746	0.285924	0.271053	0.336620	0.272392	0.258681	0.259224	0.255210	0.268516	0.259629	0.261517	0.260925	0.273520	0.333723	0.262155	0.255242	0.269935	0.256786	0.322447	0.273599	0.269570	
0.272432	0.265292	0.000000	0.257014	0.264434	0.116938	0.255312	0.258729	0.261165	0.276385	0.258658	0.274966	0.279223	0.258499	0.280781	0.362772	0.260847	0.258752	0.280789	0.260784	0.261942	0.261073	0.257248	0.262605	0.261801	0.267759	0.266937	0.263329	0.283663	0.280678	0.364807	0.348029	0.343706	0.282522	0.277005	0.268634	0.271624	0.261052	0.279559	0.257693	0.274158	0.274869	0.257023	0.257065	0.280003	0.259688	0.277835	0.258579	0.280127	0.278440	0.276843	0.270880	0.288605	0.280821	0.278112	0.277663	0.281309	0.277242	0.269500	0.276337	0.280265	0.254084	0.256499	0.275240	0.269277	0.275640	0.259402	0.259878	0.274794	0.265063	0.268263	0.264274	0.269967	0.279598	0.259024	0.277517	0.264570	0.284776	0.262783	0.263599	0.264550	0.278984	0.289163	0.283987	0.277691	0.262972	0.335552	0.284768	0.283913	0.284404	0.285764	0.282899	0.283752	0.374588	0.274349	0.262556	0.287405	0.300742	0.285300	0.271799	0.305163	0.274457	0.334714	0.279295	0.260163	0.279969	0.266084	0.282867	0.281199	0.271670	0.269054	0.289424	0.343611	0.284866	0.275898	0.273170	0.254761	0.326016	0.277574	0.275880	
0.269763	0.258858	0.257014	0.000000	0.256285	0.252044	0.250926	0.257001	0.253493	0.262543	0.251811	0.269250	0.271005	0.251077	0.277362	0.347320	0.252294	0.261409	0.271707	0.253340	0.251329	0.256320	0.248759	0.255996	0.260114	0.262051	0.258683	0.260072	0.268724	0.270948	0.366392	0.339230	0.337151	0.273957	0.269976	0.257279	0.273255	0.256925	0.262323	0.252489	0.271493	0.269685	0.251450	0.252201	0.274786	0.250194	0.274559	0.253317	0.271850	0.270504	0.267792	0.263023	0.275919	0.274839	0.264182	0.273560	0.270282	0.267675	0.256569	0.269257	0.269881	0.253561	0.254828	0.267609	0.263640	0.271521	0.252951	0.255736	0.273101	0.263972	0.258964	0.259840	0.263026	0.271886	0.254107	0.266132	0.257525	0.276311	0.251113	0.254356	0.257031	0.269254	0.277157	0.279235	0.269175	0.257994	0.312402	0.280595	0.274883	0.280394	0.276123	0.279431	0.276935	0.375275	0.266713	0.262083	0.283891	0.298827	0.275539	0.264046	0.291321	0.272266	0.332546	0.270956	0.253930	0.277506	0.257438	0.271346	0.275776	0.272246	0.263234	0.280818	0.337139	0.276173	0.268942	0.270773	0.249360	0.331321	0.269470	0.270185	
0.271924	0.268640	0.264434	0.256285	0.000000	0.265229	0.256735	0.258969	0.259649	0.269940	0.255457	0.270746	0.276524	0.255762	0.278717	0.346248	0.255449	0.265655	0.275331	0.256062	0.259412	0.259774	0.257482	0.261270	0.261752	0.258255	0.262785	0.262403	0.274989	0.270014	0.363426	0.344042	0.351055	0.274660	0.272108	0.259028	0.273359	0.258440	0.275253	0.251218	0.269702	0.273978	0.252271	0.257082	0.271556	0.258458	0.274277	0.255658	0.273156	0.275064	0.270773	0.261049	0.275727	0.274113	0.262723	0.273282	0.278784	0.280349	0.264571	0.270599	0.273746	0.258991	0.260689	0.269903	0.267256	0.273743	0.256338	0.265257	0.278227	0.264170	0.265937	0.260877	0.263764	0.274245	0.266569	0.269030	0.265147	0.281156	0.254538	0.258109	0.254510	0.275521	0.284367	0.277512	0.275061	0.263009	0.330438	0.284851	0.283636	0.284399	0.279599	0.279067	0.279921	0.398521	0.279375	0.258518	0.285465	0.296353	0.278239	0.262189	0.298606	0.275756	0.339585	0.274500	0.258709	0.283264	0.264473	0.273679	0.281320	0.272010	0.269859	0.283510	0.346479	0.275788	0.276476	0.272158	0.253043	0.323050	0.274364	0.272315	
0.269418	0.264457	0.116938	0.252044	0.265229	0.000000	0.251877	0.255312	0.253989	0.269447	0.252459	0.272122	0.276949	0.253341	0.279027	0.362181	0.256522	0.260822	0.271263	0.255009	0.255533	0.255839	0.252526	0.264462	0.257182	0.262763	0.264612	0.261197	0.278309	0.276404	0.369271	0.344731	0.346745	0.281448	0.274560	0.261880	0.268101	0.257973	0.275079	0.252064	0.271928	0.272844	0.256397	0.256649	0.274748	0.257453	0.274022	0.252035	0.274957	0.271677	0.271386	0.266524	0.277527	0.273834	0.269541	0.273833	0.281759	0.272368	0.263653	0.270805	0.273874	0.251954	0.258087	0.272525	0.266057	0.268823	0.258023	0.260724	0.275921	0.264289	0.262761	0.260482	0.267132	0.270414	0.254452	0.269844	0.259367	0.274872	0.258501	0.255828	0.263770	0.277364	0.284237	0.274526	0.274335	0.256705	0.334898	0.281145	0.280935	0.281847	0.279384	0.282157	0.278083	0.394640	0.271855	0.258181	0.286185	0.299080	0.282451	0.273588	0.292986	0.267168	0.337537	0.277545	0.257370	0.277968	0.264802	0.277882	0.277419	0.267487	0.269918	0.278697	0.353202	0.281121	0.271973	0.272161	0.253456	0.329591	0.269516	0.274744	
0.268512	0.260028	0.255312	0.250926	0.256735	0.251877	0.000000	0.250347	0.253515	0.262577	0.253032	0.265311	0.270904	0.252947	0.275302	0.351240	0.250804	0.256967	0.267603	0.248614	0.253453	0.248618	0.253078	0.257492	0.255543	0.260826	0.259840	0.259144	0.272426	0.269137	0.360240	0.346600	0.340613	0.277851	0.269972	0.254767	0.267203	0.251324	0.265756	0.250065	0.268010	0.269781	0.252353	0.250627	0.269414	0.250480	0.275703	0.254184	0.282377	0.274153	0.274014	0.261608	0.272552	0.272009	0.271331	0.268747	0.269563	0.271525	0.259586	0.274517	0.268492	0.256713	0.256963	0.270786	0.257295	0.270174	0.249307	0.257958	0.264555	0.260060	0.262664	0.259336	0.265306	0.267309	0.247551	0.268451	0.255249	0.278813	0.248135	0.246950	0.257816	0.271229	0.282842	0.278330	0.273333	0.257166	0.323483	0.276363	0.279756	0.277961	0.275429	0.278406	0.274677	0.380792	0.274827	0.255460	0.271665	0.286157	0.276699	0.257457	0.287305	0.269636	0.320630	0.272224	0.246343	0.277305	0.264156	0.268236	0.272110	0.261069	0.264138	0.276103	0.340828	0.271532	0.269426	0.273521	0.243456	0.320679	0.270441	0.273921	
0.265241	0.259154	0.258729	0.257001	0.258969	0.255312	0.250347	0.000000	0.250560	0.263656	0.246727	0.268150	0.276827	0.250195	0.273312	0.353645	0.247865	0.261571	0.272594	0.246406	0.254354	0.253012	0.252885	0.255408	0.262495	0.258173	0.260023	0.259651	0.278811	0.268112	0.368108	0.339458	0.340666	0.268727	0.269904	0.258181	0.274382	0.255523	0.268887	0.251241	0.268481	0.265318	0.246526	0.248345	0.269475	0.252102	0.273307	0.259955	0.275296	0.269317	0.268268	0.260544	0.267661	0.271033	0.272406	0.270692	0.269264	0.272413	0.265244	0.272822	0.267920	0.249784	0.255179	0.267437	0.265735	0.271999	0.253935	0.257301	0.266242	0.262700	0.264800	0.258490	0.265656	0.273260	0.256026	0.272415	0.258175	0.273179	0.253492	0.252450	0.255008	0.267517	0.274724	0.278338	0.270385	0.258588	0.338437	0.274644	0.277044	0.275779	0.278335	0.281320	0.273801	0.393951	0.272300	0.255163	0.272037	0.300000	0.269663	0.263164	0.304284	0.278159	0.322427	0.274439	0.253545	0.272649	0.259575	0.271055	0.269084	0.269885	0.271692	0.276534	0.333020	0.273215	0.272672	0.273421	0.246480	0.327775	0.276557	0.269983	
0.276621	0.263067	0.261165	0.253493	0.259649	0.253989	0.253515	0.250560	0.000000	0.263943	0.249002	0.269982	0.275935	0.252150	0.274968	0.349809	0.256499	0.264075	0.274961	0.255174	0.253649	0.260395	0.257010	0.263293	0.258427	0.260589	0.261853	0.261708	0.271206	0.267145	0.359256	0.339981	0.338115	0.272402	0.269972	0.256606	0.277243	0.254426	0.276283	0.254541	0.267985	0.273064	0.250215	0.252734	0.277821	0.248655	0.274148	0.257461	0.279044	0.277519	0.273133	0.268627	0.277127	0.275680	0.269171	0.271403	0.278920	0.274797	0.261930	0.271751	0.274479	0.253676	0.254992	0.269291	0.265439	0.278951	0.253210	0.258204	0.273630	0.262246	0.260370	0.254622	0.259957	0.274038	0.251466	0.269237	0.258533	0.280885	0.255631	0.258148	0.257662	0.268255	0.274921	0.276738	0.267247	0.261286	0.330836	0.276226	0.275899	0.274750	0.271743	0.274221	0.279006	0.384244	0.273692	0.257306	0.273063	0.291292	0.269168	0.265797	0.295951	0.272599	0.330561	0.275708	0.253269	0.277691	0.258351	0.274314	0.272885	0.267068	0.266038	0.279066	0.332158	0.276859	0.270030	0.272477	0.252601	0.329623	0.275954	0.275649	
0.269051	0.267620	0.276385	0.262543	0.269940	0.269447	0.262577	0.263656	0.263943	0.000000	0.260281	0.257107	0.262616	0.260849	0.262900	0.325097	0.261636	0.264569	0.265111	0.261839	0.268984	0.267019	0.265628	0.265954	0.268850	0.269364	0.268895	0.268225	0.263731	0.263183	0.339298	0.325581	0.316841	0.266737	0.266195	0.258590	0.263609	0.266004	0.268864	0.264379	0.263665	0.259553	0.261682	0.265591	0.264158	0.268501	0.268797	0.263520	0.275694	0.275977	0.266311	0.265010	0.266738	0.269260	0.266686	0.267405	0.271471	0.266775	0.266814	0.256992	0.267483	0.262850	0.263426	0.262488	0.265790	0.266042	0.264692	0.270301	0.278485	0.277530	0.274102	0.272136	0.272222	0.266526	0.270572	0.266737	0.268307	0.266749	0.263374	0.266832	0.270038	0.267758	0.270859	0.266796	0.265691	0.263184	0.313875	0.273023	0.270989	0.275641	0.272448	0.262132	0.272117	0.342116	0.266551	0.266437	0.289307	0.272922	0.267770	0.258492	0.271960	0.267622	0.316606	0.264981	0.261372	0.275855	0.264872	0.265254	0.271112	0.266762	0.265131	0.268985	0.324692	0.272326	0.263499	0.266972	0.262967	0.308521	0.271843	0.262050	
0.270605	0.262111	0.258658	0.251811	0.255457	0.252459	0.253032	0.246727	0.249002	0.260281	0.000000	0.268206	0.274840	0.250873	0.272694	0.327756	0.255515	0.256312	0.273855	0.248938	0.252540	0.252092	0.247788	0.249621	0.252308	0.256394	0.252264	0.251622	0.278375	0.271217	0.348505	0.328022	0.334847	0.274451	0.273319	0.256682	0.269782	0.250043	0.264886	0.247351	0.270324	0.272223	0.250864	0.249805	0.272397	0.253466	0.275694	0.252924	0.274946	0.274248	0.271103	0.266135	0.273190	0.268854	0.267598	0.266904	0.273615	0.274095	0.255432	0.268645	0.276880	0.254716	0.254625	0.272364	0.256159	0.271436	0.252643	0.254413	0.266071	0.259362	0.259870	0.254926	0.258216	0.273366	0.252209	0.270749	0.255229	0.272422	0.254533	0.254627	0.256947	0.273114	0.277883	0.273096	0.263644	0.255971	0.316785	0.277251	0.275608	0.276684	0.278000	0.275275	0.280667	0.378126	0.269012	0.254348	0.274162	0.289467	0.272060	0.256275	0.295571	0.272421	0.323260	0.272562	0.247641	0.281114	0.261958	0.269833	0.269995	0.266471	0.264156	0.275442	0.331129	0.270677	0.273284	0.267542	0.254127	0.311976	0.273167	0.269759	
0.247517	0.272579	0.274966	0.269250	0.270746	0.272122	0.265311	0.268150	0.269982	0.257107	0.268206	0.000000	0.254881	0.274535	0.254031	0.353245	0.268572	0.278666	0.249013	0.267388	0.273392	0.274437	0.267348	0.275429	0.259614	0.279409	0.279216	0.280291	0.254057	0.251248	0.357496	0.326322	0.336226	0.251044	0.245594	0.252647	0.253679	0.272172	0.249615	0.272192	0.252587	0.247362	0.271172	0.270395	0.253857	0.271572	0.248646	0.269043	0.258241	0.256432	0.256430	0.256738	0.252108	0.252642	0.249914	0.252639	0.252681	0.257650	0.264378	0.249569	0.257940	0.268780	0.274834	0.243404	0.265945	0.250129	0.271854	0.271866	0.290209	0.281234	0.273353	0.273462	0.274345	0.252962	0.269363	0.247928	0.272331	0.252711	0.267199	0.272992	0.268416	0.250150	0.259151	0.260165	0.252713	0.277813	0.332157	0.255279	0.255277	0.254506	0.252589	0.256130	0.255072	0.377158	0.252861	0.275984	0.288811	0.281538	0.251218	0.281764	0.290448	0.254099	0.326623	0.253169	0.269073	0.264660	0.266106	0.250535	0.263666	0.240411	0.251878	0.257438	0.326000	0.260457	0.255586	0.250278	0.267334	0.313009	0.253953	0.250834	
0.259393	0.269887	0.279223	0.271005	0.276524	0.276949	0.270904	0.276827	0.275935	0.262616	0.274840	0.254881	0.000000	0.283066	0.261980	0.353367	0.270053	0.285980	0.261720	0.273129	0.276914	0.278653	0.275494	0.279460	0.267310	0.279278	0.285575	0.287513	0.255016	0.256784	0.347415	0.320391	0.328740	0.262257	0.255543	0.258752	0.256944	0.271396	0.254752	0.273987	0.250154	0.254759	0.268413	0.269180	0.252620	0.276311	0.252670	0.274172	0.262278	0.257254	0.256284	0.266314	0.257788	0.252872	0.249801	0.256609	0.259167	0.254447	0.270983	0.251990	0.257128	0.273908	0.278913	0.248808	0.271065	0.256392	0.275829	0.279228	0.292024	0.282049	0.280488	0.277964	0.280443	0.263655	0.273184	0.262936	0.279092	0.255132	0.268237	0.272911	0.275659	0.255252	0.260675	0.257571	0.257966	0.278046	0.310649	0.254467	0.258864	0.255096	0.257793	0.259636	0.261852	0.356577	0.260228	0.277463	0.283011	0.289166	0.258036	0.282190	0.282869	0.258552	0.316013	0.260510	0.269573	0.266484	0.268641	0.260506	0.265751	0.247427	0.255877	0.260453	0.323988	0.261677	0.262030	0.262376	0.268314	0.312799	0.258130	0.254240	
0.264769	0.259192	0.258499	0.251077	0.255762	0.253341	0.252947	0.250195	0.252150	0.260849	0.250873	0.274535	0.283066	0.000000	0.275633	0.332694	0.248632	0.257088	0.274059	0.256024	0.254103	0.253142	0.253079	0.255025	0.259598	0.256073	0.254534	0.254717	0.272638	0.277744	0.356620	0.345477	0.340504	0.276446	0.276272	0.263303	0.277413	0.251843	0.269134	0.246253	0.268852	0.269237	0.247584	0.254984	0.269184	0.258995	0.274180	0.251041	0.274411	0.275949	0.273081	0.260444	0.275935	0.275143	0.267852	0.279934	0.272584	0.278165	0.261591	0.270583	0.273730	0.253609	0.255082	0.272916	0.260418	0.266539	0.251450	0.254087	0.275117	0.262287	0.260681	0.261134	0.263176	0.275165	0.254834	0.271769	0.258990	0.279503	0.257004	0.258003	0.250953	0.270951	0.281458	0.280846	0.273711	0.255198	0.326992	0.279276	0.279495	0.278207	0.274216	0.288675	0.277426	0.383613	0.273786	0.251565	0.272211	0.288397	0.270891	0.255820	0.288424	0.269844	0.328546	0.274608	0.254890	0.280167	0.262725	0.270950	0.272775	0.270102	0.269460	0.277485	0.335459	0.273400	0.269695	0.268274	0.249309	0.328499	0.273536	0.273693	
0.253046	0.275011	0.280781	0.277362	0.278717	0.279027	0.275302	0.273312	0.274968	0.262900	0.272694	0.254031	0.261980	0.275633	0.000000	0.323227	0.269740	0.275039	0.262086	0.273412	0.273907	0.276343	0.271683	0.275122	0.262431	0.280836	0.282309	0.279736	0.259364	0.257174	0.336120	0.314669	0.311407	0.260406	0.253013	0.262225	0.253592	0.269442	0.259344	0.272661	0.255724	0.257783	0.274734	0.273771	0.266532	0.277076	0.261669	0.270447	0.260040	0.263380	0.259585	0.262790	0.260769	0.264106	0.260402	0.254654	0.252790	0.259707	0.270355	0.261887	0.264106	0.271664	0.277484	0.251702	0.267824	0.258518	0.273822	0.277086	0.291759	0.282560	0.286648	0.284111	0.282144	0.262272	0.282800	0.258348	0.279487	0.259825	0.273688	0.276339	0.274112	0.262839	0.261022	0.254040	0.255808	0.280069	0.295902	0.264562	0.265705	0.265741	0.258627	0.262104	0.257364	0.345192	0.254248	0.274311	0.287934	0.279510	0.256903	0.283584	0.283091	0.260511	0.311653	0.251054	0.267964	0.274802	0.270675	0.256046	0.269412	0.256528	0.265759	0.261454	0.303015	0.270933	0.268057	0.255584	0.275160	0.300128	0.256389	0.251648	
0.347211	0.358306	0.362772	0.347320	0.346248	0.362181	0.351240	0.353645	0.349809	0.325097	0.327756	0.353245	0.353367	0.332694	0.323227	0.000000	0.322818	0.315908	0.334240	0.328886	0.348110	0.334353	0.347826	0.327969	0.339387	0.328947	0.346333	0.339489	0.342978	0.334067	0.142857	0.217587	0.190393	0.343741	0.340147	0.341008	0.343275	0.342990	0.360272	0.343320	0.344106	0.333787	0.342726	0.350724	0.346634	0.349285	0.349111	0.345440	0.351948	0.353246	0.352606	0.344668	0.338479	0.363686	0.352094	0.346448	0.356157	0.345912	0.341344	0.352716	0.339891	0.334061	0.354785	0.353552	0.337644	0.346616	0.340414	0.347707	0.289359	0.324127	0.356598	0.353070	0.344204	0.331790	0.353117	0.336948	0.358055	0.354961	0.340327	0.343563	0.350801	0.340142	0.332040	0.328455	0.320611	0.344299	0.197068	0.349124	0.341601	0.344209	0.350685	0.313155	0.346922	0.153897	0.341021	0.343468	0.279451	0.285332	0.344130	0.315273	0.288554	0.352062	0.192111	0.348333	0.338120	0.347850	0.339504	0.352909	0.349904	0.347294	0.340731	0.354777	0.207450	0.348551	0.349315	0.350678	0.341087	0.207653	0.351741	0.351491	
0.267149	0.256082	0.260847	0.252294	0.255449	0.256522	0.250804	0.247865	0.256499	0.261636	0.255515	0.268572	0.270053	0.248632	0.269740	0.322818	0.000000	0.253990	0.276225	0.249461	0.250432	0.255876	0.252933	0.249645	0.254914	0.255505	0.258534	0.254735	0.270280	0.264515	0.365385	0.330940	0.346337	0.273149	0.270583	0.251994	0.270842	0.255293	0.264901	0.255033	0.266128	0.267874	0.250258	0.256267	0.272727	0.255578	0.270254	0.252158	0.273431	0.272351	0.267549	0.263948	0.267436	0.268227	0.268975	0.271504	0.267582	0.270642	0.256401	0.267562	0.268516	0.249805	0.250977	0.264363	0.260941	0.265649	0.255193	0.257551	0.266655	0.258385	0.261866	0.259051	0.263715	0.271299	0.250948	0.269472	0.254988	0.271588	0.255525	0.251636	0.252109	0.274987	0.271457	0.271963	0.276271	0.260386	0.329254	0.279747	0.273180	0.276370	0.269314	0.273947	0.269769	0.390504	0.270977	0.257138	0.274247	0.287699	0.267880	0.256016	0.300049	0.269665	0.323290	0.275975	0.249935	0.270081	0.259993	0.267579	0.266875	0.263226	0.267713	0.272915	0.344536	0.269051	0.268263	0.268569	0.247334	0.319799	0.273110	0.270862	
0.274488	0.271727	0.258752	0.261409	0.265655	0.260822	0.256967	0.261571	0.264075	0.264569	0.256312	0.278666	0.285980	0.257088	0.275039	0.315908	0.253990	0.000000	0.276786	0.257049	0.253055	0.259082	0.260581	0.257710	0.261631	0.268697	0.267930	0.266873	0.279494	0.275563	0.338925	0.331944	0.316676	0.283435	0.269473	0.262418	0.277894	0.265280	0.272190	0.256791	0.275674	0.280823	0.258214	0.253457	0.275250	0.257917	0.281724	0.252528	0.281523	0.280826	0.277319	0.269473	0.275685	0.282553	0.272736	0.278385	0.285741	0.279952	0.269950	0.278635	0.275130	0.259648	0.263630	0.277403	0.268105	0.276493	0.261970	0.260715	0.272744	0.269441	0.265055	0.266175	0.268597	0.278907	0.264968	0.277042	0.266697	0.282077	0.259818	0.261944	0.257950	0.281421	0.279532	0.282202	0.279855	0.262625	0.319456	0.285152	0.284893	0.283983	0.285714	0.282560	0.281815	0.368805	0.282070	0.252353	0.275351	0.295047	0.281477	0.258434	0.293021	0.279368	0.322647	0.277702	0.255433	0.284267	0.270824	0.280841	0.279455	0.278455	0.274606	0.283613	0.324020	0.276920	0.281239	0.277914	0.255493	0.309657	0.278939	0.275336	
0.252725	0.273516	0.280789	0.271707	0.275331	0.271263	0.267603	0.272594	0.274961	0.265111	0.273855	0.249013	0.261720	0.274059	0.262086	0.334240	0.276225	0.276786	0.000000	0.272085	0.273221	0.271448	0.276070	0.276498	0.257175	0.276319	0.279657	0.280261	0.257683	0.254638	0.354678	0.328349	0.323952	0.255729	0.248943	0.260702	0.253710	0.274224	0.252102	0.274921	0.252465	0.256300	0.267221	0.271906	0.253436	0.271609	0.260626	0.273244	0.260321	0.255780	0.256450	0.261876	0.254116	0.258532	0.255600	0.255742	0.259141	0.257234	0.269588	0.253564	0.254782	0.273771	0.283819	0.254417	0.263208	0.252669	0.269856	0.274103	0.295355	0.284631	0.283903	0.282387	0.276343	0.123483	0.276826	0.126555	0.278812	0.262162	0.270205	0.273484	0.277730	0.253701	0.258677	0.255760	0.260350	0.277515	0.312205	0.260734	0.255240	0.257123	0.259967	0.259272	0.259195	0.363368	0.254367	0.278517	0.288514	0.282419	0.256749	0.287803	0.278773	0.254678	0.322510	0.256142	0.271720	0.272594	0.267911	0.254252	0.267162	0.255856	0.254556	0.258894	0.324953	0.264841	0.257922	0.251286	0.271003	0.319215	0.253644	0.257547	
0.261549	0.258569	0.260784	0.253340	0.256062	0.255009	0.248614	0.246406	0.255174	0.261839	0.248938	0.267388	0.273129	0.256024	0.273412	0.328886	0.249461	0.257049	0.272085	0.000000	0.253084	0.257773	0.251959	0.251839	0.256254	0.255903	0.256530	0.260175	0.270172	0.270544	0.367151	0.333437	0.344944	0.275122	0.262118	0.260553	0.273843	0.251659	0.267811	0.248844	0.266741	0.266328	0.248307	0.247187	0.267188	0.255608	0.270352	0.248342	0.271384	0.271312	0.268255	0.258950	0.271705	0.273151	0.263058	0.271350	0.270765	0.269885	0.255435	0.262557	0.264284	0.246894	0.248873	0.260600	0.257202	0.267963	0.255096	0.254494	0.263820	0.261720	0.259138	0.255367	0.257581	0.267769	0.257295	0.270039	0.256545	0.278691	0.251099	0.253371	0.255158	0.269460	0.270199	0.281781	0.267611	0.261384	0.319232	0.277763	0.276351	0.277816	0.271830	0.271722	0.275265	0.375322	0.272814	0.257407	0.270233	0.293679	0.266930	0.251555	0.297509	0.265793	0.319073	0.270189	0.246478	0.275660	0.259183	0.263122	0.272657	0.269604	0.265640	0.275034	0.330038	0.270794	0.265652	0.264693	0.247878	0.318245	0.268274	0.265528	
0.269770	0.258431	0.261942	0.251329	0.259412	0.255533	0.253453	0.254354	0.253649	0.268984	0.252540	0.273392	0.276914	0.254103	0.273907	0.348110	0.250432	0.253055	0.273221	0.253084	0.000000	0.258107	0.253170	0.268531	0.256265	0.260051	0.260286	0.260193	0.278999	0.271658	0.351459	0.340299	0.342600	0.273252	0.273010	0.256863	0.267796	0.250453	0.269343	0.256749	0.269062	0.270893	0.261445	0.257923	0.272899	0.252429	0.273724	0.246677	0.279924	0.277663	0.273727	0.263212	0.272537	0.271652	0.271346	0.275202	0.274259	0.274742	0.260292	0.271657	0.273466	0.251254	0.256835	0.271927	0.263236	0.270485	0.258098	0.256426	0.268680	0.261956	0.260385	0.258530	0.258938	0.270814	0.256207	0.272306	0.265108	0.275075	0.257569	0.254517	0.256631	0.272249	0.278484	0.280102	0.274512	0.257870	0.321541	0.283427	0.282711	0.285529	0.274184	0.278126	0.273512	0.379705	0.277604	0.260016	0.278339	0.282335	0.280697	0.262605	0.288405	0.275282	0.322293	0.271452	0.252538	0.278517	0.259607	0.273056	0.275390	0.268668	0.271340	0.282523	0.329105	0.268422	0.270188	0.274923	0.251912	0.323248	0.272290	0.273438	
0.272872	0.260224	0.261073	0.256320	0.259774	0.255839	0.248618	0.253012	0.260395	0.267019	0.252092	0.274437	0.278653	0.253142	0.276343	0.334353	0.255876	0.259082	0.271448	0.257773	0.258107	0.000000	0.253981	0.258305	0.258369	0.263124	0.259358	0.260996	0.279288	0.276403	0.343824	0.328810	0.324239	0.276666	0.276773	0.262796	0.270256	0.257761	0.271483	0.254864	0.271115	0.272534	0.250596	0.254269	0.274472	0.255878	0.281851	0.261755	0.281134	0.277665	0.276759	0.260816	0.277832	0.274588	0.272985	0.275453	0.277446	0.270030	0.263106	0.269238	0.273098	0.255274	0.261059	0.272735	0.263717	0.272486	0.253008	0.259858	0.269748	0.263290	0.268624	0.267765	0.270114	0.272607	0.253182	0.273384	0.257410	0.278781	0.254221	0.255933	0.256646	0.277212	0.278729	0.275660	0.273488	0.259853	0.313462	0.279872	0.279621	0.278555	0.277610	0.278341	0.282508	0.375665	0.275020	0.253219	0.276094	0.292416	0.281735	0.263892	0.291130	0.270314	0.326201	0.280410	0.256403	0.280973	0.261896	0.271531	0.274782	0.273852	0.270846	0.281909	0.329254	0.272840	0.273377	0.274989	0.256956	0.317539	0.276763	0.274861	
0.268150	0.258114	0.257248	0.248759	0.257482	0.252526	0.253078	0.252885	0.257010	0.265628	0.247788	0.267348	0.275494	0.253079	0.271683	0.347826	0.252933	0.260581	0.276070	0.251959	0.253170	0.253981	0.000000	0.255468	0.252741	0.253878	0.259237	0.259043	0.271208	0.270144	0.375868	0.341509	0.346813	0.276425	0.275386	0.256166	0.269340	0.257419	0.269505	0.248930	0.266747	0.272860	0.251780	0.256020	0.268288	0.260241	0.272202	0.249591	0.273462	0.270489	0.270514	0.261835	0.270946	0.272727	0.272030	0.270991	0.273232	0.269619	0.263281	0.267548	0.273755	0.257084	0.256370	0.270086	0.262258	0.270896	0.254280	0.258722	0.274096	0.266113	0.261365	0.260971	0.265078	0.273166	0.249570	0.273234	0.254762	0.274229	0.256655	0.259835	0.250730	0.273644	0.275877	0.274514	0.268140	0.257897	0.319906	0.276428	0.276121	0.280954	0.270563	0.279723	0.278041	0.398227	0.268806	0.255657	0.276732	0.295973	0.269679	0.264792	0.297211	0.271840	0.338084	0.273758	0.248282	0.275330	0.256662	0.274616	0.274300	0.267010	0.272657	0.274177	0.344021	0.273639	0.267797	0.273990	0.250472	0.333969	0.266815	0.265569	
0.270258	0.261934	0.262605	0.255996	0.261270	0.264462	0.257492	0.255408	0.263293	0.265954	0.249621	0.275429	0.279460	0.255025	0.275122	0.327969	0.249645	0.257710	0.276498	0.251839	0.268531	0.258305	0.255468	0.000000	0.262262	0.254556	0.259856	0.263288	0.276256	0.274949	0.346595	0.322755	0.330150	0.279917	0.279357	0.263687	0.272550	0.263873	0.273804	0.258150	0.269418	0.275450	0.254169	0.264630	0.271062	0.259368	0.276668	0.259874	0.279887	0.278851	0.278411	0.263838	0.267908	0.273638	0.274783	0.278329	0.274244	0.275191	0.261746	0.270366	0.271355	0.252488	0.264806	0.270556	0.265262	0.277512	0.255933	0.257356	0.273041	0.269211	0.262901	0.264633	0.268940	0.277714	0.256444	0.275007	0.259894	0.275549	0.256340	0.254755	0.254668	0.274962	0.278689	0.275499	0.274249	0.258817	0.326441	0.285600	0.282391	0.282069	0.277758	0.278890	0.274308	0.364223	0.275544	0.257803	0.264341	0.289138	0.278460	0.252939	0.289565	0.273458	0.314961	0.279105	0.259685	0.282263	0.267092	0.271032	0.269895	0.273861	0.269977	0.277464	0.319129	0.273367	0.273394	0.269635	0.249205	0.321220	0.273884	0.276742	
0.258503	0.263982	0.261801	0.260114	0.261752	0.257182	0.255543	0.262495	0.258427	0.268850	0.252308	0.259614	0.267310	0.259598	0.262431	0.339387	0.254914	0.261631	0.257175	0.256254	0.256265	0.258369	0.252741	0.262262	0.000000	0.266058	0.267281	0.266695	0.261239	0.259711	0.363517	0.321672	0.331935	0.262961	0.261120	0.254536	0.260702	0.258859	0.262098	0.259240	0.258412	0.260404	0.253693	0.262969	0.261933	0.264265	0.261332	0.257500	0.262951	0.262604	0.260985	0.256059	0.260062	0.261474	0.258808	0.258203	0.259703	0.259778	0.267230	0.255376	0.257788	0.255390	0.266137	0.259196	0.259458	0.262239	0.257407	0.259928	0.277530	0.271810	0.270730	0.267067	0.270832	0.265210	0.268146	0.260410	0.270552	0.266661	0.255487	0.259250	0.262235	0.263108	0.266388	0.268832	0.258961	0.268052	0.311693	0.265996	0.271313	0.262725	0.262614	0.265889	0.262815	0.373667	0.263777	0.262529	0.280912	0.281672	0.264784	0.268269	0.285575	0.253892	0.314545	0.263446	0.256031	0.271806	0.263888	0.259550	0.269456	0.255939	0.257537	0.260881	0.315962	0.273337	0.273089	0.261293	0.262047	0.309302	0.264380	0.258532	
0.274993	0.271269	0.267759	0.262051	0.258255	0.262763	0.260826	0.258173	0.260589	0.269364	0.256394	0.279409	0.279278	0.256073	0.280836	0.328947	0.255505	0.268697	0.276319	0.255903	0.260051	0.263124	0.253878	0.254556	0.266058	0.000000	0.266977	0.269394	0.283433	0.280135	0.338919	0.324663	0.326334	0.277023	0.279571	0.266889	0.279931	0.260225	0.280905	0.257310	0.275800	0.277652	0.257373	0.260416	0.283500	0.257932	0.283038	0.257724	0.281383	0.285052	0.278824	0.267585	0.281605	0.277435	0.278232	0.285883	0.277382	0.282787	0.276707	0.274136	0.277550	0.256779	0.270258	0.277252	0.265941	0.278217	0.261769	0.266284	0.274691	0.265437	0.265545	0.263536	0.269487	0.280004	0.258076	0.274692	0.262219	0.281298	0.262837	0.262629	0.263673	0.280767	0.282777	0.281329	0.278240	0.263063	0.321848	0.289450	0.281162	0.287324	0.283942	0.277573	0.282375	0.356348	0.277081	0.260026	0.273143	0.293302	0.280730	0.262653	0.292223	0.274586	0.317577	0.283694	0.255915	0.282907	0.271755	0.276821	0.275761	0.276837	0.275093	0.285482	0.319434	0.282967	0.275777	0.280217	0.251313	0.313686	0.279739	0.277567	
0.279279	0.264538	0.266937	0.258683	0.262785	0.264612	0.259840	0.260023	0.261853	0.268895	0.252264	0.279216	0.285575	0.254534	0.282309	0.346333	0.258534	0.267930	0.279657	0.256530	0.260286	0.259358	0.259237	0.259856	0.267281	0.266977	0.000000	0.118135	0.281822	0.278727	0.365935	0.350702	0.345228	0.285840	0.275318	0.262044	0.275457	0.263459	0.270557	0.261139	0.275871	0.276178	0.258787	0.257775	0.276827	0.259840	0.283364	0.256854	0.277193	0.277514	0.276801	0.265779	0.280350	0.276988	0.274562	0.283280	0.280833	0.277536	0.256098	0.275847	0.282742	0.257155	0.267560	0.276411	0.264811	0.277610	0.252290	0.258009	0.279384	0.256723	0.267164	0.261868	0.268755	0.282364	0.262170	0.277912	0.262541	0.285616	0.256381	0.259972	0.264645	0.279886	0.285729	0.286795	0.275850	0.264529	0.350394	0.289362	0.287547	0.285195	0.286770	0.288839	0.284477	0.390480	0.283207	0.267182	0.285519	0.304337	0.285136	0.265196	0.304284	0.273748	0.327706	0.284296	0.258354	0.287956	0.269530	0.279279	0.278077	0.275261	0.275168	0.286933	0.344223	0.273296	0.275124	0.277869	0.250000	0.325505	0.276686	0.273229	
0.276031	0.265741	0.263329	0.260072	0.262403	0.261197	0.259144	0.259651	0.261708	0.268225	0.251622	0.280291	0.287513	0.254717	0.279736	0.339489	0.254735	0.266873	0.280261	0.260175	0.260193	0.260996	0.259043	0.263288	0.266695	0.269394	0.118135	0.000000	0.280831	0.277567	0.365163	0.345963	0.347265	0.283837	0.275215	0.265271	0.278173	0.263384	0.274705	0.262897	0.273350	0.272626	0.257612	0.255190	0.278936	0.261824	0.281239	0.254555	0.277030	0.272407	0.271156	0.269723	0.274878	0.276779	0.273173	0.280045	0.278432	0.282374	0.257506	0.277082	0.280499	0.252627	0.267727	0.279350	0.263778	0.275430	0.256716	0.256788	0.278928	0.254902	0.272375	0.264992	0.270149	0.281798	0.262173	0.275744	0.262433	0.281637	0.258231	0.260240	0.263641	0.279374	0.284472	0.279546	0.276745	0.264081	0.344314	0.286429	0.284374	0.287003	0.283863	0.283850	0.280788	0.385409	0.284289	0.266270	0.287873	0.296325	0.282207	0.258430	0.316691	0.275026	0.335045	0.282542	0.254757	0.285468	0.266066	0.279458	0.282928	0.275289	0.277393	0.286081	0.342569	0.274006	0.276015	0.277250	0.253339	0.327222	0.275880	0.274711	
0.251486	0.275115	0.283663	0.268724	0.274989	0.278309	0.272426	0.278811	0.271206	0.263731	0.278375	0.254057	0.255016	0.272638	0.259364	0.342978	0.270280	0.279494	0.257683	0.270172	0.278999	0.279288	0.271208	0.276256	0.261239	0.283433	0.281822	0.280831	0.000000	0.259302	0.344156	0.322983	0.311995	0.260721	0.254452	0.266531	0.254499	0.270323	0.251241	0.272647	0.255098	0.252934	0.270785	0.271338	0.256765	0.275597	0.259302	0.277377	0.263471	0.259312	0.253101	0.259045	0.250988	0.255739	0.250267	0.260332	0.251140	0.253500	0.274819	0.258134	0.255802	0.275256	0.280394	0.251201	0.272540	0.251933	0.276380	0.278358	0.295054	0.285010	0.275662	0.282115	0.281725	0.258274	0.273868	0.254027	0.275718	0.261323	0.274684	0.276183	0.278143	0.260928	0.258493	0.262276	0.252369	0.281490	0.317562	0.254169	0.253812	0.257755	0.257923	0.262665	0.254097	0.357774	0.250112	0.275711	0.281393	0.277953	0.253718	0.281920	0.284927	0.252224	0.315392	0.255857	0.267957	0.274314	0.270780	0.250155	0.268108	0.252484	0.258176	0.264914	0.329141	0.261331	0.264867	0.252879	0.273259	0.305849	0.254407	0.251130	
0.254175	0.270238	0.280678	0.270948	0.270014	0.276404	0.269137	0.268112	0.267145	0.263183	0.271217	0.251248	0.256784	0.277744	0.257174	0.334067	0.264515	0.275563	0.254638	0.270544	0.271658	0.276403	0.270144	0.274949	0.259711	0.280135	0.278727	0.277567	0.259302	0.000000	0.331115	0.312929	0.309035	0.261516	0.254863	0.259444	0.255400	0.274088	0.253722	0.271611	0.250301	0.248836	0.269132	0.271505	0.257497	0.272309	0.256568	0.271227	0.260413	0.257695	0.255972	0.258028	0.256724	0.251253	0.250734	0.132859	0.256673	0.259605	0.258502	0.251926	0.256200	0.270137	0.278270	0.248079	0.263492	0.254704	0.270909	0.274790	0.288835	0.270348	0.274442	0.271941	0.273343	0.257103	0.275990	0.257069	0.277701	0.263203	0.271001	0.273964	0.271489	0.255762	0.259920	0.259811	0.257932	0.279136	0.320993	0.260674	0.263492	0.258591	0.262196	0.262328	0.257279	0.374720	0.261411	0.273137	0.282702	0.283808	0.255778	0.281731	0.286976	0.257757	0.313757	0.254351	0.268982	0.268639	0.266109	0.251765	0.265065	0.255118	0.258668	0.259390	0.329802	0.262101	0.257066	0.254129	0.267992	0.315157	0.252107	0.257931	
0.356646	0.367589	0.364807	0.366392	0.363426	0.369271	0.360240	0.368108	0.359256	0.339298	0.348505	0.357496	0.347415	0.356620	0.336120	0.142857	0.365385	0.338925	0.354678	0.367151	0.351459	0.343824	0.375868	0.346595	0.363517	0.338919	0.365935	0.365163	0.344156	0.331115	0.000000	0.199568	0.159568	0.348015	0.340819	0.345371	0.353485	0.359375	0.364780	0.351298	0.353642	0.355865	0.373847	0.368072	0.350808	0.366155	0.356123	0.369067	0.350709	0.341021	0.354668	0.349138	0.355593	0.362132	0.357568	0.348706	0.347522	0.353136	0.361490	0.359510	0.367652	0.349138	0.371000	0.352805	0.362817	0.361166	0.361716	0.365983	0.284446	0.348908	0.369623	0.365499	0.363545	0.356646	0.364659	0.360212	0.367831	0.358646	0.365321	0.363336	0.368021	0.353254	0.332019	0.325672	0.333188	0.361754	0.178605	0.358283	0.352113	0.362496	0.351011	0.300483	0.347581	0.141100	0.337240	0.362309	0.274485	0.292234	0.364265	0.329801	0.282931	0.361149	0.177445	0.352883	0.351503	0.362046	0.368682	0.357424	0.367252	0.345147	0.357590	0.359236	0.182840	0.357072	0.354397	0.356367	0.361029	0.197134	0.363306	0.372001	
0.315855	0.335398	0.348029	0.339230	0.344042	0.344731	0.346600	0.339458	0.339981	0.325581	0.328022	0.326322	0.320391	0.345477	0.314669	0.217587	0.330940	0.331944	0.328349	0.333437	0.340299	0.328810	0.341509	0.322755	0.321672	0.324663	0.350702	0.345963	0.322983	0.312929	0.199568	0.000000	0.199868	0.316614	0.313628	0.326114	0.325596	0.330944	0.333952	0.340734	0.326410	0.325357	0.342839	0.341342	0.329325	0.340519	0.328960	0.345494	0.333230	0.329078	0.338203	0.325632	0.332494	0.336973	0.335305	0.306256	0.322550	0.332502	0.349844	0.329390	0.344698	0.335309	0.351317	0.335518	0.333647	0.332609	0.351376	0.347502	0.300062	0.327798	0.348621	0.343963	0.338755	0.323144	0.343478	0.336943	0.342317	0.340136	0.336640	0.337364	0.342334	0.332815	0.320583	0.319212	0.300456	0.340183	0.238399	0.336253	0.327066	0.336037	0.321807	0.300305	0.319950	0.194167	0.327091	0.325864	0.271238	0.279681	0.336423	0.316140	0.273983	0.332910	0.220752	0.335192	0.322450	0.340472	0.335833	0.335911	0.331151	0.322661	0.337148	0.332094	0.221892	0.333230	0.342535	0.340860	0.356613	0.239087	0.338899	0.331576	
0.336904	0.348837	0.343706	0.337151	0.351055	0.346745	0.340613	0.340666	0.338115	0.316841	0.334847	0.336226	0.328740	0.340504	0.311407	0.190393	0.346337	0.316676	0.323952	0.344944	0.342600	0.324239	0.346813	0.330150	0.331935	0.326334	0.345228	0.347265	0.311995	0.309035	0.159568	0.199868	0.000000	0.306250	0.304994	0.330917	0.325959	0.337655	0.341943	0.339744	0.328479	0.321348	0.335946	0.338764	0.330342	0.344220	0.327698	0.333803	0.327354	0.328933	0.336313	0.339691	0.325489	0.326945	0.330250	0.315804	0.329182	0.325247	0.336068	0.333520	0.334181	0.339074	0.332674	0.326118	0.332673	0.337910	0.340062	0.348071	0.272626	0.324219	0.342431	0.345281	0.336063	0.330808	0.345475	0.333520	0.348629	0.337524	0.326605	0.335859	0.347448	0.334835	0.313277	0.316828	0.291960	0.337151	0.212585	0.334278	0.322874	0.339140	0.329282	0.286111	0.310306	0.172907	0.320466	0.336614	0.275056	0.282474	0.338260	0.315512	0.282517	0.329230	0.169275	0.333333	0.344258	0.339426	0.329880	0.333893	0.327966	0.336786	0.331756	0.322689	0.173348	0.323363	0.333049	0.338741	0.341259	0.209156	0.334079	0.339760	
0.253851	0.271715	0.282522	0.273957	0.274660	0.281448	0.277851	0.268727	0.272402	0.266737	0.274451	0.251044	0.262257	0.276446	0.260406	0.343741	0.273149	0.283435	0.255729	0.275122	0.273252	0.276666	0.276425	0.279917	0.262961	0.277023	0.285840	0.283837	0.260721	0.261516	0.348015	0.316614	0.306250	0.000000	0.261272	0.262628	0.257279	0.274505	0.256912	0.271560	0.253239	0.256542	0.269756	0.272830	0.258149	0.269059	0.254541	0.277661	0.253679	0.255690	0.251715	0.255800	0.256729	0.256943	0.249869	0.260024	0.252216	0.261436	0.270387	0.257268	0.263498	0.273618	0.279979	0.246050	0.270313	0.260206	0.279498	0.280683	0.293158	0.282512	0.281769	0.281007	0.279726	0.259308	0.277618	0.257311	0.277638	0.256337	0.273576	0.276159	0.275559	0.253578	0.260038	0.263923	0.258579	0.280416	0.318524	0.260771	0.261721	0.258742	0.261559	0.260499	0.256784	0.365680	0.260931	0.280963	0.290158	0.289630	0.254710	0.286694	0.288190	0.261342	0.322814	0.258750	0.275475	0.266294	0.268027	0.254914	0.262153	0.249869	0.263441	0.264022	0.316969	0.259571	0.261903	0.260087	0.269167	0.310865	0.257501	0.253107	
0.252947	0.268784	0.277005	0.269976	0.272108	0.274560	0.269972	0.269904	0.269972	0.266195	0.273319	0.245594	0.255543	0.276272	0.253013	0.340147	0.270583	0.269473	0.248943	0.262118	0.273010	0.276773	0.275386	0.279357	0.261120	0.279571	0.275318	0.275215	0.254452	0.254863	0.340819	0.313628	0.304994	0.261272	0.000000	0.258795	0.253310	0.273685	0.251246	0.274878	0.253352	0.256530	0.266672	0.265909	0.250560	0.273256	0.252740	0.270909	0.259441	0.254179	0.257898	0.262215	0.258904	0.259192	0.253755	0.259135	0.252779	0.251254	0.264872	0.249914	0.258248	0.274142	0.277204	0.254899	0.271069	0.254440	0.275422	0.278408	0.294082	0.273267	0.272020	0.271510	0.274614	0.253343	0.275862	0.252984	0.279206	0.256672	0.269466	0.270991	0.273628	0.249914	0.258914	0.261105	0.257440	0.280515	0.310588	0.260723	0.260476	0.259049	0.255413	0.256276	0.256302	0.374401	0.250261	0.276393	0.293077	0.281234	0.251223	0.278117	0.290874	0.254249	0.316957	0.250559	0.269675	0.267018	0.266626	0.255248	0.260764	0.243143	0.256237	0.260623	0.324083	0.258654	0.254653	0.257410	0.272633	0.312619	0.255710	0.252706	
0.250854	0.261939	0.268634	0.257279	0.259028	0.261880	0.254767	0.258181	0.256606	0.258590	0.256682	0.252647	0.258752	0.263303	0.262225	0.341008	0.251994	0.262418	0.260702	0.260553	0.256863	0.262796	0.256166	0.263687	0.254536	0.266889	0.262044	0.265271	0.266531	0.259444	0.345371	0.326114	0.330917	0.262628	0.258795	0.000000	0.256126	0.259329	0.261815	0.256681	0.260498	0.255993	0.256570	0.261632	0.262694	0.259246	0.260415	0.256727	0.263113	0.262703	0.260677	0.254300	0.262031	0.263415	0.252121	0.256722	0.263258	0.253825	0.261751	0.258228	0.258062	0.257023	0.262106	0.252958	0.257533	0.253808	0.256969	0.262326	0.280284	0.263576	0.265935	0.261000	0.263788	0.258565	0.258990	0.257481	0.262098	0.263799	0.255377	0.256599	0.260212	0.255828	0.262740	0.263542	0.263285	0.263883	0.323564	0.261318	0.263148	0.263649	0.264023	0.269637	0.263988	0.378566	0.260678	0.261494	0.275662	0.289042	0.267320	0.264820	0.291971	0.255600	0.326832	0.254721	0.255746	0.270785	0.263586	0.258282	0.269982	0.253437	0.255171	0.266564	0.326730	0.263972	0.258942	0.260432	0.255506	0.311218	0.254032	0.258227	
0.250193	0.268859	0.271624	0.273255	0.273359	0.268101	0.267203	0.274382	0.277243	0.263609	0.269782	0.253679	0.256944	0.277413	0.253592	0.343275	0.270842	0.277894	0.253710	0.273843	0.267796	0.270256	0.269340	0.272550	0.260702	0.279931	0.275457	0.278173	0.254499	0.255400	0.353485	0.325596	0.325959	0.257279	0.253310	0.256126	0.000000	0.268546	0.248503	0.274139	0.249338	0.252530	0.268074	0.270546	0.255997	0.270882	0.257111	0.276327	0.259503	0.257094	0.258142	0.264310	0.255602	0.255584	0.253866	0.260769	0.255187	0.255812	0.266494	0.251464	0.254064	0.276477	0.276947	0.253608	0.267803	0.253753	0.276820	0.281137	0.296942	0.275225	0.279364	0.276502	0.279582	0.258706	0.273625	0.255570	0.275178	0.258023	0.268557	0.271684	0.272346	0.260664	0.260065	0.261950	0.259170	0.274380	0.323035	0.259317	0.259546	0.256692	0.255281	0.258995	0.253330	0.379956	0.255172	0.276797	0.288198	0.284036	0.255619	0.279299	0.282826	0.254249	0.326297	0.254108	0.270002	0.268874	0.259132	0.253724	0.262867	0.252546	0.254181	0.260509	0.324988	0.258081	0.255695	0.249359	0.270215	0.314236	0.253826	0.252008	
