0.934074	-0.022976	-0.030486	-0.033238	-0.035434	-0.027515	-0.035851	-0.023232	-0.049452	-0.022834	-0.041176	0.012304	0.007075	-0.012602	0.023159	-0.111503	-0.034565	-0.035380	0.012402	-0.020646	-0.035299	-0.040686	-0.032004	-0.030906	-0.010558	-0.034132	-0.046943	-0.044454	0.022465	0.004662	-0.126474	-0.033290	-0.117958	0.022049	0.017121	0.015731	0.015556	-0.028941	0.011656	-0.030682	0.015413	0.029988	-0.034947	-0.039195	0.024669	-0.024817	0.013804	-0.037704	0.015791	0.019650	0.009847	0.002111	0.017244	0.003159	0.017858	0.018796	0.014741	0.016687	-0.013242	0.036993	0.048375	-0.020135	-0.040274	0.028051	-0.002624	0.027573	-0.040561	-0.033603	-0.073173	-0.033394	-0.039051	-0.036175	-0.033378	0.015107	-0.028477	0.022158	-0.019484	0.019828	-0.034941	-0.036582	-0.029766	0.021185	0.021936	-0.009503	0.010502	-0.039368	-0.077708	0.020143	0.015830	0.019220	0.020750	0.018231	0.027035	-0.089823	0.026590	-0.032063	-0.029628	-0.022171	0.007829	-0.028758	-0.030160	0.003830	-0.098941	0.021711	-0.037656	-0.013773	-0.022464	0.026681	-0.003469	0.022095	0.027985	0.022252	-0.100381	-0.002804	0.003117	0.005884	-0.033196	-0.064613	0.034573	0.008153	
-0.022976	0.996822	0.017246	0.015317	-0.002410	0.003672	0.011827	0.016846	0.007848	-0.000725	0.002340	-0.033676	-0.013301	0.012032	-0.026533	-0.141993	0.019511	-0.003661	-0.034574	0.014382	0.028478	0.032720	0.011902	0.013401	-0.010327	-0.014942	0.013709	0.003977	-0.025230	-0.023211	-0.121132	-0.104710	-0.130209	-0.017269	-0.014549	-0.004466	-0.018167	0.039010	-0.026762	0.022243	-0.015212	-0.029539	0.005100	-0.022256	-0.029119	0.004247	-0.015573	0.004518	-0.028672	-0.039805	-0.039904	-0.004481	-0.007292	-0.019307	-0.034704	-0.022828	-0.037734	-0.031416	0.122026	-0.017969	-0.027494	0.016386	0.026585	-0.017938	-0.018362	-0.010472	0.015850	0.012047	-0.009663	-0.017087	-0.019010	-0.006920	-0.026344	-0.027107	0.003853	-0.025659	0.005052	-0.010791	-0.016853	-0.008103	-0.009150	-0.012835	-0.021632	-0.018149	-0.005693	0.018155	-0.074308	-0.040557	-0.034430	-0.041064	-0.030200	-0.031294	-0.001570	-0.159749	-0.019531	-0.003214	-0.029987	-0.031603	-0.029255	0.002126	-0.010818	-0.027484	-0.110234	-0.025770	0.016366	0.037448	0.030953	-0.016826	0.025652	-0.006213	0.009928	-0.006514	-0.101745	0.014252	0.033586	-0.023521	0.014842	-0.083739	-0.027443	-0.022220	
-0.030486	0.017246	1.027436	0.026130	0.018337	0.553592	0.033947	0.023840	0.020188	-0.020612	0.023878	-0.033159	-0.033810	0.030425	-0.041098	-0.141375	0.017593	0.044206	-0.046248	0.005656	0.021376	0.030629	0.031814	0.029518	0.011442	0.014379	0.028665	0.033336	-0.048952	-0.043178	-0.133671	-0.118877	-0.118058	-0.048916	-0.042149	-0.011010	-0.014413	0.017850	-0.046029	0.024915	-0.034565	-0.022112	0.019516	0.030954	-0.046520	0.019776	-0.031979	0.019295	-0.042794	-0.043081	-0.035763	-0.016379	-0.063142	-0.045579	-0.047515	-0.032571	-0.049291	-0.032958	-0.006722	-0.037450	-0.038679	0.035972	0.047075	-0.037956	-0.003508	-0.034984	0.014959	0.029660	0.017181	0.019953	0.001814	0.010178	0.001872	-0.045959	0.024843	-0.037627	0.014610	-0.045903	0.006786	0.011398	0.008899	-0.036788	-0.052495	-0.033987	-0.039105	0.023632	-0.062915	-0.048505	-0.053004	-0.046294	-0.055052	-0.033983	-0.041855	-0.135638	-0.026367	0.020704	-0.016416	-0.045119	-0.050464	0.016391	-0.044840	-0.025888	-0.082699	-0.032878	0.016664	-0.020298	0.005159	-0.055873	-0.035157	-0.026806	-0.020409	-0.054250	-0.115252	-0.045338	-0.024356	-0.024059	0.027815	-0.060191	-0.037589	-0.031004	
-0.033238	0.015317	0.026130	0.973116	0.029860	0.031491	0.039678	0.013220	0.028948	0.003814	0.026677	-0.017808	-0.021748	0.035225	-0.047837	-0.108727	0.027451	0.023825	-0.040669	0.013489	0.034838	0.019121	0.034982	0.027818	-0.008041	0.019252	0.018670	0.012672	-0.025022	-0.026681	-0.151833	-0.096925	-0.123887	-0.031920	-0.029372	-0.001221	-0.034719	0.024956	-0.003901	0.026090	-0.038175	-0.027577	0.031940	0.031822	-0.039464	0.039198	-0.034083	0.023739	-0.024784	-0.032080	-0.030238	-0.002051	-0.034398	-0.038320	-0.017319	-0.031246	-0.033423	-0.015106	0.013287	-0.029529	-0.023454	0.030261	0.029012	-0.023645	-0.003611	-0.033841	0.024287	0.028824	0.005034	0.002946	0.014424	0.009600	0.010148	-0.040486	0.032947	-0.024641	0.024551	-0.033615	0.025145	0.019692	0.025898	-0.022542	-0.032151	-0.040223	-0.019773	0.042271	-0.047777	-0.044264	-0.035328	-0.051011	-0.035974	-0.045502	-0.037185	-0.138372	-0.015062	0.011744	-0.026018	-0.053292	-0.035554	0.006485	-0.028578	-0.033612	-0.098816	-0.016172	0.016905	-0.031240	0.016280	-0.031755	-0.037353	-0.042878	-0.011577	-0.041342	-0.105356	-0.042626	-0.027271	-0.028890	0.031008	-0.095542	-0.021996	-0.032477	
-0.035434	-0.002410	0.018337	0.029860	1.007795	0.005619	0.028294	0.018949	0.025890	-0.013593	0.032696	-0.022762	-0.026811	0.037278	-0.040384	-0.085938	0.021337	0.016140	-0.037990	0.021587	0.023461	0.025118	0.024362	0.019730	0.001206	0.045844	0.034189	0.027971	-0.021341	-0.024003	-0.131790	-0.118257	-0.117715	-0.021985	-0.024813	0.002855	-0.025973	0.026966	-0.038980	0.042606	-0.023167	-0.032384	0.039710	0.030937	-0.020651	0.026109	-0.028592	0.033462	-0.026533	-0.037418	-0.033362	0.006713	-0.026109	-0.022939	-0.001899	-0.027574	-0.043754	-0.051329	0.004291	-0.017294	-0.024798	0.024842	0.024541	-0.023136	0.001206	-0.032922	0.030450	0.012860	0.005148	0.022951	0.017338	0.027794	0.026974	-0.035622	0.001250	-0.019412	0.007159	-0.040073	0.022357	0.019972	0.038919	-0.030345	-0.041124	-0.017662	-0.034035	0.023279	-0.089583	-0.049762	-0.045575	-0.055471	-0.040858	-0.042675	-0.039173	-0.175472	-0.044076	0.040914	-0.029972	-0.040206	-0.038331	0.026623	-0.049117	-0.035970	-0.094229	-0.025338	0.017569	-0.031284	0.005018	-0.032495	-0.042943	-0.035028	-0.020252	-0.041879	-0.107248	-0.026151	-0.036712	-0.021095	0.029075	-0.069508	-0.032170	-0.027735	
-0.027515	0.003672	0.553592	0.031491	0.005619	0.992209	0.036582	0.022652	0.035043	-0.007628	0.028267	-0.031704	-0.039792	0.035668	-0.040767	-0.132250	0.013541	0.027341	-0.030141	0.011276	0.035691	0.029355	0.029324	0.005956	0.007430	0.026106	0.014799	0.022709	-0.038072	-0.041982	-0.134347	-0.102747	-0.136020	-0.049944	-0.037225	-0.010502	-0.017154	0.016201	-0.036848	0.038152	-0.037250	-0.028039	0.004532	0.020678	-0.034643	0.016403	-0.031194	0.036073	-0.034771	-0.033100	-0.033797	-0.013623	-0.041927	-0.035366	-0.029845	-0.033997	-0.062524	-0.028232	-0.001321	-0.031167	-0.029981	0.030226	0.026997	-0.037455	-0.003220	-0.018547	0.012130	0.015163	0.001570	0.015717	0.006277	0.009591	0.003532	-0.025061	0.025418	-0.031667	0.017679	-0.028671	0.006139	0.020654	0.000040	-0.048348	-0.054568	-0.023881	-0.034773	0.031574	-0.078104	-0.047609	-0.055143	-0.056196	-0.040127	-0.037674	-0.034337	-0.187654	-0.031762	0.026675	-0.026386	-0.062076	-0.050022	-0.005181	-0.031351	-0.015743	-0.102949	-0.041499	0.011102	-0.026206	-0.006596	-0.050241	-0.035252	-0.028422	-0.030899	-0.032727	-0.140337	-0.046597	-0.024061	-0.022586	0.017584	-0.096967	-0.022044	-0.042106	
-0.035851	0.011827	0.033947	0.039678	0.028294	0.036582	0.947713	0.040168	0.026968	0.002882	0.020813	-0.019879	-0.024544	0.025781	-0.034226	-0.138231	0.025805	0.025497	-0.023858	0.036324	0.024244	0.037972	0.032953	0.023300	0.009009	0.016423	0.025687	0.026508	-0.035444	-0.029295	-0.143399	-0.113571	-0.139637	-0.040543	-0.033477	0.007795	-0.022205	0.028993	-0.023590	0.032931	-0.028485	-0.035671	0.019576	0.035422	-0.028496	0.041928	-0.042478	0.026829	-0.062004	-0.044216	-0.048991	-0.008791	-0.032270	-0.034106	-0.040126	-0.022018	-0.027553	-0.031621	0.002772	-0.038959	-0.013561	0.015258	0.025955	-0.037275	0.017835	-0.031822	0.036770	0.015477	0.030854	0.017054	0.008484	0.011492	0.002139	-0.022972	0.052883	-0.031030	0.032982	-0.042519	0.038853	0.042839	0.024539	-0.028708	-0.054002	-0.029848	-0.042645	0.028847	-0.078545	-0.038583	-0.049556	-0.043869	-0.040860	-0.040329	-0.039552	-0.169033	-0.047587	0.027742	-0.001311	-0.038773	-0.042929	0.032021	-0.020172	-0.027729	-0.074187	-0.028212	0.037267	-0.033153	-0.013602	-0.027278	-0.028539	-0.019659	-0.019787	-0.035323	-0.117683	-0.026866	-0.025360	-0.042933	0.049353	-0.084975	-0.037160	-0.042487	
-0.023232	0.016846	0.023840	0.013220	0.018949	0.022652	0.040168	0.994651	0.036801	-0.000900	0.040648	-0.023598	-0.042755	0.035678	-0.028041	-0.108817	0.041575	0.022720	-0.038946	0.043211	0.023805	0.032422	0.028077	0.024557	-0.015392	0.021184	0.022598	0.024058	-0.049030	-0.023762	-0.140214	-0.052896	-0.099760	-0.017966	-0.034696	0.003619	-0.036119	0.020954	-0.034362	0.028914	-0.029209	-0.016813	0.041814	0.047087	-0.032666	0.030130	-0.033477	0.005989	-0.035781	-0.024464	-0.027996	-0.004162	-0.013812	-0.031673	-0.044162	-0.031930	-0.030299	-0.029851	-0.007832	-0.042039	-0.013882	0.027331	0.035768	-0.029782	-0.004138	-0.035697	0.017931	0.017924	0.028510	0.003088	0.006013	0.017343	0.004327	-0.039501	0.021624	-0.041138	0.028077	-0.028852	0.013331	0.025922	0.025803	-0.024640	-0.029869	-0.039188	-0.018051	0.030908	-0.104164	-0.031151	-0.043859	-0.044645	-0.042832	-0.047093	-0.028239	-0.159623	-0.028057	0.029285	0.009543	-0.051372	-0.018950	0.025193	-0.060392	-0.051847	-0.065722	-0.040051	0.019420	-0.011563	0.004112	-0.037744	-0.023538	-0.040257	-0.034252	-0.035641	-0.078651	-0.030478	-0.035275	-0.042196	0.034489	-0.087037	-0.046984	-0.024911	
-0.049452	0.007848	0.020188	0.028948	0.025890	0.035043	0.026968	0.036801	0.989974	0.002879	0.041616	-0.025467	-0.035831	0.037600	-0.025755	-0.074945	0.018840	0.015700	-0.048156	0.015918	0.021331	0.011902	0.019415	0.008627	0.009121	0.023171	0.015468	0.014004	-0.013698	-0.024363	-0.083516	-0.063744	-0.101730	-0.021221	-0.025038	0.007984	-0.039839	0.035214	-0.048580	0.028799	-0.025788	-0.035907	0.035811	0.046115	-0.048651	0.044590	-0.029566	0.014077	-0.048390	-0.049916	-0.044215	-0.015898	-0.041256	-0.033376	-0.021961	-0.036468	-0.045984	-0.037203	0.001482	-0.032070	-0.027608	0.033648	0.039687	-0.031724	0.002687	-0.049176	0.027008	0.018153	0.010162	0.007150	0.016941	0.026102	0.013620	-0.034592	0.037656	-0.031968	0.025871	-0.042803	0.012679	0.014386	0.023129	-0.019215	-0.024026	-0.034480	-0.015060	0.018620	-0.067133	-0.031385	-0.034714	-0.028834	-0.021909	-0.023597	-0.038417	-0.116711	-0.030249	0.028470	0.018912	-0.042825	-0.020214	0.008937	-0.052269	-0.029685	-0.087667	-0.037281	0.013505	-0.022023	0.017016	-0.040111	-0.026519	-0.023534	-0.017049	-0.028183	-0.068971	-0.037571	-0.025204	-0.026314	0.022626	-0.065230	-0.039814	-0.038805	
-0.022834	-0.000725	-0.020612	0.003814	-0.013593	-0.007628	0.002882	-0.000900	0.002879	1.003040	0.007077	0.012721	0.006722	0.009350	-0.003357	0.002616	0.008264	0.019249	-0.014437	-0.007281	-0.012284	-0.002444	-0.002675	0.004238	-0.017955	-0.003770	-0.003558	-0.000178	0.002824	-0.012433	-0.036724	-0.019036	-0.015003	-0.012650	-0.009817	0.002825	-0.004405	0.004522	-0.029457	-0.006718	-0.012322	0.001685	0.000345	-0.000533	-0.012033	-0.003582	-0.015499	-0.002506	-0.037281	-0.047505	-0.020751	-0.006638	-0.013398	-0.010689	-0.024732	-0.023344	-0.016090	-0.010395	-0.015925	0.006229	-0.006529	0.012808	0.012458	-0.010218	-0.004583	-0.016875	-0.009175	-0.013127	-0.002535	-0.032473	-0.013747	-0.015939	-0.013469	-0.011530	-0.017146	-0.016762	-0.010828	-0.007410	-0.005009	-0.005473	-0.011114	-0.018822	-0.012418	-0.005044	-0.022879	0.012759	-0.033689	-0.026332	-0.025497	-0.037486	-0.028574	0.017834	-0.017036	-0.012146	-0.020788	0.007897	-0.039615	-0.000120	-0.002620	0.028564	0.013166	-0.016424	-0.027812	-0.009043	-0.002508	-0.019637	-0.011504	-0.009189	-0.014223	-0.026764	-0.004453	-0.005558	-0.050621	-0.016778	-0.006391	-0.013035	-0.008162	-0.015176	-0.029524	-0.007578	
-0.041176	0.002340	0.023878	0.026677	0.032696	0.028267	0.020813	0.040648	0.041616	0.007077	0.952890	-0.028786	-0.035845	0.033458	-0.029614	-0.032163	0.006959	0.039111	-0.048387	0.035149	0.028016	0.034046	0.040665	0.048154	0.015653	0.036762	0.041704	0.044178	-0.053626	-0.037538	-0.092571	-0.092051	-0.081915	-0.038788	-0.039467	-0.005336	-0.030009	0.035566	-0.021221	0.043356	-0.035288	-0.042623	0.024853	0.035465	-0.039215	0.020529	-0.043708	0.022129	-0.043068	-0.046991	-0.044937	-0.020570	-0.037165	-0.026099	-0.033303	-0.023204	-0.039531	-0.035395	0.014986	-0.037518	-0.045990	0.014334	0.024975	-0.042877	0.020652	-0.035642	0.024365	0.027818	0.029734	0.019734	0.021250	0.032475	0.026138	-0.046669	0.037941	-0.039351	0.027312	-0.024838	0.016523	0.014672	0.015269	-0.028037	-0.039615	-0.030843	-0.021496	0.024849	-0.065480	-0.041902	-0.040062	-0.038030	-0.049196	-0.037434	-0.055991	-0.121467	-0.028871	0.032332	-0.002176	-0.045652	-0.036116	0.031041	-0.055204	-0.033488	-0.071438	-0.029810	0.039399	-0.042166	-0.002795	-0.030538	-0.018331	-0.030965	-0.020200	-0.028903	-0.092566	-0.027997	-0.039435	-0.024442	0.010125	-0.047538	-0.036755	-0.038377	
0.012304	-0.033676	-0.033159	-0.017808	-0.022762	-0.031704	-0.019879	-0.023598	-0.025467	0.012721	-0.028786	0.941497	0.021783	-0.037606	0.010976	-0.114228	-0.030917	-0.040983	0.018414	-0.033491	-0.032893	-0.042407	-0.028026	-0.043878	-0.006113	-0.048593	-0.047631	-0.054038	0.018203	0.016751	-0.116984	-0.076222	-0.099250	0.023722	0.039395	0.004641	0.013910	-0.033212	0.011852	-0.041811	0.008667	0.029240	-0.035380	-0.035130	0.005028	-0.035469	0.030690	-0.023089	0.007236	0.002818	0.003234	0.005132	0.028247	0.022420	0.014352	0.014494	0.010294	0.000677	-0.018061	0.020955	0.003399	-0.025235	-0.031097	0.043828	-0.019349	0.015849	-0.037633	-0.031906	-0.057722	-0.052995	-0.022449	-0.036527	-0.033138	0.014577	-0.028679	0.023717	-0.028726	0.022687	-0.029149	-0.038589	-0.012866	0.021488	0.013696	0.014608	0.020837	-0.043388	-0.086013	0.016739	0.013983	0.012224	0.026458	0.019701	0.014228	-0.125276	0.019844	-0.034036	-0.059989	-0.023724	0.020579	-0.046463	-0.023626	0.010670	-0.082867	0.024250	-0.037168	0.001910	-0.023761	0.017579	-0.003187	0.042631	0.015431	0.020941	-0.059952	0.005710	0.006545	0.016862	-0.028012	-0.056158	0.007530	0.017119	
0.007075	-0.013301	-0.033810	-0.021748	-0.026811	-0.039792	-0.024544	-0.042755	-0.035831	0.006722	-0.035845	0.021783	0.964310	-0.058566	0.015484	-0.106491	-0.029786	-0.054300	0.004542	-0.039573	-0.037378	-0.041623	-0.035058	-0.037310	-0.014458	-0.028322	-0.057320	-0.062264	0.028080	0.011714	-0.097993	-0.022195	-0.074123	0.005412	0.016721	-0.007950	0.003083	-0.021698	0.011843	-0.037047	0.030438	0.022771	-0.018804	-0.010231	0.027191	-0.035526	0.030540	-0.031297	0.004176	0.008301	0.009297	-0.014403	0.019833	0.034113	0.031995	0.007933	0.007426	0.019989	-0.026118	0.025192	0.019652	-0.026330	-0.030126	0.035668	-0.018759	0.009814	-0.043994	-0.040979	-0.044788	-0.049084	-0.041436	-0.044649	-0.043114	0.000491	-0.024506	0.000546	-0.034297	0.032393	-0.022546	-0.035082	-0.032852	0.031227	0.026584	0.029935	0.003877	-0.030992	-0.009446	0.025319	0.005353	0.023304	0.017019	0.021143	0.012366	-0.064381	0.009998	-0.027753	-0.027078	-0.021893	0.014510	-0.031728	-0.000243	0.009988	-0.044245	0.010347	-0.024491	0.008139	-0.017074	-0.001744	-0.000413	0.029914	0.018884	0.014669	-0.053924	0.007945	0.001009	-0.002501	-0.018963	-0.035501	0.009598	0.016342	
-0.012602	0.012032	0.030425	0.035225	0.037278	0.035668	0.025781	0.035678	0.037600	0.009350	0.033458	-0.037606	-0.058566	0.971306	-0.040054	-0.069414	0.046363	0.032853	-0.040549	0.016275	0.034549	0.036755	0.036361	0.032198	-0.001874	0.027571	0.041540	0.041624	-0.031086	-0.045925	-0.106195	-0.125441	-0.115231	-0.038335	-0.046399	-0.017354	-0.044812	0.035219	-0.026467	0.050966	-0.032161	-0.021247	0.038995	0.024302	-0.024562	0.016046	-0.029339	0.036755	-0.039566	-0.047410	-0.046030	-0.002352	-0.035952	-0.042147	-0.024486	-0.055670	-0.030512	-0.048996	0.004619	-0.030703	-0.032988	0.019803	0.036867	-0.036166	0.009880	-0.013981	0.029412	0.026627	0.009200	0.006316	0.016061	0.006399	0.006106	-0.041515	0.019803	-0.034489	0.026723	-0.041317	0.013007	0.014053	0.034902	-0.028075	-0.040473	-0.040591	-0.030873	0.033478	-0.098530	-0.042137	-0.039848	-0.034042	-0.026554	-0.057202	-0.036425	-0.159065	-0.030834	0.050776	-0.003463	-0.032574	-0.024124	0.026351	-0.049342	-0.025021	-0.088485	-0.035732	0.008240	-0.035979	-0.001117	-0.032190	-0.022793	-0.032204	-0.022607	-0.033073	-0.105009	-0.025053	-0.025435	-0.016258	0.031130	-0.096768	-0.025170	-0.034496	
0.023159	-0.026533	-0.041098	-0.047837	-0.040384	-0.040767	-0.034226	-0.028041	-0.025755	-0.003357	-0.029614	0.010976	0.015484	-0.040054	1.007732	0.009779	-0.028154	-0.013729	-0.004878	-0.030233	-0.022820	-0.041900	-0.026813	-0.030073	-0.007347	-0.042278	-0.045870	-0.038631	0.014330	0.008656	0.018514	-0.009290	0.007375	0.018145	0.024167	-0.012096	0.028701	-0.009745	-0.003117	-0.023476	0.010784	0.022455	-0.040217	-0.038475	-0.005013	-0.039768	0.008958	-0.015414	0.011411	-0.005825	-0.003782	0.001578	0.007566	0.002115	0.001758	0.018747	0.039925	0.009878	-0.016212	-0.002364	0.000173	-0.020709	-0.030248	0.030635	-0.012844	0.006141	-0.041286	-0.036758	-0.037145	-0.051621	-0.054963	-0.050220	-0.050388	-0.006003	-0.052050	0.007117	-0.040070	0.027889	-0.035124	-0.027991	-0.022636	0.008855	0.023095	0.037876	0.017222	-0.036297	0.027259	0.003365	-0.007434	-0.007769	0.023869	0.005335	0.021565	0.019380	0.021625	-0.021817	-0.027271	0.004670	0.019146	-0.044349	0.004135	0.011131	-0.015788	0.034138	-0.021980	-0.026681	-0.018683	0.020321	-0.007380	0.012274	-0.016211	0.027713	0.036766	-0.019804	-0.015385	0.013118	-0.042911	0.022526	0.020457	0.030468	
-0.111503	-0.141993	-0.141375	-0.108727	-0.085938	-0.132250	-0.138231	-0.108817	-0.074945	0.002616	-0.032163	-0.114228	-0.106491	-0.069414	0.009779	1.920436	0.003626	0.026936	-0.047886	-0.028896	-0.106908	-0.029095	-0.099056	-0.012727	-0.073985	0.059086	-0.105482	-0.036251	-0.078749	-0.078829	2.268742	1.425058	1.737755	-0.078558	-0.069673	-0.113610	-0.097012	-0.100586	-0.138255	-0.081294	-0.099599	-0.058152	-0.105895	-0.117171	-0.078987	-0.131503	-0.119286	-0.095909	-0.133866	-0.142899	-0.142601	-0.110018	-0.064527	-0.133810	-0.114121	-0.098646	-0.106993	-0.076863	-0.090349	-0.132338	-0.095048	-0.091311	-0.109633	-0.134250	-0.087777	-0.116049	-0.092039	-0.073437	0.388240	-0.015351	-0.115497	-0.102018	-0.070499	-0.054965	-0.112545	-0.072180	-0.117726	-0.092487	-0.069848	-0.083804	-0.119224	-0.092687	-0.056074	-0.004111	0.005550	-0.052197	1.281592	-0.121707	-0.088512	-0.117641	-0.090726	0.084332	-0.056356	2.187681	-0.073009	-0.062337	0.387323	0.407088	-0.068682	0.072293	0.350840	-0.112460	1.479173	-0.109051	-0.049556	-0.114680	-0.099783	-0.117496	-0.123643	-0.125081	-0.106988	-0.088958	1.479991	-0.108988	-0.116461	-0.115902	-0.093742	1.311674	-0.114967	-0.117697	
-0.034565	0.019511	0.017593	0.027451	0.021337	0.013541	0.025805	0.041575	0.018840	0.008264	0.006959	-0.030917	-0.029786	0.046363	-0.028154	0.003626	0.951778	0.030732	-0.051179	0.029983	0.034892	0.020387	0.018565	0.040431	0.000762	0.025461	0.017737	0.028122	-0.022623	-0.015648	-0.107126	-0.074019	-0.116818	-0.038588	-0.035852	0.015535	-0.030844	0.019358	-0.028743	0.020286	-0.026441	-0.032687	0.023752	0.007557	-0.043380	0.019390	-0.028290	0.023204	-0.042609	-0.037850	-0.031977	-0.017455	-0.024356	-0.022011	-0.034314	-0.031173	-0.027260	-0.029211	0.014612	-0.033087	-0.026488	0.033672	0.039325	-0.021721	0.003268	-0.017257	0.013236	0.019790	0.020701	0.017654	0.006071	0.009604	0.005171	-0.040583	0.028708	-0.037834	0.024735	-0.033919	0.006778	0.026025	0.028616	-0.048247	-0.022974	-0.025416	-0.045036	0.019687	-0.107337	-0.054762	-0.037451	-0.049363	-0.025768	-0.038693	-0.022087	-0.148798	-0.030158	0.022620	0.012887	-0.038156	-0.015400	0.029455	-0.058057	-0.032591	-0.063528	-0.045450	0.023392	-0.016036	-0.003668	-0.020064	-0.017707	-0.026225	-0.030287	-0.025042	-0.108533	-0.017556	-0.028415	-0.026756	0.034048	-0.062274	-0.040410	-0.035693	
-0.035380	-0.003661	0.044206	0.023825	0.016140	0.027341	0.025497	0.022720	0.015700	0.019249	0.039111	-0.040983	-0.054300	0.032853	-0.013729	0.026936	0.030732	1.026880	-0.034066	0.032386	0.053075	0.026944	0.025019	0.036366	0.009769	0.019646	0.013672	0.014287	-0.039941	-0.029255	-0.015334	-0.028335	0.002827	-0.041741	-0.010664	0.002397	-0.039869	0.005820	-0.019722	0.030460	-0.029623	-0.045232	0.027039	0.043998	-0.029759	0.044778	-0.041892	0.044449	-0.047233	-0.052174	-0.043539	-0.015562	-0.020438	-0.040374	-0.030193	-0.028736	-0.059292	-0.038148	-0.012874	-0.050523	-0.020947	0.025104	0.021120	-0.049993	0.006605	-0.032950	0.015484	0.026520	0.026582	-0.006595	0.016319	0.004128	0.012543	-0.040294	0.014812	-0.042145	0.023297	-0.039480	0.028866	0.020982	0.035643	-0.051960	-0.035056	-0.033913	-0.055955	0.034930	-0.043206	-0.055156	-0.056673	-0.052246	-0.051221	-0.029076	-0.036837	-0.039142	-0.051692	0.058979	0.032293	-0.029819	-0.039134	0.056644	-0.032745	-0.033701	-0.030100	-0.025328	0.027825	-0.044466	-0.012427	-0.052779	-0.035442	-0.046874	-0.029578	-0.032633	-0.036824	-0.026802	-0.046336	-0.035899	0.031009	-0.003235	-0.039185	-0.027544	
0.012402	-0.034574	-0.046248	-0.040669	-0.037990	-0.030141	-0.023858	-0.038946	-0.048156	-0.014437	-0.048387	0.018414	0.004542	-0.040549	-0.004878	-0.047886	-0.051179	-0.034066	0.962439	-0.042659	-0.028868	-0.028082	-0.048956	-0.045327	-0.007241	-0.027828	-0.048834	-0.052448	0.015544	0.003107	-0.086557	-0.064852	-0.072510	0.007151	0.019136	-0.014718	0.010631	-0.042127	0.011553	-0.046420	0.009944	0.008944	-0.027275	-0.032214	0.010729	-0.032121	-0.001716	-0.040645	-0.003695	0.009050	0.002887	-0.014311	0.015034	0.001133	-0.000768	-0.000601	-0.005647	0.001319	-0.033505	0.014253	0.003334	-0.044023	-0.058435	0.008467	-0.007567	0.013347	-0.031115	-0.042075	-0.066963	-0.057889	-0.051697	-0.057550	-0.033747	0.484184	-0.046532	0.457638	-0.047567	-0.002864	-0.040682	-0.043720	-0.050214	0.017108	0.013135	0.032148	-0.008213	-0.041910	-0.067981	-0.004365	0.015043	0.001978	0.003425	0.003145	0.004785	-0.077391	0.011685	-0.044735	-0.051557	-0.006976	0.008624	-0.058709	-0.010187	0.014563	-0.073644	0.012436	-0.042419	-0.029505	-0.030005	0.006496	-0.022650	-0.008366	0.012900	0.012305	-0.069053	-0.016657	0.004548	0.023772	-0.043834	-0.055081	0.021491	0.000959	
-0.020646	0.014382	0.005656	0.013489	0.021587	0.011276	0.036324	0.043211	0.015918	-0.007281	0.035149	-0.033491	-0.039573	0.016275	-0.030233	-0.028896	0.029983	0.032386	-0.042659	0.945885	0.024257	0.018652	0.026878	0.033109	-0.000845	0.037567	0.024288	0.015924	-0.032305	-0.033377	-0.127686	-0.081066	-0.122495	-0.041094	-0.005701	-0.018239	-0.043979	0.035452	-0.030793	0.025012	-0.026159	-0.030659	0.030918	0.034347	-0.023514	0.016632	-0.029461	0.042190	-0.034015	-0.033113	-0.035281	0.005423	-0.039874	-0.039674	-0.023733	-0.033188	-0.033250	-0.036354	0.010259	-0.023462	-0.012952	0.031216	0.042733	-0.020025	0.013915	-0.033804	0.013481	0.020823	0.037048	0.006114	0.022028	0.022076	0.029887	-0.027812	0.015681	-0.040613	0.021322	-0.052955	0.025699	0.019769	0.014484	-0.028686	-0.027726	-0.051084	-0.035996	0.013395	-0.074297	-0.051559	-0.051292	-0.049897	-0.027429	-0.031024	-0.039372	-0.126138	-0.045706	0.023124	0.001532	-0.037231	-0.018925	0.038528	-0.050879	-0.023775	-0.079069	-0.029344	0.031702	-0.030809	-0.001924	-0.023161	-0.030696	-0.047358	-0.030429	-0.029436	-0.079795	-0.028602	-0.013652	-0.018969	0.024865	-0.065879	-0.029472	-0.025795	
-0.035299	0.028478	0.021376	0.034838	0.023461	0.035691	0.024244	0.023805	0.021331	-0.012284	0.028016	-0.032893	-0.037378	0.034549	-0.022820	-0.106908	0.034892	0.053075	-0.028868	0.024257	0.982587	0.017692	0.026935	-0.010510	0.006344	0.025688	0.024517	0.021733	-0.037975	-0.032188	-0.099341	-0.101278	-0.098144	-0.023847	-0.031524	0.004625	-0.013477	0.035905	-0.025140	0.016175	-0.027537	-0.035093	-0.001158	0.010478	-0.030808	0.037187	-0.030375	0.050487	-0.053345	-0.050144	-0.041623	-0.004240	-0.031310	-0.028995	-0.030429	-0.042444	-0.039611	-0.037097	0.017901	-0.034590	-0.028094	0.034209	0.036139	-0.033636	0.008830	-0.021127	0.011954	0.027390	0.027759	0.011690	0.018466	0.018362	0.025483	-0.027866	0.028469	-0.034234	0.005316	-0.028004	0.011511	0.026838	0.029630	-0.033596	-0.033809	-0.040640	-0.036957	0.031210	-0.057897	-0.055412	-0.055471	-0.066693	-0.023488	-0.032388	-0.019585	-0.136592	-0.047290	0.021672	0.010973	-0.001100	-0.048431	0.027345	-0.007645	-0.038842	-0.077367	-0.021934	0.029171	-0.030882	0.003267	-0.029931	-0.028832	-0.030613	-0.030806	-0.051561	-0.052266	-0.005913	-0.023597	-0.037552	0.022836	-0.051752	-0.018832	-0.044276	
-0.040686	0.032720	0.030629	0.019121	0.025118	0.029355	0.037972	0.032422	0.011902	-0.002444	0.034046	-0.042407	-0.041623	0.036755	-0.041900	-0.029095	0.020387	0.026944	-0.028082	0.018652	0.017692	0.987125	0.029292	0.024045	0.007577	0.012468	0.025188	0.021384	-0.039633	-0.042668	-0.044445	-0.072489	-0.047650	-0.035514	-0.039856	-0.002415	-0.017009	0.028980	-0.026000	0.028623	-0.024450	-0.032467	0.034379	0.032799	-0.032860	0.026608	-0.048478	0.010109	-0.054205	-0.047975	-0.047707	0.009444	-0.035765	-0.032162	-0.031493	-0.039142	-0.041042	-0.015608	0.004846	-0.028866	-0.023818	0.033968	0.020949	-0.035304	0.000261	-0.021651	0.041035	0.031120	0.016089	0.009158	-0.003497	-0.006282	-0.007775	-0.032495	0.037125	-0.033267	0.031867	-0.029912	0.027626	0.029551	0.038250	-0.038346	-0.032223	-0.023281	-0.034501	0.028678	-0.034218	-0.045155	-0.038406	-0.043989	-0.031933	-0.030180	-0.046862	-0.102158	-0.030470	0.054149	0.003741	-0.038686	-0.049464	0.017366	-0.032275	-0.020054	-0.056194	-0.043423	0.015226	-0.036126	0.004604	-0.023392	-0.027040	-0.038169	-0.030089	-0.038841	-0.068617	-0.016268	-0.027379	-0.033009	0.011968	-0.050666	-0.033125	-0.040121	
-0.032004	0.011902	0.031814	0.034982	0.024362	0.029324	0.032953	0.028077	0.019415	-0.002675	0.040665	-0.028026	-0.035058	0.036361	-0.026813	-0.099056	0.018565	0.025019	-0.048956	0.026878	0.026935	0.029292	0.967639	0.029863	0.017066	0.037503	0.021304	0.018279	-0.018860	-0.027329	-0.172713	-0.110984	-0.112073	-0.039180	-0.038740	-0.000818	-0.023833	0.012490	-0.027351	0.035997	-0.019940	-0.033452	0.022896	0.020191	-0.023621	0.012489	-0.028500	0.040152	-0.033282	-0.032772	-0.039790	0.005222	-0.023367	-0.032363	-0.038942	-0.032032	-0.033195	-0.020031	0.002712	-0.026674	-0.033486	0.016465	0.035692	-0.038415	-0.005588	-0.029999	0.024682	0.020751	0.012215	-0.006819	0.016842	0.010272	0.002163	-0.042407	0.049513	-0.046013	0.042248	-0.022882	0.014099	0.003615	0.037387	-0.038798	-0.032542	-0.030678	-0.028917	0.027264	-0.068381	-0.037603	-0.046159	-0.051923	-0.019856	-0.039274	-0.038595	-0.190545	-0.020832	0.033032	-0.012259	-0.065329	-0.022613	0.011003	-0.045753	-0.032437	-0.100061	-0.036354	0.042493	-0.017448	0.018541	-0.038298	-0.028077	-0.023982	-0.035697	-0.026995	-0.123679	-0.032252	-0.015221	-0.038542	0.025663	-0.100697	-0.014370	-0.022204	
-0.030906	0.013401	0.029518	0.027818	0.019730	0.005956	0.023300	0.024557	0.008627	0.004238	0.048154	-0.043878	-0.037310	0.032198	-0.030073	-0.012727	0.040431	0.036366	-0.045327	0.033109	-0.010510	0.024045	0.029863	0.988880	-0.007980	0.046626	0.032362	0.018002	-0.033080	-0.035754	-0.045529	-0.042084	-0.047921	-0.042725	-0.054173	-0.004074	-0.020696	0.006147	-0.034988	0.020810	-0.017723	-0.035893	0.025555	0.010903	-0.024481	0.014848	-0.035726	0.015956	-0.046207	-0.046116	-0.048621	-0.006572	-0.010712	-0.018825	-0.038814	-0.047276	-0.035301	-0.030025	0.012473	-0.027645	-0.019330	0.036229	0.017482	-0.030401	-0.001146	-0.039033	0.023496	0.026172	0.022228	-0.005237	0.013936	0.006095	-0.001214	-0.046285	0.031151	-0.043102	0.026165	-0.020957	0.020425	0.028734	0.031995	-0.033473	-0.026757	-0.027117	-0.040015	0.033310	-0.084807	-0.058048	-0.056063	-0.049410	-0.036226	-0.031524	-0.030657	-0.058753	-0.026782	0.041105	0.048407	-0.020489	-0.034863	0.038619	-0.016369	-0.024906	-0.033836	-0.042842	0.010784	-0.043812	-0.000101	-0.024941	-0.011000	-0.041955	-0.017006	-0.034366	-0.028742	-0.025140	-0.018931	-0.020351	0.031136	-0.056288	-0.033040	-0.047982	
-0.010558	-0.010327	0.011442	-0.008041	0.001206	0.007430	0.009009	-0.015392	0.009121	-0.017955	0.015653	-0.006113	-0.014458	-0.001874	-0.007347	-0.073985	0.000762	0.009769	-0.007241	-0.000845	0.006344	0.007577	0.017066	-0.007980	0.928930	-0.006705	-0.018850	-0.019740	-0.002411	-0.007161	-0.108667	-0.031775	-0.070334	-0.014887	-0.013032	-0.001868	-0.012256	0.003364	-0.018386	0.000555	-0.009289	-0.008606	0.008701	-0.012325	-0.009835	-0.010057	-0.006122	0.005761	-0.014582	-0.017562	-0.016710	0.003386	-0.002862	-0.003071	-0.006351	0.002442	-0.004783	0.000368	-0.022406	0.000460	0.010189	0.010566	-0.006483	-0.008106	0.001306	-0.012816	0.008074	0.007377	-0.008552	-0.019010	-0.018837	-0.016671	-0.021850	-0.023495	-0.025694	-0.015272	-0.022586	-0.015342	0.003584	-0.006365	-0.012346	-0.017945	-0.011765	-0.014175	-0.003434	-0.002986	-0.043159	-0.012572	-0.028205	-0.003941	-0.006205	-0.011038	-0.002010	-0.099211	-0.011032	-0.002603	-0.029702	-0.015617	-0.021546	-0.008012	-0.029939	0.012424	-0.054995	-0.006677	0.005484	-0.021875	-0.015636	-0.000668	-0.028510	-0.000869	0.000178	0.008317	-0.042230	-0.034050	-0.046710	-0.013423	-0.014840	-0.021746	-0.014673	0.001139	
-0.034132	-0.014942	0.014379	0.019252	0.045844	0.026106	0.016423	0.021184	0.023171	-0.003770	0.036762	-0.048593	-0.028322	0.027571	-0.042278	0.059086	0.025461	0.019646	-0.027828	0.037567	0.025688	0.012468	0.037503	0.046626	-0.006705	1.051574	0.029710	0.013200	-0.045642	-0.045379	0.053660	0.021759	0.027174	-0.028842	-0.044248	-0.010854	-0.040634	0.022876	-0.048189	0.034035	-0.035808	-0.039532	0.026691	0.022502	-0.046900	0.032026	-0.043207	0.029627	-0.044883	-0.061468	-0.041603	-0.006675	-0.039746	-0.031204	-0.039684	-0.053410	-0.037567	-0.048769	-0.026408	-0.028396	-0.031027	0.029795	0.005840	-0.037848	0.007398	-0.038628	0.015440	0.015550	0.036277	0.018329	0.015211	0.018220	0.006037	-0.038053	0.031095	-0.026787	0.032286	-0.038115	0.012461	0.019748	0.011484	-0.043631	-0.042146	-0.030097	-0.033816	0.022130	-0.023741	-0.056605	-0.042166	-0.056764	-0.042087	-0.019418	-0.049080	0.044892	-0.032374	0.032577	0.033215	-0.035175	-0.034087	0.045451	-0.013893	-0.027232	0.021480	-0.050855	0.039512	-0.024493	-0.018261	-0.035960	-0.019902	-0.044252	-0.030287	-0.050397	0.044583	-0.039779	-0.025896	-0.034867	0.039507	0.019777	-0.041888	-0.036873	
-0.046943	0.013709	0.028665	0.018670	0.034189	0.014799	0.025687	0.022598	0.015468	-0.003558	0.041704	-0.047631	-0.057320	0.041540	-0.045870	-0.105482	0.017737	0.013672	-0.048834	0.024288	0.024517	0.025188	0.021304	0.032362	-0.018850	0.029710	1.037129	0.559963	-0.039103	-0.048516	-0.150728	-0.114259	-0.121726	-0.054357	-0.029021	0.001497	-0.028520	0.015592	-0.027102	0.018429	-0.040051	-0.031884	0.020199	0.036177	-0.033941	0.025177	-0.048662	0.024761	-0.032766	-0.041365	-0.041253	-0.005619	-0.037163	-0.030291	-0.037358	-0.056232	-0.047999	-0.035085	0.026115	-0.030647	-0.053470	0.023852	0.009219	-0.039780	0.009439	-0.035619	0.050408	0.038526	0.007077	0.055423	0.016362	0.021957	0.011043	-0.057411	0.020140	-0.042894	0.028983	-0.044762	0.031042	0.024988	0.014965	-0.042783	-0.045944	-0.043864	-0.025582	0.032223	-0.136717	-0.054988	-0.049201	-0.042942	-0.052777	-0.058779	-0.044146	-0.165782	-0.054036	0.011024	-0.012598	-0.070698	-0.056141	0.024093	-0.056221	-0.020456	-0.094176	-0.056836	0.015902	-0.045079	-0.012524	-0.046865	-0.030801	-0.038350	-0.033779	-0.049968	-0.113645	-0.014673	-0.025756	-0.037678	0.049036	-0.084192	-0.036111	-0.030554	
-0.044454	0.003977	0.033336	0.012672	0.027971	0.022709	0.026508	0.024058	0.014004	-0.000178	0.044178	-0.054038	-0.062264	0.041624	-0.038631	-0.036251	0.028122	0.014287	-0.052448	0.015924	0.021733	0.021384	0.018279	0.018002	-0.019740	0.013200	0.559963	1.019310	-0.042840	-0.044044	-0.108673	-0.088637	-0.089379	-0.050267	-0.025047	-0.011610	-0.041098	0.010820	-0.036819	0.012152	-0.031993	-0.020476	0.017953	0.034912	-0.041005	0.011924	-0.043451	0.032801	-0.038945	-0.026725	-0.034154	-0.015736	-0.024929	-0.034333	-0.034708	-0.046344	-0.044591	-0.047662	0.024961	-0.046837	-0.040184	0.035618	0.007318	-0.049404	0.008116	-0.029983	0.027786	0.036141	0.009632	0.063953	-0.007784	0.004394	0.003683	-0.055784	0.009222	-0.039397	0.023835	-0.038857	0.024514	0.025492	0.017347	-0.046102	-0.036452	-0.031325	-0.032462	0.029396	-0.091145	-0.048128	-0.047043	-0.053990	-0.045936	-0.042796	-0.033485	-0.127814	-0.051123	0.009883	-0.002477	-0.032514	-0.046646	0.038506	-0.063456	-0.033834	-0.072812	-0.047187	0.025469	-0.037062	-0.000663	-0.048858	-0.042760	-0.045310	-0.043345	-0.047833	-0.079343	-0.012352	-0.036505	-0.038155	0.038798	-0.053444	-0.036318	-0.033444	
0.022465	-0.025230	-0.048952	-0.025022	-0.021341	-0.038072	-0.035444	-0.049030	-0.013698	0.002824	-0.053626	0.018203	0.028080	-0.031086	0.014330	-0.078749	-0.022623	-0.039941	0.015544	-0.032305	-0.037975	-0.039633	-0.018860	-0.033080	-0.002411	-0.045642	-0.039103	-0.042840	0.968164	-0.000789	-0.080769	-0.025139	-0.028048	0.000830	0.020363	-0.023054	0.020752	-0.018890	0.022313	-0.032639	0.010957	0.017331	-0.033993	-0.033521	0.012980	-0.038804	0.017336	-0.041116	-0.008421	0.008053	0.017260	0.006041	0.037691	0.022737	0.025271	-0.000169	0.028464	0.020170	-0.033141	0.008316	0.024331	-0.039159	-0.042786	0.018264	-0.029094	0.025965	-0.045167	-0.038112	-0.047738	-0.053965	-0.031140	-0.052699	-0.048359	0.014507	-0.031785	0.017553	-0.025200	0.011485	-0.035970	-0.036350	-0.041922	0.000802	0.024030	0.007107	0.024317	-0.042491	-0.031908	0.027037	0.027283	0.016967	0.016878	0.009419	0.037223	-0.048009	0.042626	-0.029454	-0.017018	-0.012936	0.019270	-0.030415	-0.029457	0.024105	-0.040356	0.015123	-0.019568	-0.017074	-0.022734	0.030662	-0.010009	0.015609	0.002248	0.006907	-0.074101	0.015705	-0.012043	0.024388	-0.037225	-0.026224	0.019324	0.032021	
0.004662	-0.023211	-0.043178	-0.026681	-0.024003	-0.041982	-0.029295	-0.023762	-0.024363	-0.012433	-0.037538	0.016751	0.011714	-0.045925	0.008656	-0.078829	-0.015648	-0.029255	0.003107	-0.033377	-0.032188	-0.042668	-0.027329	-0.035754	-0.007161	-0.045379	-0.048516	-0.044044	-0.000789	0.959359	0.005253	0.012565	-0.019805	0.001884	0.009673	-0.011603	0.005182	-0.040257	0.009981	-0.038287	0.008048	0.024201	-0.033619	-0.034641	-0.002760	-0.034087	0.020688	-0.032947	-0.002699	0.001744	-0.000990	0.002905	0.011959	0.034846	0.014088	0.451304	0.005067	-0.007322	0.005684	0.004735	0.010295	-0.030989	-0.040632	0.019659	-0.006261	0.011365	-0.038900	-0.040772	-0.048346	-0.020807	-0.028159	-0.027511	-0.030148	0.001399	-0.039439	-0.007299	-0.046852	-0.001667	-0.040758	-0.043221	-0.027201	0.009806	0.005317	0.002925	-0.005819	-0.043192	-0.056115	-0.002786	-0.009308	0.002889	-0.001846	0.002819	0.018459	-0.097928	-0.014021	-0.026721	-0.022219	-0.018826	0.009471	-0.052204	-0.013057	0.009268	-0.044683	0.019078	-0.030732	-0.008633	-0.022395	0.017273	-0.007346	0.004331	0.000215	0.013541	-0.074984	0.000138	0.001253	0.016907	-0.034418	-0.047956	0.023072	0.002777	
-0.126474	-0.121132	-0.133671	-0.151833	-0.131790	-0.134347	-0.143399	-0.140214	-0.083516	-0.036724	-0.092571	-0.116984	-0.097993	-0.106195	0.018514	2.268742	-0.107126	-0.015334	-0.086557	-0.127686	-0.099341	-0.044445	-0.172713	-0.045529	-0.108667	0.053660	-0.150728	-0.108673	-0.080769	0.005253	2.056523	1.545477	1.912708	-0.053283	-0.036554	-0.108099	-0.098776	-0.125249	-0.119327	-0.104259	-0.125789	-0.106955	-0.171991	-0.153364	-0.077155	-0.141221	-0.115825	-0.160230	-0.114284	-0.087913	-0.108876	-0.100172	-0.097884	-0.125483	-0.123511	-0.090062	-0.094335	-0.085817	-0.125108	-0.135435	-0.127434	-0.092918	-0.141405	-0.127495	-0.129908	-0.127764	-0.117261	-0.078778	0.451305	-0.051955	-0.134622	-0.149974	-0.117391	-0.095030	-0.136338	-0.133398	-0.128712	-0.102138	-0.113945	-0.116661	-0.137522	-0.123075	-0.019505	0.021679	-0.043793	-0.068775	1.401424	-0.127077	-0.102436	-0.128406	-0.062652	0.158255	-0.076084	2.386190	-0.048446	-0.096872	0.438024	0.516381	-0.094663	0.020659	0.457302	-0.122860	1.693050	-0.111596	-0.096145	-0.090077	-0.150835	-0.101956	-0.140133	-0.098705	-0.104484	-0.103430	1.766875	-0.109124	-0.113354	-0.121806	-0.155251	1.485339	-0.106262	-0.166044	
-0.033290	-0.104710	-0.118877	-0.096925	-0.118257	-0.102747	-0.113571	-0.052896	-0.063744	-0.019036	-0.092051	-0.076222	-0.022195	-0.125441	-0.009290	1.425058	-0.074019	-0.028335	-0.064852	-0.081066	-0.101278	-0.072489	-0.110984	-0.042084	-0.031775	0.021759	-0.114259	-0.088637	-0.025139	0.012565	1.545477	1.728488	1.472765	-0.018041	0.009073	-0.086561	-0.060607	-0.077282	-0.098578	-0.096236	-0.073813	-0.073108	-0.124284	-0.100787	-0.071666	-0.110366	-0.051823	-0.134870	-0.079806	-0.072258	-0.077867	-0.058895	-0.068535	-0.061569	-0.085011	0.007681	-0.067263	-0.055247	-0.116821	-0.093009	-0.087843	-0.075936	-0.127653	-0.107130	-0.090735	-0.079865	-0.136632	-0.087688	0.283852	-0.040099	-0.116413	-0.092898	-0.089498	-0.048007	-0.100503	-0.088747	-0.095769	-0.068722	-0.080785	-0.110187	-0.108316	-0.075953	-0.010647	-0.003904	0.050266	-0.069729	0.927622	-0.081577	-0.060039	-0.082770	-0.035027	0.106831	-0.021805	1.773063	-0.059284	-0.031570	0.329710	0.311234	-0.068637	0.032391	0.317937	-0.075351	1.166509	-0.071262	-0.072727	-0.070671	-0.087087	-0.089646	-0.076205	-0.062339	-0.078006	-0.042389	1.273774	-0.064956	-0.080913	-0.097373	-0.160626	0.982660	-0.106728	-0.063122	
-0.117958	-0.130209	-0.118058	-0.123887	-0.117715	-0.136020	-0.139637	-0.099760	-0.101730	-0.015003	-0.081915	-0.099250	-0.074123	-0.115231	0.007375	1.737755	-0.116818	0.002827	-0.072510	-0.122495	-0.098144	-0.047650	-0.112073	-0.047921	-0.070334	0.027174	-0.121726	-0.089379	-0.028048	-0.019805	1.912708	1.472765	1.785009	0.008560	0.019543	-0.112956	-0.064258	-0.097897	-0.131256	-0.088062	-0.090610	-0.080847	-0.115319	-0.120587	-0.084911	-0.134923	-0.070826	-0.114002	-0.093177	-0.100453	-0.115407	-0.099457	-0.060728	-0.078015	-0.078535	-0.053738	-0.091605	-0.074227	-0.113428	-0.101448	-0.095201	-0.108001	-0.087552	-0.105234	-0.092186	-0.105821	-0.125493	-0.101911	0.411022	-0.009634	-0.093529	-0.092108	-0.053992	-0.076995	-0.124082	-0.118817	-0.125425	-0.081465	-0.066384	-0.100015	-0.125875	-0.097321	-0.046040	-0.021162	0.021906	-0.057223	1.106635	-0.094999	-0.064735	-0.095653	-0.054351	0.132833	0.010259	2.051043	-0.048595	-0.079724	0.327401	0.353780	-0.080779	0.018427	0.334120	-0.086340	1.601071	-0.091406	-0.114671	-0.106006	-0.090129	-0.097367	-0.084090	-0.106556	-0.096943	-0.054372	1.608485	-0.067895	-0.100631	-0.113877	-0.128112	1.198810	-0.084061	-0.123874	
0.022049	-0.017269	-0.048916	-0.031920	-0.021985	-0.049944	-0.040543	-0.017966	-0.021221	-0.012650	-0.038788	0.023722	0.005412	-0.038335	0.018145	-0.078558	-0.038588	-0.041741	0.007151	-0.041094	-0.023847	-0.035514	-0.039180	-0.042725	-0.014887	-0.028842	-0.054357	-0.050267	0.000830	0.001884	-0.053283	-0.018041	0.008560	0.979592	0.007933	-0.008282	0.017350	-0.035449	0.016742	-0.025144	0.016974	0.016240	-0.027304	-0.030715	0.015811	-0.016978	0.036161	-0.045123	0.035756	0.016308	0.027010	0.003773	0.028846	0.019310	0.032980	0.005580	0.021205	0.011501	-0.024200	0.007091	0.004044	-0.034637	-0.030366	0.040796	-0.014966	0.006094	-0.045806	-0.038426	-0.047667	-0.042925	-0.044246	-0.045933	-0.040570	0.009207	-0.032549	-0.000857	-0.031875	0.029324	-0.040880	-0.046076	-0.030268	0.022424	0.011057	0.007813	0.009418	-0.039956	-0.025145	0.024187	0.004869	0.016406	0.003762	0.018060	0.035189	-0.056972	0.003468	-0.046516	-0.041961	-0.019901	0.024590	-0.044051	0.008998	0.006410	-0.053275	0.022440	-0.037665	0.006099	-0.019659	0.028575	0.010159	0.037731	-0.011349	0.020203	-0.028559	0.022675	0.002613	0.004562	-0.030619	-0.037770	0.012263	0.023406	
