1:	0.1481 0.0377 0.0135 0.0001 0.0000 0.0178 0.0000 0.0000 0.1566 0.0000 0.1673 0.1768 0.1404 0.0000 0.1418 0.0000 0.0000 0.0000 	9
2:	0.0000 0.0000 0.0000 0.0000 0.0000 0.0000 0.0000 0.0000 0.0000 0.0000 0.0000 0.1625 0.3333 0.0000 0.1708 0.3333 0.0000 0.0000 	3
3:	0.0000 0.0000 0.2500 0.2500 0.0000 0.0000 0.0000 0.0000 0.0000 0.0000 0.2500 0.0000 0.0000 0.0000 0.2500 0.0000 0.0000 0.0000 	4
4:	0.0000 0.0000 0.2359 0.1212 0.6037 0.0000 0.0000 0.0000 0.0000 0.0000 0.0000 0.0000 0.0000 0.0000 0.0000 0.0000 0.0393 0.0000 	2
5:	0.0720 0.0380 0.1167 0.0018 0.0732 0.0602 0.0098 0.0768 0.0677 0.0839 0.0500 0.1272 0.0349 0.0602 0.0588 0.0000 0.0646 0.0042 	17
6:	0.2590 0.0000 0.0833 0.0000 0.1011 0.0086 0.0833 0.0833 0.0118 0.0117 0.0927 0.0000 0.0102 0.0833 0.0033 0.0850 0.0000 0.0833 	12
7:	0.0524 0.0353 0.0000 0.0000 0.0442 0.0000 0.0332 0.3333 0.0531 0.1039 0.0000 0.0000 0.0000 0.0082 0.0000 0.3333 0.0000 0.0031 	3
8:	0.0000 0.0000 0.0267 0.0000 0.0000 0.0656 0.1077 0.0000 0.0000 0.0000 0.2235 0.0000 0.0000 0.0000 0.0000 0.5765 0.0000 0.0000 	2
9:	0.0000 0.0000 0.0000 0.0000 0.0000 1.0000 0.0000 0.0000 0.0000 0.0000 0.0000 0.0000 0.0000 0.0000 0.0000 0.0000 0.0000 0.0000 	1
10:	0.2500 0.2500 0.2500 0.0000 0.0000 0.0000 0.0000 0.2500 0.0000 0.0000 0.0000 0.0000 0.0000 0.0000 0.0000 0.0000 0.0000 0.0000 	4
11:	0.0554 0.0733 0.2367 0.0000 0.0000 0.0073 0.1003 0.0000 0.0078 0.0136 0.1494 0.0120 0.1108 0.0000 0.0068 0.0193 0.0827 0.1245 	14
12:	0.0285 0.0461 0.0236 0.0000 0.0111 0.0000 0.0284 0.0022 0.4176 0.0280 0.2241 0.1111 0.0000 0.0031 0.0199 0.0265 0.0217 0.0081 	9
13:	0.0714 0.2857 0.1019 0.0000 0.0000 0.0000 0.0714 0.0000 0.0714 0.2552 0.0000 0.0714 0.0714 0.0000 0.0000 0.0000 0.0000 0.0000 	14
14:	0.0000 0.3191 0.0000 0.0000 0.0000 0.0000 0.0000 0.0000 0.0000 0.0000 0.5000 0.1809 0.0000 0.0000 0.0000 0.0000 0.0000 0.0000 	2
15:	0.0000 0.0000 0.1111 0.3942 0.1111 0.1111 0.1111 0.0000 0.0000 0.0502 0.0000 0.0000 0.0000 0.0000 0.0000 0.0000 0.1111 0.0000 	9
