1:	0.4612 0.0026 0.1147 0.3642 0.0573 	23
2:	0.5797 0.0771 0.0053 0.3027 0.0351 	13
3:	0.8684 0.0000 0.0012 0.0309 0.0996 	5
4:	0.6552 0.3012 0.0110 0.0082 0.0244 	15
5:	0.5128 0.4309 0.0126 0.0116 0.0322 	18
6:	0.1959 0.6286 0.0701 0.0881 0.0172 	24
7:	0.5783 0.1290 0.2326 0.0162 0.0439 	9
8:	0.6380 0.0050 0.0930 0.0110 0.2529 	11
9:	0.0000 1.0000 0.0000 0.0000 0.0000 	1
10:	0.8931 0.0075 0.0302 0.0149 0.0543 	17
11:	0.0000 0.9090 0.0910 0.0000 0.0000 	1
12:	0.4900 0.0602 0.1638 0.2440 0.0420 	8
13:	0.0000 1.0000 0.0000 0.0000 0.0000 	5
14:	0.4650 0.5000 0.0000 0.0129 0.0221 	2
15:	0.1866 0.6441 0.1534 0.0021 0.0138 	2
16:	0.8741 0.0000 0.0340 0.0254 0.0664 	2
17:	0.1229 0.1103 0.1792 0.5573 0.0304 	2
18:	0.9423 0.0000 0.0071 0.0000 0.0506 	3
19:	0.6635 0.0619 0.1108 0.0313 0.1326 	3
