1.0000	0.5205	0.4254	0.4656	0.4356	0.5183	0.4653	0.4832	0.4184	0.4066	0.4259	0.4680	0.4825	0.5070	0.4510	0.4767	0.5012	0.4156	0.5078	0.4145	0.4087	0.4209	0.3671	0.4683	0.4831	0.4586	0.4376	0.5107	0.4174	0.4498	0.4571	0.4456	0.4836	0.5114	0.4494	0.4509	0.4175	0.4775	0.4155	0.4801	0.4578	0.4883	0.3995	0.4595	0.4300	0.5301	0.4765	0.4519	0.5083	0.4552
0.5205	1.0000	0.4326	0.4968	0.4653	0.5291	0.4737	0.4990	0.4219	0.4272	0.4724	0.4662	0.4879	0.5363	0.4135	0.4796	0.5484	0.4500	0.4486	0.4341	0.4711	0.4328	0.4346	0.4860	0.4362	0.4117	0.4344	0.5269	0.4102	0.4453	0.4649	0.4619	0.4915	0.4623	0.4853	0.4472	0.4040	0.5004	0.4436	0.4861	0.4383	0.4473	0.4300	0.4851	0.4560	0.5410	0.4878	0.4518	0.4873	0.4633
0.4254	0.4326	1.0000	0.4412	0.4705	0.4371	0.4405	0.5182	0.3870	0.4218	0.5345	0.4445	0.5470	0.5134	0.5198	0.4872	0.4772	0.4268	0.4594	0.4293	0.4594	0.4355	0.4957	0.5205	0.4607	0.5493	0.5070	0.4328	0.4004	0.4795	0.4735	0.4845	0.5057	0.4525	0.5117	0.4308	0.4467	0.5039	0.4288	0.4204	0.4576	0.5058	0.4806	0.5099	0.5685	0.4489	0.4457	0.4430	0.4417	0.4631
0.4656	0.4968	0.4412	1.0000	0.4790	0.4801	0.4400	0.5342	0.4118	0.4207	0.5424	0.4111	0.5354	0.5451	0.4033	0.5693	0.4925	0.4150	0.4511	0.4314	0.4387	0.4386	0.4003	0.5259	0.4783	0.4023	0.4436	0.5191	0.4015	0.4547	0.4583	0.4400	0.5008	0.4750	0.4716	0.4287	0.4448	0.5338	0.4488	0.4758	0.4487	0.4533	0.4258	0.5249	0.4292	0.5264	0.5286	0.4737	0.5197	0.4882
0.4356	0.4653	0.4705	0.4790	1.0000	0.5000	0.4553	0.5221	0.3897	0.4507	0.5241	0.4329	0.5330	0.5208	0.4365	0.4608	0.4636	0.4317	0.4645	0.3848	0.4917	0.4618	0.4474	0.4957	0.4327	0.4478	0.4575	0.4607	0.4191	0.4582	0.4933	0.4437	0.4920	0.5103	0.4651	0.4813	0.3954	0.4971	0.4916	0.4267	0.4675	0.4839	0.4350	0.4946	0.5072	0.4976	0.4913	0.4602	0.4822	0.4489
0.5183	0.5291	0.4371	0.4801	0.5000	1.0000	0.4825	0.5362	0.4240	0.5058	0.4879	0.5072	0.5324	0.5474	0.4538	0.4855	0.5325	0.4407	0.4934	0.3997	0.4444	0.5125	0.4199	0.4810	0.4755	0.4446	0.4809	0.5114	0.4097	0.4498	0.4785	0.4828	0.4895	0.5310	0.4687	0.4526	0.4518	0.4974	0.5137	0.5370	0.4831	0.4564	0.4948	0.4982	0.4974	0.6022	0.4942	0.4657	0.4911	0.4622
0.4653	0.4737	0.4405	0.4400	0.4553	0.4825	1.0000	0.5240	0.4415	0.5349	0.4883	0.4428	0.5145	0.4702	0.4176	0.5377	0.5060	0.4542	0.4938	0.4242	0.4916	0.4577	0.3831	0.4707	0.4385	0.4012	0.4361	0.4663	0.4566	0.4389	0.4883	0.4569	0.5078	0.4769	0.4922	0.4612	0.4438	0.4685	0.4576	0.4454	0.4381	0.4588	0.4414	0.4494	0.4818	0.5080	0.4522	0.4852	0.4912	0.4625
0.4832	0.4990	0.5182	0.5342	0.5221	0.5362	0.5240	1.0000	0.4087	0.4629	0.6268	0.4689	0.6821	0.5892	0.4190	0.5877	0.5352	0.4311	0.5307	0.4344	0.4463	0.4867	0.4342	0.6046	0.5130	0.5059	0.4976	0.5216	0.4109	0.4786	0.4987	0.4698	0.4988	0.5564	0.5400	0.4516	0.4817	0.5322	0.4743	0.5228	0.5182	0.4993	0.4721	0.5494	0.5241	0.5385	0.5796	0.5205	0.6077	0.5239
0.4184	0.4219	0.3870	0.4118	0.3897	0.4240	0.4415	0.4087	1.0000	0.4051	0.4063	0.4000	0.4100	0.4494	0.3993	0.4461	0.4634	0.5010	0.4541	0.5063	0.4193	0.3975	0.3516	0.4007	0.4041	0.3655	0.3698	0.4543	0.4609	0.3992	0.4116	0.4314	0.4591	0.4500	0.4197	0.4037	0.3562	0.4305	0.3979	0.4248	0.3901	0.4391	0.3731	0.4049	0.4122	0.4431	0.4131	0.4276	0.3975	0.3874
0.4066	0.4272	0.4218	0.4207	0.4507	0.5058	0.5349	0.4629	0.4051	1.0000	0.4748	0.4039	0.5129	0.4992	0.3982	0.4794	0.4430	0.4604	0.4297	0.4078	0.4452	0.4662	0.3961	0.4483	0.4329	0.3799	0.4211	0.4349	0.3996	0.4157	0.4705	0.4515	0.4837	0.4616	0.4468	0.4521	0.3892	0.4347	0.4680	0.4201	0.4038	0.4726	0.4050	0.4427	0.4891	0.4569	0.4504	0.4720	0.4541	0.4602
0.4259	0.4724	0.5345	0.5424	0.5241	0.4879	0.4883	0.6268	0.4063	0.4748	1.0000	0.4376	0.6729	0.5606	0.4388	0.5893	0.5064	0.4187	0.5169	0.4240	0.4577	0.4496	0.4553	0.6187	0.5199	0.4714	0.4890	0.4882	0.4020	0.5064	0.4817	0.4847	0.4955	0.5317	0.5411	0.4443	0.4240	0.5363	0.5201	0.4523	0.5051	0.5168	0.4532	0.5843	0.5306	0.5312	0.5551	0.4821	0.5267	0.5474
0.4680	0.4662	0.4445	0.4111	0.4329	0.5072	0.4428	0.4689	0.4000	0.4039	0.4376	1.0000	0.4675	0.4680	0.4301	0.4472	0.5346	0.4116	0.4372	0.4205	0.4106	0.4025	0.3844	0.4559	0.4479	0.4012	0.4312	0.4347	0.4262	0.4407	0.4139	0.5029	0.4572	0.4745	0.4587	0.4213	0.3602	0.4925	0.4161	0.4340	0.4886	0.3946	0.4206	0.4423	0.4629	0.4812	0.4300	0.4403	0.4122	0.4424
0.4825	0.4879	0.5470	0.5354	0.5330	0.5324	0.5145	0.6821	0.4100	0.5129	0.6729	0.4675	1.0000	0.6493	0.4654	0.6183	0.5237	0.4575	0.5044	0.4368	0.4753	0.4936	0.4457	0.6191	0.5464	0.5066	0.5110	0.5058	0.4128	0.5367	0.4716	0.4834	0.5216	0.5173	0.5690	0.4231	0.4470	0.5452	0.4976	0.4920	0.5131	0.5292	0.4902	0.5578	0.5729	0.5326	0.5511	0.5218	0.5756	0.5245
0.5070	0.5363	0.5134	0.5451	0.5208	0.5474	0.4702	0.5892	0.4494	0.4992	0.5606	0.4680	0.6493	1.0000	0.4487	0.5717	0.5420	0.4288	0.4831	0.4340	0.4438	0.4410	0.4460	0.5619	0.5607	0.4653	0.4732	0.5070	0.4062	0.5035	0.4931	0.5092	0.5409	0.4870	0.5179	0.4449	0.4261	0.5318	0.4767	0.4866	0.5057	0.5206	0.4481	0.5105	0.5122	0.5293	0.5982	0.4765	0.5555	0.4912
0.4510	0.4135	0.5198	0.4033	0.4365	0.4538	0.4176	0.4190	0.3993	0.3982	0.4388	0.4301	0.4654	0.4487	1.0000	0.4280	0.4566	0.4072	0.3999	0.4212	0.3840	0.4116	0.4320	0.4576	0.4179	0.5058	0.4739	0.4130	0.3999	0.4392	0.4382	0.4311	0.4803	0.4558	0.4406	0.4451	0.4602	0.4496	0.4718	0.3818	0.4527	0.4438	0.4680	0.4583	0.4321	0.4816	0.4134	0.4009	0.4198	0.4196
0.4767	0.4796	0.4872	0.5693	0.4608	0.4855	0.5377	0.5877	0.4461	0.4794	0.5893	0.4472	0.6183	0.5717	0.4280	1.0000	0.5319	0.4334	0.4950	0.4474	0.4572	0.4737	0.4665	0.5727	0.5397	0.4400	0.4771	0.5340	0.4331	0.5009	0.4803	0.4823	0.5209	0.4819	0.5380	0.4119	0.4321	0.5106	0.4740	0.5159	0.4590	0.5091	0.4304	0.5144	0.4973	0.5001	0.5447	0.5176	0.5550	0.5155
0.5012	0.5484	0.4772	0.4925	0.4636	0.5325	0.5060	0.5352	0.4634	0.4430	0.5064	0.5346	0.5237	0.5420	0.4566	0.5319	1.0000	0.4394	0.4789	0.4448	0.4776	0.4665	0.4075	0.5164	0.4568	0.4376	0.4723	0.5268	0.4694	0.4753	0.4819	0.4995	0.4891	0.5143	0.5177	0.4509	0.4408	0.5618	0.4331	0.4880	0.4622	0.4506	0.4299	0.4705	0.5070	0.5508	0.4921	0.4559	0.4994	0.4835
0.4156	0.4500	0.4268	0.4150	0.4317	0.4407	0.4542	0.4311	0.5010	0.4604	0.4187	0.4116	0.4575	0.4288	0.4072	0.4334	0.4394	1.0000	0.4422	0.5978	0.4917	0.4352	0.3818	0.4155	0.3942	0.3798	0.3836	0.4221	0.4803	0.4121	0.4520	0.4289	0.4791	0.4506	0.4544	0.4232	0.3835	0.4212	0.4045	0.4409	0.3936	0.4699	0.4075	0.4163	0.5064	0.4518	0.4024	0.5035	0.4132	0.4004
0.5078	0.4486	0.4594	0.4511	0.4645	0.4934	0.4938	0.5307	0.4541	0.4297	0.5169	0.4372	0.5044	0.4831	0.3999	0.4950	0.4789	0.4422	1.0000	0.4378	0.4262	0.4467	0.4122	0.4947	0.4644	0.4446	0.4323	0.4484	0.4262	0.4428	0.4263	0.4616	0.4665	0.5184	0.4949	0.4256	0.4121	0.4323	0.4535	0.4788	0.4346	0.4962	0.4395	0.4463	0.5106	0.4816	0.4764	0.4732	0.4785	0.4712
0.4145	0.4341	0.4293	0.4314	0.3848	0.3997	0.4242	0.4344	0.5063	0.4078	0.4240	0.4205	0.4368	0.4340	0.4212	0.4474	0.4448	0.5978	0.4378	1.0000	0.4148	0.4209	0.3959	0.4364	0.4070	0.3633	0.4050	0.4054	0.4759	0.4244	0.4586	0.4142	0.4747	0.4744	0.4346	0.4181	0.3899	0.4246	0.4011	0.4073	0.4178	0.4727	0.4187	0.4440	0.4639	0.4468	0.4074	0.4720	0.3976	0.4267
0.4087	0.4711	0.4594	0.4387	0.4917	0.4444	0.4916	0.4463	0.4193	0.4452	0.4577	0.4106	0.4753	0.4438	0.3840	0.4572	0.4776	0.4917	0.4262	0.4148	1.0000	0.4277	0.4195	0.4203	0.3869	0.3916	0.3925	0.4332	0.4652	0.4467	0.4546	0.4477	0.4451	0.4617	0.5047	0.4284	0.3688	0.4650	0.4430	0.4207	0.4177	0.4538	0.3851	0.4016	0.5075	0.4294	0.4358	0.4258	0.4311	0.3943
0.4209	0.4328	0.4355	0.4386	0.4618	0.5125	0.4577	0.4867	0.3975	0.4662	0.4496	0.4025	0.4936	0.4410	0.4116	0.4737	0.4665	0.4352	0.4467	0.4209	0.4277	1.0000	0.4015	0.4376	0.4088	0.4001	0.4912	0.4212	0.3863	0.4310	0.4899	0.4168	0.4799	0.4701	0.5021	0.4394	0.4568	0.4508	0.4875	0.4327	0.4065	0.4590	0.4206	0.4531	0.4773	0.4595	0.4079	0.4568	0.4203	0.4663
0.3671	0.4346	0.4957	0.4003	0.4474	0.4199	0.3831	0.4342	0.3516	0.3961	0.4553	0.3844	0.4457	0.4460	0.4320	0.4665	0.4075	0.3818	0.4122	0.3959	0.4195	0.4015	1.0000	0.4543	0.4199	0.4310	0.4545	0.4202	0.3695	0.4585	0.4225	0.4045	0.4351	0.4135	0.4343	0.3800	0.3870	0.4194	0.4310	0.3879	0.4182	0.4283	0.4439	0.4461	0.4541	0.4082	0.3995	0.4026	0.4206	0.4318
0.4683	0.4860	0.5205	0.5259	0.4957	0.4810	0.4707	0.6046	0.4007	0.4483	0.6187	0.4559	0.6191	0.5619	0.4576	0.5727	0.5164	0.4155	0.4947	0.4364	0.4203	0.4376	0.4543	1.0000	0.5548	0.4779	0.4624	0.5062	0.4065	0.4917	0.4557	0.4954	0.5014	0.4968	0.5158	0.4429	0.4217	0.5078	0.4504	0.4692	0.4901	0.4992	0.4536	0.5770	0.5076	0.5175	0.5239	0.4941	0.5507	0.5089
0.4831	0.4362	0.4607	0.4783	0.4327	0.4755	0.4385	0.5130	0.4041	0.4329	0.5199	0.4479	0.5464	0.5607	0.4179	0.5397	0.4568	0.3942	0.4644	0.4070	0.3869	0.4088	0.4199	0.5548	1.0000	0.4302	0.4484	0.4969	0.3674	0.4628	0.4408	0.4784	0.5091	0.4689	0.4953	0.4258	0.3857	0.4440	0.4477	0.4622	0.5116	0.4793	0.3978	0.5683	0.4725	0.5396	0.4642	0.4246	0.4772	0.5413
0.4586	0.4117	0.5493	0.4023	0.4478	0.4446	0.4012	0.5059	0.3655	0.3799	0.4714	0.4012	0.5066	0.4653	0.5058	0.4400	0.4376	0.3798	0.4446	0.3633	0.3916	0.4001	0.4310	0.4779	0.4302	1.0000	0.4784	0.4374	0.3912	0.4300	0.4338	0.4263	0.4291	0.4716	0.4466	0.4247	0.4456	0.4745	0.4035	0.4396	0.4700	0.4603	0.4457	0.4963	0.4497	0.4458	0.4334	0.4396	0.4761	0.4316
0.4376	0.4344	0.5070	0.4436	0.4575	0.4809	0.4361	0.4976	0.3698	0.4211	0.4890	0.4312	0.5110	0.4732	0.4739	0.4771	0.4723	0.3836	0.4323	0.4050	0.3925	0.4912	0.4545	0.4624	0.4484	0.4784	1.0000	0.4370	0.3609	0.4539	0.4596	0.4086	0.4539	0.4623	0.4711	0.4073	0.4668	0.4695	0.4419	0.4256	0.4650	0.4406	0.4847	0.5043	0.4570	0.4857	0.4293	0.4554	0.4340	0.5357
0.5107	0.5269	0.4328	0.5191	0.4607	0.5114	0.4663	0.5216	0.4543	0.4349	0.4882	0.4347	0.5058	0.5070	0.4130	0.5340	0.5268	0.4221	0.4484	0.4054	0.4332	0.4212	0.4202	0.5062	0.4969	0.4374	0.4370	1.0000	0.4179	0.4361	0.4617	0.4706	0.5051	0.5028	0.4709	0.4352	0.3965	0.4830	0.4101	0.5163	0.4746	0.4913	0.4012	0.5309	0.4351	0.5632	0.4902	0.4507	0.5238	0.4779
0.4174	0.4102	0.4004	0.4015	0.4191	0.4097	0.4566	0.4109	0.4609	0.3996	0.4020	0.4262	0.4128	0.4062	0.3999	0.4331	0.4694	0.4803	0.4262	0.4759	0.4652	0.3863	0.3695	0.4065	0.3674	0.3912	0.3609	0.4179	1.0000	0.4113	0.4081	0.4319	0.4310	0.4686	0.4005	0.4172	0.3718	0.4477	0.4049	0.4051	0.3933	0.4349	0.3685	0.3769	0.4427	0.4260	0.3882	0.4315	0.4107	0.3707
0.4498	0.4453	0.4795	0.4547	0.4582	0.4498	0.4389	0.4786	0.3992	0.4157	0.5064	0.4407	0.5367	0.5035	0.4392	0.5009	0.4753	0.4121	0.4428	0.4244	0.4467	0.4310	0.4585	0.4917	0.4628	0.4300	0.4539	0.4361	0.4113	1.0000	0.4395	0.4472	0.5282	0.4911	0.5350	0.4054	0.3944	0.4927	0.4613	0.4648	0.4606	0.4599	0.4278	0.4936	0.4654	0.4810	0.4394	0.4736	0.4440	0.4750
0.4571	0.4649	0.4735	0.4583	0.4933	0.4785	0.4883	0.4987	0.4116	0.4705	0.4817	0.4139	0.4716	0.4931	0.4382	0.4803	0.4819	0.4520	0.4263	0.4586	0.4546	0.4899	0.4225	0.4557	0.4408	0.4338	0.4596	0.4617	0.4081	0.4395	1.0000	0.4523	0.4597	0.4874	0.4713	0.5310	0.4363	0.5192	0.4910	0.4432	0.4666	0.4586	0.3929	0.4887	0.4729	0.4785	0.4738	0.4676	0.4531	0.4863
0.4456	0.4619	0.4845	0.4400	0.4437	0.4828	0.4569	0.4698	0.4314	0.4515	0.4847	0.5029	0.4834	0.5092	0.4311	0.4823	0.4995	0.4289	0.4616	0.4142	0.4477	0.4168	0.4045	0.4954	0.4784	0.4263	0.4086	0.4706	0.4319	0.4472	0.4523	1.0000	0.4584	0.4832	0.4531	0.4578	0.3833	0.4480	0.4395	0.4392	0.4462	0.4641	0.4077	0.4630	0.4965	0.4930	0.4645	0.4421	0.4661	0.4725
0.4836	0.4915	0.5057	0.5008	0.4920	0.4895	0.5078	0.4988	0.4591	0.4837	0.4955	0.4572	0.5216	0.5409	0.4803	0.5209	0.4891	0.4791	0.4665	0.4747	0.4451	0.4799	0.4351	0.5014	0.5091	0.4291	0.4539	0.5051	0.4310	0.5282	0.4597	0.4584	1.0000	0.5013	0.5346	0.4702	0.4295	0.4789	0.4662	0.4778	0.4794	0.5475	0.4242	0.5822	0.4913	0.5299	0.4553	0.4999	0.4619	0.4708
0.5114	0.4623	0.4525	0.4750	0.5103	0.5310	0.4769	0.5564	0.4500	0.4616	0.5317	0.4745	0.5173	0.4870	0.4558	0.4819	0.5143	0.4506	0.5184	0.4744	0.4617	0.4701	0.4135	0.4968	0.4689	0.4716	0.4623	0.5028	0.4686	0.4911	0.4874	0.4832	0.5013	1.0000	0.4991	0.4747	0.4628	0.5148	0.4917	0.4974	0.5112	0.4692	0.4538	0.4970	0.4849	0.5889	0.4781	0.5066	0.4786	0.4780
0.4494	0.4853	0.5117	0.4716	0.4651	0.4687	0.4922	0.5400	0.4197	0.4468	0.5411	0.4587	0.5690	0.5179	0.4406	0.5380	0.5177	0.4544	0.4949	0.4346	0.5047	0.5021	0.4343	0.5158	0.4953	0.4466	0.4711	0.4709	0.4005	0.5350	0.4713	0.4531	0.5346	0.4991	1.0000	0.4142	0.4158	0.4795	0.4809	0.4741	0.4643	0.4812	0.4359	0.5030	0.5543	0.4746	0.4560	0.4686	0.4833	0.4881
0.4509	0.4472	0.4308	0.4287	0.4813	0.4526	0.4612	0.4516	0.4037	0.4521	0.4443	0.4213	0.4231	0.4449	0.4451	0.4119	0.4509	0.4232	0.4256	0.4181	0.4284	0.4394	0.3800	0.4429	0.4258	0.4247	0.4073	0.4352	0.4172	0.4054	0.5310	0.4578	0.4702	0.4747	0.4142	1.0000	0.4040	0.4507	0.4705	0.4113	0.4707	0.4249	0.3912	0.4672	0.4556	0.4798	0.4728	0.4516	0.4566	0.4694
0.4175	0.4040	0.4467	0.4448	0.3954	0.4518	0.4438	0.4817	0.3562	0.3892	0.4240	0.3602	0.4470	0.4261	0.4602	0.4321	0.4408	0.3835	0.4121	0.3899	0.3688	0.4568	0.3870	0.4217	0.3857	0.4456	0.4668	0.3965	0.3718	0.3944	0.4363	0.3833	0.4295	0.4628	0.4158	0.4040	1.0000	0.4334	0.3994	0.4370	0.3965	0.3982	0.4749	0.4331	0.4100	0.4880	0.4007	0.4372	0.4348	0.4251
0.4775	0.5004	0.5039	0.5338	0.4971	0.4974	0.4685	0.5322	0.4305	0.4347	0.5363	0.4925	0.5452	0.5318	0.4496	0.5106	0.5618	0.4212	0.4323	0.4246	0.4650	0.4508	0.4194	0.5078	0.4440	0.4745	0.4695	0.4830	0.4477	0.4927	0.5192	0.4480	0.4789	0.5148	0.4795	0.4507	0.4334	1.0000	0.4735	0.4488	0.5348	0.4521	0.4474	0.5207	0.4688	0.5360	0.4879	0.4413	0.5012	0.4770
0.4155	0.4436	0.4288	0.4488	0.4916	0.5137	0.4576	0.4743	0.3979	0.4680	0.5201	0.4161	0.4976	0.4767	0.4718	0.4740	0.4331	0.4045	0.4535	0.4011	0.4430	0.4875	0.4310	0.4504	0.4477	0.4035	0.4419	0.4101	0.4049	0.4613	0.4910	0.4395	0.4662	0.4917	0.4809	0.4705	0.3994	0.4735	1.0000	0.4113	0.4584	0.4447	0.4368	0.4737	0.4543	0.4784	0.4686	0.4262	0.4599	0.4662
0.4801	0.4861	0.4204	0.4758	0.4267	0.5370	0.4454	0.5228	0.4248	0.4201	0.4523	0.4340	0.4920	0.4866	0.3818	0.5159	0.4880	0.4409	0.4788	0.4073	0.4207	0.4327	0.3879	0.4692	0.4622	0.4396	0.4256	0.5163	0.4051	0.4648	0.4432	0.4392	0.4778	0.4974	0.4741	0.4113	0.4370	0.4488	0.4113	1.0000	0.4334	0.4680	0.4017	0.5097	0.4405	0.5406	0.4506	0.5161	0.4580	0.4477
0.4578	0.4383	0.4576	0.4487	0.4675	0.4831	0.4381	0.5182	0.3901	0.4038	0.5051	0.4886	0.5131	0.5057	0.4527	0.4590	0.4622	0.3936	0.4346	0.4178	0.4177	0.4065	0.4182	0.4901	0.5116	0.4700	0.4650	0.4746	0.3933	0.4606	0.4666	0.4462	0.4794	0.5112	0.4643	0.4707	0.3965	0.5348	0.4584	0.4334	1.0000	0.4205	0.4253	0.5407	0.4412	0.5380	0.4404	0.4429	0.4824	0.4724
0.4883	0.4473	0.5058	0.4533	0.4839	0.4564	0.4588	0.4993	0.4391	0.4726	0.5168	0.3946	0.5292	0.5206	0.4438	0.5091	0.4506	0.4699	0.4962	0.4727	0.4538	0.4590	0.4283	0.4992	0.4793	0.4603	0.4406	0.4913	0.4349	0.4599	0.4586	0.4641	0.5475	0.4692	0.4812	0.4249	0.3982	0.4521	0.4447	0.4680	0.4205	1.0000	0.4083	0.5237	0.5178	0.4844	0.4795	0.4705	0.4521	0.4726
0.3995	0.4300	0.4806	0.4258	0.4350	0.4948	0.4414	0.4721	0.3731	0.4050	0.4532	0.4206	0.4902	0.4481	0.4680	0.4304	0.4299	0.4075	0.4395	0.4187	0.3851	0.4206	0.4439	0.4536	0.3978	0.4457	0.4847	0.4012	0.3685	0.4278	0.3929	0.4077	0.4242	0.4538	0.4359	0.3912	0.4749	0.4474	0.4368	0.4017	0.4253	0.4083	1.0000	0.4401	0.4638	0.4714	0.4032	0.4173	0.4376	0.4258
0.4595	0.4851	0.5099	0.5249	0.4946	0.4982	0.4494	0.5494	0.4049	0.4427	0.5843	0.4423	0.5578	0.5105	0.4583	0.5144	0.4705	0.4163	0.4463	0.4440	0.4016	0.4531	0.4461	0.5770	0.5683	0.4963	0.5043	0.5309	0.3769	0.4936	0.4887	0.4630	0.5822	0.4970	0.5030	0.4672	0.4331	0.5207	0.4737	0.5097	0.5407	0.5237	0.4401	1.0000	0.4759	0.5829	0.4506	0.4789	0.4825	0.5816
0.4300	0.4560	0.5685	0.4292	0.5072	0.4974	0.4818	0.5241	0.4122	0.4891	0.5306	0.4629	0.5729	0.5122	0.4321	0.4973	0.5070	0.5064	0.5106	0.4639	0.5075	0.4773	0.4541	0.5076	0.4725	0.4497	0.4570	0.4351	0.4427	0.4654	0.4729	0.4965	0.4913	0.4849	0.5543	0.4556	0.4100	0.4688	0.4543	0.4405	0.4412	0.5178	0.4638	0.4759	1.0000	0.4493	0.4595	0.4827	0.4855	0.4777
0.5301	0.5410	0.4489	0.5264	0.4976	0.6022	0.5080	0.5385	0.4431	0.4569	0.5312	0.4812	0.5326	0.5293	0.4816	0.5001	0.5508	0.4518	0.4816	0.4468	0.4294	0.4595	0.4082	0.5175	0.5396	0.4458	0.4857	0.5632	0.4260	0.4810	0.4785	0.4930	0.5299	0.5889	0.4746	0.4798	0.4880	0.5360	0.4784	0.5406	0.5380	0.4844	0.4714	0.5829	0.4493	1.0000	0.4713	0.4926	0.4947	0.5109
0.4765	0.4878	0.4457	0.5286	0.4913	0.4942	0.4522	0.5796	0.4131	0.4504	0.5551	0.4300	0.5511	0.5982	0.4134	0.5447	0.4921	0.4024	0.4764	0.4074	0.4358	0.4079	0.3995	0.5239	0.4642	0.4334	0.4293	0.4902	0.3882	0.4394	0.4738	0.4645	0.4553	0.4781	0.4560	0.4728	0.4007	0.4879	0.4686	0.4506	0.4404	0.4795	0.4032	0.4506	0.4595	0.4713	1.0000	0.4866	0.5561	0.4873
0.4519	0.4518	0.4430	0.4737	0.4602	0.4657	0.4852	0.5205	0.4276	0.4720	0.4821	0.4403	0.5218	0.4765	0.4009	0.5176	0.4559	0.5035	0.4732	0.4720	0.4258	0.4568	0.4026	0.4941	0.4246	0.4396	0.4554	0.4507	0.4315	0.4736	0.4676	0.4421	0.4999	0.5066	0.4686	0.4516	0.4372	0.4413	0.4262	0.5161	0.4429	0.4705	0.4173	0.4789	0.4827	0.4926	0.4866	1.0000	0.4788	0.4787
0.5083	0.4873	0.4417	0.5197	0.4822	0.4911	0.4912	0.6077	0.3975	0.4541	0.5267	0.4122	0.5756	0.5555	0.4198	0.5550	0.4994	0.4132	0.4785	0.3976	0.4311	0.4203	0.4206	0.5507	0.4772	0.4761	0.4340	0.5238	0.4107	0.4440	0.4531	0.4661	0.4619	0.4786	0.4833	0.4566	0.4348	0.5012	0.4599	0.4580	0.4824	0.4521	0.4376	0.4825	0.4855	0.4947	0.5561	0.4788	1.0000	0.5077
0.4552	0.4633	0.4631	0.4882	0.4489	0.4622	0.4625	0.5239	0.3874	0.4602	0.5474	0.4424	0.5245	0.4912	0.4196	0.5155	0.4835	0.4004	0.4712	0.4267	0.3943	0.4663	0.4318	0.5089	0.5413	0.4316	0.5357	0.4779	0.3707	0.4750	0.4863	0.4725	0.4708	0.4780	0.4881	0.4694	0.4251	0.4770	0.4662	0.4477	0.4724	0.4726	0.4258	0.5816	0.4777	0.5109	0.4873	0.4787	0.5077	1.0000
