1:	0.2528 0.0011 0.0073 0.3434 0.0051 0.1152 0.0162 0.1860 0.0728 	13
2:	0.2616 0.0000 0.0702 0.3139 0.0034 0.0907 0.0787 0.0646 0.1168 	14
3:	0.1315 0.0777 0.1961 0.0791 0.1889 0.1089 0.1140 0.0239 0.0799 	18
4:	0.0974 0.1776 0.0682 0.1086 0.0000 0.3762 0.0000 0.0243 0.1478 	11
5:	0.1129 0.3282 0.0009 0.1293 0.0066 0.0494 0.1619 0.0294 0.1815 	6
6:	0.0564 0.4626 0.0534 0.0279 0.3446 0.0133 0.0030 0.0019 0.0369 	17
7:	0.0997 0.0000 0.0000 0.7325 0.0000 0.0389 0.0476 0.0056 0.0756 	1
8:	0.0048 0.0000 0.0369 0.6610 0.0000 0.2192 0.0083 0.0167 0.0530 	1
9:	0.0000 0.0000 1.0000 0.0000 0.0000 0.0000 0.0000 0.0000 0.0000 	1
10:	0.0877 0.0000 0.1288 0.3525 0.0000 0.1958 0.0000 0.0553 0.1799 	1
11:	0.1373 0.0000 0.2248 0.2882 0.0000 0.0859 0.0073 0.0981 0.1585 	2
12:	0.2012 0.0000 0.0957 0.3037 0.1246 0.1240 0.0028 0.0245 0.1234 	8
13:	0.1026 0.0000 0.0000 0.3603 0.0000 0.3028 0.0000 0.0612 0.1731 	1
