1.0000	0.3845	0.3562	0.3462	0.3822	0.3232	0.3543	0.3390	0.3703	0.3943	0.3477	0.4289	0.4048	0.3309	0.3570	0.3533	0.3507	0.3959	0.3445	0.3563	0.3568	0.4036	0.3556	0.3448	0.4256	0.3757	0.3688	0.3235	0.3334	0.3526	0.4261	0.3884	0.3401	0.3663	0.3715	0.3839	0.2963	0.3414	0.3864	0.4182	0.3860	0.3965	0.4333	0.3370	0.3738	0.3615	0.3802	0.4018	0.3758	0.3412
0.3845	1.0000	0.3481	0.3745	0.3775	0.3959	0.3754	0.3451	0.3406	0.4509	0.3368	0.3282	0.3496	0.3331	0.4183	0.3738	0.3873	0.3524	0.3599	0.3269	0.3352	0.4588	0.3401	0.3463	0.3840	0.3834	0.3297	0.4186	0.4005	0.3220	0.3772	0.3789	0.2888	0.3271	0.3785	0.3368	0.3813	0.3921	0.3814	0.3678	0.3518	0.3665	0.3917	0.3320	0.3495	0.3419	0.3087	0.3891	0.4064	0.3466
0.3562	0.3481	1.0000	0.3385	0.3395	0.3488	0.3911	0.3267	0.3671	0.4117	0.3361	0.3181	0.3572	0.3512	0.3843	0.3504	0.3397	0.3622	0.4114	0.3551	0.4098	0.3444	0.3653	0.3765	0.3562	0.3953	0.3415	0.3677	0.3622	0.2786	0.3898	0.3296	0.3091	0.3198	0.3558	0.3460	0.3499	0.3549	0.3795	0.3944	0.3174	0.3683	0.3780	0.2999	0.4145	0.3801	0.3200	0.3628	0.3671	0.3346
0.3462	0.3745	0.3385	1.0000	0.3366	0.3340	0.3708	0.3197	0.3569	0.3372	0.3340	0.3107	0.3622	0.3837	0.4005	0.3509	0.3720	0.3408	0.3444	0.3568	0.3272	0.3440	0.3623	0.3479	0.3560	0.3881	0.3422	0.3134	0.3728	0.3099	0.3449	0.3786	0.3229	0.3372	0.3539	0.3408	0.3038	0.3836	0.3612	0.3566	0.3091	0.3955	0.3836	0.2971	0.3303	0.3554	0.2994	0.3848	0.3515	0.3126
0.3822	0.3775	0.3395	0.3366	1.0000	0.3047	0.4054	0.3175	0.3905	0.3863	0.3374	0.3484	0.3578	0.3532	0.3672	0.3662	0.3814	0.3119	0.3398	0.3789	0.3499	0.3845	0.3959	0.3621	0.3872	0.3420	0.3428	0.3361	0.3623	0.3995	0.3757	0.4405	0.3077	0.3828	0.3415	0.3575	0.3214	0.3276	0.3327	0.3458	0.3700	0.3898	0.3877	0.3178	0.3687	0.3445	0.3157	0.3712	0.3822	0.3402
0.3232	0.3959	0.3488	0.3340	0.3047	1.0000	0.3717	0.3412	0.3437	0.3903	0.3370	0.3310	0.3713	0.3564	0.3740	0.3218	0.3889	0.3224	0.3370	0.3738	0.3433	0.3327	0.3402	0.3257	0.3514	0.3435	0.3085	0.3637	0.3387	0.3027	0.3414	0.3569	0.3009	0.3116	0.3750	0.2971	0.3694	0.3570	0.3629	0.3559	0.3348	0.3452	0.3561	0.2993	0.3456	0.3137	0.3020	0.3072	0.3691	0.3286
0.3543	0.3754	0.3911	0.3708	0.4054	0.3717	1.0000	0.3425	0.3600	0.3764	0.3183	0.3780	0.4194	0.4568	0.3817	0.3678	0.3878	0.3549	0.3710	0.3695	0.3791	0.3381	0.3726	0.4210	0.3739	0.3866	0.3540	0.3857	0.4010	0.3545	0.3929	0.3918	0.2906	0.3418	0.3598	0.3529	0.3416	0.3203	0.3494	0.3572	0.3653	0.4224	0.3925	0.3178	0.4001	0.3442	0.2895	0.3952	0.4035	0.3417
0.3390	0.3451	0.3267	0.3197	0.3175	0.3412	0.3425	1.0000	0.3405	0.3630	0.3580	0.3917	0.3715	0.3237	0.3366	0.4133	0.3912	0.3649	0.3596	0.3520	0.3650	0.3838	0.3644	0.3402	0.3511	0.3116	0.3164	0.3240	0.3319	0.3219	0.3523	0.3222	0.2913	0.3472	0.3912	0.3265	0.3138	0.3282	0.3428	0.3439	0.3386	0.3634	0.3518	0.3513	0.3566	0.3159	0.3593	0.3784	0.3589	0.3050
0.3703	0.3406	0.3671	0.3569	0.3905	0.3437	0.3600	0.3405	1.0000	0.3739	0.3381	0.3505	0.4104	0.3506	0.4294	0.3523	0.3883	0.3282	0.4015	0.3795	0.3874	0.3456	0.4097	0.3606	0.3875	0.3583	0.3929	0.3793	0.3913	0.4034	0.3831	0.3899	0.3506	0.4429	0.3138	0.3332	0.3347	0.4318	0.4083	0.3700	0.3693	0.4022	0.3767	0.3946	0.4090	0.3528	0.3427	0.3751	0.5113	0.3616
0.3943	0.4509	0.4117	0.3372	0.3863	0.3903	0.3764	0.3630	0.3739	1.0000	0.3557	0.3330	0.3810	0.3193	0.3921	0.4245	0.3945	0.3671	0.4225	0.3503	0.3714	0.4303	0.3878	0.3526	0.3915	0.4120	0.3498	0.4111	0.3773	0.3436	0.4208	0.3761	0.3213	0.3556	0.4092	0.3561	0.4040	0.4143	0.4094	0.4101	0.3227	0.3676	0.3876	0.3249	0.3708	0.3803	0.3622	0.4052	0.3666	0.3980
0.3477	0.3368	0.3361	0.3340	0.3374	0.3370	0.3183	0.3580	0.3381	0.3557	1.0000	0.3109	0.3067	0.2926	0.3406	0.3311	0.3549	0.3174	0.3594	0.3053	0.3404	0.3919	0.3000	0.3162	0.3480	0.3272	0.3323	0.3316	0.3139	0.3656	0.3442	0.3444	0.3493	0.3641	0.3362	0.3466	0.2594	0.3122	0.3446	0.3275	0.2919	0.3194	0.3717	0.3745	0.3895	0.3248	0.3716	0.3491	0.3540	0.2805
0.4289	0.3282	0.3181	0.3107	0.3484	0.3310	0.3780	0.3917	0.3505	0.3330	0.3109	1.0000	0.4145	0.3603	0.3474	0.3807	0.3619	0.3649	0.3024	0.3560	0.3295	0.3653	0.3451	0.3554	0.4248	0.3310	0.3386	0.3430	0.3318	0.3983	0.3730	0.3748	0.3516	0.3540	0.3686	0.3540	0.2929	0.3159	0.3463	0.3787	0.3781	0.3772	0.4515	0.3343	0.3506	0.3673	0.3896	0.4057	0.3863	0.3542
0.4048	0.3496	0.3572	0.3622	0.3578	0.3713	0.4194	0.3715	0.4104	0.3810	0.3067	0.4145	1.0000	0.3590	0.3715	0.3705	0.3455	0.3564	0.3621	0.3832	0.3855	0.3551	0.3844	0.3869	0.4108	0.4085	0.3616	0.3568	0.3474	0.3437	0.4253	0.4120	0.3452	0.3851	0.3690	0.3544	0.3180	0.3746	0.3964	0.4101	0.3933	0.3909	0.4160	0.3306	0.3814	0.3611	0.3207	0.4223	0.3877	0.3202
0.3309	0.3331	0.3512	0.3837	0.3532	0.3564	0.4568	0.3237	0.3506	0.3193	0.2926	0.3603	0.3590	1.0000	0.3661	0.3283	0.3392	0.3651	0.3141	0.3469	0.3479	0.2999	0.3154	0.3845	0.3655	0.3302	0.3463	0.3620	0.3208	0.3435	0.3351	0.3676	0.2900	0.3157	0.3211	0.3628	0.3155	0.2953	0.3465	0.3060	0.3755	0.4077	0.3645	0.3218	0.3953	0.3654	0.3005	0.3525	0.4217	0.3157
0.3570	0.4183	0.3843	0.4005	0.3672	0.3740	0.3817	0.3366	0.4294	0.3921	0.3406	0.3474	0.3715	0.3661	1.0000	0.3661	0.4726	0.2943	0.3933	0.3568	0.3331	0.4004	0.3781	0.3688	0.3793	0.3776	0.3448	0.4372	0.4295	0.3270	0.4012	0.3743	0.3397	0.3689	0.3269	0.3169	0.3213	0.4354	0.3874	0.3691	0.3391	0.4436	0.4413	0.3276	0.4284	0.3907	0.3456	0.3941	0.4401	0.3223
0.3533	0.3738	0.3504	0.3509	0.3662	0.3218	0.3678	0.4133	0.3523	0.4245	0.3311	0.3807	0.3705	0.3283	0.3661	1.0000	0.3495	0.3273	0.3546	0.3607	0.3475	0.3492	0.3710	0.3818	0.3704	0.3589	0.3518	0.3548	0.3337	0.3493	0.3377	0.3432	0.2943	0.3496	0.3388	0.3394	0.3181	0.3435	0.3721	0.3373	0.3288	0.3920	0.3841	0.3964	0.3574	0.3475	0.3267	0.4112	0.3598	0.3344
0.3507	0.3873	0.3397	0.3720	0.3814	0.3889	0.3878	0.3912	0.3883	0.3945	0.3549	0.3619	0.3455	0.3392	0.4726	0.3495	1.0000	0.3601	0.4346	0.3454	0.3471	0.3738	0.3600	0.3493	0.3857	0.3894	0.3419	0.3949	0.4363	0.3659	0.3883	0.4117	0.2914	0.3697	0.3850	0.3576	0.3643	0.3953	0.3693	0.4058	0.3484	0.4147	0.4119	0.3626	0.3788	0.3258	0.3518	0.4100	0.4175	0.3389
0.3959	0.3524	0.3622	0.3408	0.3119	0.3224	0.3549	0.3649	0.3282	0.3671	0.3174	0.3649	0.3564	0.3651	0.2943	0.3273	0.3601	1.0000	0.3736	0.2888	0.3769	0.3576	0.3171	0.3495	0.3394	0.3669	0.3198	0.3368	0.3218	0.3241	0.3796	0.3247	0.3328	0.3284	0.4165	0.3444	0.3602	0.3387	0.3664	0.3898	0.3506	0.3433	0.3242	0.3429	0.3117	0.3360	0.3206	0.3934	0.3393	0.3463
0.3445	0.3599	0.4114	0.3444	0.3398	0.3370	0.3710	0.3596	0.4015	0.4225	0.3594	0.3024	0.3621	0.3141	0.3933	0.3546	0.4346	0.3736	1.0000	0.3601	0.4086	0.3524	0.4038	0.3392	0.3314	0.3522	0.3444	0.3538	0.4096	0.3691	0.4004	0.3810	0.3105	0.3515	0.3621	0.3399	0.3466	0.3303	0.4219	0.4003	0.3093	0.3774	0.3552	0.3799	0.3780	0.3179	0.3333	0.3779	0.3827	0.3328
0.3563	0.3269	0.3551	0.3568	0.3789	0.3738	0.3695	0.3520	0.3795	0.3503	0.3053	0.3560	0.3832	0.3469	0.3568	0.3607	0.3454	0.2888	0.3601	1.0000	0.3633	0.3187	0.3868	0.3357	0.3695	0.3476	0.3478	0.3319	0.3212	0.3780	0.3739	0.3659	0.2956	0.3821	0.3532	0.3083	0.3192	0.3262	0.4022	0.3753	0.3209	0.3583	0.3929	0.3559	0.3974	0.3510	0.3423	0.3642	0.3774	0.3080
0.3568	0.3352	0.4098	0.3272	0.3499	0.3433	0.3791	0.3650	0.3874	0.3714	0.3404	0.3295	0.3855	0.3479	0.3331	0.3475	0.3471	0.3769	0.4086	0.3633	1.0000	0.3878	0.3759	0.4009	0.3806	0.3485	0.3775	0.3726	0.3693	0.3388	0.3859	0.3483	0.3485	0.3535	0.3671	0.3711	0.3711	0.3561	0.4571	0.4570	0.3710	0.3795	0.3557	0.3326	0.4162	0.3916	0.3044	0.3860	0.3749	0.3627
0.4036	0.4588	0.3444	0.3440	0.3845	0.3327	0.3381	0.3838	0.3456	0.4303	0.3919	0.3653	0.3551	0.2999	0.4004	0.3492	0.3738	0.3576	0.3524	0.3187	0.3878	1.0000	0.3820	0.3474	0.4180	0.3810	0.3668	0.3892	0.3573	0.3086	0.3854	0.3466	0.3228	0.3865	0.3612	0.3369	0.3154	0.4072	0.4115	0.3587	0.3712	0.3409	0.4087	0.3474	0.3769	0.3205	0.3378	0.4280	0.3730	0.3184
0.3556	0.3401	0.3653	0.3623	0.3959	0.3402	0.3726	0.3644	0.4097	0.3878	0.3000	0.3451	0.3844	0.3154	0.3781	0.3710	0.3600	0.3171	0.4038	0.3868	0.3759	0.3820	1.0000	0.3575	0.3473	0.3464	0.3368	0.3034	0.4196	0.3597	0.3699	0.3578	0.3192	0.3715	0.3314	0.3090	0.3029	0.3483	0.3368	0.3878	0.3213	0.3733	0.3423	0.3678	0.3930	0.3528	0.3315	0.3664	0.3769	0.3493
0.3448	0.3463	0.3765	0.3479	0.3621	0.3257	0.4210	0.3402	0.3606	0.3526	0.3162	0.3554	0.3869	0.3845	0.3688	0.3818	0.3493	0.3495	0.3392	0.3357	0.4009	0.3474	0.3575	1.0000	0.3808	0.4039	0.3472	0.3565	0.3791	0.3410	0.3590	0.3676	0.3091	0.3567	0.3658	0.3631	0.2858	0.3323	0.3565	0.4272	0.3288	0.3983	0.4253	0.3298	0.3912	0.3461	0.2997	0.4111	0.3650	0.3798
0.4256	0.3840	0.3562	0.3560	0.3872	0.3514	0.3739	0.3511	0.3875	0.3915	0.3480	0.4248	0.4108	0.3655	0.3793	0.3704	0.3857	0.3394	0.3314	0.3695	0.3806	0.4180	0.3473	0.3808	1.0000	0.4133	0.3672	0.3569	0.3485	0.3508	0.4350	0.4045	0.3281	0.4071	0.3819	0.3479	0.3313	0.3675	0.3886	0.3911	0.3811	0.3967	0.4556	0.3474	0.4150	0.3675	0.3446	0.4116	0.4221	0.3282
0.3757	0.3834	0.3953	0.3881	0.3420	0.3435	0.3866	0.3116	0.3583	0.4120	0.3272	0.3310	0.4085	0.3302	0.3776	0.3589	0.3894	0.3669	0.3522	0.3476	0.3485	0.3810	0.3464	0.4039	0.4133	1.0000	0.3679	0.3746	0.3948	0.3199	0.4118	0.3898	0.3299	0.3503	0.3613	0.3710	0.3246	0.3529	0.3778	0.3828	0.3388	0.3580	0.3989	0.3045	0.3637	0.3552	0.2952	0.4219	0.3618	0.3118
0.3688	0.3297	0.3415	0.3422	0.3428	0.3085	0.3540	0.3164	0.3929	0.3498	0.3323	0.3386	0.3616	0.3463	0.3448	0.3518	0.3419	0.3198	0.3444	0.3478	0.3775	0.3668	0.3368	0.3472	0.3672	0.3679	1.0000	0.3695	0.3279	0.3685	0.3484	0.3591	0.3485	0.3613	0.3451	0.3777	0.3300	0.3136	0.3472	0.3415	0.3584	0.3241	0.3549	0.3059	0.4000	0.3588	0.3155	0.3725	0.3909	0.2962
0.3235	0.4186	0.3677	0.3134	0.3361	0.3637	0.3857	0.3240	0.3793	0.4111	0.3316	0.3430	0.3568	0.3620	0.4372	0.3548	0.3949	0.3368	0.3538	0.3319	0.3726	0.3892	0.3034	0.3565	0.3569	0.3746	0.3695	1.0000	0.3823	0.3193	0.3231	0.3274	0.2769	0.3496	0.3614	0.3316	0.3683	0.4294	0.4119	0.3438	0.3535	0.3394	0.3799	0.3170	0.3902	0.3813	0.2918	0.3844	0.4420	0.4026
0.3334	0.4005	0.3622	0.3728	0.3623	0.3387	0.4010	0.3319	0.3913	0.3773	0.3139	0.3318	0.3474	0.3208	0.4295	0.3337	0.4363	0.3218	0.4096	0.3212	0.3693	0.3573	0.4196	0.3791	0.3485	0.3948	0.3279	0.3823	1.0000	0.3040	0.3645	0.3943	0.3140	0.3504	0.3286	0.3372	0.3345	0.3782	0.3438	0.3798	0.3148	0.4003	0.3438	0.3581	0.3421	0.3620	0.3050	0.3849	0.4218	0.3655
0.3526	0.3220	0.2786	0.3099	0.3995	0.3027	0.3545	0.3219	0.4034	0.3436	0.3656	0.3983	0.3437	0.3435	0.3270	0.3493	0.3659	0.3241	0.3691	0.3780	0.3388	0.3086	0.3597	0.3410	0.3508	0.3199	0.3685	0.3193	0.3040	1.0000	0.3257	0.3751	0.3485	0.3935	0.2921	0.3309	0.3252	0.2759	0.3383	0.3552	0.3497	0.3375	0.3761	0.4126	0.3434	0.3525	0.3777	0.3607	0.4193	0.3582
0.4261	0.3772	0.3898	0.3449	0.3757	0.3414	0.3929	0.3523	0.3831	0.4208	0.3442	0.3730	0.4253	0.3351	0.4012	0.3377	0.3883	0.3796	0.4004	0.3739	0.3859	0.3854	0.3699	0.3590	0.4350	0.4118	0.3484	0.3231	0.3645	0.3257	1.0000	0.3844	0.3762	0.3389	0.3815	0.3747	0.3316	0.3792	0.3595	0.4259	0.3741	0.3885	0.4162	0.3105	0.4192	0.3786	0.3361	0.4202	0.3746	0.3032
0.3884	0.3789	0.3296	0.3786	0.4405	0.3569	0.3918	0.3222	0.3899	0.3761	0.3444	0.3748	0.4120	0.3676	0.3743	0.3432	0.4117	0.3247	0.3810	0.3659	0.3483	0.3466	0.3578	0.3676	0.4045	0.3898	0.3591	0.3274	0.3943	0.3751	0.3844	1.0000	0.3182	0.3590	0.3719	0.3773	0.3250	0.3536	0.3632	0.3899	0.3293	0.4572	0.4299	0.3207	0.3723	0.3485	0.3111	0.4070	0.3748	0.3043
0.3401	0.2888	0.3091	0.3229	0.3077	0.3009	0.2906	0.2913	0.3506	0.3213	0.3493	0.3516	0.3452	0.2900	0.3397	0.2943	0.2914	0.3328	0.3105	0.2956	0.3485	0.3228	0.3192	0.3091	0.3281	0.3299	0.3485	0.2769	0.3140	0.3485	0.3762	0.3182	1.0000	0.3343	0.3080	0.3698	0.2693	0.3347	0.3319	0.3089	0.3609	0.3194	0.3289	0.2706	0.3608	0.4044	0.3099	0.3734	0.3363	0.2901
0.3663	0.3271	0.3198	0.3372	0.3828	0.3116	0.3418	0.3472	0.4429	0.3556	0.3641	0.3540	0.3851	0.3157	0.3689	0.3496	0.3697	0.3284	0.3515	0.3821	0.3535	0.3865	0.3715	0.3567	0.4071	0.3503	0.3613	0.3496	0.3504	0.3935	0.3389	0.3590	0.3343	1.0000	0.3481	0.3039	0.3184	0.3367	0.3867	0.3762	0.3422	0.3155	0.3728	0.3995	0.3743	0.3540	0.3486	0.3433	0.4284	0.3681
0.3715	0.3785	0.3558	0.3539	0.3415	0.3750	0.3598	0.3912	0.3138	0.4092	0.3362	0.3686	0.3690	0.3211	0.3269	0.3388	0.3850	0.4165	0.3621	0.3532	0.3671	0.3612	0.3314	0.3658	0.3819	0.3613	0.3451	0.3614	0.3286	0.2921	0.3815	0.3719	0.3080	0.3481	1.0000	0.3219	0.3487	0.3745	0.4214	0.4384	0.3112	0.3530	0.3972	0.2765	0.3631	0.3036	0.3115	0.3638	0.3327	0.3220
0.3839	0.3368	0.3460	0.3408	0.3575	0.2971	0.3529	0.3265	0.3332	0.3561	0.3466	0.3540	0.3544	0.3628	0.3169	0.3394	0.3576	0.3444	0.3399	0.3083	0.3711	0.3369	0.3090	0.3631	0.3479	0.3710	0.3777	0.3316	0.3372	0.3309	0.3747	0.3773	0.3698	0.3039	0.3219	1.0000	0.2946	0.3167	0.3134	0.3575	0.3459	0.3465	0.3485	0.2933	0.3528	0.4227	0.3406	0.3785	0.3606	0.3238
0.2963	0.3813	0.3499	0.3038	0.3214	0.3694	0.3416	0.3138	0.3347	0.4040	0.2594	0.2929	0.3180	0.3155	0.3213	0.3181	0.3643	0.3602	0.3466	0.3192	0.3711	0.3154	0.3029	0.2858	0.3313	0.3246	0.3300	0.3683	0.3345	0.3252	0.3316	0.3250	0.2693	0.3184	0.3487	0.2946	1.0000	0.3530	0.3071	0.3404	0.3315	0.3154	0.3074	0.3060	0.3254	0.3523	0.2547	0.3062	0.3543	0.3513
0.3414	0.3921	0.3549	0.3836	0.3276	0.3570	0.3203	0.3282	0.4318	0.4143	0.3122	0.3159	0.3746	0.2953	0.4354	0.3435	0.3953	0.3387	0.3303	0.3262	0.3561	0.4072	0.3483	0.3323	0.3675	0.3529	0.3136	0.4294	0.3782	0.2759	0.3792	0.3536	0.3347	0.3367	0.3745	0.3167	0.3530	1.0000	0.3999	0.3732	0.3315	0.3796	0.3808	0.2941	0.3421	0.3242	0.3079	0.3918	0.3917	0.3326
0.3864	0.3814	0.3795	0.3612	0.3327	0.3629	0.3494	0.3428	0.4083	0.4094	0.3446	0.3463	0.3964	0.3465	0.3874	0.3721	0.3693	0.3664	0.4219	0.4022	0.4571	0.4115	0.3368	0.3565	0.3886	0.3778	0.3472	0.4119	0.3438	0.3383	0.3595	0.3632	0.3319	0.3867	0.4214	0.3134	0.3071	0.3999	1.0000	0.4395	0.3264	0.3861	0.4196	0.3404	0.4250	0.3613	0.3759	0.3848	0.4211	0.3456
0.4182	0.3678	0.3944	0.3566	0.3458	0.3559	0.3572	0.3439	0.3700	0.4101	0.3275	0.3787	0.4101	0.3060	0.3691	0.3373	0.4058	0.3898	0.4003	0.3753	0.4570	0.3587	0.3878	0.4272	0.3911	0.3828	0.3415	0.3438	0.3798	0.3552	0.4259	0.3899	0.3089	0.3762	0.4384	0.3575	0.3404	0.3732	0.4395	1.0000	0.3245	0.3826	0.4230	0.3454	0.3484	0.3496	0.3548	0.3912	0.3441	0.3702
0.3860	0.3518	0.3174	0.3091	0.3700	0.3348	0.3653	0.3386	0.3693	0.3227	0.2919	0.3781	0.3933	0.3755	0.3391	0.3288	0.3484	0.3506	0.3093	0.3209	0.3710	0.3712	0.3213	0.3288	0.3811	0.3388	0.3584	0.3535	0.3148	0.3497	0.3741	0.3293	0.3609	0.3422	0.3112	0.3459	0.3315	0.3315	0.3264	0.3245	1.0000	0.3573	0.3567	0.3354	0.3803	0.3846	0.3054	0.3981	0.3976	0.3137
0.3965	0.3665	0.3683	0.3955	0.3898	0.3452	0.4224	0.3634	0.4022	0.3676	0.3194	0.3772	0.3909	0.4077	0.4436	0.3920	0.4147	0.3433	0.3774	0.3583	0.3795	0.3409	0.3733	0.3983	0.3967	0.3580	0.3241	0.3394	0.4003	0.3375	0.3885	0.4572	0.3194	0.3155	0.3530	0.3465	0.3154	0.3796	0.3861	0.3826	0.3573	1.0000	0.4074	0.3275	0.3952	0.3429	0.3129	0.4227	0.3996	0.3277
0.4333	0.3917	0.3780	0.3836	0.3877	0.3561	0.3925	0.3518	0.3767	0.3876	0.3717	0.4515	0.4160	0.3645	0.4413	0.3841	0.4119	0.3242	0.3552	0.3929	0.3557	0.4087	0.3423	0.4253	0.4556	0.3989	0.3549	0.3799	0.3438	0.3761	0.4162	0.4299	0.3289	0.3728	0.3972	0.3485	0.3074	0.3808	0.4196	0.4230	0.3567	0.4074	1.0000	0.3205	0.4068	0.3460	0.4002	0.4066	0.3914	0.3491
0.3370	0.3320	0.2999	0.2971	0.3178	0.2993	0.3178	0.3513	0.3946	0.3249	0.3745	0.3343	0.3306	0.3218	0.3276	0.3964	0.3626	0.3429	0.3799	0.3559	0.3326	0.3474	0.3678	0.3298	0.3474	0.3045	0.3059	0.3170	0.3581	0.4126	0.3105	0.3207	0.2706	0.3995	0.2765	0.2933	0.3060	0.2941	0.3404	0.3454	0.3354	0.3275	0.3205	1.0000	0.3367	0.3450	0.3719	0.3461	0.3818	0.3856
0.3738	0.3495	0.4145	0.3303	0.3687	0.3456	0.4001	0.3566	0.4090	0.3708	0.3895	0.3506	0.3814	0.3953	0.4284	0.3574	0.3788	0.3117	0.3780	0.3974	0.4162	0.3769	0.3930	0.3912	0.4150	0.3637	0.4000	0.3902	0.3421	0.3434	0.4192	0.3723	0.3608	0.3743	0.3631	0.3528	0.3254	0.3421	0.4250	0.3484	0.3803	0.3952	0.4068	0.3367	1.0000	0.3698	0.3894	0.3924	0.4185	0.3046
0.3615	0.3419	0.3801	0.3554	0.3445	0.3137	0.3442	0.3159	0.3528	0.3803	0.3248	0.3673	0.3611	0.3654	0.3907	0.3475	0.3258	0.3360	0.3179	0.3510	0.3916	0.3205	0.3528	0.3461	0.3675	0.3552	0.3588	0.3813	0.3620	0.3525	0.3786	0.3485	0.4044	0.3540	0.3036	0.4227	0.3523	0.3242	0.3613	0.3496	0.3846	0.3429	0.3460	0.3450	0.3698	1.0000	0.3454	0.3574	0.3793	0.3693
0.3802	0.3087	0.3200	0.2994	0.3157	0.3020	0.2895	0.3593	0.3427	0.3622	0.3716	0.3896	0.3207	0.3005	0.3456	0.3267	0.3518	0.3206	0.3333	0.3423	0.3044	0.3378	0.3315	0.2997	0.3446	0.2952	0.3155	0.2918	0.3050	0.3777	0.3361	0.3111	0.3099	0.3486	0.3115	0.3406	0.2547	0.3079	0.3759	0.3548	0.3054	0.3129	0.4002	0.3719	0.3894	0.3454	1.0000	0.3336	0.3427	0.3286
0.4018	0.3891	0.3628	0.3848	0.3712	0.3072	0.3952	0.3784	0.3751	0.4052	0.3491	0.4057	0.4223	0.3525	0.3941	0.4112	0.4100	0.3934	0.3779	0.3642	0.3860	0.4280	0.3664	0.4111	0.4116	0.4219	0.3725	0.3844	0.3849	0.3607	0.4202	0.4070	0.3734	0.3433	0.3638	0.3785	0.3062	0.3918	0.3848	0.3912	0.3981	0.4227	0.4066	0.3461	0.3924	0.3574	0.3336	1.0000	0.3810	0.3096
0.3758	0.4064	0.3671	0.3515	0.3822	0.3691	0.4035	0.3589	0.5113	0.3666	0.3540	0.3863	0.3877	0.4217	0.4401	0.3598	0.4175	0.3393	0.3827	0.3774	0.3749	0.3730	0.3769	0.3650	0.4221	0.3618	0.3909	0.4420	0.4218	0.4193	0.3746	0.3748	0.3363	0.4284	0.3327	0.3606	0.3543	0.3917	0.4211	0.3441	0.3976	0.3996	0.3914	0.3818	0.4185	0.3793	0.3427	0.3810	1.0000	0.3689
0.3412	0.3466	0.3346	0.3126	0.3402	0.3286	0.3417	0.3050	0.3616	0.3980	0.2805	0.3542	0.3202	0.3157	0.3223	0.3344	0.3389	0.3463	0.3328	0.3080	0.3627	0.3184	0.3493	0.3798	0.3282	0.3118	0.2962	0.4026	0.3655	0.3582	0.3032	0.3043	0.2901	0.3681	0.3220	0.3238	0.3513	0.3326	0.3456	0.3702	0.3137	0.3277	0.3491	0.3856	0.3046	0.3693	0.3286	0.3096	0.3689	1.0000
