
Using the parameter settings in the file: 
''1763240293/clumpp.paramfile''

Parameter settings
----------------------- Main parameters -------------------------
DATATYPE = 0
INDFILE = 1763240293/ClumppIndFile
POPFILE = 
OUTFILE = 1763240293/ClumppIndFile.output
MISCFILE = 1763240293/ClumppIndFile.misc
K = 12
C = 164
R = 50
M = 3
W = 0
S = 2
- Additional options for the Greedy and LargeKGreedy algorithms -
GREEDY_OPTION = 2
REPEATS = 2000
PERMUTATIONFILE = 
----------------------- Optional outputs ------------------------
PRINT_PERMUTED_DATA = 0
PERMUTED_DATAFILE = 
PRINT_EVERY_PERM = 0
EVERY_PERMFILE = 
PRINT_RANDOM_INPUTORDER = 0
RANDOM_INPUTORDERFILE = 
----------------------- Advanced options ------------------------
OVERRIDE_WARNINGS = 0
ORDER_BY_RUN = 1


In total, 2000 configurations of runs and clusters will be tested.

Results
------------------------------
The highest value of H' is: 0.58055631923587

The list of permutations of the clusters that produces that
H' value is (runs are listed sequentially on separate rows)

1 2 3 4 5 6 7 8 9 10 11 12 
9 1 12 2 4 8 11 6 10 7 3 5 
5 9 12 7 8 1 4 3 2 10 11 6 
4 7 11 1 10 3 8 12 9 2 6 5 
8 5 3 4 9 7 11 12 6 2 1 10 
5 10 12 8 4 1 11 9 7 6 2 3 
10 2 9 6 3 1 11 7 5 12 4 8 
2 4 5 3 7 9 10 12 1 8 6 11 
10 3 4 6 8 5 7 9 11 2 12 1 
9 10 11 6 4 5 8 2 1 3 12 7 
12 5 3 7 2 11 10 1 9 4 8 6 
5 4 6 10 7 11 3 9 12 8 2 1 
12 8 4 3 5 2 11 6 7 9 1 10 
5 3 8 6 7 9 1 10 11 2 4 12 
3 8 5 4 7 9 6 11 12 1 2 10 
3 4 8 12 11 9 10 2 5 7 1 6 
9 5 2 4 11 6 8 7 3 1 10 12 
2 5 12 9 8 6 10 4 1 11 7 3 
9 7 3 6 5 1 4 8 2 10 11 12 
9 11 12 10 5 4 7 1 8 2 6 3 
10 8 11 12 6 7 4 1 5 9 3 2 
12 5 2 10 1 3 4 7 11 9 6 8 
8 12 1 7 9 3 10 11 5 6 4 2 
11 8 6 9 4 10 3 12 2 1 5 7 
1 9 10 3 6 8 5 7 2 12 11 4 
11 9 6 3 1 2 5 12 7 8 10 4 
2 6 8 12 5 11 10 3 4 9 1 7 
10 6 1 2 9 12 4 5 8 11 7 3 
4 3 7 8 11 2 9 12 6 1 5 10 
11 8 5 12 4 2 1 10 3 7 9 6 
2 1 12 9 5 10 11 4 6 3 7 8 
10 9 8 3 4 7 1 5 11 6 12 2 
3 10 12 4 7 8 2 11 6 1 9 5 
4 7 5 3 8 9 1 10 2 11 12 6 
10 5 2 8 12 6 4 1 9 3 11 7 
7 11 6 9 5 10 2 3 8 4 12 1 
2 9 11 8 6 5 1 12 7 4 10 3 
1 2 11 5 8 6 9 4 7 12 3 10 
9 5 7 1 4 12 8 2 6 3 10 11 
6 7 11 10 2 9 8 3 12 4 5 1 
11 12 2 10 6 9 3 5 8 1 7 4 
10 4 5 7 11 2 8 3 12 1 6 9 
3 5 12 7 4 6 9 10 2 1 11 8 
11 8 6 1 10 5 12 3 2 4 9 7 
7 1 10 6 5 2 8 12 11 4 9 3 
5 6 11 4 10 7 9 3 12 2 8 1 
3 11 7 6 1 8 4 10 12 2 5 9 
11 6 3 5 8 4 2 9 12 10 1 7 
11 5 9 3 4 2 10 8 1 12 7 6 
12 3 5 10 8 11 9 7 6 4 1 2 

The pairwise G' values for each pair of runs where the clusters
of each run are permuted according to the list of permutations above

1.0000 0.5096 0.5522 0.5284 0.4652 0.4965 0.4560 0.4595 0.5237 0.4515 0.4986 0.4903 0.4848 0.4616 0.5808 0.4492 0.5086 0.4606 0.4343 0.5113 0.4964 0.5806 0.5009 0.5530 0.5191 0.5050 0.5185 0.4860 0.4592 0.4910 0.5231 0.4425 0.4606 0.4772 0.4688 0.4770 0.5155 0.5154 0.4747 0.4500 0.5309 0.5066 0.4834 0.5441 0.4527 0.5585 0.5257 0.4589 0.5293 0.4893 
0.5096 1.0000 0.5390 0.5500 0.6165 0.5738 0.5619 0.5857 0.5179 0.5207 0.6200 0.6000 0.4412 0.5987 0.5204 0.5755 0.4635 0.6583 0.4737 0.5757 0.4878 0.5654 0.5526 0.5520 0.6151 0.5421 0.6990 0.6424 0.5864 0.4753 0.5588 0.6135 0.6072 0.6555 0.5289 0.7167 0.7381 0.5532 0.5765 0.6225 0.5411 0.4174 0.6275 0.4451 0.5411 0.5160 0.5980 0.6219 0.5085 0.6598 
0.5522 0.5390 1.0000 0.5938 0.5997 0.6339 0.5367 0.5145 0.5014 0.5779 0.6011 0.6133 0.5072 0.5861 0.5924 0.5649 0.5140 0.5084 0.5132 0.6229 0.4392 0.5843 0.6067 0.6335 0.6623 0.6574 0.5467 0.5817 0.5310 0.4955 0.6076 0.5691 0.5571 0.6018 0.5918 0.6045 0.5517 0.5289 0.6248 0.5382 0.4983 0.4589 0.6070 0.4502 0.5757 0.5870 0.6209 0.5949 0.5442 0.6091 
0.5284 0.5500 0.5938 1.0000 0.6168 0.6730 0.6000 0.5817 0.5563 0.6249 0.5984 0.6589 0.5380 0.5572 0.6727 0.5758 0.6239 0.5425 0.5854 0.7045 0.5713 0.6658 0.6631 0.5812 0.6489 0.6869 0.5825 0.6747 0.6354 0.6283 0.6808 0.5609 0.6424 0.5444 0.6143 0.5868 0.6307 0.5807 0.5697 0.5538 0.5233 0.6109 0.6646 0.5522 0.6096 0.6300 0.6901 0.5810 0.6479 0.6495 
0.4652 0.6165 0.5997 0.6168 1.0000 0.6212 0.6570 0.6029 0.6007 0.6667 0.6878 0.5851 0.4925 0.6719 0.6248 0.7813 0.5277 0.6080 0.5160 0.6150 0.5325 0.5428 0.6527 0.6220 0.6558 0.6622 0.5894 0.6764 0.6203 0.5511 0.6075 0.6563 0.6469 0.6774 0.6153 0.6900 0.6826 0.6366 0.6614 0.6669 0.5589 0.4654 0.7360 0.4710 0.5824 0.5633 0.6197 0.7075 0.5418 0.7434 
0.4965 0.5738 0.6339 0.6730 0.6212 1.0000 0.6232 0.5798 0.5741 0.6762 0.6356 0.6792 0.5944 0.6195 0.6362 0.5963 0.6471 0.5614 0.5685 0.7038 0.5290 0.6400 0.6707 0.5693 0.7528 0.6654 0.5842 0.6936 0.6401 0.6086 0.6798 0.5823 0.6873 0.5788 0.6969 0.6302 0.6181 0.5469 0.6202 0.5892 0.5218 0.4955 0.6820 0.5178 0.7085 0.6059 0.6806 0.6104 0.5931 0.7009 
0.4560 0.5619 0.5367 0.6000 0.6570 0.6232 1.0000 0.6178 0.6327 0.6027 0.6145 0.5848 0.5206 0.6142 0.6246 0.6081 0.5781 0.5871 0.5583 0.6930 0.5625 0.5649 0.5661 0.6163 0.5892 0.5844 0.5897 0.6760 0.7324 0.5712 0.6530 0.5885 0.7198 0.5631 0.5789 0.6221 0.6103 0.5655 0.5967 0.5999 0.5518 0.4572 0.6821 0.4896 0.5855 0.5753 0.5962 0.6039 0.5713 0.6826 
0.4595 0.5857 0.5145 0.5817 0.6029 0.5798 0.6178 1.0000 0.6933 0.5981 0.5656 0.5956 0.5596 0.6455 0.5881 0.6041 0.5443 0.5696 0.4576 0.6061 0.6454 0.6006 0.5480 0.5981 0.5545 0.5438 0.5751 0.6480 0.6899 0.5502 0.5833 0.6083 0.6813 0.5953 0.5466 0.6236 0.5719 0.5924 0.5727 0.5609 0.5846 0.4916 0.6689 0.5260 0.5720 0.6030 0.5528 0.5525 0.5157 0.6121 
0.5237 0.5179 0.5014 0.5563 0.6007 0.5741 0.6327 0.6933 1.0000 0.5789 0.5615 0.5616 0.5422 0.5983 0.6274 0.5881 0.5952 0.5563 0.4733 0.5834 0.6484 0.5859 0.5344 0.5875 0.5335 0.5362 0.5370 0.6281 0.6273 0.5735 0.5902 0.5570 0.6281 0.5285 0.5415 0.5828 0.5585 0.6044 0.5709 0.5617 0.6171 0.5077 0.6226 0.5603 0.5594 0.5673 0.5321 0.5403 0.5348 0.6127 
0.4515 0.5207 0.5779 0.6249 0.6667 0.6762 0.6027 0.5981 0.5789 1.0000 0.5535 0.6337 0.5720 0.6360 0.6119 0.6579 0.5906 0.5443 0.5108 0.6599 0.5219 0.5870 0.6411 0.5180 0.6357 0.6430 0.5196 0.5958 0.6104 0.6358 0.6031 0.5539 0.6346 0.5588 0.6991 0.5694 0.5773 0.5228 0.5819 0.5672 0.4939 0.4821 0.6138 0.5108 0.7038 0.5899 0.6013 0.5620 0.5190 0.5995 
0.4986 0.6200 0.6011 0.5984 0.6878 0.6356 0.6145 0.5656 0.5615 0.5535 1.0000 0.5875 0.4931 0.6316 0.5864 0.6885 0.5445 0.5758 0.5324 0.6060 0.5606 0.5909 0.6202 0.6309 0.6921 0.6035 0.6048 0.6945 0.6207 0.5052 0.5983 0.6228 0.6692 0.6736 0.5879 0.7009 0.6447 0.6717 0.6231 0.6251 0.5847 0.5104 0.7078 0.4702 0.5648 0.5403 0.6181 0.7028 0.5634 0.7711 
0.4903 0.6000 0.6133 0.6589 0.5851 0.6792 0.5848 0.5956 0.5616 0.6337 0.5875 1.0000 0.5610 0.6344 0.5912 0.5568 0.5543 0.5608 0.5577 0.7178 0.5147 0.7154 0.5976 0.5260 0.6580 0.6330 0.5625 0.6501 0.6035 0.5499 0.6668 0.5421 0.6450 0.6025 0.6003 0.6324 0.5870 0.5386 0.5860 0.6148 0.5126 0.5076 0.6125 0.4980 0.7007 0.5832 0.6574 0.6066 0.5809 0.6353 
0.4848 0.4412 0.5072 0.5380 0.4925 0.5944 0.5206 0.5596 0.5422 0.5720 0.4931 0.5610 1.0000 0.5064 0.5825 0.4910 0.5972 0.4670 0.4382 0.5500 0.5399 0.5883 0.5292 0.5071 0.5427 0.5129 0.4547 0.5187 0.5368 0.5882 0.5362 0.4700 0.5507 0.4815 0.5692 0.4828 0.4515 0.4978 0.4979 0.4715 0.5111 0.4756 0.5240 0.5658 0.5566 0.5470 0.5059 0.4828 0.4882 0.5047 
0.4616 0.5987 0.5861 0.5572 0.6719 0.6195 0.6142 0.6455 0.5983 0.6360 0.6316 0.6344 0.5064 1.0000 0.5698 0.6583 0.5139 0.5947 0.4718 0.5954 0.5452 0.5754 0.5682 0.5945 0.6072 0.5739 0.6030 0.6473 0.6353 0.5015 0.5584 0.6061 0.6757 0.6796 0.5806 0.6387 0.6039 0.5676 0.6504 0.6135 0.5724 0.4212 0.6934 0.4392 0.6171 0.5493 0.5810 0.6040 0.4970 0.6612 
0.5808 0.5204 0.5924 0.6727 0.6248 0.6362 0.6246 0.5881 0.6274 0.6119 0.5864 0.5912 0.5825 0.5698 1.0000 0.5908 0.6340 0.5217 0.5854 0.6797 0.6047 0.6514 0.6106 0.5976 0.6296 0.6257 0.5318 0.6066 0.5840 0.6115 0.6521 0.5638 0.6013 0.5459 0.5784 0.5729 0.5634 0.6182 0.5557 0.5450 0.6026 0.5681 0.6537 0.5779 0.5855 0.6583 0.6563 0.5496 0.6582 0.6219 
0.4492 0.5755 0.5649 0.5758 0.7813 0.5963 0.6081 0.6041 0.5881 0.6579 0.6885 0.5568 0.4910 0.6583 0.5908 1.0000 0.5095 0.5854 0.4798 0.5787 0.5301 0.5385 0.6287 0.6001 0.6178 0.6332 0.5682 0.6247 0.6120 0.5205 0.5975 0.6489 0.6358 0.6556 0.6346 0.6328 0.6384 0.6335 0.6461 0.6138 0.5591 0.4888 0.6769 0.4631 0.5745 0.5649 0.5858 0.6249 0.5014 0.6859 
0.5086 0.4635 0.5140 0.6239 0.5277 0.6471 0.5781 0.5443 0.5952 0.5906 0.5445 0.5543 0.5972 0.5139 0.6340 0.5095 1.0000 0.5413 0.5006 0.5942 0.5657 0.6089 0.5902 0.5602 0.5836 0.5508 0.5216 0.5582 0.5649 0.6731 0.5849 0.5003 0.5667 0.4663 0.5977 0.5189 0.4982 0.5495 0.5060 0.5150 0.5406 0.5596 0.5703 0.5790 0.5919 0.5862 0.5555 0.5072 0.5695 0.5619 
0.4606 0.6583 0.5084 0.5425 0.6080 0.5614 0.5871 0.5696 0.5563 0.5443 0.5758 0.5608 0.4670 0.5947 0.5217 0.5854 0.5413 1.0000 0.4511 0.5441 0.4961 0.5278 0.5673 0.5601 0.5489 0.5336 0.7043 0.5917 0.6098 0.5361 0.5415 0.6052 0.5877 0.5592 0.5671 0.6045 0.6608 0.5148 0.5827 0.6495 0.5261 0.4186 0.6163 0.4989 0.5892 0.5321 0.5565 0.5674 0.4739 0.6066 
0.4343 0.4737 0.5132 0.5854 0.5160 0.5685 0.5583 0.4576 0.4733 0.5108 0.5324 0.5577 0.4382 0.4718 0.5854 0.4798 0.5006 0.4511 1.0000 0.6346 0.4701 0.5318 0.5248 0.4709 0.5677 0.5418 0.4683 0.5474 0.5012 0.4721 0.5912 0.4725 0.5329 0.4823 0.4952 0.5305 0.5164 0.5030 0.4697 0.4879 0.4396 0.4562 0.5389 0.4287 0.5197 0.5017 0.5901 0.5251 0.6808 0.5749 
0.5113 0.5757 0.6229 0.7045 0.6150 0.7038 0.6930 0.6061 0.5834 0.6599 0.6060 0.7178 0.5500 0.5954 0.6797 0.5787 0.5942 0.5441 0.6346 1.0000 0.5508 0.6822 0.6214 0.5635 0.6809 0.6535 0.5599 0.6694 0.6904 0.5869 0.7430 0.5676 0.7050 0.5733 0.6086 0.6256 0.6183 0.5703 0.5726 0.5739 0.5052 0.5287 0.6486 0.5191 0.6467 0.6214 0.7121 0.6150 0.6660 0.6777 
0.4964 0.4878 0.4392 0.5713 0.5325 0.5290 0.5625 0.6454 0.6484 0.5219 0.5606 0.5147 0.5399 0.5452 0.6047 0.5301 0.5657 0.4961 0.4701 0.5508 1.0000 0.5864 0.4833 0.5497 0.5007 0.4725 0.5020 0.5994 0.6314 0.5324 0.5051 0.5225 0.6368 0.5121 0.4704 0.5281 0.5132 0.6285 0.5025 0.4849 0.5972 0.5418 0.6102 0.5514 0.4989 0.5373 0.4973 0.5151 0.5200 0.5701 
0.5806 0.5654 0.5843 0.6658 0.5428 0.6400 0.5649 0.6006 0.5859 0.5870 0.5909 0.7154 0.5883 0.5754 0.6514 0.5385 0.6089 0.5278 0.5318 0.6822 0.5864 1.0000 0.5849 0.5611 0.6292 0.5833 0.5588 0.6076 0.5971 0.5958 0.6302 0.5270 0.6140 0.5633 0.5758 0.6068 0.5519 0.5784 0.5513 0.5685 0.5820 0.5702 0.5752 0.5704 0.6254 0.6051 0.6166 0.5540 0.6101 0.5956 
0.5009 0.5526 0.6067 0.6631 0.6527 0.6707 0.5661 0.5480 0.5344 0.6411 0.6202 0.5976 0.5292 0.5682 0.6106 0.6287 0.5902 0.5673 0.5248 0.6214 0.4833 0.5849 1.0000 0.5783 0.7321 0.6502 0.5535 0.5890 0.5706 0.6240 0.6265 0.6052 0.5780 0.5877 0.6866 0.6258 0.5915 0.5830 0.5615 0.6032 0.5064 0.5103 0.6272 0.5301 0.6239 0.5911 0.6374 0.6129 0.5687 0.6330 
0.5530 0.5520 0.6335 0.5812 0.6220 0.5693 0.6163 0.5981 0.5875 0.5180 0.6309 0.5260 0.5071 0.5945 0.5976 0.6001 0.5602 0.5601 0.4709 0.5635 0.5497 0.5611 0.5783 1.0000 0.5869 0.5830 0.6150 0.6150 0.6024 0.5225 0.5668 0.6417 0.5967 0.6003 0.5398 0.6161 0.5755 0.6352 0.6706 0.5524 0.6040 0.4762 0.6712 0.4915 0.5179 0.6123 0.5642 0.5957 0.5437 0.6403 
0.5191 0.6151 0.6623 0.6489 0.6558 0.7528 0.5892 0.5545 0.5335 0.6357 0.6921 0.6580 0.5427 0.6072 0.6296 0.6178 0.5836 0.5489 0.5677 0.6809 0.5007 0.6292 0.7321 0.5869 1.0000 0.6647 0.5655 0.6628 0.5880 0.5677 0.6640 0.6103 0.6383 0.6413 0.6689 0.6687 0.6200 0.5977 0.5858 0.5951 0.5169 0.4836 0.6746 0.5111 0.6569 0.5872 0.6848 0.6694 0.6019 0.7195 
0.5050 0.5421 0.6574 0.6869 0.6622 0.6654 0.5844 0.5438 0.5362 0.6430 0.6035 0.6330 0.5129 0.5739 0.6257 0.6332 0.5508 0.5336 0.5418 0.6535 0.4725 0.5833 0.6502 0.5830 0.6647 1.0000 0.5418 0.6299 0.5855 0.5470 0.6823 0.5782 0.6000 0.5655 0.6556 0.5931 0.6230 0.5464 0.6211 0.5634 0.5167 0.5035 0.6506 0.4897 0.5971 0.6340 0.6690 0.5885 0.5846 0.6588 
0.5185 0.6990 0.5467 0.5825 0.5894 0.5842 0.5897 0.5751 0.5370 0.5196 0.6048 0.5625 0.4547 0.6030 0.5318 0.5682 0.5216 0.7043 0.4683 0.5599 0.5020 0.5588 0.5535 0.6150 0.5655 0.5418 1.0000 0.6114 0.6171 0.5180 0.5410 0.6039 0.6099 0.5629 0.5507 0.6432 0.6882 0.5385 0.6326 0.6104 0.5882 0.4438 0.6416 0.4558 0.5507 0.5446 0.5758 0.5631 0.4986 0.6289 
0.4860 0.6424 0.5817 0.6747 0.6764 0.6936 0.6760 0.6480 0.6281 0.5958 0.6945 0.6501 0.5187 0.6473 0.6066 0.6247 0.5582 0.5917 0.5474 0.6694 0.5994 0.6076 0.5890 0.6150 0.6628 0.6299 0.6114 1.0000 0.7165 0.5267 0.6688 0.6203 0.7748 0.6299 0.5870 0.6863 0.7010 0.6009 0.6472 0.6122 0.5586 0.5013 0.7804 0.5106 0.6166 0.5830 0.6615 0.6716 0.5892 0.7852 
0.4592 0.5864 0.5310 0.6354 0.6203 0.6401 0.7324 0.6899 0.6273 0.6104 0.6207 0.6035 0.5368 0.6353 0.5840 0.6120 0.5649 0.6098 0.5012 0.6904 0.6314 0.5971 0.5706 0.6024 0.5880 0.5855 0.6171 0.7165 1.0000 0.5718 0.6523 0.6293 0.7823 0.5780 0.5964 0.6175 0.6423 0.5603 0.6134 0.5771 0.5565 0.4823 0.7120 0.5029 0.6190 0.5998 0.6110 0.5797 0.5500 0.6806 
0.4910 0.4753 0.4955 0.6283 0.5511 0.6086 0.5712 0.5502 0.5735 0.6358 0.5052 0.5499 0.5882 0.5015 0.6115 0.5205 0.6731 0.5361 0.4721 0.5869 0.5324 0.5958 0.6240 0.5225 0.5677 0.5470 0.5180 0.5267 0.5718 1.0000 0.5535 0.5056 0.5468 0.4665 0.6309 0.5107 0.5132 0.5337 0.4866 0.5260 0.5348 0.5444 0.5312 0.5638 0.6124 0.5765 0.5358 0.5077 0.5334 0.5283 
0.5231 0.5588 0.6076 0.6808 0.6075 0.6798 0.6530 0.5833 0.5902 0.6031 0.5983 0.6668 0.5362 0.5584 0.6521 0.5975 0.5849 0.5415 0.5912 0.7430 0.5051 0.6302 0.6265 0.5668 0.6640 0.6823 0.5410 0.6688 0.6523 0.5535 1.0000 0.5704 0.6224 0.5591 0.6151 0.6017 0.6135 0.5519 0.5693 0.5532 0.5160 0.5567 0.6358 0.5474 0.6143 0.6406 0.6976 0.5784 0.6522 0.6704 
0.4425 0.6135 0.5691 0.5609 0.6563 0.5823 0.5885 0.6083 0.5570 0.5539 0.6228 0.5421 0.4700 0.6061 0.5638 0.6489 0.5003 0.6052 0.4725 0.5676 0.5225 0.5270 0.6052 0.6417 0.6103 0.5782 0.6039 0.6203 0.6293 0.5056 0.5704 1.0000 0.6222 0.6462 0.5639 0.6778 0.6060 0.5699 0.6258 0.5938 0.5588 0.4294 0.6705 0.4645 0.5731 0.5634 0.5834 0.5933 0.4986 0.6658 
0.4606 0.6072 0.5571 0.6424 0.6469 0.6873 0.7198 0.6813 0.6281 0.6346 0.6692 0.6450 0.5507 0.6757 0.6013 0.6358 0.5667 0.5877 0.5329 0.7050 0.6368 0.6140 0.5780 0.5967 0.6383 0.6000 0.6099 0.7748 0.7823 0.5468 0.6224 0.6222 1.0000 0.6104 0.5981 0.6529 0.6528 0.5775 0.6332 0.5977 0.5474 0.4784 0.7448 0.4933 0.6209 0.5840 0.6325 0.6291 0.5647 0.7386 
0.4772 0.6555 0.6018 0.5444 0.6774 0.5788 0.5631 0.5953 0.5285 0.5588 0.6736 0.6025 0.4815 0.6796 0.5459 0.6556 0.4663 0.5592 0.4823 0.5733 0.5121 0.5633 0.5877 0.6003 0.6413 0.5655 0.5629 0.6299 0.5780 0.4665 0.5591 0.6462 0.6104 1.0000 0.5432 0.7103 0.6057 0.6043 0.6250 0.6163 0.5477 0.4253 0.6562 0.4303 0.5644 0.5198 0.5830 0.6954 0.5053 0.6855 
0.4688 0.5289 0.5918 0.6143 0.6153 0.6969 0.5789 0.5466 0.5415 0.6991 0.5879 0.6003 0.5692 0.5806 0.5784 0.6346 0.5977 0.5671 0.4952 0.6086 0.4704 0.5758 0.6866 0.5398 0.6689 0.6556 0.5507 0.5870 0.5964 0.6309 0.6151 0.5639 0.5981 0.5432 1.0000 0.5677 0.5804 0.5097 0.5765 0.5597 0.5272 0.4913 0.5924 0.4946 0.6783 0.5873 0.5934 0.5558 0.5191 0.5871 
0.4770 0.7167 0.6045 0.5868 0.6900 0.6302 0.6221 0.6236 0.5828 0.5694 0.7009 0.6324 0.4828 0.6387 0.5729 0.6328 0.5189 0.6045 0.5305 0.6256 0.5281 0.6068 0.6258 0.6161 0.6687 0.5931 0.6432 0.6863 0.6175 0.5107 0.6017 0.6778 0.6529 0.7103 0.5677 1.0000 0.6526 0.6071 0.6482 0.6934 0.5757 0.4505 0.6835 0.4473 0.5797 0.5548 0.6245 0.7036 0.5425 0.7535 
0.5155 0.7381 0.5517 0.6307 0.6826 0.6181 0.6103 0.5719 0.5585 0.5773 0.6447 0.5870 0.4515 0.6039 0.5634 0.6384 0.4982 0.6608 0.5164 0.6183 0.5132 0.5519 0.5915 0.5755 0.6200 0.6230 0.6882 0.7010 0.6423 0.5132 0.6135 0.6060 0.6528 0.6057 0.5804 0.6526 1.0000 0.5830 0.6138 0.6261 0.5266 0.4645 0.6806 0.4740 0.5686 0.5306 0.6427 0.6460 0.5509 0.7252 
0.5154 0.5532 0.5289 0.5807 0.6366 0.5469 0.5655 0.5924 0.6044 0.5228 0.6717 0.5386 0.4978 0.5676 0.6182 0.6335 0.5495 0.5148 0.5030 0.5703 0.6285 0.5784 0.5830 0.6352 0.5977 0.5464 0.5385 0.6009 0.5603 0.5337 0.5519 0.5699 0.5775 0.6043 0.5097 0.6071 0.5830 1.0000 0.5505 0.5718 0.5840 0.5197 0.6548 0.5176 0.4992 0.5481 0.5511 0.6498 0.5576 0.6573 
0.4747 0.5765 0.6248 0.5697 0.6614 0.6202 0.5967 0.5727 0.5709 0.5819 0.6231 0.5860 0.4979 0.6504 0.5557 0.6461 0.5060 0.5827 0.4697 0.5726 0.5025 0.5513 0.5615 0.6706 0.5858 0.6211 0.6326 0.6472 0.6134 0.4866 0.5693 0.6258 0.6332 0.6250 0.5765 0.6482 0.6138 0.5505 1.0000 0.6164 0.5867 0.4397 0.6681 0.4249 0.5714 0.5513 0.5760 0.6265 0.4964 0.6555 
0.4500 0.6225 0.5382 0.5538 0.6669 0.5892 0.5999 0.5609 0.5617 0.5672 0.6251 0.6148 0.4715 0.6135 0.5450 0.6138 0.5150 0.6495 0.4879 0.5739 0.4849 0.5685 0.6032 0.5524 0.5951 0.5634 0.6104 0.6122 0.5771 0.5260 0.5532 0.5938 0.5977 0.6163 0.5597 0.6934 0.6261 0.5718 0.6164 1.0000 0.5337 0.4288 0.6225 0.4492 0.5993 0.5099 0.5765 0.6462 0.4942 0.6636 
0.5309 0.5411 0.4983 0.5233 0.5589 0.5218 0.5518 0.5846 0.6171 0.4939 0.5847 0.5126 0.5111 0.5724 0.6026 0.5591 0.5406 0.5261 0.4396 0.5052 0.5972 0.5820 0.5064 0.6040 0.5169 0.5167 0.5882 0.5586 0.5565 0.5348 0.5160 0.5588 0.5474 0.5477 0.5272 0.5757 0.5266 0.5840 0.5867 0.5337 1.0000 0.5228 0.5736 0.4886 0.5107 0.5533 0.5015 0.5124 0.5076 0.5629 
0.5066 0.4174 0.4589 0.6109 0.4654 0.4955 0.4572 0.4916 0.5077 0.4821 0.5104 0.5076 0.4756 0.4212 0.5681 0.4888 0.5596 0.4186 0.4562 0.5287 0.5418 0.5702 0.5103 0.4762 0.4836 0.5035 0.4438 0.5013 0.4823 0.5444 0.5567 0.4294 0.4784 0.4253 0.4913 0.4505 0.4645 0.5197 0.4397 0.4288 0.5228 1.0000 0.4640 0.4985 0.4650 0.5126 0.5230 0.4401 0.5568 0.4795 
0.4834 0.6275 0.6070 0.6646 0.7360 0.6820 0.6821 0.6689 0.6226 0.6138 0.7078 0.6125 0.5240 0.6934 0.6537 0.6769 0.5703 0.6163 0.5389 0.6486 0.6102 0.5752 0.6272 0.6712 0.6746 0.6506 0.6416 0.7804 0.7120 0.5312 0.6358 0.6705 0.7448 0.6562 0.5924 0.6835 0.6806 0.6548 0.6681 0.6225 0.5736 0.4640 1.0000 0.5061 0.5919 0.6114 0.6596 0.6736 0.5750 0.7824 
0.5441 0.4451 0.4502 0.5522 0.4710 0.5178 0.4896 0.5260 0.5603 0.5108 0.4702 0.4980 0.5658 0.4392 0.5779 0.4631 0.5790 0.4989 0.4287 0.5191 0.5514 0.5704 0.5301 0.4915 0.5111 0.4897 0.4558 0.5106 0.5029 0.5638 0.5474 0.4645 0.4933 0.4303 0.4946 0.4473 0.4740 0.5176 0.4249 0.4492 0.4886 0.4985 0.5061 1.0000 0.5138 0.5582 0.5084 0.4454 0.5027 0.4910 
0.4527 0.5411 0.5757 0.6096 0.5824 0.7085 0.5855 0.5720 0.5594 0.7038 0.5648 0.7007 0.5566 0.6171 0.5855 0.5745 0.5919 0.5892 0.5197 0.6467 0.4989 0.6254 0.6239 0.5179 0.6569 0.5971 0.5507 0.6166 0.6190 0.6124 0.6143 0.5731 0.6209 0.5644 0.6783 0.5797 0.5686 0.4992 0.5714 0.5993 0.5107 0.4650 0.5919 0.5138 1.0000 0.5785 0.6101 0.5534 0.5288 0.6075 
0.5585 0.5160 0.5870 0.6300 0.5633 0.6059 0.5753 0.6030 0.5673 0.5899 0.5403 0.5832 0.5470 0.5493 0.6583 0.5649 0.5862 0.5321 0.5017 0.6214 0.5373 0.6051 0.5911 0.6123 0.5872 0.6340 0.5446 0.5830 0.5998 0.5765 0.6406 0.5634 0.5840 0.5198 0.5873 0.5548 0.5306 0.5481 0.5513 0.5099 0.5533 0.5126 0.6114 0.5582 0.5785 1.0000 0.6208 0.4986 0.5677 0.5783 
0.5257 0.5980 0.6209 0.6901 0.6197 0.6806 0.5962 0.5528 0.5321 0.6013 0.6181 0.6574 0.5059 0.5810 0.6563 0.5858 0.5555 0.5565 0.5901 0.7121 0.4973 0.6166 0.6374 0.5642 0.6848 0.6690 0.5758 0.6615 0.6110 0.5358 0.6976 0.5834 0.6325 0.5830 0.5934 0.6245 0.6427 0.5511 0.5760 0.5765 0.5015 0.5230 0.6596 0.5084 0.6101 0.6208 1.0000 0.5952 0.6328 0.6839 
0.4589 0.6219 0.5949 0.5810 0.7075 0.6104 0.6039 0.5525 0.5403 0.5620 0.7028 0.6066 0.4828 0.6040 0.5496 0.6249 0.5072 0.5674 0.5251 0.6150 0.5151 0.5540 0.6129 0.5957 0.6694 0.5885 0.5631 0.6716 0.5797 0.5077 0.5784 0.5933 0.6291 0.6954 0.5558 0.7036 0.6460 0.6498 0.6265 0.6462 0.5124 0.4401 0.6736 0.4454 0.5534 0.4986 0.5952 1.0000 0.5328 0.7437 
0.5293 0.5085 0.5442 0.6479 0.5418 0.5931 0.5713 0.5157 0.5348 0.5190 0.5634 0.5809 0.4882 0.4970 0.6582 0.5014 0.5695 0.4739 0.6808 0.6660 0.5200 0.6101 0.5687 0.5437 0.6019 0.5846 0.4986 0.5892 0.5500 0.5334 0.6522 0.4986 0.5647 0.5053 0.5191 0.5425 0.5509 0.5576 0.4964 0.4942 0.5076 0.5568 0.5750 0.5027 0.5288 0.5677 0.6328 0.5328 1.0000 0.5987 
0.4893 0.6598 0.6091 0.6495 0.7434 0.7009 0.6826 0.6121 0.6127 0.5995 0.7711 0.6353 0.5047 0.6612 0.6219 0.6859 0.5619 0.6066 0.5749 0.6777 0.5701 0.5956 0.6330 0.6403 0.7195 0.6588 0.6289 0.7852 0.6806 0.5283 0.6704 0.6658 0.7386 0.6855 0.5871 0.7535 0.7252 0.6573 0.6555 0.6636 0.5629 0.4795 0.7824 0.4910 0.6075 0.5783 0.6839 0.7437 0.5987 1.0000 
