1.0000	0.3676	0.3629	0.4462	0.3346	0.3324	0.3948	0.2881	0.3463	0.4221	0.4193	0.3200	0.3807	0.3569	0.3577	0.3160	0.2795	0.3449	0.3800	0.3217	0.3913	0.3434	0.3452	0.3851	0.2819	0.3157	0.4104	0.3692	0.3804	0.3240	0.3848	0.3961	0.3117	0.3625	0.4022	0.3215	0.3767	0.3730	0.3580	0.3788	0.4142	0.3034	0.3867	0.3668	0.3840	0.3580	0.3409	0.3246	0.3171	0.3170
0.3676	1.0000	0.3396	0.3443	0.3989	0.3401	0.3755	0.3148	0.3881	0.3887	0.3254	0.3121	0.2799	0.3880	0.4013	0.3726	0.3171	0.3958	0.3948	0.4312	0.4040	0.3518	0.3638	0.3897	0.3365	0.3180	0.3550	0.4484	0.4061	0.3683	0.4867	0.4038	0.2988	0.3836	0.4007	0.4253	0.3237	0.3630	0.3709	0.3862	0.4283	0.2892	0.3739	0.4043	0.3523	0.3323	0.4046	0.4012	0.3591	0.3229
0.3629	0.3396	1.0000	0.3520	0.3646	0.3288	0.3312	0.3207	0.2872	0.3256	0.3389	0.3482	0.3131	0.3839	0.3223	0.2817	0.3827	0.2854	0.3618	0.3618	0.3179	0.3172	0.3310	0.2770	0.2856	0.3662	0.3334	0.3941	0.3411	0.3588	0.3721	0.2966	0.2943	0.3961	0.3244	0.3082	0.3259	0.3636	0.3091	0.3538	0.3620	0.2597	0.3101	0.3347	0.3609	0.3528	0.3802	0.3007	0.2845	0.3461
0.4462	0.3443	0.3520	1.0000	0.3111	0.3800	0.4181	0.3051	0.3795	0.4743	0.3487	0.3241	0.3568	0.3658	0.3257	0.3162	0.3058	0.3409	0.4073	0.3517	0.3514	0.3313	0.3619	0.4176	0.3134	0.3537	0.3881	0.3819	0.4036	0.3723	0.3853	0.3736	0.3413	0.4028	0.3696	0.3517	0.3791	0.4307	0.3842	0.4186	0.4047	0.3191	0.3728	0.3792	0.4089	0.3534	0.4013	0.3376	0.3571	0.3372
0.3346	0.3989	0.3646	0.3111	1.0000	0.3435	0.3018	0.3214	0.3504	0.2975	0.3660	0.3729	0.2853	0.3761	0.4016	0.4229	0.3424	0.4014	0.4298	0.3840	0.4258	0.4236	0.3928	0.3669	0.4116	0.3128	0.3131	0.4102	0.3749	0.3401	0.3865	0.3956	0.3541	0.4081	0.3866	0.4306	0.3433	0.3486	0.3852	0.3300	0.3871	0.2779	0.4013	0.3579	0.3897	0.3762	0.4346	0.3558	0.3935	0.3330
0.3324	0.3401	0.3288	0.3800	0.3435	1.0000	0.3597	0.3453	0.3956	0.4617	0.3925	0.3178	0.3724	0.3384	0.3867	0.3623	0.4038	0.2939	0.3787	0.3563	0.3493	0.3408	0.3720	0.3579	0.3786	0.3720	0.3086	0.3277	0.3384	0.3647	0.3804	0.3506	0.3860	0.4002	0.3747	0.3842	0.3672	0.3413	0.3096	0.3118	0.3850	0.3948	0.3756	0.3512	0.3830	0.3535	0.3958	0.4081	0.3373	0.4468
0.3948	0.3755	0.3312	0.4181	0.3018	0.3597	1.0000	0.2557	0.3799	0.3580	0.3184	0.3383	0.3476	0.3177	0.3203	0.2925	0.3231	0.3205	0.3291	0.3180	0.3362	0.2989	0.3331	0.3436	0.3400	0.3618	0.3549	0.3224	0.3580	0.3433	0.3716	0.3569	0.3264	0.3204	0.3648	0.3817	0.3714	0.3141	0.3192	0.3829	0.3495	0.3259	0.3190	0.3112	0.3746	0.3236	0.3715	0.3448	0.3225	0.3066
0.2881	0.3148	0.3207	0.3051	0.3214	0.3453	0.2557	1.0000	0.3343	0.3334	0.3405	0.3170	0.2907	0.3720	0.3717	0.3353	0.3582	0.3017	0.3610	0.3764	0.3497	0.3685	0.3228	0.3212	0.3434	0.3193	0.3657	0.3821	0.3832	0.3375	0.3940	0.2929	0.3077	0.3570	0.3260	0.3059	0.2632	0.3432	0.3264	0.3280	0.3885	0.3344	0.3280	0.2888	0.3622	0.3919	0.3827	0.3688	0.3681	0.3170
0.3463	0.3881	0.2872	0.3795	0.3504	0.3956	0.3799	0.3343	1.0000	0.3821	0.4087	0.3689	0.3490	0.3403	0.3857	0.3718	0.3515	0.3902	0.4114	0.3836	0.3630	0.3572	0.4360	0.3374	0.4092	0.3698	0.3580	0.3913	0.4347	0.4370	0.4136	0.3790	0.4243	0.4101	0.3980	0.4133	0.4224	0.3599	0.3754	0.3685	0.4343	0.3576	0.4281	0.3738	0.3860	0.3455	0.4008	0.3842	0.3649	0.4109
0.4221	0.3887	0.3256	0.4743	0.2975	0.4617	0.3580	0.3334	0.3821	1.0000	0.3796	0.2402	0.4055	0.3532	0.3593	0.3406	0.3827	0.3170	0.3967	0.3288	0.3353	0.3125	0.3508	0.3703	0.3217	0.3998	0.3712	0.3410	0.3694	0.3919	0.3673	0.3427	0.3688	0.3726	0.3594	0.3721	0.3267	0.3487	0.3578	0.3510	0.4199	0.4187	0.4063	0.3967	0.3632	0.3907	0.3501	0.3628	0.3755	0.4141
0.4193	0.3254	0.3389	0.3487	0.3660	0.3925	0.3184	0.3405	0.4087	0.3796	1.0000	0.2967	0.3461	0.3943	0.4648	0.3470	0.3181	0.3729	0.4109	0.4122	0.3937	0.3514	0.3676	0.3302	0.2990	0.2970	0.3400	0.3885	0.3440	0.3328	0.3859	0.3812	0.3668	0.4232	0.4315	0.3412	0.3699	0.2962	0.3053	0.2965	0.3398	0.3045	0.3645	0.3458	0.3882	0.3435	0.3264	0.3190	0.3754	0.3383
0.3200	0.3121	0.3482	0.3241	0.3729	0.3178	0.3383	0.3170	0.3689	0.2402	0.2967	1.0000	0.2763	0.3455	0.3097	0.3244	0.3051	0.3286	0.3267	0.3611	0.4331	0.3338	0.3366	0.3216	0.4024	0.3152	0.3485	0.3221	0.3845	0.3678	0.3790	0.3121	0.3442	0.3702	0.3474	0.3195	0.3748	0.3665	0.3418	0.3706	0.3671	0.2685	0.3452	0.3371	0.3295	0.3542	0.4109	0.3424	0.3266	0.2727
0.3807	0.2799	0.3131	0.3568	0.2853	0.3724	0.3476	0.2907	0.3490	0.4055	0.3461	0.2763	1.0000	0.2693	0.3257	0.3104	0.3641	0.3205	0.3671	0.3088	0.3593	0.2999	0.3078	0.3579	0.3272	0.3797	0.3475	0.3098	0.3294	0.3473	0.3184	0.3419	0.3894	0.3843	0.3537	0.3282	0.3282	0.2799	0.3004	0.3365	0.3550	0.4427	0.3315	0.3238	0.3107	0.3281	0.3166	0.3329	0.2911	0.3748
0.3569	0.3880	0.3839	0.3658	0.3761	0.3384	0.3177	0.3720	0.3403	0.3532	0.3943	0.3455	0.2693	1.0000	0.4488	0.3542	0.3406	0.2974	0.4064	0.4541	0.3920	0.4390	0.3765	0.3403	0.3295	0.3266	0.3698	0.3863	0.3985	0.3591	0.4198	0.3546	0.3204	0.4167	0.4146	0.3391	0.3654	0.3586	0.3344	0.3606	0.3662	0.2828	0.3640	0.3732	0.4358	0.3949	0.4271	0.3784	0.3997	0.3240
0.3577	0.4013	0.3223	0.3257	0.4016	0.3867	0.3203	0.3717	0.3857	0.3593	0.4648	0.3097	0.3257	0.4488	1.0000	0.3707	0.3290	0.3785	0.4174	0.4233	0.4375	0.3765	0.3923	0.3735	0.3291	0.3073	0.3620	0.4116	0.3996	0.3747	0.4267	0.3509	0.3598	0.4166	0.4559	0.3439	0.3670	0.3290	0.3178	0.3068	0.3450	0.2999	0.4214	0.3344	0.3965	0.3399	0.4168	0.3613	0.4242	0.3434
0.3160	0.3726	0.2817	0.3162	0.4229	0.3623	0.2925	0.3353	0.3718	0.3406	0.3470	0.3244	0.3104	0.3542	0.3707	1.0000	0.2996	0.3876	0.3815	0.3988	0.4002	0.3311	0.4290	0.3792	0.3639	0.2903	0.2919	0.3418	0.4164	0.3905	0.3956	0.4168	0.3753	0.3876	0.3587	0.3966	0.3098	0.3594	0.3404	0.3525	0.4180	0.2934	0.3775	0.4391	0.3683	0.4113	0.3794	0.3842	0.3547	0.3002
0.2795	0.3171	0.3827	0.3058	0.3424	0.4038	0.3231	0.3582	0.3515	0.3827	0.3181	0.3051	0.3641	0.3406	0.3290	0.2996	1.0000	0.2418	0.3450	0.3298	0.3346	0.3100	0.2665	0.2938	0.3785	0.3998	0.3016	0.3163	0.3298	0.3697	0.3226	0.2782	0.3891	0.3420	0.2950	0.3359	0.2828	0.3028	0.2820	0.3062	0.3575	0.4054	0.3011	0.2810	0.3291	0.3762	0.3412	0.3437	0.3760	0.4515
0.3449	0.3958	0.2854	0.3409	0.4014	0.2939	0.3205	0.3017	0.3902	0.3170	0.3729	0.3286	0.3205	0.2974	0.3785	0.3876	0.2418	1.0000	0.3625	0.3428	0.3515	0.3190	0.3715	0.3785	0.3400	0.3207	0.3288	0.3854	0.3667	0.3350	0.3743	0.3847	0.3729	0.3457	0.3718	0.4219	0.3519	0.3245	0.3612	0.3009	0.3684	0.2986	0.3686	0.3795	0.3592	0.3071	0.3633	0.3765	0.3585	0.2956
0.3800	0.3948	0.3618	0.4073	0.4298	0.3787	0.3291	0.3610	0.4114	0.3967	0.4109	0.3267	0.3671	0.4064	0.4174	0.3815	0.3450	0.3625	1.0000	0.4584	0.4354	0.4236	0.4004	0.4341	0.3790	0.3157	0.3633	0.4532	0.3948	0.3453	0.4421	0.4102	0.3365	0.4501	0.4087	0.3845	0.3711	0.3736	0.3916	0.4031	0.4406	0.3290	0.4207	0.4168	0.3958	0.3304	0.4619	0.3819	0.4106	0.3656
0.3217	0.4312	0.3618	0.3517	0.3840	0.3563	0.3180	0.3764	0.3836	0.3288	0.4122	0.3611	0.3088	0.4541	0.4233	0.3988	0.3298	0.3428	0.4584	1.0000	0.4198	0.3649	0.4125	0.3639	0.3590	0.2912	0.2921	0.4091	0.3883	0.3376	0.4320	0.3525	0.3187	0.4706	0.3954	0.3371	0.3347	0.3490	0.3283	0.4130	0.3976	0.2794	0.4246	0.3743	0.3711	0.3377	0.4753	0.3577	0.3910	0.3209
0.3913	0.4040	0.3179	0.3514	0.4258	0.3493	0.3362	0.3497	0.3630	0.3353	0.3937	0.4331	0.3593	0.3920	0.4375	0.4002	0.3346	0.3515	0.4354	0.4198	1.0000	0.4024	0.3854	0.4291	0.3925	0.2960	0.3547	0.4153	0.4322	0.3444	0.4682	0.3972	0.3903	0.4475	0.4891	0.3583	0.3759	0.3747	0.3503	0.3876	0.4292	0.3038	0.3790	0.3957	0.3598	0.3848	0.4436	0.4064	0.3999	0.2845
0.3434	0.3518	0.3172	0.3313	0.4236	0.3408	0.2989	0.3685	0.3572	0.3125	0.3514	0.3338	0.2999	0.4390	0.3765	0.3311	0.3100	0.3190	0.4236	0.3649	0.4024	1.0000	0.4172	0.3252	0.3748	0.3106	0.3353	0.3730	0.3740	0.3166	0.3622	0.3582	0.3393	0.3974	0.3581	0.3559	0.3611	0.3315	0.3941	0.3056	0.3961	0.2980	0.3678	0.3353	0.3865	0.4003	0.4148	0.3453	0.3689	0.2840
0.3452	0.3638	0.3310	0.3619	0.3928	0.3720	0.3331	0.3228	0.4360	0.3508	0.3676	0.3366	0.3078	0.3765	0.3923	0.4290	0.2665	0.3715	0.4004	0.4125	0.3854	0.4172	1.0000	0.3898	0.3332	0.2792	0.2954	0.3544	0.4324	0.3593	0.4112	0.3696	0.3807	0.3972	0.3493	0.3576	0.3480	0.3553	0.3519	0.3724	0.4798	0.2770	0.4811	0.4085	0.3898	0.3846	0.3896	0.3971	0.3140	0.2891
0.3851	0.3897	0.2770	0.4176	0.3669	0.3579	0.3436	0.3212	0.3374	0.3703	0.3302	0.3216	0.3579	0.3403	0.3735	0.3792	0.2938	0.3785	0.4341	0.3639	0.4291	0.3252	0.3898	1.0000	0.3381	0.2638	0.3946	0.3650	0.3563	0.3472	0.4562	0.3814	0.3621	0.4077	0.4074	0.3843	0.3315	0.3077	0.3521	0.4060	0.3972	0.3329	0.3913	0.3979	0.3726	0.3599	0.4389	0.4335	0.3768	0.2952
0.2819	0.3365	0.2856	0.3134	0.4116	0.3786	0.3400	0.3434	0.4092	0.3217	0.2990	0.4024	0.3272	0.3295	0.3291	0.3639	0.3785	0.3400	0.3790	0.3590	0.3925	0.3748	0.3332	0.3381	1.0000	0.3611	0.3155	0.3636	0.3457	0.3398	0.3368	0.3534	0.3529	0.3259	0.3276	0.4080	0.3050	0.3154	0.3280	0.3221	0.3488	0.3299	0.3351	0.3307	0.3620	0.3934	0.3638	0.3834	0.3804	0.3901
0.3157	0.3180	0.3662	0.3537	0.3128	0.3720	0.3618	0.3193	0.3698	0.3998	0.2970	0.3152	0.3797	0.3266	0.3073	0.2903	0.3998	0.3207	0.3157	0.2912	0.2960	0.3106	0.2792	0.2638	0.3611	1.0000	0.3186	0.3399	0.3543	0.4264	0.3083	0.3308	0.3536	0.3169	0.3240	0.3785	0.3313	0.3468	0.3354	0.3198	0.3601	0.3645	0.3054	0.3084	0.3169	0.3139	0.3327	0.3306	0.3685	0.3857
0.4104	0.3550	0.3334	0.3881	0.3131	0.3086	0.3549	0.3657	0.3580	0.3712	0.3400	0.3485	0.3475	0.3698	0.3620	0.2919	0.3016	0.3288	0.3633	0.2921	0.3547	0.3353	0.2954	0.3946	0.3155	0.3186	1.0000	0.3923	0.3700	0.3595	0.4143	0.3744	0.2969	0.3657	0.3994	0.3185	0.3366	0.3332	0.3470	0.3298	0.3523	0.3277	0.3138	0.3323	0.3623	0.3841	0.3375	0.4225	0.3674	0.3050
0.3692	0.4484	0.3941	0.3819	0.4102	0.3277	0.3224	0.3821	0.3913	0.3410	0.3885	0.3221	0.3098	0.3863	0.4116	0.3418	0.3163	0.3854	0.4532	0.4091	0.4153	0.3730	0.3544	0.3650	0.3636	0.3399	0.3923	1.0000	0.3861	0.3485	0.4279	0.4196	0.2987	0.4189	0.3957	0.3491	0.3690	0.3403	0.3948	0.3522	0.4522	0.2949	0.3459	0.3719	0.3541	0.3446	0.4569	0.3817	0.3649	0.3166
0.3804	0.4061	0.3411	0.4036	0.3749	0.3384	0.3580	0.3832	0.4347	0.3694	0.3440	0.3845	0.3294	0.3985	0.3996	0.4164	0.3298	0.3667	0.3948	0.3883	0.4322	0.3740	0.4324	0.3563	0.3457	0.3543	0.3700	0.3861	1.0000	0.3941	0.4053	0.3708	0.3669	0.4367	0.4117	0.3377	0.3468	0.4420	0.4193	0.3636	0.4422	0.3146	0.4827	0.3851	0.3744	0.3794	0.4432	0.3818	0.3855	0.3319
0.3240	0.3683	0.3588	0.3723	0.3401	0.3647	0.3433	0.3375	0.4370	0.3919	0.3328	0.3678	0.3473	0.3591	0.3747	0.3905	0.3697	0.3350	0.3453	0.3376	0.3444	0.3166	0.3593	0.3472	0.3398	0.4264	0.3595	0.3485	0.3941	1.0000	0.3888	0.3319	0.4013	0.3788	0.3754	0.3917	0.3276	0.3651	0.3063	0.3317	0.4301	0.3358	0.3477	0.3837	0.3481	0.3348	0.3795	0.3766	0.3246	0.3812
0.3848	0.4867	0.3721	0.3853	0.3865	0.3804	0.3716	0.3940	0.4136	0.3673	0.3859	0.3790	0.3184	0.4198	0.4267	0.3956	0.3226	0.3743	0.4421	0.4320	0.4682	0.3622	0.4112	0.4562	0.3368	0.3083	0.4143	0.4279	0.4053	0.3888	1.0000	0.4120	0.3574	0.4198	0.4477	0.4014	0.3707	0.3677	0.3581	0.4216	0.4364	0.3461	0.3449	0.3542	0.4196	0.3904	0.4520	0.4313	0.3783	0.3321
0.3961	0.4038	0.2966	0.3736	0.3956	0.3506	0.3569	0.2929	0.3790	0.3427	0.3812	0.3121	0.3419	0.3546	0.3509	0.4168	0.2782	0.3847	0.4102	0.3525	0.3972	0.3582	0.3696	0.3814	0.3534	0.3308	0.3744	0.4196	0.3708	0.3319	0.4120	1.0000	0.3487	0.3744	0.4009	0.3934	0.3623	0.3137	0.3765	0.3674	0.4122	0.2841	0.3654	0.3784	0.3557	0.3158	0.3838	0.3973	0.3664	0.2976
0.3117	0.2988	0.2943	0.3413	0.3541	0.3860	0.3264	0.3077	0.4243	0.3688	0.3668	0.3442	0.3894	0.3204	0.3598	0.3753	0.3891	0.3729	0.3365	0.3187	0.3903	0.3393	0.3807	0.3621	0.3529	0.3536	0.2969	0.2987	0.3669	0.4013	0.3574	0.3487	1.0000	0.4187	0.3678	0.3521	0.3748	0.3250	0.3369	0.3047	0.3463	0.4054	0.3509	0.3071	0.3280	0.3389	0.3779	0.3745	0.3881	0.3751
0.3625	0.3836	0.3961	0.4028	0.4081	0.4002	0.3204	0.3570	0.4101	0.3726	0.4232	0.3702	0.3843	0.4167	0.4166	0.3876	0.3420	0.3457	0.4501	0.4706	0.4475	0.3974	0.3972	0.4077	0.3259	0.3169	0.3657	0.4189	0.4367	0.3788	0.4198	0.3744	0.4187	1.0000	0.4840	0.3880	0.4644	0.4063	0.3806	0.3711	0.3979	0.3326	0.4462	0.4210	0.3799	0.3941	0.4670	0.4041	0.3781	0.3493
0.4022	0.4007	0.3244	0.3696	0.3866	0.3747	0.3648	0.3260	0.3980	0.3594	0.4315	0.3474	0.3537	0.4146	0.4559	0.3587	0.2950	0.3718	0.4087	0.3954	0.4891	0.3581	0.3493	0.4074	0.3276	0.3240	0.3994	0.3957	0.4117	0.3754	0.4477	0.4009	0.3678	0.4840	1.0000	0.3909	0.4195	0.3399	0.3523	0.3696	0.3717	0.3177	0.3814	0.4186	0.3576	0.3466	0.4394	0.4014	0.3820	0.3237
0.3215	0.4253	0.3082	0.3517	0.4306	0.3842	0.3817	0.3059	0.4133	0.3721	0.3412	0.3195	0.3282	0.3391	0.3439	0.3966	0.3359	0.4219	0.3845	0.3371	0.3583	0.3559	0.3576	0.3843	0.4080	0.3785	0.3185	0.3491	0.3377	0.3917	0.4014	0.3934	0.3521	0.3880	0.3909	1.0000	0.3442	0.3488	0.3620	0.4121	0.3746	0.3464	0.3500	0.4037	0.4010	0.3514	0.3661	0.3990	0.3493	0.3533
0.3767	0.3237	0.3259	0.3791	0.3433	0.3672	0.3714	0.2632	0.4224	0.3267	0.3699	0.3748	0.3282	0.3654	0.3670	0.3098	0.2828	0.3519	0.3711	0.3347	0.3759	0.3611	0.3480	0.3315	0.3050	0.3313	0.3366	0.3690	0.3468	0.3276	0.3707	0.3623	0.3748	0.4644	0.4195	0.3442	1.0000	0.3123	0.3904	0.3140	0.3431	0.3274	0.3554	0.3453	0.3517	0.2935	0.3913	0.3230	0.3326	0.3216
0.3730	0.3630	0.3636	0.4307	0.3486	0.3413	0.3141	0.3432	0.3599	0.3487	0.2962	0.3665	0.2799	0.3586	0.3290	0.3594	0.3028	0.3245	0.3736	0.3490	0.3747	0.3315	0.3553	0.3077	0.3154	0.3468	0.3332	0.3403	0.4420	0.3651	0.3677	0.3137	0.3250	0.4063	0.3399	0.3488	0.3123	1.0000	0.3773	0.3577	0.3777	0.2616	0.3769	0.3996	0.4071	0.3448	0.3583	0.3532	0.3173	0.3276
0.3580	0.3709	0.3091	0.3842	0.3852	0.3096	0.3192	0.3264	0.3754	0.3578	0.3053	0.3418	0.3004	0.3344	0.3178	0.3404	0.2820	0.3612	0.3916	0.3283	0.3503	0.3941	0.3519	0.3521	0.3280	0.3354	0.3470	0.3948	0.4193	0.3063	0.3581	0.3765	0.3369	0.3806	0.3523	0.3620	0.3904	0.3773	1.0000	0.3264	0.4256	0.3114	0.4165	0.3390	0.3634	0.3337	0.3959	0.3263	0.3707	0.2866
0.3788	0.3862	0.3538	0.4186	0.3300	0.3118	0.3829	0.3280	0.3685	0.3510	0.2965	0.3706	0.3365	0.3606	0.3068	0.3525	0.3062	0.3009	0.4031	0.4130	0.3876	0.3056	0.3724	0.4060	0.3221	0.3198	0.3298	0.3522	0.3636	0.3317	0.4216	0.3674	0.3047	0.3711	0.3696	0.4121	0.3140	0.3577	0.3264	1.0000	0.3866	0.2775	0.3985	0.3804	0.3840	0.3539	0.4581	0.3457	0.3305	0.3120
0.4142	0.4283	0.3620	0.4047	0.3871	0.3850	0.3495	0.3885	0.4343	0.4199	0.3398	0.3671	0.3550	0.3662	0.3450	0.4180	0.3575	0.3684	0.4406	0.3976	0.4292	0.3961	0.4798	0.3972	0.3488	0.3601	0.3523	0.4522	0.4422	0.4301	0.4364	0.4122	0.3463	0.3979	0.3717	0.3746	0.3431	0.3777	0.4256	0.3866	1.0000	0.3610	0.4469	0.4211	0.3913	0.4046	0.4184	0.4149	0.3485	0.3526
0.3034	0.2892	0.2597	0.3191	0.2779	0.3948	0.3259	0.3344	0.3576	0.4187	0.3045	0.2685	0.4427	0.2828	0.2999	0.2934	0.4054	0.2986	0.3290	0.2794	0.3038	0.2980	0.2770	0.3329	0.3299	0.3645	0.3277	0.2949	0.3146	0.3358	0.3461	0.2841	0.4054	0.3326	0.3177	0.3464	0.3274	0.2616	0.3114	0.2775	0.3610	1.0000	0.3056	0.2809	0.3327	0.3776	0.3315	0.3303	0.3520	0.4111
0.3867	0.3739	0.3101	0.3728	0.4013	0.3756	0.3190	0.3280	0.4281	0.4063	0.3645	0.3452	0.3315	0.3640	0.4214	0.3775	0.3011	0.3686	0.4207	0.4246	0.3790	0.3678	0.4811	0.3913	0.3351	0.3054	0.3138	0.3459	0.4827	0.3477	0.3449	0.3654	0.3509	0.4462	0.3814	0.3500	0.3554	0.3769	0.4165	0.3985	0.4469	0.3056	1.0000	0.3716	0.3832	0.3571	0.4402	0.3645	0.4019	0.3610
0.3668	0.4043	0.3347	0.3792	0.3579	0.3512	0.3112	0.2888	0.3738	0.3967	0.3458	0.3371	0.3238	0.3732	0.3344	0.4391	0.2810	0.3795	0.4168	0.3743	0.3957	0.3353	0.4085	0.3979	0.3307	0.3084	0.3323	0.3719	0.3851	0.3837	0.3542	0.3784	0.3071	0.4210	0.4186	0.4037	0.3453	0.3996	0.3390	0.3804	0.4211	0.2809	0.3716	1.0000	0.3618	0.3555	0.3617	0.3773	0.3475	0.3250
0.3840	0.3523	0.3609	0.4089	0.3897	0.3830	0.3746	0.3622	0.3860	0.3632	0.3882	0.3295	0.3107	0.4358	0.3965	0.3683	0.3291	0.3592	0.3958	0.3711	0.3598	0.3865	0.3898	0.3726	0.3620	0.3169	0.3623	0.3541	0.3744	0.3481	0.4196	0.3557	0.3280	0.3799	0.3576	0.4010	0.3517	0.4071	0.3634	0.3840	0.3913	0.3327	0.3832	0.3618	1.0000	0.3687	0.3619	0.3503	0.3665	0.3781
0.3580	0.3323	0.3528	0.3534	0.3762	0.3535	0.3236	0.3919	0.3455	0.3907	0.3435	0.3542	0.3281	0.3949	0.3399	0.4113	0.3762	0.3071	0.3304	0.3377	0.3848	0.4003	0.3846	0.3599	0.3934	0.3139	0.3841	0.3446	0.3794	0.3348	0.3904	0.3158	0.3389	0.3941	0.3466	0.3514	0.2935	0.3448	0.3337	0.3539	0.4046	0.3776	0.3571	0.3555	0.3687	1.0000	0.3886	0.3790	0.3055	0.3232
0.3409	0.4046	0.3802	0.4013	0.4346	0.3958	0.3715	0.3827	0.4008	0.3501	0.3264	0.4109	0.3166	0.4271	0.4168	0.3794	0.3412	0.3633	0.4619	0.4753	0.4436	0.4148	0.3896	0.4389	0.3638	0.3327	0.3375	0.4569	0.4432	0.3795	0.4520	0.3838	0.3779	0.4670	0.4394	0.3661	0.3913	0.3583	0.3959	0.4581	0.4184	0.3315	0.4402	0.3617	0.3619	0.3886	1.0000	0.4086	0.4075	0.3302
0.3246	0.4012	0.3007	0.3376	0.3558	0.4081	0.3448	0.3688	0.3842	0.3628	0.3190	0.3424	0.3329	0.3784	0.3613	0.3842	0.3437	0.3765	0.3819	0.3577	0.4064	0.3453	0.3971	0.4335	0.3834	0.3306	0.4225	0.3817	0.3818	0.3766	0.4313	0.3973	0.3745	0.4041	0.4014	0.3990	0.3230	0.3532	0.3263	0.3457	0.4149	0.3303	0.3645	0.3773	0.3503	0.3790	0.4086	1.0000	0.3682	0.3516
0.3171	0.3591	0.2845	0.3571	0.3935	0.3373	0.3225	0.3681	0.3649	0.3755	0.3754	0.3266	0.2911	0.3997	0.4242	0.3547	0.3760	0.3585	0.4106	0.3910	0.3999	0.3689	0.3140	0.3768	0.3804	0.3685	0.3674	0.3649	0.3855	0.3246	0.3783	0.3664	0.3881	0.3781	0.3820	0.3493	0.3326	0.3173	0.3707	0.3305	0.3485	0.3520	0.4019	0.3475	0.3665	0.3055	0.4075	0.3682	1.0000	0.3560
0.3170	0.3229	0.3461	0.3372	0.3330	0.4468	0.3066	0.3170	0.4109	0.4141	0.3383	0.2727	0.3748	0.3240	0.3434	0.3002	0.4515	0.2956	0.3656	0.3209	0.2845	0.2840	0.2891	0.2952	0.3901	0.3857	0.3050	0.3166	0.3319	0.3812	0.3321	0.2976	0.3751	0.3493	0.3237	0.3533	0.3216	0.3276	0.2866	0.3120	0.3526	0.4111	0.3610	0.3250	0.3781	0.3232	0.3302	0.3516	0.3560	1.0000
