1:	0.0494 0.0004 0.1015 0.0059 0.0051 0.0114 0.1571 0.1389 0.0006 0.0462 0.1463 0.0035 0.0514 0.0041 0.0002 0.0172 0.0274 0.0182 0.1242 0.0327 0.0581 	23
2:	0.1621 0.0154 0.0031 0.0221 0.0053 0.0003 0.0981 0.1813 0.0205 0.0930 0.1013 0.0041 0.0034 0.0054 0.0000 0.0572 0.0340 0.0057 0.0973 0.0653 0.0251 	13
3:	0.1906 0.0000 0.0000 0.0000 0.0182 0.0000 0.0000 0.0004 0.0000 0.0013 0.2714 0.0007 0.0020 0.0085 0.0000 0.2385 0.0378 0.0193 0.1673 0.0437 0.0003 	5
4:	0.2063 0.0955 0.0011 0.0323 0.0016 0.0201 0.0004 0.0005 0.0167 0.0017 0.1073 0.0053 0.0026 0.1504 0.1078 0.0271 0.0506 0.0047 0.0818 0.0800 0.0061 	15
5:	0.1475 0.0907 0.0069 0.0539 0.0073 0.0049 0.0019 0.0007 0.1646 0.0033 0.0915 0.0043 0.0043 0.0034 0.0673 0.0453 0.1174 0.0160 0.0806 0.0758 0.0123 	18
6:	0.0420 0.1625 0.0043 0.1475 0.0015 0.1633 0.0413 0.0381 0.1017 0.0005 0.0130 0.0003 0.0012 0.0058 0.0862 0.0549 0.0609 0.0055 0.0186 0.0205 0.0307 	24
7:	0.1405 0.0280 0.2166 0.0263 0.0015 0.0182 0.0012 0.0003 0.0340 0.0032 0.0384 0.0063 0.0114 0.0227 0.0121 0.0934 0.0165 0.1196 0.1215 0.0679 0.0203 	9
8:	0.0323 0.0000 0.0909 0.0000 0.1835 0.0000 0.0000 0.0010 0.0000 0.0004 0.1549 0.1824 0.0945 0.0016 0.0000 0.0103 0.0208 0.0996 0.0899 0.0315 0.0065 	11
9:	0.0000 0.0356 0.0000 0.3134 0.0000 0.0000 0.0000 0.0000 0.2177 0.0000 0.0000 0.0000 0.0000 0.0000 0.1367 0.0000 0.2901 0.0000 0.0000 0.0065 0.0000 	1
10:	0.3638 0.0014 0.0173 0.0124 0.0137 0.0106 0.0047 0.0010 0.0003 0.0065 0.1300 0.0106 0.0044 0.0156 0.0007 0.0572 0.0830 0.0201 0.1670 0.0757 0.0039 	17
11:	0.0000 0.4006 0.0870 0.1331 0.0000 0.0000 0.0000 0.0000 0.1484 0.0000 0.0000 0.0000 0.0000 0.0000 0.1276 0.0000 0.0793 0.0000 0.0120 0.0014 0.0107 	1
12:	0.1028 0.0018 0.0410 0.0052 0.0022 0.2375 0.0398 0.1750 0.0109 0.0060 0.1001 0.0028 0.0320 0.0253 0.0018 0.0270 0.0423 0.0062 0.0530 0.0852 0.0020 	8
13:	0.0000 0.1800 0.0000 0.0962 0.0000 0.0000 0.0000 0.0000 0.0222 0.0000 0.0000 0.0000 0.0000 0.0000 0.4862 0.0000 0.1848 0.0000 0.0066 0.0241 0.0000 	5
14:	0.2286 0.3323 0.0000 0.0674 0.0082 0.0000 0.0003 0.0023 0.0065 0.0036 0.1009 0.0052 0.0000 0.0226 0.0358 0.0056 0.0197 0.0358 0.0664 0.0488 0.0099 	2
15:	0.0000 0.1308 0.0000 0.1670 0.0000 0.5000 0.0000 0.0000 0.0227 0.0000 0.0000 0.0000 0.0000 0.0000 0.0954 0.0000 0.0561 0.0000 0.0135 0.0060 0.0083 	2
16:	0.3898 0.0000 0.0160 0.0418 0.0079 0.0072 0.0181 0.0008 0.0000 0.0000 0.1280 0.0284 0.0306 0.0000 0.0000 0.0558 0.0488 0.0045 0.0938 0.1217 0.0068 	2
17:	0.0000 0.0000 0.0321 0.0000 0.0000 0.4327 0.5000 0.0000 0.0000 0.0000 0.0000 0.0000 0.0019 0.0000 0.0000 0.0000 0.0000 0.0000 0.0000 0.0333 0.0000 	2
18:	0.1869 0.0000 0.0020 0.0038 0.0020 0.0000 0.0000 0.0000 0.0000 0.0097 0.3606 0.0016 0.0150 0.0265 0.0000 0.0999 0.0551 0.0249 0.1047 0.1058 0.0016 	3
19:	0.0862 0.0205 0.0659 0.0050 0.0215 0.0743 0.0000 0.0000 0.0036 0.0000 0.0349 0.0371 0.0000 0.0334 0.0035 0.4748 0.0315 0.0260 0.0422 0.0335 0.0061 	3
