1:	0.0000 0.3868 0.0235 0.4535 0.0000 0.0000 0.0000 0.1362 	6
2:	0.0059 0.3663 0.0251 0.4863 0.0014 0.0011 0.0014 0.1126 	7
3:	0.3450 0.0000 0.0865 0.0000 0.2187 0.2611 0.0888 0.0000 	12
4:	0.2894 0.1872 0.0000 0.0015 0.2596 0.1178 0.0829 0.0616 	14
5:	0.1227 0.1448 0.0000 0.0000 0.3205 0.1279 0.1213 0.1628 	13
6:	0.1161 0.0731 0.2867 0.0086 0.1273 0.1295 0.0852 0.1735 	11
7:	0.0000 0.1288 0.0009 0.0056 0.0000 0.0000 0.0000 0.8646 	4
8:	0.2270 0.0073 0.1984 0.0027 0.1774 0.1070 0.2787 0.0014 	6
9:	0.0069 0.4374 0.0925 0.0295 0.0103 0.0142 0.0084 0.4007 	2
10:	0.0000 0.0000 0.0000 0.0000 0.0000 0.0000 0.0000 1.0000 	1
11:	0.0000 0.6930 0.0000 0.0000 0.0000 0.0000 0.0000 0.3070 	1
12:	0.0000 0.5714 0.0000 0.0000 0.0000 0.0000 0.0000 0.4286 	1
13:	0.3189 0.0000 0.2858 0.0000 0.0287 0.1853 0.1812 0.0000 	2
