1:	0.3685 0.0011 0.1065 0.2494 0.0197 0.0222 0.0392 0.0639 0.1294 	23
2:	0.4750 0.0769 0.0046 0.2422 0.0125 0.0036 0.0183 0.0962 0.0708 	13
3:	0.8002 0.0000 0.0003 0.0196 0.0769 0.0006 0.0324 0.0262 0.0438 	5
4:	0.5807 0.2945 0.0048 0.0038 0.0088 0.0225 0.0362 0.0386 0.0101 	15
5:	0.4741 0.4279 0.0077 0.0063 0.0173 0.0142 0.0232 0.0132 0.0160 	18
6:	0.1303 0.5914 0.0132 0.0530 0.0092 0.1582 0.0055 0.0042 0.0350 	24
7:	0.5087 0.1259 0.2263 0.0094 0.0240 0.0163 0.0378 0.0179 0.0337 	9
8:	0.4009 0.0018 0.0911 0.0067 0.2214 0.0076 0.1894 0.0389 0.0421 	11
9:	0.0000 1.0000 0.0000 0.0000 0.0000 0.0000 0.0000 0.0000 0.0000 	1
10:	0.8349 0.0054 0.0233 0.0060 0.0325 0.0159 0.0321 0.0254 0.0245 	17
11:	0.0000 0.9111 0.0889 0.0000 0.0000 0.0000 0.0000 0.0000 0.0000 	1
12:	0.3629 0.0292 0.0616 0.1930 0.0082 0.2465 0.0274 0.0224 0.0488 	8
13:	0.0000 1.0000 0.0000 0.0000 0.0000 0.0000 0.0000 0.0000 0.0000 	5
14:	0.4342 0.5000 0.0000 0.0037 0.0129 0.0003 0.0191 0.0190 0.0109 	2
15:	0.0157 0.5048 0.0138 0.0000 0.0014 0.4629 0.0001 0.0003 0.0009 	2
16:	0.8033 0.0000 0.0248 0.0091 0.0319 0.0183 0.0612 0.0126 0.0388 	2
17:	0.0095 0.0100 0.0708 0.1843 0.0010 0.3968 0.0016 0.0037 0.3221 	2
18:	0.8706 0.0000 0.0044 0.0013 0.0179 0.0054 0.0385 0.0380 0.0239 	3
19:	0.5273 0.0461 0.0757 0.0148 0.1151 0.0894 0.0612 0.0171 0.0532 	3
