1.0000 0.3647 0.3797 0.3330 0.3357 0.3353 0.3520 0.2979 0.2920 0.3791 0.3684 0.3339 0.2999 0.2879 0.3294 0.3790 0.3086 0.3695 0.2872 0.3061 0.3010 0.2941 0.3481 0.3322 0.3407 0.3404 0.3750 0.2844 0.3018 0.3253 0.3356 0.2787 0.3794 0.3538 0.3007 0.3172 0.3787 0.3450 0.3406 0.3351 0.3396 0.2870 0.2928 0.2639 0.2850 0.3119 0.3602 0.2912 0.2982 0.3358
0.3647 1.0000 0.3511 0.3401 0.3717 0.3533 0.3346 0.3131 0.2810 0.3290 0.3602 0.2973 0.3380 0.2852 0.3467 0.3991 0.3279 0.3428 0.2942 0.3463 0.3067 0.3231 0.3360 0.3035 0.4199 0.4153 0.3423 0.2974 0.3278 0.2808 0.3129 0.3333 0.3570 0.3208 0.3308 0.3247 0.3239 0.3648 0.3312 0.3908 0.3465 0.2807 0.2744 0.2877 0.2794 0.3503 0.4212 0.3439 0.3209 0.3454
0.3797 0.3511 1.0000 0.3327 0.2918 0.3228 0.3330 0.3194 0.3264 0.3111 0.3363 0.3402 0.3266 0.3077 0.3182 0.3088 0.3485 0.3414 0.2823 0.3203 0.3176 0.2928 0.3042 0.3275 0.3252 0.3483 0.3256 0.2934 0.3264 0.3305 0.3434 0.2778 0.3289 0.3230 0.3530 0.3196 0.3520 0.3144 0.3380 0.3819 0.3028 0.2635 0.3047 0.2791 0.2914 0.3067 0.3429 0.3143 0.3140 0.3098
0.3330 0.3401 0.3327 1.0000 0.3276 0.3185 0.3119 0.2821 0.3181 0.3319 0.3217 0.3047 0.3313 0.3353 0.3110 0.3646 0.3238 0.3252 0.3030 0.3175 0.2933 0.3181 0.3059 0.3479 0.3339 0.3363 0.3616 0.3212 0.3221 0.2793 0.3324 0.3221 0.3310 0.3053 0.2988 0.3310 0.3520 0.3433 0.3373 0.3634 0.2891 0.2701 0.2582 0.2708 0.3133 0.2966 0.3356 0.3178 0.3428 0.3337
0.3357 0.3717 0.2918 0.3276 1.0000 0.2850 0.3351 0.3530 0.2686 0.3682 0.3705 0.2752 0.3170 0.3101 0.3500 0.3822 0.3091 0.3631 0.2982 0.3426 0.2700 0.2704 0.3128 0.3494 0.3442 0.3596 0.3530 0.2738 0.3709 0.2961 0.3278 0.3499 0.3225 0.3191 0.2636 0.3546 0.3426 0.3190 0.3228 0.3201 0.3117 0.2790 0.2754 0.2960 0.2896 0.3599 0.3530 0.3504 0.3332 0.3509
0.3353 0.3533 0.3228 0.3185 0.2850 1.0000 0.3380 0.3644 0.3558 0.3213 0.3359 0.3159 0.3357 0.2999 0.3416 0.3348 0.3573 0.3076 0.2911 0.3821 0.2986 0.3243 0.3640 0.3127 0.3032 0.3750 0.3685 0.2883 0.3163 0.3315 0.3237 0.2912 0.3624 0.3780 0.3502 0.3275 0.3315 0.3775 0.3427 0.3504 0.3292 0.3179 0.2506 0.3012 0.3035 0.3050 0.3409 0.3034 0.3116 0.3156
0.3520 0.3346 0.3330 0.3119 0.3351 0.3380 1.0000 0.3281 0.3243 0.2881 0.3275 0.3019 0.2732 0.3450 0.3098 0.3594 0.3352 0.3156 0.2885 0.2965 0.3151 0.2783 0.3810 0.3465 0.3043 0.3107 0.3056 0.3018 0.3089 0.3084 0.3147 0.3243 0.3309 0.3377 0.2612 0.3927 0.3188 0.3295 0.3503 0.3210 0.2993 0.3339 0.2564 0.2529 0.2903 0.3466 0.2664 0.3055 0.3149 0.2883
0.2979 0.3131 0.3194 0.2821 0.3530 0.3644 0.3281 1.0000 0.2894 0.3099 0.3567 0.3139 0.3462 0.3236 0.3032 0.3051 0.3285 0.3633 0.3221 0.3334 0.2894 0.2861 0.3434 0.3363 0.2998 0.3523 0.3112 0.2954 0.3349 0.3257 0.3470 0.3124 0.3140 0.3344 0.3043 0.3441 0.3156 0.3162 0.3009 0.3438 0.2600 0.2569 0.2834 0.3394 0.3447 0.3656 0.3099 0.3462 0.3486 0.2899
0.2920 0.2810 0.3264 0.3181 0.2686 0.3558 0.3243 0.2894 1.0000 0.2920 0.2717 0.2954 0.3279 0.2664 0.3055 0.2997 0.3486 0.3235 0.3403 0.3146 0.2853 0.2809 0.3433 0.3111 0.2988 0.3188 0.3407 0.2799 0.2997 0.2721 0.2887 0.2817 0.3126 0.3411 0.2891 0.2942 0.3141 0.3183 0.3569 0.3123 0.3090 0.3032 0.2577 0.2761 0.3033 0.2801 0.2856 0.3302 0.3359 0.2735
0.3791 0.3290 0.3111 0.3319 0.3682 0.3213 0.2881 0.3099 0.2920 1.0000 0.3476 0.3104 0.3460 0.3060 0.3389 0.3567 0.3528 0.3057 0.3019 0.3393 0.3033 0.3215 0.3428 0.3182 0.3185 0.3487 0.3634 0.3137 0.2967 0.3453 0.3543 0.3204 0.3462 0.3563 0.3384 0.3337 0.3841 0.3476 0.3339 0.3248 0.3311 0.2821 0.2810 0.3087 0.3090 0.3442 0.3507 0.3234 0.3219 0.3076
0.3684 0.3602 0.3363 0.3217 0.3705 0.3359 0.3275 0.3567 0.2717 0.3476 1.0000 0.3345 0.3693 0.3600 0.3295 0.3365 0.3241 0.3137 0.3036 0.3134 0.3378 0.3579 0.2932 0.3146 0.3161 0.3272 0.3122 0.3099 0.3102 0.3216 0.3697 0.3088 0.3350 0.3244 0.3743 0.3368 0.3200 0.3449 0.2959 0.3802 0.3339 0.2986 0.3303 0.3191 0.3077 0.4143 0.3345 0.3514 0.3313 0.3189
0.3339 0.2973 0.3402 0.3047 0.2752 0.3159 0.3019 0.3139 0.2954 0.3104 0.3345 1.0000 0.2914 0.2956 0.2878 0.3361 0.2852 0.3188 0.2586 0.3064 0.3092 0.3019 0.3391 0.2814 0.3064 0.3112 0.3309 0.3007 0.2951 0.3091 0.3475 0.2823 0.3144 0.2916 0.3283 0.3117 0.3179 0.3291 0.3199 0.3136 0.2754 0.2455 0.3241 0.3004 0.2884 0.2950 0.3264 0.2691 0.2872 0.3028
0.2999 0.3380 0.3266 0.3313 0.3170 0.3357 0.2732 0.3462 0.3279 0.3460 0.3693 0.2914 1.0000 0.3437 0.3190 0.3377 0.3740 0.3285 0.3355 0.3831 0.2900 0.3737 0.3301 0.3234 0.3054 0.3489 0.3027 0.3126 0.3440 0.3224 0.3425 0.3118 0.3256 0.3568 0.3724 0.3418 0.3255 0.3662 0.3362 0.3464 0.2948 0.2965 0.2653 0.3680 0.3939 0.3942 0.3253 0.3630 0.3724 0.3584
0.2879 0.2852 0.3077 0.3353 0.3101 0.2999 0.3450 0.3236 0.2664 0.3060 0.3600 0.2956 0.3437 1.0000 0.2605 0.3007 0.2521 0.2905 0.3035 0.3234 0.2903 0.3159 0.2870 0.3376 0.2652 0.3108 0.2973 0.2707 0.3329 0.2724 0.3245 0.3206 0.2806 0.3264 0.3385 0.3339 0.3064 0.3193 0.2590 0.3117 0.2826 0.2681 0.2561 0.2894 0.3461 0.3276 0.2773 0.3062 0.3574 0.3127
0.3294 0.3467 0.3182 0.3110 0.3500 0.3416 0.3098 0.3032 0.3055 0.3389 0.3295 0.2878 0.3190 0.2605 1.0000 0.3087 0.3256 0.3639 0.3113 0.3942 0.3084 0.2900 0.3241 0.3234 0.3325 0.3691 0.3388 0.3047 0.3285 0.2615 0.3539 0.3167 0.3703 0.3064 0.2869 0.3332 0.3189 0.3104 0.3132 0.3036 0.2900 0.3160 0.2907 0.2829 0.2821 0.3185 0.3242 0.3147 0.3238 0.3164
0.3790 0.3991 0.3088 0.3646 0.3822 0.3348 0.3594 0.3051 0.2997 0.3567 0.3365 0.3361 0.3377 0.3007 0.3087 1.0000 0.3012 0.3463 0.2970 0.3253 0.3028 0.3112 0.3158 0.3198 0.3449 0.3695 0.3775 0.2909 0.3403 0.2984 0.3632 0.3234 0.3577 0.3507 0.3208 0.3779 0.3950 0.3713 0.3728 0.3824 0.3468 0.3133 0.2791 0.2659 0.2940 0.3437 0.3644 0.3406 0.3334 0.3232
0.3086 0.3279 0.3485 0.3238 0.3091 0.3573 0.3352 0.3285 0.3486 0.3528 0.3241 0.2852 0.3740 0.2521 0.3256 0.3012 1.0000 0.2973 0.3190 0.3341 0.2929 0.3916 0.3940 0.2948 0.3405 0.3187 0.3180 0.2844 0.2908 0.3390 0.3156 0.2981 0.3448 0.3516 0.3225 0.3109 0.3165 0.3703 0.3377 0.3725 0.3009 0.2799 0.2650 0.3192 0.3151 0.3151 0.3154 0.3022 0.3614 0.3081
0.3695 0.3428 0.3414 0.3252 0.3631 0.3076 0.3156 0.3633 0.3235 0.3057 0.3137 0.3188 0.3285 0.2905 0.3639 0.3463 0.2973 1.0000 0.3244 0.3432 0.2794 0.2663 0.3576 0.3829 0.3099 0.3323 0.3104 0.3230 0.3141 0.3144 0.3328 0.3507 0.3302 0.3273 0.2972 0.3499 0.3364 0.3222 0.3089 0.3105 0.2708 0.2635 0.3128 0.2958 0.2941 0.3156 0.3855 0.3677 0.3305 0.2848
0.2872 0.2942 0.2823 0.3030 0.2982 0.2911 0.2885 0.3221 0.3403 0.3019 0.3036 0.2586 0.3355 0.3035 0.3113 0.2970 0.3190 0.3244 1.0000 0.3122 0.2393 0.2700 0.2933 0.2842 0.2638 0.2920 0.3024 0.3276 0.2748 0.2429 0.3084 0.2785 0.3199 0.3276 0.2814 0.3045 0.3450 0.2907 0.3131 0.2880 0.2684 0.2607 0.2919 0.3501 0.2888 0.3363 0.2897 0.3396 0.3838 0.2742
0.3061 0.3463 0.3203 0.3175 0.3426 0.3821 0.2965 0.3334 0.3146 0.3393 0.3134 0.3064 0.3831 0.3234 0.3942 0.3253 0.3341 0.3432 0.3122 1.0000 0.2962 0.3356 0.3245 0.3246 0.3196 0.4029 0.3268 0.3270 0.3493 0.2885 0.3431 0.3638 0.4118 0.3541 0.3590 0.3717 0.3338 0.3517 0.3359 0.3223 0.2869 0.3510 0.2707 0.2999 0.3408 0.3450 0.3186 0.3335 0.3379 0.3026
0.3010 0.3067 0.3176 0.2933 0.2700 0.2986 0.3151 0.2894 0.2853 0.3033 0.3378 0.3092 0.2900 0.2903 0.3084 0.3028 0.2929 0.2794 0.2393 0.2962 1.0000 0.2636 0.2879 0.2889 0.3264 0.3448 0.3103 0.2994 0.2762 0.2526 0.2718 0.2798 0.3034 0.2965 0.3034 0.3505 0.2724 0.3189 0.3040 0.3239 0.3335 0.3010 0.3420 0.2374 0.2519 0.3471 0.2944 0.2858 0.2739 0.2911
0.2941 0.3231 0.2928 0.3181 0.2704 0.3243 0.2783 0.2861 0.2809 0.3215 0.3579 0.3019 0.3737 0.3159 0.2900 0.3112 0.3916 0.2663 0.2700 0.3356 0.2636 1.0000 0.3263 0.2855 0.3107 0.3171 0.3155 0.3143 0.2725 0.2811 0.3670 0.2899 0.3345 0.2897 0.3272 0.3556 0.3020 0.3678 0.3130 0.3207 0.3007 0.2893 0.2693 0.2925 0.3725 0.3209 0.3120 0.3190 0.2999 0.2999
0.3481 0.3360 0.3042 0.3059 0.3128 0.3640 0.3810 0.3434 0.3433 0.3428 0.2932 0.3391 0.3301 0.2870 0.3241 0.3158 0.3940 0.3576 0.2933 0.3245 0.2879 0.3263 1.0000 0.2921 0.3517 0.3123 0.3422 0.3008 0.3073 0.3262 0.3478 0.2932 0.3743 0.3420 0.3085 0.3413 0.3403 0.3583 0.3809 0.3139 0.3445 0.2824 0.2932 0.2961 0.3132 0.3175 0.3124 0.3271 0.3212 0.3000
0.3322 0.3035 0.3275 0.3479 0.3494 0.3127 0.3465 0.3363 0.3111 0.3182 0.3146 0.2814 0.3234 0.3376 0.3234 0.3198 0.2948 0.3829 0.2842 0.3246 0.2889 0.2855 0.2921 1.0000 0.2899 0.3473 0.3094 0.2938 0.3333 0.3241 0.2962 0.2758 0.3038 0.3227 0.2994 0.3498 0.3682 0.3262 0.3200 0.3168 0.2659 0.3001 0.3018 0.3034 0.3076 0.3164 0.3348 0.3221 0.3378 0.3439
0.3407 0.4199 0.3252 0.3339 0.3442 0.3032 0.3043 0.2998 0.2988 0.3185 0.3161 0.3064 0.3054 0.2652 0.3325 0.3449 0.3405 0.3099 0.2638 0.3196 0.3264 0.3107 0.3517 0.2899 1.0000 0.3551 0.3093 0.2565 0.3179 0.2874 0.3036 0.3092 0.3567 0.3296 0.2839 0.2998 0.3018 0.3471 0.3342 0.3632 0.3229 0.3143 0.2704 0.2626 0.2752 0.3525 0.3665 0.3006 0.3186 0.3347
0.3404 0.4153 0.3483 0.3363 0.3596 0.3750 0.3107 0.3523 0.3188 0.3487 0.3272 0.3112 0.3489 0.3108 0.3691 0.3695 0.3187 0.3323 0.2920 0.4029 0.3448 0.3171 0.3123 0.3473 0.3551 1.0000 0.3706 0.2961 0.3123 0.2948 0.3225 0.3048 0.3910 0.3313 0.3190 0.3696 0.3317 0.3560 0.3565 0.3655 0.3052 0.3476 0.2652 0.2819 0.3147 0.3674 0.3590 0.3425 0.3197 0.3289
0.3750 0.3423 0.3256 0.3616 0.3530 0.3685 0.3056 0.3112 0.3407 0.3634 0.3122 0.3309 0.3027 0.2973 0.3388 0.3775 0.3180 0.3104 0.3024 0.3268 0.3103 0.3155 0.3422 0.3094 0.3093 0.3706 1.0000 0.3352 0.2998 0.3004 0.3269 0.3221 0.3640 0.3303 0.3105 0.3346 0.3573 0.3558 0.3432 0.3310 0.3583 0.3043 0.3439 0.2959 0.2859 0.3045 0.3360 0.3423 0.3209 0.3624
0.2844 0.2974 0.2934 0.3212 0.2738 0.2883 0.3018 0.2954 0.2799 0.3137 0.3099 0.3007 0.3126 0.2707 0.3047 0.2909 0.2844 0.3230 0.3276 0.3270 0.2994 0.3143 0.3008 0.2938 0.2565 0.2961 0.3352 1.0000 0.2885 0.2615 0.3516 0.3046 0.3445 0.2960 0.2658 0.3564 0.2840 0.2790 0.3131 0.2691 0.2656 0.2742 0.3620 0.3239 0.2944 0.3403 0.2919 0.3526 0.3110 0.2700
0.3018 0.3278 0.3264 0.3221 0.3709 0.3163 0.3089 0.3349 0.2997 0.2967 0.3102 0.2951 0.3440 0.3329 0.3285 0.3403 0.2908 0.3141 0.2748 0.3493 0.2762 0.2725 0.3073 0.3333 0.3179 0.3123 0.2998 0.2885 1.0000 0.2865 0.3361 0.3135 0.3326 0.2999 0.2936 0.3047 0.2847 0.3289 0.2871 0.3274 0.2578 0.2605 0.2499 0.3140 0.3030 0.3173 0.3204 0.3116 0.3492 0.3056
0.3253 0.2808 0.3305 0.2793 0.2961 0.3315 0.3084 0.3257 0.2721 0.3453 0.3216 0.3091 0.3224 0.2724 0.2615 0.2984 0.3390 0.3144 0.2429 0.2885 0.2526 0.2811 0.3262 0.3241 0.2874 0.2948 0.3004 0.2615 0.2865 1.0000 0.2811 0.2850 0.2693 0.3711 0.2739 0.2838 0.3453 0.3028 0.2893 0.3153 0.3140 0.2637 0.2640 0.2689 0.2789 0.3415 0.3052 0.2926 0.2812 0.2614
0.3356 0.3129 0.3434 0.3324 0.3278 0.3237 0.3147 0.3470 0.2887 0.3543 0.3697 0.3475 0.3425 0.3245 0.3539 0.3632 0.3156 0.3328 0.3084 0.3431 0.2718 0.3670 0.3478 0.2962 0.3036 0.3225 0.3269 0.3516 0.3361 0.2811 1.0000 0.3316 0.3721 0.3671 0.3089 0.3376 0.3599 0.3345 0.3230 0.3661 0.3028 0.2738 0.2808 0.3382 0.3140 0.3199 0.3342 0.3410 0.3775 0.3127
0.2787 0.3333 0.2778 0.3221 0.3499 0.2912 0.3243 0.3124 0.2817 0.3204 0.3088 0.2823 0.3118 0.3206 0.3167 0.3234 0.2981 0.3507 0.2785 0.3638 0.2798 0.2899 0.2932 0.2758 0.3092 0.3048 0.3221 0.3046 0.3135 0.2850 0.3316 1.0000 0.3105 0.3084 0.2751 0.3315 0.3251 0.3177 0.2863 0.2901 0.2639 0.2443 0.2585 0.2725 0.2874 0.3179 0.3223 0.3149 0.3204 0.3011
0.3794 0.3570 0.3289 0.3310 0.3225 0.3624 0.3309 0.3140 0.3126 0.3462 0.3350 0.3144 0.3256 0.2806 0.3703 0.3577 0.3448 0.3302 0.3199 0.4118 0.3034 0.3345 0.3743 0.3038 0.3567 0.3910 0.3640 0.3445 0.3326 0.2693 0.3721 0.3105 1.0000 0.3331 0.3297 0.3640 0.3210 0.3508 0.3316 0.3362 0.2961 0.3561 0.2847 0.2996 0.3095 0.3407 0.3373 0.3238 0.3229 0.3398
0.3538 0.3208 0.3230 0.3053 0.3191 0.3780 0.3377 0.3344 0.3411 0.3563 0.3244 0.2916 0.3568 0.3264 0.3064 0.3507 0.3516 0.3273 0.3276 0.3541 0.2965 0.2897 0.3420 0.3227 0.3296 0.3313 0.3303 0.2960 0.2999 0.3711 0.3671 0.3084 0.3331 1.0000 0.3466 0.3056 0.3854 0.3762 0.3400 0.3632 0.3080 0.2974 0.2576 0.3031 0.3136 0.3229 0.3121 0.3237 0.3421 0.3011
0.3007 0.3308 0.3530 0.2988 0.2636 0.3502 0.2612 0.3043 0.2891 0.3384 0.3743 0.3283 0.3724 0.3385 0.2869 0.3208 0.3225 0.2972 0.2814 0.3590 0.3034 0.3272 0.3085 0.2994 0.2839 0.3190 0.3105 0.2658 0.2936 0.2739 0.3089 0.2751 0.3297 0.3466 1.0000 0.2904 0.2942 0.3375 0.2970 0.3407 0.2945 0.2550 0.2747 0.2864 0.3021 0.3075 0.3079 0.3206 0.3201 0.3256
0.3172 0.3247 0.3196 0.3310 0.3546 0.3275 0.3927 0.3441 0.2942 0.3337 0.3368 0.3117 0.3418 0.3339 0.3332 0.3779 0.3109 0.3499 0.3045 0.3717 0.3505 0.3556 0.3413 0.3498 0.2998 0.3696 0.3346 0.3564 0.3047 0.2838 0.3376 0.3315 0.3640 0.3056 0.2904 1.0000 0.3566 0.3382 0.3558 0.3144 0.3494 0.3427 0.3181 0.2830 0.3119 0.3791 0.3217 0.4076 0.3444 0.3291
0.3787 0.3239 0.3520 0.3520 0.3426 0.3315 0.3188 0.3156 0.3141 0.3841 0.3200 0.3179 0.3255 0.3064 0.3189 0.3950 0.3165 0.3364 0.3450 0.3338 0.2724 0.3020 0.3403 0.3682 0.3018 0.3317 0.3573 0.2840 0.2847 0.3453 0.3599 0.3251 0.3210 0.3854 0.2942 0.3566 1.0000 0.3545 0.3832 0.3473 0.3118 0.2864 0.2992 0.3030 0.2898 0.3267 0.3571 0.3525 0.3569 0.3013
0.3450 0.3648 0.3144 0.3433 0.3190 0.3775 0.3295 0.3162 0.3183 0.3476 0.3449 0.3291 0.3662 0.3193 0.3104 0.3713 0.3703 0.3222 0.2907 0.3517 0.3189 0.3678 0.3583 0.3262 0.3471 0.3560 0.3558 0.2790 0.3289 0.3028 0.3345 0.3177 0.3508 0.3762 0.3375 0.3382 0.3545 1.0000 0.3498 0.3411 0.3214 0.2994 0.2775 0.2748 0.3494 0.3066 0.3344 0.3009 0.3482 0.3104
0.3406 0.3312 0.3380 0.3373 0.3228 0.3427 0.3503 0.3009 0.3569 0.3339 0.2959 0.3199 0.3362 0.2590 0.3132 0.3728 0.3377 0.3089 0.3131 0.3359 0.3040 0.3130 0.3809 0.3200 0.3342 0.3565 0.3432 0.3131 0.2871 0.2893 0.3230 0.2863 0.3316 0.3400 0.2970 0.3558 0.3832 0.3498 1.0000 0.3320 0.3668 0.2957 0.2673 0.2849 0.3102 0.3000 0.3448 0.3512 0.3142 0.3149
0.3351 0.3908 0.3819 0.3634 0.3201 0.3504 0.3210 0.3438 0.3123 0.3248 0.3802 0.3136 0.3464 0.3117 0.3036 0.3824 0.3725 0.3105 0.2880 0.3223 0.3239 0.3207 0.3139 0.3168 0.3632 0.3655 0.3310 0.2691 0.3274 0.3153 0.3661 0.2901 0.3362 0.3632 0.3407 0.3144 0.3473 0.3411 0.3320 1.0000 0.3068 0.2779 0.2975 0.2810 0.2939 0.3566 0.3843 0.3655 0.3520 0.3477
0.3396 0.3465 0.3028 0.2891 0.3117 0.3292 0.2993 0.2600 0.3090 0.3311 0.3339 0.2754 0.2948 0.2826 0.2900 0.3468 0.3009 0.2708 0.2684 0.2869 0.3335 0.3007 0.3445 0.2659 0.3229 0.3052 0.3583 0.2656 0.2578 0.3140 0.3028 0.2639 0.2961 0.3080 0.2945 0.3494 0.3118 0.3214 0.3668 0.3068 1.0000 0.3303 0.2828 0.2422 0.2796 0.3075 0.3217 0.3417 0.2752 0.3091
0.2870 0.2807 0.2635 0.2701 0.2790 0.3179 0.3339 0.2569 0.3032 0.2821 0.2986 0.2455 0.2965 0.2681 0.3160 0.3133 0.2799 0.2635 0.2607 0.3510 0.3010 0.2893 0.2824 0.3001 0.3143 0.3476 0.3043 0.2742 0.2605 0.2637 0.2738 0.2443 0.3561 0.2974 0.2550 0.3427 0.2864 0.2994 0.2957 0.2779 0.3303 1.0000 0.2682 0.2604 0.2870 0.3104 0.2458 0.3010 0.2704 0.2874
0.2928 0.2744 0.3047 0.2582 0.2754 0.2506 0.2564 0.2834 0.2577 0.2810 0.3303 0.3241 0.2653 0.2561 0.2907 0.2791 0.2650 0.3128 0.2919 0.2707 0.3420 0.2693 0.2932 0.3018 0.2704 0.2652 0.3439 0.3620 0.2499 0.2640 0.2808 0.2585 0.2847 0.2576 0.2747 0.3181 0.2992 0.2775 0.2673 0.2975 0.2828 0.2682 1.0000 0.2670 0.2779 0.3139 0.2819 0.3271 0.3005 0.2934
0.2639 0.2877 0.2791 0.2708 0.2960 0.3012 0.2529 0.3394 0.2761 0.3087 0.3191 0.3004 0.3680 0.2894 0.2829 0.2659 0.3192 0.2958 0.3501 0.2999 0.2374 0.2925 0.2961 0.3034 0.2626 0.2819 0.2959 0.3239 0.3140 0.2689 0.3382 0.2725 0.2996 0.3031 0.2864 0.2830 0.3030 0.2748 0.2849 0.2810 0.2422 0.2604 0.2670 1.0000 0.2835 0.3237 0.2885 0.3348 0.3317 0.2859
0.2850 0.2794 0.2914 0.3133 0.2896 0.3035 0.2903 0.3447 0.3033 0.3090 0.3077 0.2884 0.3939 0.3461 0.2821 0.2940 0.3151 0.2941 0.2888 0.3408 0.2519 0.3725 0.3132 0.3076 0.2752 0.3147 0.2859 0.2944 0.3030 0.2789 0.3140 0.2874 0.3095 0.3136 0.3021 0.3119 0.2898 0.3494 0.3102 0.2939 0.2796 0.2870 0.2779 0.2835 1.0000 0.3168 0.2919 0.3171 0.3173 0.2942
0.3119 0.3503 0.3067 0.2966 0.3599 0.3050 0.3466 0.3656 0.2801 0.3442 0.4143 0.2950 0.3942 0.3276 0.3185 0.3437 0.3151 0.3156 0.3363 0.3450 0.3471 0.3209 0.3175 0.3164 0.3525 0.3674 0.3045 0.3403 0.3173 0.3415 0.3199 0.3179 0.3407 0.3229 0.3075 0.3791 0.3267 0.3066 0.3000 0.3566 0.3075 0.3104 0.3139 0.3237 0.3168 1.0000 0.3094 0.3481 0.3434 0.2950
0.3602 0.4212 0.3429 0.3356 0.3530 0.3409 0.2664 0.3099 0.2856 0.3507 0.3345 0.3264 0.3253 0.2773 0.3242 0.3644 0.3154 0.3855 0.2897 0.3186 0.2944 0.3120 0.3124 0.3348 0.3665 0.3590 0.3360 0.2919 0.3204 0.3052 0.3342 0.3223 0.3373 0.3121 0.3079 0.3217 0.3571 0.3344 0.3448 0.3843 0.3217 0.2458 0.2819 0.2885 0.2919 0.3094 1.0000 0.3480 0.3098 0.3361
0.2912 0.3439 0.3143 0.3178 0.3504 0.3034 0.3055 0.3462 0.3302 0.3234 0.3514 0.2691 0.3630 0.3062 0.3147 0.3406 0.3022 0.3677 0.3396 0.3335 0.2858 0.3190 0.3271 0.3221 0.3006 0.3425 0.3423 0.3526 0.3116 0.2926 0.3410 0.3149 0.3238 0.3237 0.3206 0.4076 0.3525 0.3009 0.3512 0.3655 0.3417 0.3010 0.3271 0.3348 0.3171 0.3481 0.3480 1.0000 0.3358 0.3363
0.2982 0.3209 0.3140 0.3428 0.3332 0.3116 0.3149 0.3486 0.3359 0.3219 0.3313 0.2872 0.3724 0.3574 0.3238 0.3334 0.3614 0.3305 0.3838 0.3379 0.2739 0.2999 0.3212 0.3378 0.3186 0.3197 0.3209 0.3110 0.3492 0.2812 0.3775 0.3204 0.3229 0.3421 0.3201 0.3444 0.3569 0.3482 0.3142 0.3520 0.2752 0.2704 0.3005 0.3317 0.3173 0.3434 0.3098 0.3358 1.0000 0.3287
0.3358 0.3454 0.3098 0.3337 0.3509 0.3156 0.2883 0.2899 0.2735 0.3076 0.3189 0.3028 0.3584 0.3127 0.3164 0.3232 0.3081 0.2848 0.2742 0.3026 0.2911 0.2999 0.3000 0.3439 0.3347 0.3289 0.3624 0.2700 0.3056 0.2614 0.3127 0.3011 0.3398 0.3011 0.3256 0.3291 0.3013 0.3104 0.3149 0.3477 0.3091 0.2874 0.2934 0.2859 0.2942 0.2950 0.3361 0.3363 0.3287 1.0000
