0.9841318 -0.0896019 0.0483048 0.0382420 0.0518803 0.0487157 -0.0998722 0.0437600 0.0439223 0.0328031 0.0444153 -0.0894993 -0.0932194 -0.0657698 -0.0703647 0.0728515 0.0484656 0.0640008 0.0459795 0.0485655 -0.0859542 0.0434665 -0.0955255 -0.0963106 0.0422378 0.0448695 0.0411415 -0.0702685 -0.0685368 -0.0932340 -0.0810715 -0.0781306 -0.0857145 -0.0712000 -0.0876580 -0.0794266 -0.0954680 -0.0520511 -0.0658308 -0.0670074 -0.0686280 -0.0866635 -0.0740208 0.0486641 0.0426733 -0.0613783 -0.0696567 0.0461270 0.0461839 0.0478894 0.0294038 -0.0839172 0.0483611 0.0426081 -0.0906331 0.0425292 0.0421125 -0.0338267 0.0447136 0.0505553 0.0413629 0.0415545 0.0434172 0.0431512 -0.0897168 0.0444438 0.0442481 0.0474075 0.0426751 0.0423286 0.0382167 0.0453010 0.0584004 0.0411780 0.0438098 0.0484102 0.0446853 0.0698199 -0.0886945 -0.0916067
-0.0896019 1.5265695 -0.3255123 -0.3238965 -0.3261867 -0.3203757 0.4548947 -0.3407101 -0.3188134 -0.3192903 -0.3324506 0.4695224 0.4509417 0.3461563 0.4284776 -0.0253996 0.0476648 0.0917182 -0.2819979 -0.3366071 0.4714904 -0.3162283 0.4894347 0.4822019 -0.3313788 -0.3223159 -0.3286491 0.3903066 0.4447095 0.4921794 0.4559677 0.4526244 0.4593501 0.3991687 0.4661371 0.3601616 0.4289418 0.3224680 0.3995348 0.3480391 0.3743023 0.4392192 0.3051853 -0.2870630 -0.2434401 0.3730521 0.3906316 -0.3262211 -0.2891973 -0.2941080 0.0164390 0.4269291 -0.3258042 -0.3347201 0.4618077 -0.3304876 -0.3271380 0.0913394 -0.3289541 -0.3276788 -0.3292009 -0.3333359 -0.3344815 -0.3393261 0.4623565 -0.3228646 -0.3373169 -0.3181581 -0.3261352 -0.3311316 -0.3284078 -0.3251024 -0.3280033 -0.3415566 -0.3359142 -0.3368386 -0.3430307 -0.0225317 0.4972277 0.4678253
0.0483048 -0.3255123 1.0381700 0.2068291 0.2110318 0.2134079 -0.3280625 0.2210525 0.2004943 0.1985770 0.2263390 -0.3227341 -0.3325968 -0.2583290 -0.2931752 -0.0565120 -0.0969784 -0.1332486 0.1640192 0.2059896 -0.3276834 0.1950998 -0.3284115 -0.3245657 0.2216064 0.1903982 0.2268279 -0.2738721 -0.3325515 -0.3253470 -0.3085474 -0.2996617 -0.3248153 -0.2685056 -0.3223116 -0.2917090 -0.3134135 -0.2499346 -0.2952691 -0.2875841 -0.2977397 -0.3181651 -0.2660763 0.1695088 0.1429825 -0.2702109 -0.2848331 0.2065643 0.1818936 0.1642919 -0.0682905 -0.3089160 0.2226450 0.2068493 -0.3156768 0.2290151 0.2065405 -0.0745646 0.2136925 0.2211612 0.2111552 0.2177689 0.2312317 0.2253624 -0.3308113 0.2081810 0.2023528 0.2167103 0.2279504 0.2279834 0.1942424 0.2218117 0.1955205 0.2131851 0.2195768 0.2411867 0.2082722 -0.0385318 -0.3285396 -0.3193794
0.0382420 -0.3238965 0.2068291 0.9405721 0.1968865 0.2179451 -0.3140743 0.2015950 0.2026892 0.2013940 0.1917034 -0.3051655 -0.3154220 -0.2559133 -0.2849098 -0.0458360 -0.0671315 -0.1354757 0.1778602 0.2080240 -0.3130346 0.2089370 -0.3117475 -0.3202525 0.2116944 0.1971464 0.2036671 -0.2712173 -0.3057806 -0.3125968 -0.2984081 -0.2803889 -0.3061776 -0.2753485 -0.3159328 -0.2868530 -0.3014889 -0.2341918 -0.2835700 -0.2732102 -0.2850466 -0.3008265 -0.2564948 0.1766751 0.1437173 -0.2576566 -0.2693055 0.1997068 0.1861624 0.1740834 -0.0598269 -0.2987017 0.2004520 0.2022902 -0.3033867 0.1997083 0.1999800 -0.0770463 0.2083079 0.1893322 0.2278254 0.2284440 0.2075550 0.2241456 -0.3086268 0.2163918 0.2256262 0.2137457 0.2102148 0.2092991 0.1988274 0.2155845 0.1911852 0.2146033 0.1988711 0.1883418 0.2097048 -0.0453165 -0.3204899 -0.3181475
0.0518803 -0.3261867 0.2110318 0.1968865 1.0048375 0.2026357 -0.3267133 0.2288033 0.2046368 0.2012286 0.2196743 -0.3111525 -0.3205618 -0.2592958 -0.2957590 -0.0538988 -0.0800646 -0.1308138 0.1713466 0.2000358 -0.3112211 0.1936074 -0.3221316 -0.3194035 0.2036290 0.2233163 0.2134179 -0.2803469 -0.3106245 -0.3204546 -0.3003141 -0.2888581 -0.3225482 -0.2782593 -0.3181783 -0.2779857 -0.3024140 -0.2430645 -0.2842938 -0.2673968 -0.2831477 -0.3071198 -0.2552140 0.1687708 0.1649129 -0.2629143 -0.2745702 0.1999481 0.1901183 0.1721731 -0.0671982 -0.3024854 0.2173031 0.2094278 -0.3072542 0.1879468 0.1919308 -0.0826541 0.2155898 0.2028050 0.2061123 0.2156336 0.2034222 0.2196150 -0.3247465 0.1989729 0.1891681 0.2081769 0.2198041 0.2055700 0.2171413 0.2058751 0.1877314 0.2217608 0.2107981 0.2168579 0.2171150 -0.0403723 -0.3223042 -0.3096116
0.0487157 -0.3203757 0.2134079 0.2179451 0.2026357 0.9672813 -0.3064968 0.2031945 0.2013760 0.2021836 0.1927452 -0.3038455 -0.3039500 -0.2523692 -0.2831173 -0.0511811 -0.0851563 -0.1362416 0.1488771 0.1964758 -0.3078736 0.2017312 -0.3095801 -0.3133774 0.2042891 0.1960154 0.2115305 -0.2701212 -0.3040602 -0.3150956 -0.2841648 -0.2738928 -0.3030789 -0.2728450 -0.3062826 -0.2770828 -0.2954409 -0.2368838 -0.2815797 -0.2719134 -0.2746316 -0.2986664 -0.2617871 0.1655157 0.1348189 -0.2347419 -0.2746031 0.1883191 0.1712352 0.1610047 -0.0653092 -0.2964870 0.2032316 0.1943235 -0.3007199 0.2011432 0.1886996 -0.0721458 0.2019735 0.1937856 0.1962282 0.1944423 0.2287627 0.2271187 -0.2970749 0.2153392 0.2140229 0.1877658 0.2172466 0.2024043 0.2131549 0.1990052 0.1878362 0.2017585 0.1865171 0.1996928 0.2273403 -0.0417060 -0.3092161 -0.3080343
-0.0998722 0.4548947 -0.3280625 -0.3140743 -0.3267133 -0.3064968 1.5056003 -0.3304805 -0.3119751 -0.3202764 -0.3210064 0.4551101 0.4832059 0.3249382 0.4124835 -0.0245091 0.0506142 0.0957136 -0.2717055 -0.3408528 0.4742428 -0.3213876 0.4799935 0.4582440 -0.3239013 -0.3197901 -0.3298504 0.3986202 0.4547849 0.4955760 0.4411628 0.4055986 0.4572744 0.4061915 0.4779696 0.3364131 0.4123595 0.3195142 0.4121229 0.3404684 0.3907608 0.4609980 0.3165041 -0.2772082 -0.2440816 0.3712360 0.4202083 -0.3304805 -0.2849102 -0.2841622 0.0244357 0.4372875 -0.3350851 -0.3419698 0.4476673 -0.3310533 -0.3280048 0.0693557 -0.3318326 -0.3245077 -0.3343661 -0.3262362 -0.3338629 -0.3382251 0.4761776 -0.3146179 -0.3420802 -0.3232591 -0.3295842 -0.3302316 -0.3266160 -0.3238692 -0.3272713 -0.3362141 -0.3301347 -0.3352773 -0.3463630 -0.0145107 0.4524673 0.4501936
0.0437600 -0.3407101 0.2210525 0.2015950 0.2288033 0.2031945 -0.3304805 1.0212193 0.2046768 0.2217524 0.2207025 -0.3328634 -0.3395341 -0.2755389 -0.3047371 -0.0573321 -0.0972228 -0.1461265 0.1577365 0.2100634 -0.3395569 0.2247216 -0.3322125 -0.3317904 0.2184895 0.2268557 0.2183278 -0.2898645 -0.3385170 -0.3326087 -0.3128018 -0.3003932 -0.3218589 -0.2969362 -0.3375617 -0.2954741 -0.3177295 -0.2606162 -0.3051102 -0.2820624 -0.3044266 -0.3148555 -0.2731543 0.1839753 0.1317527 -0.2804208 -0.2921328 0.2162739 0.2087717 0.1836524 -0.0672603 -0.3201918 0.2048338 0.2180632 -0.3164157 0.2272766 0.2159846 -0.0705376 0.2304025 0.2205444 0.2135798 0.2259857 0.2219596 0.2087987 -0.3190216 0.2206438 0.2286690 0.2128598 0.2148799 0.2153829 0.2163159 0.2239900 0.2116074 0.2240566 0.2372167 0.2323545 0.2447961 -0.0541463 -0.3303055 -0.3241372
0.0439223 -0.3188134 0.2004943 0.2026892 0.2046368 0.2013760 -0.3119751 0.2046768 0.9877414 0.1961446 0.1949305 -0.3001124 -0.3049704 -0.2517636 -0.2948422 -0.0450289 -0.0810291 -0.1297835 0.1698892 0.2219010 -0.3134107 0.2073726 -0.3219817 -0.3187221 0.2041675 0.1865416 0.2140010 -0.2791170 -0.3076017 -0.3189451 -0.2987275 -0.2861849 -0.3131428 -0.2793218 -0.3221972 -0.2795375 -0.3087160 -0.2354766 -0.2878661 -0.2671949 -0.2794021 -0.2993453 -0.2541185 0.1592215 0.1369267 -0.2557127 -0.2788356 0.2144202 0.1691955 0.1730467 -0.0542661 -0.3074932 0.2169030 0.2057770 -0.3097577 0.2114374 0.1941722 -0.0702671 0.1966222 0.2044348 0.2145650 0.2123578 0.2122144 0.2300433 -0.3086860 0.2018041 0.2043779 0.1983473 0.2224261 0.1986849 0.2128222 0.2180776 0.1693974 0.2093261 0.2138213 0.1982337 0.2259677 -0.0424757 -0.3168754 -0.3171999
0.0328031 -0.3192903 0.1985770 0.2013940 0.2012286 0.2021836 -0.3202764 0.2217524 0.1961446 0.9949357 0.2208865 -0.3050987 -0.3071791 -0.2562616 -0.2925991 -0.0455788 -0.0955330 -0.1352196 0.1604877 0.1970976 -0.3154546 0.2120871 -0.3230033 -0.3122057 0.2075461 0.2051523 0.2065628 -0.2843760 -0.3089133 -0.3208147 -0.3006877 -0.2913267 -0.3157249 -0.2852440 -0.3135511 -0.2687450 -0.2958580 -0.2400303 -0.2884061 -0.2739606 -0.2839141 -0.3070084 -0.2603736 0.1937834 0.1441272 -0.2644714 -0.2852221 0.1907840 0.1762507 0.1782466 -0.0749444 -0.2986691 0.2141458 0.1955356 -0.3030351 0.2025831 0.2233346 -0.0833599 0.2084228 0.2124871 0.2219884 0.2081041 0.2052045 0.2392345 -0.3107679 0.1980400 0.2044241 0.1937726 0.2126045 0.2029819 0.1973930 0.2037019 0.1990562 0.2037748 0.2140265 0.2143222 0.2439993 -0.0472454 -0.3204086 -0.3182964
0.0444153 -0.3324506 0.2263390 0.1917034 0.2196743 0.1927452 -0.3210064 0.2207025 0.1949305 0.2208865 0.9911770 -0.3068779 -0.3088483 -0.2612728 -0.2916739 -0.0457564 -0.0940106 -0.1348347 0.1857926 0.2105464 -0.3241798 0.1977155 -0.3217190 -0.3266490 0.2108226 0.2007440 0.2114534 -0.2868852 -0.3195609 -0.3194336 -0.3048411 -0.2898325 -0.3227568 -0.2800777 -0.3129131 -0.2784176 -0.3115125 -0.2417154 -0.2913845 -0.2752785 -0.2865634 -0.2936034 -0.2604564 0.1720152 0.1524358 -0.2633210 -0.2842396 0.1885478 0.1705751 0.1715145 -0.0683277 -0.3060679 0.2128144 0.2201426 -0.3192821 0.2129536 0.2233707 -0.0759894 0.1968709 0.2247959 0.2371241 0.2163685 0.2136658 0.2308276 -0.3176377 0.2054792 0.1855452 0.2044677 0.2208051 0.1867618 0.2149407 0.1979347 0.2135919 0.2238964 0.2153168 0.2206675 0.2210486 -0.0481055 -0.3234189 -0.3245454
-0.0894993 0.4695224 -0.3227341 -0.3051655 -0.3111525 -0.3038455 0.4551101 -0.3328634 -0.3001124 -0.3050987 -0.3068779 1.4334058 0.4781841 0.3200067 0.4017390 -0.0163475 0.0559194 0.0855695 -0.2659554 -0.3208499 0.4482949 -0.3115427 0.4557153 0.4285305 -0.3131317 -0.3153047 -0.3192881 0.3701314 0.4546677 0.4406965 0.4213484 0.4034580 0.4355893 0.4005104 0.4512560 0.3358254 0.4169046 0.3041745 0.3982333 0.3557940 0.3681834 0.4478295 0.3228305 -0.2872868 -0.2381749 0.3728038 0.3798840 -0.3219246 -0.2798501 -0.2705593 0.0199912 0.4115277 -0.3174853 -0.3187633 0.4418572 -0.3148345 -0.3205382 0.0721662 -0.3260156 -0.3251769 -0.3274387 -0.3189994 -0.3244049 -0.3321023 0.4583831 -0.3146195 -0.3229793 -0.3119759 -0.3263123 -0.3239693 -0.3232640 -0.3192964 -0.3170612 -0.3182335 -0.3226210 -0.3266994 -0.3357106 0.0070150 0.4566177 0.4629362
-0.0932194 0.4509417 -0.3325968 -0.3154220 -0.3205618 -0.3039500 0.4832059 -0.3395341 -0.3049704 -0.3071791 -0.3088483 0.4781841 1.5000569 0.3136050 0.4113913 -0.0190450 0.0400015 0.0960187 -0.2671404 -0.3443457 0.4651093 -0.3149258 0.4800213 0.4655614 -0.3298025 -0.3179437 -0.3293459 0.4027332 0.4594091 0.4544753 0.4506848 0.3859204 0.4744053 0.3886426 0.4706012 0.3537131 0.4277994 0.3157200 0.3950280 0.3337042 0.3797941 0.4473659 0.3140179 -0.2868976 -0.2513849 0.3662346 0.3844134 -0.3227899 -0.2896354 -0.2846043 0.0094185 0.4288974 -0.3260280 -0.3262663 0.4524761 -0.3287666 -0.3190888 0.0874028 -0.3316735 -0.3318294 -0.3264787 -0.3332148 -0.3344592 -0.3346992 0.4615727 -0.3187076 -0.3315253 -0.3158889 -0.3319824 -0.3179956 -0.3258213 -0.3176649 -0.3328658 -0.3328488 -0.3258557 -0.3388813 -0.3392010 -0.0118035 0.4563464 0.4505661
-0.0657698 0.3461563 -0.2583290 -0.2559133 -0.2592958 -0.2523692 0.3249382 -0.2755389 -0.2517636 -0.2562616 -0.2612728 0.3200067 0.3136050 1.3496785 0.3159946 0.0316406 0.0707415 0.1211253 -0.2133188 -0.2705553 0.3039072 -0.2560799 0.3140781 0.3268316 -0.2612597 -0.2588426 -0.2675319 0.2716911 0.3202322 0.3086693 0.3027479 0.3046114 0.3181306 0.2811546 0.3116883 0.4989368 0.4332224 0.3752085 0.3035443 0.4459386 0.4029830 0.3097077 0.4628291 -0.2282958 -0.1883360 0.2886143 0.2716557 -0.2692067 -0.2324589 -0.2163683 0.0560118 0.2988246 -0.2658411 -0.2600734 0.3235520 -0.2673863 -0.2620875 0.0193957 -0.2617676 -0.2633480 -0.2597797 -0.2740784 -0.2691337 -0.2732543 0.3133854 -0.2612236 -0.2728779 -0.2515423 -0.2653278 -0.2569091 -0.2640261 -0.2553725 -0.2544453 -0.2538795 -0.2688371 -0.2698393 -0.2731981 0.0389415 0.3126782 0.3210697
-0.0703647 0.4284776 -0.2931752 -0.2849098 -0.2957590 -0.2831173 0.4124835 -0.3047371 -0.2948422 -0.2925991 -0.2916739 0.4017390 0.4113913 0.3159946 1.3374946 0.0196688 0.0871031 0.1253458 -0.2472519 -0.3023351 0.4018811 -0.2922404 0.4197835 0.4266347 -0.2968322 -0.2856735 -0.3114480 0.3489299 0.4093842 0.4395736 0.4025342 0.3843515 0.4051075 0.3621039 0.3984326 0.3324297 0.3698773 0.3011818 0.3735817 0.3315375 0.3468828 0.4024251 0.3063551 -0.2657883 -0.2152548 0.3741313 0.3730377 -0.3000245 -0.2592921 -0.2528175 0.0437878 0.3776232 -0.2955818 -0.2970278 0.4059420 -0.2988824 -0.2944071 0.0831229 -0.2928716 -0.2944214 -0.3053935 -0.3077604 -0.3011953 -0.3127604 0.4063537 -0.2997063 -0.3063580 -0.2918890 -0.2999608 -0.2967429 -0.2957008 -0.3050677 -0.2924405 -0.3071946 -0.3052080 -0.3069862 -0.3119133 0.0266519 0.4310953 0.4137009
0.0728515 -0.0253996 -0.0565120 -0.0458360 -0.0538988 -0.0511811 -0.0245091 -0.0573321 -0.0450289 -0.0455788 -0.0457564 -0.0163475 -0.0190450 0.0316406 0.0196688 1.5203332 0.2189095 0.6068218 -0.0034160 -0.0184381 0.0157053 -0.0455403 -0.0187264 -0.0274623 -0.0543808 -0.0494781 -0.0455327 0.0301208 0.0065650 -0.0246566 0.0036712 0.0004670 -0.0185492 0.0025257 -0.0233072 -0.0153014 -0.0192432 0.0482594 0.0385740 0.0228373 0.0302407 -0.0103309 -0.0100423 -0.0132607 -0.0059483 0.0357366 0.0101308 -0.0556304 -0.0280298 -0.0060079 0.3190023 -0.0155971 -0.0536777 -0.0567428 -0.0198625 -0.0555381 -0.0544585 -0.0401010 -0.0574785 -0.0580043 -0.0563605 -0.0613338 -0.0548558 -0.0535339 -0.0178930 -0.0619920 -0.0616783 -0.0559505 -0.0568138 -0.0420426 -0.0305433 -0.0524699 0.0414764 -0.0567864 -0.0620021 -0.0596896 -0.0520671 0.0551431 -0.0149020 -0.0140383
0.0484656 0.0476648 -0.0969784 -0.0671315 -0.0800646 -0.0851563 0.0506142 -0.0972228 -0.0810291 -0.0955330 -0.0940106 0.0559194 0.0400015 0.0707415 0.0871031 0.2189095 1.4184235 0.2455281 -0.0554495 -0.0687876 0.0599827 -0.0873112 0.0609466 0.0501264 -0.0887684 -0.0818283 -0.0878977 0.0755242 0.0701910 0.0480837 0.0573315 0.0731229 0.0496389 0.0471999 0.0589186 0.0592389 0.0585028 0.1164053 0.1107035 0.0948285 0.0743935 0.0494171 0.0759280 -0.0431576 -0.0162918 0.0775617 0.0644968 -0.0964354 -0.0732456 -0.0531487 0.1385832 0.0509467 -0.0986295 -0.0961940 0.0466538 -0.1055631 -0.0909240 -0.0469644 -0.0961914 -0.1003460 -0.1015865 -0.1021396 -0.1012979 -0.1076074 0.0504001 -0.0970786 -0.0932659 -0.0941943 -0.0810151 -0.0807115 -0.0847862 -0.0903345 -0.0724640 -0.0956334 -0.0977854 -0.0932728 -0.0875602 0.2499506 0.0594310 0.0552149
0.0640008 0.0917182 -0.1332486 -0.1354757 -0.1308138 -0.1362416 0.0957136 -0.1461265 -0.1297835 -0.1352196 -0.1348347 0.0855695 0.0960187 0.1211253 0.1253458 0.6068218 0.2455281 1.5701811 -0.0749096 -0.0947649 0.1297597 -0.1239522 0.0898422 0.0883989 -0.1299143 -0.1347073 -0.1244061 0.1269056 0.1174329 0.1055223 0.1147171 0.1044502 0.0944334 0.0934525 0.0858651 0.0793105 0.0816076 0.1384658 0.1471872 0.1124422 0.1256097 0.0904242 0.0799978 -0.0807574 -0.0615448 0.1200745 0.1181392 -0.1427375 -0.1047342 -0.0705343 0.3339880 0.0866945 -0.1308085 -0.1364876 0.0945261 -0.1443357 -0.1374920 -0.0284136 -0.1448023 -0.1397867 -0.1473137 -0.1417217 -0.1410672 -0.1448733 0.1030331 -0.1367748 -0.1426112 -0.1389507 -0.1343756 -0.1191188 -0.1231640 -0.1362062 -0.0477559 -0.1347462 -0.1428144 -0.1437967 -0.1489792 0.1629028 0.0950853 0.0950960
0.0459795 -0.2819979 0.1640192 0.1778602 0.1713466 0.1488771 -0.2717055 0.1577365 0.1698892 0.1604877 0.1857926 -0.2659554 -0.2671404 -0.2133188 -0.2472519 -0.0034160 -0.0554495 -0.0749096 0.9112003 0.2132887 -0.2596199 0.1649293 -0.2651387 -0.2788180 0.1903118 0.1454573 0.1751885 -0.2224081 -0.2669685 -0.2826650 -0.2547631 -0.2427175 -0.2628182 -0.2349042 -0.2638645 -0.2401835 -0.2605070 -0.1991298 -0.2343927 -0.2308371 -0.2393015 -0.2569093 -0.2165193 0.1450681 0.1270278 -0.2127077 -0.2319529 0.1711671 0.1455135 0.1494993 -0.0551896 -0.2640540 0.1631247 0.1671010 -0.2594072 0.1799349 0.1546166 -0.0536982 0.1669804 0.1897969 0.1697130 0.1850766 0.1914183 0.1717951 -0.2687850 0.1673160 0.1595160 0.1645499 0.1632868 0.1771041 0.1638093 0.1685152 0.1649659 0.1722316 0.1727989 0.1639386 0.1705618 -0.0392335 -0.2674158 -0.2664306
0.0485655 -0.3366071 0.2059896 0.2080240 0.2000358 0.1964758 -0.3408528 0.2100634 0.2219010 0.1970976 0.2105464 -0.3208499 -0.3443457 -0.2705553 -0.3023351 -0.0184381 -0.0687876 -0.0947649 0.2132887 1.0487565 -0.3205727 0.2230186 -0.3313467 -0.3334931 0.2007249 0.2243202 0.2107992 -0.2770011 -0.3249669 -0.3296742 -0.3106110 -0.2946822 -0.3266034 -0.2853316 -0.3282294 -0.2894727 -0.3195488 -0.2526962 -0.2952775 -0.2911063 -0.2994399 -0.3107314 -0.2749087 0.1819293 0.1531566 -0.2738892 -0.2855559 0.2311586 0.1756705 0.1748423 -0.0710182 -0.3180527 0.2129553 0.2139786 -0.3204733 0.2052113 0.1981078 -0.0655491 0.1972171 0.2249605 0.2219376 0.2044497 0.2149371 0.2252031 -0.3258328 0.2304642 0.2210530 0.2100775 0.2231884 0.2018186 0.2051836 0.2168281 0.1897656 0.2208968 0.2191282 0.2191500 0.2305420 -0.0353478 -0.3316656 -0.3347079
-0.0859542 0.4714904 -0.3276834 -0.3130346 -0.3112211 -0.3078736 0.4742428 -0.3395569 -0.3134107 -0.3154546 -0.3241798 0.4482949 0.4651093 0.3039072 0.4018811 0.0157053 0.0599827 0.1297597 -0.2596199 -0.3205727 1.4925916 -0.3193069 0.4665411 0.4774554 -0.3245120 -0.3212278 -0.3242046 0.3867049 0.4633149 0.4638839 0.4665885 0.4180339 0.4419591 0.4121216 0.4785684 0.3194627 0.3974484 0.3097851 0.4105158 0.3319353 0.3691058 0.4319437 0.3138755 -0.2890525 -0.2395643 0.3716815 0.3886566 -0.3278003 -0.2788769 -0.2756362 0.0246846 0.4391880 -0.3326575 -0.3239832 0.4762603 -0.3328150 -0.3234869 0.0726006 -0.3298942 -0.3242331 -0.3188366 -0.3373152 -0.3325616 -0.3391534 0.4429390 -0.3223031 -0.3351835 -0.3176365 -0.3349799 -0.3240643 -0.3235403 -0.3298702 -0.3203639 -0.3314013 -0.3339005 -0.3313217 -0.3413900 -0.0261946 0.4606149 0.4647027
0.0434665 -0.3162283 0.1950998 0.2089370 0.1936074 0.2017312 -0.3213876 0.2247216 0.2073726 0.2120871 0.1977155 -0.3115427 -0.3149258 -0.2560799 -0.2922404 -0.0455403 -0.0873112 -0.1239522 0.1649293 0.2230186 -0.3193069 0.9565424 -0.3192609 -0.3149014 0.2100800 0.2158059 0.2132287 -0.2707576 -0.3169158 -0.3252855 -0.3085887 -0.2740269 -0.3150977 -0.2815214 -0.3142282 -0.2780380 -0.3048141 -0.2430530 -0.2885827 -0.2733050 -0.2792740 -0.3031720 -0.2612365 0.1694159 0.1307215 -0.2574250 -0.2750102 0.2133656 0.1819784 0.1617195 -0.0549958 -0.3035262 0.1961804 0.2122688 -0.3048203 0.2016149 0.2110771 -0.0697075 0.2012671 0.1996768 0.1981597 0.2112539 0.2103287 0.2182159 -0.3072736 0.1999613 0.2123720 0.2010117 0.2209546 0.1869262 0.2129634 0.2073627 0.1997531 0.2179893 0.2193475 0.2082898 0.2163465 -0.0428558 -0.3210343 -0.3092065
-0.0955255 0.4894347 -0.3284115 -0.3117475 -0.3221316 -0.3095801 0.4799935 -0.3322125 -0.3219817 -0.3230033 -0.3217190 0.4557153 0.4800213 0.3140781 0.4197835 -0.0187264 0.0609466 0.0898422 -0.2651387 -0.3313467 0.4665411 -0.3192609 1.4487742 0.4961935 -0.3198317 -0.3170207 -0.3331863 0.3967299 0.4755963 0.4925415 0.4376792 0.4338033 0.4682060 0.4137935 0.4495297 0.3145129 0.4048124 0.3095087 0.4051678 0.3359221 0.3842455 0.4317394 0.2853352 -0.2914153 -0.2362958 0.3768420 0.4025782 -0.3336792 -0.2826555 -0.2767650 0.0171425 0.4338830 -0.3303981 -0.3171167 0.4453048 -0.3331702 -0.3071529 0.0931940 -0.3247475 -0.3299670 -0.3283400 -0.3305446 -0.3319468 -0.3394865 0.4398263 -0.3264174 -0.3283481 -0.3222061 -0.3413890 -0.3164471 -0.3302433 -0.3258133 -0.3244048 -0.3281839 -0.3277843 -0.3385424 -0.3451708 -0.0123704 0.4620860 0.4589796
-0.0963106 0.4822019 -0.3245657 -0.3202525 -0.3194035 -0.3133774 0.4582440 -0.3317904 -0.3187221 -0.3122057 -0.3266490 0.4285305 0.4655614 0.3268316 0.4266347 -0.0274623 0.0501264 0.0883989 -0.2788180 -0.3334931 0.4774554 -0.3149014 0.4961935 1.5343310 -0.3243681 -0.3199825 -0.3313858 0.3907949 0.4479890 0.4698519 0.4479968 0.4139604 0.4727162 0.4033376 0.4648576 0.3680345 0.4204368 0.3188173 0.4217081 0.3572662 0.3817132 0.4555926 0.3153461 -0.2923435 -0.2473607 0.3666435 0.3893437 -0.3308747 -0.2847748 -0.2732502 0.0168462 0.4451709 -0.3298481 -0.3323060 0.4214548 -0.3344901 -0.3242034 0.0722291 -0.3295792 -0.3326138 -0.3186110 -0.3312884 -0.3410014 -0.3419245 0.4545193 -0.3178355 -0.3271935 -0.3197092 -0.3353967 -0.3249928 -0.3261738 -0.3288272 -0.3287850 -0.3364488 -0.3269096 -0.3258376 -0.3382895 -0.0173003 0.4754540 0.4654689
0.0422378 -0.3313788 0.2216064 0.2116944 0.2036290 0.2042891 -0.3239013 0.2184895 0.2041675 0.2075461 0.2108226 -0.3131317 -0.3298025 -0.2612597 -0.2968322 -0.0543808 -0.0887684 -0.1299143 0.1903118 0.2007249 -0.3245120 0.2100800 -0.3198317 -0.3243681 0.9788741 0.1997428 0.2064360 -0.2827229 -0.3248877 -0.3255803 -0.3070337 -0.2866147 -0.3233691 -0.2769033 -0.3150102 -0.2836455 -0.3129578 -0.2492700 -0.2915620 -0.2801469 -0.2999260 -0.3019468 -0.2550045 0.1898812 0.1582457 -0.2651396 -0.2853236 0.2121508 0.1731875 0.1699439 -0.0692134 -0.3079874 0.2096772 0.2215130 -0.3200276 0.2358418 0.2178144 -0.0624807 0.2063940 0.2158649 0.2026215 0.2297274 0.2128023 0.2077347 -0.3199634 0.2196666 0.2290284 0.2093206 0.2207441 0.2114049 0.1898896 0.2108260 0.1908855 0.2191425 0.2197845 0.2203329 0.2195696 -0.0520282 -0.3216874 -0.3156844
0.0448695 -0.3223159 0.1903982 0.1971464 0.2233163 0.1960154 -0.3197901 0.2268557 0.1865416 0.2051523 0.2007440 -0.3153047 -0.3179437 -0.2588426 -0.2856735 -0.0494781 -0.0818283 -0.1347073 0.1454573 0.2243202 -0.3212278 0.2158059 -0.3170207 -0.3199825 0.1997428 0.9633194 0.1955262 -0.2689623 -0.3184401 -0.3187591 -0.2995562 -0.2812675 -0.3150916 -0.2789541 -0.3163407 -0.2783842 -0.3059226 -0.2433614 -0.2853636 -0.2699971 -0.2936456 -0.3010664 -0.2589324 0.1782887 0.1508159 -0.2600177 -0.2805689 0.1997977 0.1808809 0.1589534 -0.0609820 -0.2935452 0.2136282 0.2188029 -0.3042641 0.2116734 0.2145229 -0.0670217 0.2184845 0.2053837 0.2237940 0.2115869 0.2158416 0.2187962 -0.3124802 0.1988715 0.2093373 0.2080022 0.2132097 0.2103376 0.2138434 0.2036965 0.1951683 0.2128777 0.2158506 0.2137950 0.2291660 -0.0409784 -0.3264828 -0.3171426
0.0411415 -0.3286491 0.2268279 0.2036671 0.2134179 0.2115305 -0.3298504 0.2183278 0.2140010 0.2065628 0.2114534 -0.3192881 -0.3293459 -0.2675319 -0.3114480 -0.0455327 -0.0878977 -0.1244061 0.1751885 0.2107992 -0.3242046 0.2132287 -0.3331863 -0.3313858 0.2064360 0.1955262 0.9823311 -0.2660119 -0.3239297 -0.3353966 -0.3039629 -0.2991591 -0.3289989 -0.2803522 -0.3202606 -0.2844743 -0.3098837 -0.2505425 -0.2981229 -0.2804715 -0.2947977 -0.3100721 -0.2689137 0.1892480 0.1496738 -0.2745557 -0.2898382 0.2038334 0.1851956 0.1739525 -0.0714004 -0.3074402 0.2131042 0.2135315 -0.3140996 0.2063100 0.2128996 -0.0624159 0.2015596 0.2269423 0.2127986 0.2110349 0.2193434 0.2207217 -0.3254741 0.2015170 0.2228655 0.2104776 0.2150904 0.2300207 0.2393153 0.2239599 0.1979077 0.2174398 0.2171430 0.2321082 0.2457772 -0.0463391 -0.3323118 -0.3289812
-0.0702685 0.3903066 -0.2738721 -0.2712173 -0.2803469 -0.2701212 0.3986202 -0.2898645 -0.2791170 -0.2843760 -0.2868852 0.3701314 0.4027332 0.2716911 0.3489299 0.0301208 0.0755242 0.1269056 -0.2224081 -0.2770011 0.3867049 -0.2707576 0.3967299 0.3907949 -0.2827229 -0.2689623 -0.2660119 1.2888761 0.3974599 0.3945138 0.3655265 0.3625433 0.3684961 0.3357257 0.3675429 0.2948175 0.3475422 0.2770652 0.3644605 0.3051700 0.3298682 0.3608989 0.2651330 -0.2542477 -0.2006968 0.3228110 0.3407896 -0.2819534 -0.2421450 -0.2402702 0.0485075 0.3800083 -0.2826297 -0.2818967 0.3736999 -0.2919472 -0.2733572 0.0792873 -0.2792862 -0.2740367 -0.2777908 -0.2922774 -0.2921127 -0.2946445 0.3862053 -0.2807761 -0.2834544 -0.2749431 -0.2848452 -0.2766904 -0.2781880 -0.2781066 -0.2734590 -0.2809000 -0.2881798 -0.2855617 -0.2975991 0.0130055 0.3924730 0.3813493
-0.0685368 0.4447095 -0.3325515 -0.3057806 -0.3106245 -0.3040602 0.4547849 -0.3385170 -0.3076017 -0.3089133 -0.3195609 0.4546677 0.4594091 0.3202322 0.4093842 0.0065650 0.0701910 0.1174329 -0.2669685 -0.3249669 0.4633149 -0.3169158 0.4755963 0.4479890 -0.3248877 -0.3184401 -0.3239297 0.3974599 1.4346536 0.4965642 0.4465042 0.4349290 0.4491098 0.4004873 0.4730692 0.3282991 0.4068044 0.3111404 0.3885575 0.3327248 0.3784781 0.4337870 0.2998409 -0.2855830 -0.2485239 0.3751495 0.3825063 -0.3221180 -0.2765088 -0.2695079 0.0181383 0.4154402 -0.3271626 -0.3200202 0.4342886 -0.3192102 -0.3110617 0.0766114 -0.3228790 -0.3335606 -0.3247913 -0.3345073 -0.3352631 -0.3382346 0.4426223 -0.3178375 -0.3266747 -0.3139223 -0.3319367 -0.3237278 -0.3212642 -0.3156554 -0.3196501 -0.3281571 -0.3259059 -0.3256216 -0.3286602 0.0078072 0.4554411 0.4544893
-0.0932340 0.4921794 -0.3253470 -0.3125968 -0.3204546 -0.3150956 0.4955760 -0.3326087 -0.3189451 -0.3208147 -0.3194336 0.4406965 0.4544753 0.3086693 0.4395736 -0.0246566 0.0480837 0.1055223 -0.2826650 -0.3296742 0.4638839 -0.3252855 0.4925415 0.4698519 -0.3255803 -0.3187591 -0.3353966 0.3945138 0.4965642 1.5219232 0.4778534 0.4427303 0.4817230 0.3889310 0.4476960 0.3245837 0.4063475 0.3105409 0.3847047 0.3425294 0.3629060 0.4306353 0.3140968 -0.2907372 -0.2391356 0.3758975 0.3993472 -0.3300900 -0.2857082 -0.2877326 0.0074354 0.4419173 -0.3291053 -0.3225873 0.4370416 -0.3267030 -0.3178026 0.0807338 -0.3276339 -0.3273634 -0.3249643 -0.3346426 -0.3313095 -0.3397208 0.4568902 -0.3267718 -0.3368484 -0.3142714 -0.3282821 -0.3217876 -0.3259851 -0.3257305 -0.3264944 -0.3327402 -0.3292125 -0.3301015 -0.3395106 -0.0173823 0.4885830 0.4554868
-0.0810715 0.4559677 -0.3085474 -0.2984081 -0.3003141 -0.2841648 0.4411628 -0.3128018 -0.2987275 -0.3006877 -0.3048411 0.4213484 0.4506848 0.3027479 0.4025342 0.0036712 0.0573315 0.1147171 -0.2547631 -0.3106110 0.4665885 -0.3085887 0.4376792 0.4479968 -0.3070337 -0.2995562 -0.3039629 0.3655265 0.4465042 0.4778534 1.3419089 0.4035812 0.4194005 0.3705781 0.4234948 0.3165429 0.3801925 0.2978249 0.3865901 0.3189725 0.3552781 0.3878320 0.3045949 -0.2686160 -0.2237195 0.3606575 0.3908460 -0.3157810 -0.2626353 -0.2584103 0.0312757 0.4101716 -0.3150197 -0.3079417 0.4074932 -0.3080359 -0.3061599 0.0920811 -0.3088703 -0.3074794 -0.3067225 -0.3118188 -0.3143499 -0.3215567 0.4248683 -0.3014713 -0.3169625 -0.2942851 -0.3167792 -0.3012327 -0.2956410 -0.3067501 -0.2972057 -0.3124655 -0.3120134 -0.3098974 -0.3167776 -0.0007234 0.4374585 0.4122041
-0.0781306 0.4526244 -0.2996617 -0.2803889 -0.2888581 -0.2738928 0.4055986 -0.3003932 -0.2861849 -0.2913267 -0.2898325 0.4034580 0.3859204 0.3046114 0.3843515 0.0004670 0.0731229 0.1044502 -0.2427175 -0.2946822 0.4180339 -0.2740269 0.4338033 0.4139604 -0.2866147 -0.2812675 -0.2991591 0.3625433 0.4349290 0.4427303 0.4035812 1.3009737 0.3971569 0.3660268 0.4018160 0.3167955 0.3517055 0.2911951 0.3677027 0.3382189 0.3509285 0.3879575 0.2902099 -0.2607352 -0.2169958 0.3334320 0.3496789 -0.3022100 -0.2540885 -0.2550498 0.0233080 0.3807943 -0.3006037 -0.2932020 0.3877724 -0.2947451 -0.2828396 0.0721320 -0.3023046 -0.2972917 -0.3012007 -0.3083679 -0.2998660 -0.3114758 0.3954944 -0.2978700 -0.3018472 -0.2876737 -0.2964815 -0.2967917 -0.2844667 -0.2897148 -0.2891509 -0.2987933 -0.2979991 -0.3058170 -0.3055046 0.0126546 0.4304587 0.4162684
-0.0857145 0.4593501 -0.3248153 -0.3061776 -0.3225482 -0.3030789 0.4572744 -0.3218589 -0.3131428 -0.3157249 -0.3227568 0.4355893 0.4744053 0.3181306 0.4051075 -0.0185492 0.0496389 0.0944334 -0.2628182 -0.3266034 0.4419591 -0.3150977 0.4682060 0.4727162 -0.3233691 -0.3150916 -0.3289989 0.3684961 0.4491098 0.4817230 0.4194005 0.3971569 1.4690540 0.4035022 0.4894994 0.3342269 0.4211767 0.3032786 0.3805570 0.3240769 0.3687675 0.4249072 0.2973886 -0.2814421 -0.2366517 0.3774286 0.3903398 -0.3185765 -0.2781376 -0.2737631 0.0237116 0.4166056 -0.3206431 -0.3273013 0.4484928 -0.3201460 -0.3162297 0.0780567 -0.3219380 -0.3211342 -0.3257191 -0.3147284 -0.3241330 -0.3242165 0.4721700 -0.3099323 -0.3231336 -0.3178793 -0.3232934 -0.3218449 -0.3251913 -0.3175101 -0.3129869 -0.3199455 -0.3224224 -0.3350892 -0.3374397 -0.0140528 0.4424637 0.4414300
-0.0712000 0.3991687 -0.2685056 -0.2753485 -0.2782593 -0.2728450 0.4061915 -0.2969362 -0.2793218 -0.2852440 -0.2800777 0.4005104 0.3886426 0.2811546 0.3621039 0.0025257 0.0471999 0.0934525 -0.2349042 -0.2853316 0.4121216 -0.2815214 0.4137935 0.4033376 -0.2769033 -0.2789541 -0.2803522 0.3357257 0.4004873 0.3889310 0.3705781 0.3660268 0.4035022 1.2889440 0.4141253 0.3088436 0.3368113 0.2680960 0.3573243 0.2919574 0.3347242 0.3787946 0.2704900 -0.2495827 -0.2037953 0.3171675 0.3366721 -0.2864501 -0.2441034 -0.2450805 0.0262660 0.3799103 -0.2769070 -0.2751303 0.3787573 -0.2900844 -0.2791011 0.0858692 -0.2781337 -0.2845385 -0.2866575 -0.2880008 -0.2604077 -0.3001807 0.3819720 -0.2860492 -0.2879603 -0.2764252 -0.2844014 -0.2815247 -0.2799849 -0.2799585 -0.2781775 -0.2841271 -0.2915316 -0.2881557 -0.2998321 0.0046337 0.4208616 0.3868345
-0.0876580 0.4661371 -0.3223116 -0.3159328 -0.3181783 -0.3062826 0.4779696 -0.3375617 -0.3221972 -0.3135511 -0.3129131 0.4512560 0.4706012 0.3116883 0.3984326 -0.0233072 0.0589186 0.0858651 -0.2638645 -0.3282294 0.4785684 -0.3142282 0.4495297 0.4648576 -0.3150102 -0.3163407 -0.3202606 0.3675429 0.4730692 0.4476960 0.4234948 0.4018160 0.4894994 0.4141253 1.4692416 0.3407794 0.4122789 0.3050844 0.4052789 0.3440673 0.3757175 0.4373571 0.3033770 -0.2840630 -0.2346787 0.3722008 0.3911338 -0.3245655 -0.2783560 -0.2814849 0.0147346 0.4364387 -0.3222841 -0.3238722 0.4447801 -0.3251950 -0.3176226 0.0942622 -0.3281300 -0.3147184 -0.3334580 -0.3314838 -0.3278702 -0.3294580 0.4710910 -0.3191733 -0.3273464 -0.3176267 -0.3306835 -0.3194489 -0.3218627 -0.3198906 -0.3258189 -0.3274327 -0.3297250 -0.3257915 -0.3421137 -0.0138715 0.4466299 0.4598196
-0.0794266 0.3601616 -0.2917090 -0.2868530 -0.2779857 -0.2770828 0.3364131 -0.2954741 -0.2795375 -0.2687450 -0.2784176 0.3358254 0.3537131 0.4989368 0.3324297 -0.0153014 0.0592389 0.0793105 -0.2401835 -0.2894727 0.3194627 -0.2780380 0.3145129 0.3680345 -0.2836455 -0.2783842 -0.2844743 0.2948175 0.3282991 0.3245837 0.3165429 0.3167955 0.3342269 0.3088436 0.3407794 1.5077274 0.4913953 0.3920941 0.3371394 0.5759493 0.4628350 0.3275605 0.5982279 -0.2572232 -0.2118479 0.2946098 0.2907808 -0.2931881 -0.2546484 -0.2462249 0.0490846 0.3429913 -0.2835268 -0.2871141 0.3481377 -0.2894025 -0.2798785 0.0351464 -0.2848217 -0.2842837 -0.2931086 -0.2888253 -0.2912045 -0.2958908 0.3365797 -0.2860012 -0.2898690 -0.2795480 -0.2948877 -0.2819936 -0.2840874 -0.2876853 -0.2834109 -0.2850674 -0.2915992 -0.2871156 -0.2969002 -0.0000736 0.3450238 0.3423125
-0.0954680 0.4289418 -0.3134135 -0.3014889 -0.3024140 -0.2954409 0.4123595 -0.3177295 -0.3087160 -0.2958580 -0.3115125 0.4169046 0.4277994 0.4332224 0.3698773 -0.0192432 0.0585028 0.0816076 -0.2605070 -0.3195488 0.3974484 -0.3048141 0.4048124 0.4204368 -0.3129578 -0.3059226 -0.3098837 0.3475422 0.4068044 0.4063475 0.3801925 0.3517055 0.4211767 0.3368113 0.4122789 0.4913953 1.4611627 0.3876454 0.3920339 0.4755002 0.4320987 0.3769663 0.4637633 -0.2754583 -0.2355376 0.3364680 0.3530753 -0.3200549 -0.2742453 -0.2694638 0.0219328 0.4095812 -0.3030670 -0.3056555 0.3784265 -0.3130600 -0.3010705 0.0450007 -0.3081007 -0.3065774 -0.3110288 -0.3186086 -0.3253515 -0.3180124 0.4182487 -0.3046701 -0.3163106 -0.2974192 -0.3215965 -0.3084460 -0.3059198 -0.3047571 -0.3068274 -0.3162243 -0.3113816 -0.3165159 -0.3155421 -0.0133701 0.4180136 0.4043880
-0.0520511 0.3224680 -0.2499346 -0.2341918 -0.2430645 -0.2368838 0.3195142 -0.2606162 -0.2354766 -0.2400303 -0.2417154 0.3041745 0.3157200 0.3752085 0.3011818 0.0482594 0.1164053 0.1384658 -0.1991298 -0.2526962 0.3097851 -0.2430530 0.3095087 0.3188173 -0.2492700 -0.2433614 -0.2505425 0.2770652 0.3111404 0.3105409 0.2978249 0.2911951 0.3032786 0.2680960 0.3050844 0.3920941 0.3876454 1.2657070 0.2935490 0.3601412 0.3533798 0.3138253 0.3537190 -0.2063095 -0.1699088 0.2658921 0.2754417 -0.2500350 -0.2117647 -0.2023092 0.0729761 0.2937176 -0.2464815 -0.2452991 0.2898215 -0.2512394 -0.2402759 0.0474728 -0.2470298 -0.2437515 -0.2450226 -0.2539560 -0.2549207 -0.2607810 0.3078344 -0.2431061 -0.2568658 -0.2395436 -0.2480824 -0.2407869 -0.2469819 -0.2481903 -0.2369701 -0.2509014 -0.2477170 -0.2525785 -0.2523570 0.0787404 0.3203053 0.3077294
-0.0658308 0.3995348 -0.2952691 -0.2835700 -0.2842938 -0.2815797 0.4121229 -0.3051102 -0.2878661 -0.2884061 -0.2913845 0.3982333 0.3950280 0.3035443 0.3735817 0.0385740 0.1107035 0.1471872 -0.2343927 -0.2952775 0.4105158 -0.2885827 0.4051678 0.4217081 -0.2915620 -0.2853636 -0.2981229 0.3644605 0.3885575 0.3847047 0.3865901 0.3677027 0.3805570 0.3573243 0.4052789 0.3371394 0.3920339 0.2935490 1.3069437 0.3344562 0.3637316 0.3797166 0.3049051 -0.2616570 -0.2106738 0.3412749 0.3458919 -0.3014697 -0.2509119 -0.2415485 0.0559332 0.3783545 -0.2973867 -0.2933202 0.3861421 -0.3057134 -0.2917140 0.0495148 -0.3029589 -0.2916614 -0.2965506 -0.2954851 -0.3052628 -0.3046553 0.4000632 -0.2975833 -0.3015406 -0.2923867 -0.2967665 -0.2946818 -0.2980032 -0.2984206 -0.2805601 -0.2965476 -0.3020402 -0.2954381 -0.3057022 0.0959711 0.4196759 0.3940271
-0.0670074 0.3480391 -0.2875841 -0.2732102 -0.2673968 -0.2719134 0.3404684 -0.2820624 -0.2671949 -0.2739606 -0.2752785 0.3557940 0.3337042 0.4459386 0.3315375 0.0228373 0.0948285 0.1124422 -0.2308371 -0.2911063 0.3319353 -0.2733050 0.3359221 0.3572662 -0.2801469 -0.2699971 -0.2804715 0.3051700 0.3327248 0.3425294 0.3189725 0.3382189 0.3240769 0.2919574 0.3440673 0.5759493 0.4755002 0.3601412 0.3344562 1.3885062 0.4388266 0.3297043 0.5276833 -0.2436863 -0.1985581 0.3059552 0.2991785 -0.2829964 -0.2474510 -0.2363947 0.0709331 0.3188776 -0.2782680 -0.2725472 0.3205410 -0.2909117 -0.2777433 0.0308774 -0.2809406 -0.2790706 -0.2830771 -0.2840362 -0.2817324 -0.2894033 0.3322621 -0.2848000 -0.2935563 -0.2720989 -0.2936663 -0.2832392 -0.2745960 -0.2735512 -0.2648746 -0.2832406 -0.2922655 -0.2823399 -0.2974125 0.0126584 0.3543986 0.3229347
-0.0686280 0.3743023 -0.2977397 -0.2850466 -0.2831477 -0.2746316 0.3907608 -0.3044266 -0.2794021 -0.2839141 -0.2865634 0.3681834 0.3797941 0.4029830 0.3468828 0.0302407 0.0743935 0.1256097 -0.2393015 -0.2994399 0.3691058 -0.2792740 0.3842455 0.3817132 -0.2999260 -0.2936456 -0.2947977 0.3298682 0.3784781 0.3629060 0.3552781 0.3509285 0.3687675 0.3347242 0.3757175 0.4628350 0.4320987 0.3533798 0.3637316 0.4388266 1.3705302 0.3721937 0.4310427 -0.2521531 -0.2030831 0.3258264 0.3128699 -0.2953978 -0.2545261 -0.2420699 0.0763814 0.3322125 -0.2967972 -0.2912623 0.3691147 -0.3008692 -0.2893714 0.0559707 -0.2920983 -0.2950974 -0.3000580 -0.2919917 -0.2983868 -0.3040486 0.3783626 -0.2926030 -0.3089969 -0.2839845 -0.2943369 -0.2891047 -0.2796773 -0.2925819 -0.2789949 -0.2953922 -0.3028519 -0.3005128 -0.2983012 0.0080883 0.3802472 0.3903665
-0.0866635 0.4392192 -0.3181651 -0.3008265 -0.3071198 -0.2986664 0.4609980 -0.3148555 -0.2993453 -0.3070084 -0.2936034 0.4478295 0.4473659 0.3097077 0.4024251 -0.0103309 0.0494171 0.0904242 -0.2569093 -0.3107314 0.4319437 -0.3031720 0.4317394 0.4555926 -0.3019468 -0.3010664 -0.3100721 0.3608989 0.4337870 0.4306353 0.3878320 0.3879575 0.4249072 0.3787946 0.4373571 0.3275605 0.3769663 0.3138253 0.3797166 0.3297043 0.3721937 1.3956960 0.3086643 -0.2770151 -0.2289695 0.3449044 0.3831387 -0.3205237 -0.2630342 -0.2607394 0.0203672 0.4144824 -0.3115360 -0.3111781 0.4275495 -0.3124422 -0.3116183 0.0848059 -0.3089100 -0.3128708 -0.3154819 -0.3136133 -0.3169785 -0.3262716 0.4188342 -0.3101195 -0.3150657 -0.3089188 -0.3166398 -0.3069411 -0.3069762 -0.3072507 -0.3128753 -0.3179736 -0.3117793 -0.3158387 -0.3199686 -0.0015047 0.4170795 0.4323521
-0.0740208 0.3051853 -0.2660763 -0.2564948 -0.2552140 -0.2617871 0.3165041 -0.2731543 -0.2541185 -0.2603736 -0.2604564 0.3228305 0.3140179 0.4628291 0.3063551 -0.0100423 0.0759280 0.0799978 -0.2165193 -0.2749087 0.3138755 -0.2612365 0.2853352 0.3153461 -0.2550045 -0.2589324 -0.2689137 0.2651330 0.2998409 0.3140968 0.3045949 0.2902099 0.2973886 0.2704900 0.3033770 0.5982279 0.4637633 0.3537190 0.3049051 0.5276833 0.4310427 0.3086643 1.4244062 -0.2364856 -0.1884472 0.2685067 0.2690836 -0.2752534 -0.2463036 -0.2213856 0.0442381 0.2989874 -0.2638432 -0.2606890 0.2885484 -0.2737026 -0.2628798 0.0371238 -0.2569389 -0.2663348 -0.2681267 -0.2716593 -0.2730243 -0.2770720 0.3136505 -0.2612267 -0.2776310 -0.2544789 -0.2718280 -0.2688501 -0.2594611 -0.2539515 -0.2596520 -0.2707987 -0.2766320 -0.2676560 -0.2703975 0.0536162 0.3130485 0.3113190
0.0486641 -0.2870630 0.1695088 0.1766751 0.1687708 0.1655157 -0.2772082 0.1839753 0.1592215 0.1937834 0.1720152 -0.2872868 -0.2868976 -0.2282958 -0.2657883 -0.0132607 -0.0431576 -0.0807574 0.1450681 0.1819293 -0.2890525 0.1694159 -0.2914153 -0.2923435 0.1898812 0.1782887 0.1892480 -0.2542477 -0.2855830 -0.2907372 -0.2686160 -0.2607352 -0.2814421 -0.2495827 -0.2840630 -0.2572232 -0.2754583 -0.2063095 -0.2616570 -0.2436863 -0.2521531 -0.2770151 -0.2364856 0.9664031 0.1479055 -0.2295630 -0.2451686 0.1825260 0.1522605 0.1697340 -0.0340954 -0.2757320 0.1841849 0.1893194 -0.2780830 0.1770239 0.1942836 -0.0667605 0.1943317 0.1616649 0.2039213 0.1877230 0.1742425 0.1867020 -0.2873918 0.1987879 0.1773519 0.1908997 0.1823659 0.1855872 0.1727131 0.1670697 0.1750310 0.2073460 0.1807857 0.2030594 0.1977274 -0.0271455 -0.2900088 -0.2761739
0.0426733 -0.2434401 0.1429825 0.1437173 0.1649129 0.1348189 -0.2440816 0.1317527 0.1369267 0.1441272 0.1524358 -0.2381749 -0.2513849 -0.1883360 -0.2152548 -0.0059483 -0.0162918 -0.0615448 0.1270278 0.1531566 -0.2395643 0.1307215 -0.2362958 -0.2473607 0.1582457 0.1508159 0.1496738 -0.2006968 -0.2485239 -0.2391356 -0.2237195 -0.2169958 -0.2366517 -0.2037953 -0.2346787 -0.2118479 -0.2355376 -0.1699088 -0.2106738 -0.1985581 -0.2030831 -0.2289695 -0.1884472 0.1479055 0.9040033 -0.1871322 -0.2011316 0.1394194 0.1288328 0.1306075 -0.0048372 -0.2304708 0.1558349 0.1459951 -0.2320354 0.1557651 0.1395994 -0.0507094 0.1444317 0.1478521 0.1378355 0.1459136 0.1585427 0.1761591 -0.2415445 0.1444959 0.1466299 0.1419683 0.1463652 0.1580529 0.1528433 0.1562988 0.1546657 0.1507031 0.1430429 0.1573798 0.1646737 0.0011537 -0.2490070 -0.2378588
-0.0613783 0.3730521 -0.2702109 -0.2576566 -0.2629143 -0.2347419 0.3712360 -0.2804208 -0.2557127 -0.2644714 -0.2633210 0.3728038 0.3662346 0.2886143 0.3741313 0.0357366 0.0775617 0.1200745 -0.2127077 -0.2738892 0.3716815 -0.2574250 0.3768420 0.3666435 -0.2651396 -0.2600177 -0.2745557 0.3228110 0.3751495 0.3758975 0.3606575 0.3334320 0.3774286 0.3171675 0.3722008 0.2946098 0.3364680 0.2658921 0.3412749 0.3059552 0.3258264 0.3449044 0.2685067 -0.2295630 -0.1871322 1.2832930 0.3246240 -0.2727425 -0.2306980 -0.2153437 0.0579197 0.3435256 -0.2686408 -0.2702710 0.3669016 -0.2701538 -0.2622964 0.0598137 -0.2689008 -0.2604820 -0.2686504 -0.2736613 -0.2710197 -0.2742610 0.3674246 -0.2626267 -0.2686263 -0.2620185 -0.2664334 -0.2660859 -0.2650962 -0.2582804 -0.2560817 -0.2719633 -0.2704543 -0.2743360 -0.2851337 0.0287480 0.3640609 0.3654818
-0.0696567 0.3906316 -0.2848331 -0.2693055 -0.2745702 -0.2746031 0.4202083 -0.2921328 -0.2788356 -0.2852221 -0.2842396 0.3798840 0.3844134 0.2716557 0.3730377 0.0101308 0.0644968 0.1181392 -0.2319529 -0.2855559 0.3886566 -0.2750102 0.4025782 0.3893437 -0.2853236 -0.2805689 -0.2898382 0.3407896 0.3825063 0.3993472 0.3908460 0.3496789 0.3903398 0.3366721 0.3911338 0.2907808 0.3530753 0.2754417 0.3458919 0.2991785 0.3128699 0.3831387 0.2690836 -0.2451686 -0.2011316 0.3246240 1.2654012 -0.2609569 -0.2349084 -0.2286176 0.0560691 0.3760650 -0.2853365 -0.2829224 0.3746055 -0.2916833 -0.2770724 0.0797487 -0.2854077 -0.2879185 -0.2840724 -0.2871576 -0.2891989 -0.2962310 0.3772424 -0.2765480 -0.2856310 -0.2708283 -0.2869200 -0.2773071 -0.2805667 -0.2791631 -0.2694944 -0.2879798 -0.2865338 -0.2921388 -0.2933344 0.0149257 0.3865989 0.4069025
