1:	0.0000 0.9420 0.0000 0.0000 0.0000 0.0000 0.0000 0.0000 0.0000 0.0443 0.0137 0.0000 	1
2:	0.3535 0.0000 0.0060 0.0000 0.0000 0.4553 0.0000 0.0100 0.0132 0.0200 0.0118 0.1300 	2
3:	0.1290 0.0000 0.0112 0.1244 0.0068 0.0234 0.0001 0.0000 0.5578 0.0175 0.0563 0.0736 	6
4:	0.3125 0.0000 0.0000 0.0000 0.0000 0.0000 0.1306 0.0000 0.2263 0.0150 0.0400 0.2755 	4
5:	0.1232 0.0000 0.0965 0.2437 0.0000 0.0683 0.1959 0.0027 0.0212 0.0181 0.0449 0.1855 	15
6:	0.1101 0.3924 0.1176 0.0000 0.1164 0.0006 0.0163 0.1072 0.1013 0.0101 0.0203 0.0075 	8
7:	0.0923 0.0961 0.1391 0.0488 0.1405 0.0971 0.1447 0.0007 0.0394 0.0140 0.0281 0.1592 	20
8:	0.0836 0.1744 0.1948 0.0470 0.0881 0.0000 0.0345 0.0020 0.0672 0.0198 0.0608 0.2279 	21
9:	0.1156 0.0664 0.2873 0.0007 0.1349 0.0175 0.0216 0.0141 0.0598 0.0491 0.0777 0.1552 	14
10:	0.0805 0.0000 0.2653 0.0000 0.0000 0.5185 0.0003 0.0104 0.0076 0.0561 0.0599 0.0013 	1
11:	0.0228 0.0227 0.0000 0.2600 0.0000 0.3185 0.0000 0.0745 0.0000 0.2510 0.0492 0.0013 	3
12:	0.0000 0.2000 0.0000 0.7998 0.0000 0.0000 0.0000 0.0000 0.0000 0.0000 0.0002 0.0000 	5
13:	0.0000 0.4500 0.0000 0.4776 0.0000 0.0000 0.0000 0.0000 0.0000 0.0330 0.0393 0.0000 	2
14:	0.0137 0.3592 0.1045 0.0009 0.1958 0.0507 0.0000 0.1662 0.0023 0.0339 0.0728 0.0000 	5
15:	0.0711 0.3901 0.0634 0.0222 0.0000 0.1480 0.0000 0.1777 0.0186 0.0163 0.0525 0.0402 	7
