1:	0.0000 0.4942 0.0163 0.4469 0.0000 0.0000 0.0427 	6
2:	0.0056 0.4537 0.0167 0.4705 0.0006 0.0009 0.0520 	7
3:	0.3150 0.0000 0.0636 0.0000 0.1635 0.3746 0.0832 	12
4:	0.2877 0.2314 0.0000 0.0017 0.1997 0.1981 0.0814 	14
5:	0.2108 0.3051 0.0000 0.0002 0.1942 0.2413 0.0484 	13
6:	0.1796 0.2197 0.2804 0.0070 0.0913 0.1527 0.0694 	11
7:	0.0000 0.9328 0.0095 0.0145 0.0000 0.0000 0.0433 	4
8:	0.1942 0.0044 0.2129 0.0000 0.2891 0.1687 0.1307 	6
9:	0.0043 0.6760 0.0879 0.0208 0.0124 0.0011 0.1975 	2
10:	0.0000 0.9893 0.0000 0.0014 0.0000 0.0000 0.0093 	1
11:	0.0000 0.9535 0.0000 0.0000 0.0000 0.0000 0.0465 	1
12:	0.0000 1.0000 0.0000 0.0000 0.0000 0.0000 0.0000 	1
13:	0.1765 0.0000 0.2319 0.0000 0.2540 0.1716 0.1661 	2
