
Using the parameter settings in the file: 
''1763185553/clumpp.paramfile''

Parameter settings
----------------------- Main parameters -------------------------
DATATYPE = 0
INDFILE = 1763185553/ClumppIndFile
POPFILE = 
OUTFILE = 1763185553/ClumppIndFile.output
MISCFILE = 1763185553/ClumppIndFile.misc
K = 7
C = 80
R = 32
M = 3
W = 0
S = 2
- Additional options for the Greedy and LargeKGreedy algorithms -
GREEDY_OPTION = 2
REPEATS = 2000
PERMUTATIONFILE = 
----------------------- Optional outputs ------------------------
PRINT_PERMUTED_DATA = 0
PERMUTED_DATAFILE = 
PRINT_EVERY_PERM = 0
EVERY_PERMFILE = 
PRINT_RANDOM_INPUTORDER = 0
RANDOM_INPUTORDERFILE = 
----------------------- Advanced options ------------------------
OVERRIDE_WARNINGS = 0
ORDER_BY_RUN = 1


In total, 2000 configurations of runs and clusters will be tested.

Results
------------------------------
The highest value of H' is: 0.51788889248239

The list of permutations of the clusters that produces that
H' value is (runs are listed sequentially on separate rows)

1 2 3 4 5 6 7 
1 4 5 7 3 2 6 
3 1 4 6 7 5 2 
7 3 5 2 6 1 4 
5 7 6 3 2 4 1 
4 6 1 7 5 2 3 
5 1 6 2 7 4 3 
1 6 5 7 4 2 3 
6 2 7 4 5 3 1 
5 2 4 6 7 1 3 
4 5 6 3 7 1 2 
3 6 4 7 5 2 1 
4 6 1 5 3 2 7 
1 6 4 5 2 3 7 
2 4 3 1 6 5 7 
3 7 1 4 6 2 5 
5 4 3 6 2 7 1 
3 6 4 5 1 2 7 
3 5 2 4 6 1 7 
5 2 1 6 3 7 4 
4 2 6 7 5 1 3 
7 6 1 5 3 4 2 
3 5 2 1 4 7 6 
5 6 2 4 7 3 1 
5 2 4 1 7 3 6 
3 5 2 6 4 1 7 
7 3 6 4 1 5 2 
5 2 1 7 6 4 3 
7 2 4 5 3 6 1 
5 7 1 4 6 2 3 
2 5 1 4 7 3 6 
1 3 7 2 4 6 5 

The pairwise G' values for each pair of runs where the clusters
of each run are permuted according to the list of permutations above

1.0000 0.5436 0.5872 0.5430 0.5386 0.5138 0.5577 0.5339 0.5161 0.5420 0.5318 0.4973 0.5340 0.5048 0.5106 0.5664 0.5772 0.4661 0.5212 0.4987 0.5270 0.5170 0.5500 0.5487 0.6452 0.5354 0.5843 0.4703 0.5441 0.4698 0.5398 0.5276 
0.5436 1.0000 0.5249 0.5961 0.5002 0.6089 0.5966 0.5162 0.5884 0.5186 0.4548 0.5381 0.5476 0.5994 0.5247 0.5540 0.4669 0.4794 0.4922 0.4816 0.5527 0.5180 0.5517 0.5676 0.6157 0.5623 0.5467 0.4710 0.5855 0.4861 0.5643 0.4139 
0.5872 0.5249 1.0000 0.5243 0.5748 0.5265 0.5750 0.5111 0.4745 0.5431 0.4775 0.4907 0.5671 0.4475 0.4952 0.5496 0.5653 0.5131 0.5111 0.5222 0.5604 0.4909 0.5007 0.6152 0.5958 0.4867 0.5838 0.4953 0.5078 0.4727 0.5916 0.4621 
0.5430 0.5961 0.5243 1.0000 0.5301 0.6286 0.5997 0.4935 0.5209 0.6046 0.4913 0.5297 0.5747 0.5120 0.5414 0.6287 0.5265 0.5097 0.5667 0.4605 0.5179 0.5196 0.5978 0.5197 0.5858 0.5586 0.6312 0.5043 0.5223 0.5506 0.5428 0.4870 
0.5386 0.5002 0.5748 0.5301 1.0000 0.5082 0.5579 0.5210 0.4687 0.4959 0.4860 0.5191 0.5484 0.4713 0.5581 0.5372 0.5381 0.5005 0.5106 0.4684 0.5245 0.5006 0.4966 0.5458 0.5327 0.5189 0.5586 0.5469 0.5211 0.5006 0.5190 0.4588 
0.5138 0.6089 0.5265 0.6286 0.5082 1.0000 0.6137 0.5113 0.5664 0.5189 0.4939 0.5812 0.5838 0.5554 0.5340 0.5819 0.5402 0.5068 0.5106 0.4762 0.6400 0.5561 0.6395 0.5785 0.5630 0.5472 0.6206 0.5048 0.6274 0.5407 0.5518 0.4619 
0.5577 0.5966 0.5750 0.5997 0.5579 0.6137 1.0000 0.5312 0.5323 0.5844 0.4987 0.5562 0.5525 0.5335 0.5229 0.5419 0.5165 0.5645 0.5164 0.4905 0.5488 0.4646 0.5145 0.5355 0.5709 0.4734 0.6837 0.4742 0.5915 0.4510 0.5287 0.4477 
0.5339 0.5162 0.5111 0.4935 0.5210 0.5113 0.5312 1.0000 0.5030 0.4784 0.4728 0.4729 0.5162 0.5132 0.5759 0.4854 0.4660 0.4760 0.5378 0.4242 0.5578 0.5183 0.5131 0.5614 0.5688 0.4953 0.5010 0.5048 0.5461 0.4453 0.5958 0.4673 
0.5161 0.5884 0.4745 0.5209 0.4687 0.5664 0.5323 0.5030 1.0000 0.4532 0.4675 0.5850 0.4559 0.6390 0.5511 0.5593 0.4560 0.5023 0.4721 0.4460 0.5204 0.5438 0.5589 0.5053 0.5224 0.5707 0.4911 0.4341 0.5721 0.4512 0.5225 0.4171 
0.5420 0.5186 0.5431 0.6046 0.4959 0.5189 0.5844 0.4784 0.4532 1.0000 0.4868 0.4569 0.5747 0.4460 0.4751 0.5003 0.5091 0.4779 0.5144 0.4554 0.4598 0.4644 0.5373 0.4976 0.5007 0.4518 0.6046 0.4529 0.4668 0.4754 0.5029 0.4364 
0.5318 0.4548 0.4775 0.4913 0.4860 0.4939 0.4987 0.4728 0.4675 0.4868 1.0000 0.4633 0.4511 0.4564 0.5653 0.5323 0.5226 0.4373 0.5240 0.4443 0.4786 0.4904 0.4965 0.4555 0.4626 0.4723 0.5288 0.4567 0.4863 0.4218 0.4465 0.4224 
0.4973 0.5381 0.4907 0.5297 0.5191 0.5812 0.5562 0.4729 0.5850 0.4569 0.4633 1.0000 0.4782 0.5435 0.4836 0.5011 0.5017 0.4763 0.4628 0.4881 0.5543 0.5351 0.5343 0.5333 0.4952 0.5198 0.5437 0.4809 0.5773 0.4564 0.4824 0.4587 
0.5340 0.5476 0.5671 0.5747 0.5484 0.5838 0.5525 0.5162 0.4559 0.5747 0.4511 0.4782 1.0000 0.4237 0.4758 0.4915 0.5824 0.5045 0.4763 0.5196 0.5217 0.4936 0.5811 0.5417 0.5720 0.5198 0.6139 0.4756 0.5057 0.5842 0.5752 0.4491 
0.5048 0.5994 0.4475 0.5120 0.4713 0.5554 0.5335 0.5132 0.6390 0.4460 0.4564 0.5435 0.4237 1.0000 0.5261 0.5141 0.5027 0.5417 0.4682 0.4939 0.5061 0.5034 0.5194 0.5330 0.5197 0.5112 0.4806 0.4370 0.5792 0.4876 0.5037 0.4505 
0.5106 0.5247 0.4952 0.5414 0.5581 0.5340 0.5229 0.5759 0.5511 0.4751 0.5653 0.4836 0.4758 0.5261 1.0000 0.5421 0.4924 0.5077 0.6362 0.4179 0.5337 0.5838 0.5448 0.4924 0.5213 0.5061 0.4946 0.4878 0.5436 0.4566 0.5338 0.4147 
0.5664 0.5540 0.5496 0.6287 0.5372 0.5819 0.5419 0.4854 0.5593 0.5003 0.5323 0.5011 0.4915 0.5141 0.5421 1.0000 0.4977 0.5079 0.4970 0.4674 0.6323 0.5301 0.5485 0.5167 0.5953 0.6109 0.5599 0.5345 0.5269 0.4723 0.5290 0.4640 
0.5772 0.4669 0.5653 0.5265 0.5381 0.5402 0.5165 0.4660 0.4560 0.5091 0.5226 0.5017 0.5824 0.5027 0.4924 0.4977 1.0000 0.5629 0.4852 0.6273 0.4890 0.4837 0.5206 0.6185 0.4816 0.4617 0.5819 0.4409 0.4994 0.5777 0.4701 0.5657 
0.4661 0.4794 0.5131 0.5097 0.5005 0.5068 0.5645 0.4760 0.5023 0.4779 0.4373 0.4763 0.5045 0.5417 0.5077 0.5079 0.5629 1.0000 0.4509 0.5829 0.4718 0.4229 0.4645 0.5555 0.4933 0.4755 0.5398 0.4051 0.4717 0.5116 0.5270 0.4570 
0.5212 0.4922 0.5111 0.5667 0.5106 0.5106 0.5164 0.5378 0.4721 0.5144 0.5240 0.4628 0.4763 0.4682 0.6362 0.4970 0.4852 0.4509 1.0000 0.3894 0.4851 0.5539 0.5227 0.4702 0.5130 0.4577 0.5286 0.4589 0.4466 0.4535 0.5312 0.4291 
0.4987 0.4816 0.5222 0.4605 0.4684 0.4762 0.4905 0.4242 0.4460 0.4554 0.4443 0.4881 0.5196 0.4939 0.4179 0.4674 0.6273 0.5829 0.3894 1.0000 0.4723 0.4453 0.4513 0.5960 0.4947 0.4729 0.5351 0.4255 0.4553 0.5305 0.4553 0.4621 
0.5270 0.5527 0.5604 0.5179 0.5245 0.6400 0.5488 0.5578 0.5204 0.4598 0.4786 0.5543 0.5217 0.5061 0.5337 0.6323 0.4890 0.4718 0.4851 0.4723 1.0000 0.5962 0.5588 0.5920 0.5982 0.5417 0.5341 0.5716 0.5903 0.4838 0.5669 0.4384 
0.5170 0.5180 0.4909 0.5196 0.5006 0.5561 0.4646 0.5183 0.5438 0.4644 0.4904 0.5351 0.4936 0.5034 0.5838 0.5301 0.4837 0.4229 0.5539 0.4453 0.5962 1.0000 0.6023 0.5091 0.5016 0.5574 0.4806 0.5317 0.5531 0.4816 0.4891 0.4331 
0.5500 0.5517 0.5007 0.5978 0.4966 0.6395 0.5145 0.5131 0.5589 0.5373 0.4965 0.5343 0.5811 0.5194 0.5448 0.5485 0.5206 0.4645 0.5227 0.4513 0.5588 0.6023 1.0000 0.5250 0.5762 0.6161 0.5394 0.4900 0.6260 0.5680 0.5669 0.4425 
0.5487 0.5676 0.6152 0.5197 0.5458 0.5785 0.5355 0.5614 0.5053 0.4976 0.4555 0.5333 0.5417 0.5330 0.4924 0.5167 0.6185 0.5555 0.4702 0.5960 0.5920 0.5091 0.5250 1.0000 0.5819 0.5067 0.5400 0.4960 0.5617 0.5216 0.5510 0.5304 
0.6452 0.6157 0.5958 0.5858 0.5327 0.5630 0.5709 0.5688 0.5224 0.5007 0.4626 0.4952 0.5720 0.5197 0.5213 0.5953 0.4816 0.4933 0.5130 0.4947 0.5982 0.5016 0.5762 0.5819 1.0000 0.5914 0.5465 0.5116 0.5379 0.5247 0.6462 0.4308 
0.5354 0.5623 0.4867 0.5586 0.5189 0.5472 0.4734 0.4953 0.5707 0.4518 0.4723 0.5198 0.5198 0.5112 0.5061 0.6109 0.4617 0.4755 0.4577 0.4729 0.5417 0.5574 0.6161 0.5067 0.5914 1.0000 0.5041 0.4841 0.5405 0.5213 0.5520 0.4408 
0.5843 0.5467 0.5838 0.6312 0.5586 0.6206 0.6837 0.5010 0.4911 0.6046 0.5288 0.5437 0.6139 0.4806 0.4946 0.5599 0.5819 0.5398 0.5286 0.5351 0.5341 0.4806 0.5394 0.5400 0.5465 0.5041 1.0000 0.4828 0.5256 0.4843 0.5136 0.5448 
0.4703 0.4710 0.4953 0.5043 0.5469 0.5048 0.4742 0.5048 0.4341 0.4529 0.4567 0.4809 0.4756 0.4370 0.4878 0.5345 0.4409 0.4051 0.4589 0.4255 0.5716 0.5317 0.4900 0.4960 0.5116 0.4841 0.4828 1.0000 0.5234 0.4830 0.5092 0.4084 
0.5441 0.5855 0.5078 0.5223 0.5211 0.6274 0.5915 0.5461 0.5721 0.4668 0.4863 0.5773 0.5057 0.5792 0.5436 0.5269 0.4994 0.4717 0.4466 0.4553 0.5903 0.5531 0.6260 0.5617 0.5379 0.5405 0.5256 0.5234 1.0000 0.4569 0.5264 0.4537 
0.4698 0.4861 0.4727 0.5506 0.5006 0.5407 0.4510 0.4453 0.4512 0.4754 0.4218 0.4564 0.5842 0.4876 0.4566 0.4723 0.5777 0.5116 0.4535 0.5305 0.4838 0.4816 0.5680 0.5216 0.5247 0.5213 0.4843 0.4830 0.4569 1.0000 0.5341 0.4175 
0.5398 0.5643 0.5916 0.5428 0.5190 0.5518 0.5287 0.5958 0.5225 0.5029 0.4465 0.4824 0.5752 0.5037 0.5338 0.5290 0.4701 0.5270 0.5312 0.4553 0.5669 0.4891 0.5669 0.5510 0.6462 0.5520 0.5136 0.5092 0.5264 0.5341 1.0000 0.4458 
0.5276 0.4139 0.4621 0.4870 0.4588 0.4619 0.4477 0.4673 0.4171 0.4364 0.4224 0.4587 0.4491 0.4505 0.4147 0.4640 0.5657 0.4570 0.4291 0.4621 0.4384 0.4331 0.4425 0.5304 0.4308 0.4408 0.5448 0.4084 0.4537 0.4175 0.4458 1.0000 
