1:	0.0000 1.0000 0.0000 0.0000 0.0000 0.0000 0.0000 0.0000 0.0000 	1
2:	0.4964 0.0000 0.0204 0.0000 0.0000 0.4561 0.0000 0.0037 0.0235 	2
3:	0.4756 0.0000 0.0243 0.1339 0.0134 0.0340 0.0017 0.0367 0.2804 	6
4:	0.7213 0.0000 0.0000 0.0000 0.0000 0.0056 0.1270 0.0246 0.1215 	4
5:	0.3133 0.0000 0.1165 0.2552 0.0000 0.0704 0.2046 0.0064 0.0336 	15
6:	0.1671 0.4218 0.1188 0.0000 0.1198 0.0046 0.0225 0.0891 0.0563 	8
7:	0.2830 0.0996 0.1343 0.0483 0.1500 0.0969 0.1516 0.0099 0.0264 	20
8:	0.3522 0.1895 0.2147 0.0467 0.0952 0.0000 0.0384 0.0080 0.0551 	21
9:	0.3029 0.0714 0.3166 0.0026 0.1429 0.0311 0.0232 0.0356 0.0737 	14
10:	0.0543 0.0000 0.2855 0.0000 0.0000 0.4845 0.0017 0.0214 0.1526 	1
11:	0.0342 0.0531 0.0000 0.3503 0.0000 0.3718 0.0012 0.1197 0.0696 	3
12:	0.0000 0.2000 0.0000 0.8000 0.0000 0.0000 0.0000 0.0000 0.0000 	5
13:	0.0000 0.5000 0.0000 0.4834 0.0000 0.0000 0.0000 0.0000 0.0167 	2
14:	0.0000 0.4391 0.1592 0.0025 0.2134 0.0418 0.0000 0.1132 0.0307 	5
15:	0.1273 0.4474 0.0853 0.0314 0.0000 0.1537 0.0000 0.1240 0.0310 	7
