
Using the parameter settings in the file: 
''1763151071/clumpp.paramfile''

Parameter settings
----------------------- Main parameters -------------------------
DATATYPE = 0
INDFILE = 1763151071/ClumppIndFile
POPFILE = 
OUTFILE = 1763151071/ClumppIndFile.output
MISCFILE = 1763151071/ClumppIndFile.misc
K = 9
C = 114
R = 30
M = 3
W = 0
S = 2
- Additional options for the Greedy and LargeKGreedy algorithms -
GREEDY_OPTION = 2
REPEATS = 2000
PERMUTATIONFILE = 
----------------------- Optional outputs ------------------------
PRINT_PERMUTED_DATA = 0
PERMUTED_DATAFILE = 
PRINT_EVERY_PERM = 0
EVERY_PERMFILE = 
PRINT_RANDOM_INPUTORDER = 0
RANDOM_INPUTORDERFILE = 
----------------------- Advanced options ------------------------
OVERRIDE_WARNINGS = 0
ORDER_BY_RUN = 1


In total, 2000 configurations of runs and clusters will be tested.

Results
------------------------------
The highest value of H' is: 0.68989757566558

The list of permutations of the clusters that produces that
H' value is (runs are listed sequentially on separate rows)

1 2 3 4 5 6 7 8 9 
9 8 1 7 3 6 5 2 4 
1 5 7 8 6 3 2 9 4 
2 8 3 1 5 9 4 6 7 
2 7 3 4 6 1 9 5 8 
4 2 3 7 9 6 1 8 5 
1 9 5 8 2 6 4 7 3 
5 1 2 6 4 8 3 9 7 
1 3 4 6 5 2 7 8 9 
7 8 5 6 1 4 2 9 3 
6 8 2 3 5 4 7 1 9 
7 8 5 9 4 3 2 1 6 
1 8 2 4 9 7 6 3 5 
3 1 2 7 6 5 9 4 8 
6 9 4 3 1 8 5 2 7 
2 3 5 7 4 9 1 8 6 
4 9 6 5 7 2 8 3 1 
6 7 9 3 2 8 1 4 5 
7 4 6 9 2 8 3 5 1 
5 1 9 6 2 3 7 4 8 
6 9 5 2 3 7 8 4 1 
6 1 5 2 3 9 8 4 7 
9 4 1 7 2 8 5 3 6 
9 4 3 1 5 7 2 6 8 
2 5 1 6 7 9 4 8 3 
5 6 3 9 4 8 2 7 1 
3 6 1 9 7 4 2 5 8 
5 3 2 7 6 4 9 8 1 
6 5 2 1 9 4 7 8 3 
9 6 1 2 8 5 3 7 4 

The pairwise G' values for each pair of runs where the clusters
of each run are permuted according to the list of permutations above

1.0000 0.7185 0.7328 0.8337 0.6926 0.7338 0.6130 0.7054 0.6942 0.7935 0.5916 0.6912 0.7137 0.7607 0.9993 0.6483 0.6648 0.6911 0.7385 0.7590 0.7228 0.5885 0.7118 0.6867 0.7420 0.7611 0.9945 0.7121 0.9842 0.7495 
0.7185 1.0000 0.7980 0.7296 0.6092 0.7926 0.6343 0.6192 0.6250 0.6958 0.5370 0.6184 0.6254 0.6686 0.7185 0.5733 0.6002 0.6087 0.7581 0.7830 0.6431 0.5340 0.6355 0.6151 0.6602 0.6839 0.7183 0.6637 0.7171 0.7358 
0.7328 0.7980 1.0000 0.7664 0.6219 0.9217 0.5797 0.6324 0.6405 0.7102 0.5457 0.6309 0.6389 0.6802 0.7329 0.5847 0.6122 0.6213 0.7283 0.8775 0.6567 0.5428 0.6461 0.6274 0.6722 0.6748 0.7327 0.6645 0.7314 0.7317 
0.8337 0.7296 0.7664 1.0000 0.6909 0.7658 0.6380 0.7040 0.7275 0.8119 0.6092 0.7074 0.7115 0.7590 0.8337 0.6444 0.6927 0.6889 0.7605 0.8055 0.7413 0.6060 0.7221 0.7016 0.7586 0.7503 0.8334 0.7002 0.8305 0.7688 
0.6926 0.6092 0.6219 0.6909 1.0000 0.6218 0.6253 0.9350 0.7438 0.6597 0.6791 0.7347 0.9206 0.8029 0.6926 0.8104 0.7761 0.8070 0.6183 0.6391 0.8029 0.6751 0.6308 0.6811 0.7162 0.7421 0.6931 0.6879 0.6931 0.6294 
0.7338 0.7926 0.9217 0.7658 0.6218 1.0000 0.5816 0.6323 0.6402 0.7108 0.5464 0.6308 0.6388 0.6808 0.7338 0.5847 0.6121 0.6211 0.7494 0.8515 0.6565 0.5434 0.6466 0.6273 0.6724 0.6755 0.7336 0.6940 0.7323 0.7686 
0.6130 0.6343 0.5797 0.6380 0.6253 0.5816 1.0000 0.6337 0.6499 0.6002 0.6010 0.5735 0.6375 0.6483 0.6130 0.5830 0.6378 0.6095 0.5956 0.5949 0.6036 0.5734 0.5606 0.5630 0.6342 0.6594 0.6127 0.6475 0.6115 0.5958 
0.7054 0.6192 0.6324 0.7040 0.9350 0.6323 0.6337 1.0000 0.7475 0.6713 0.6672 0.7125 0.9608 0.8227 0.7055 0.7890 0.7731 0.8171 0.6285 0.6502 0.7841 0.6580 0.6415 0.6777 0.7302 0.7579 0.7060 0.7006 0.7060 0.6400 
0.6942 0.6250 0.6405 0.7275 0.7438 0.6402 0.6499 0.7475 1.0000 0.6770 0.6555 0.7214 0.7557 0.7564 0.6942 0.6826 0.7823 0.7418 0.6532 0.6590 0.7205 0.6462 0.6692 0.7121 0.7092 0.7195 0.6940 0.6686 0.6924 0.6570 
0.7935 0.6958 0.7102 0.8119 0.6597 0.7108 0.6002 0.6713 0.6770 1.0000 0.5768 0.6698 0.6786 0.7225 0.7935 0.6191 0.6481 0.6592 0.7185 0.7351 0.6987 0.5737 0.6894 0.6660 0.7153 0.7217 0.7932 0.6780 0.7917 0.7269 
0.5916 0.5370 0.5457 0.6092 0.6791 0.5464 0.6010 0.6672 0.6555 0.5768 1.0000 0.6361 0.6618 0.6402 0.5916 0.6686 0.6807 0.6442 0.5582 0.5607 0.6582 0.7113 0.5741 0.5978 0.6079 0.6097 0.5918 0.5729 0.5905 0.5611 
0.6912 0.6184 0.6309 0.7074 0.7347 0.6308 0.5735 0.7125 0.7214 0.6698 0.6361 1.0000 0.7137 0.6799 0.6912 0.6875 0.7074 0.6795 0.6364 0.6485 0.8170 0.6594 0.6761 0.7812 0.6307 0.6440 0.6913 0.6039 0.6900 0.6437 
0.7137 0.6254 0.6389 0.7115 0.9206 0.6388 0.6375 0.9608 0.7557 0.6786 0.6618 0.7137 1.0000 0.8331 0.7137 0.7832 0.7684 0.8098 0.6350 0.6570 0.7791 0.6552 0.6466 0.6851 0.7384 0.7679 0.7141 0.7086 0.7143 0.6466 
0.7607 0.6686 0.6802 0.7590 0.8029 0.6808 0.6483 0.8227 0.7564 0.7225 0.6402 0.6799 0.8331 1.0000 0.7607 0.7303 0.7322 0.7868 0.6736 0.7017 0.7163 0.6358 0.6654 0.6699 0.8304 0.8733 0.7609 0.7662 0.7611 0.6863 
0.9993 0.7185 0.7329 0.8337 0.6926 0.7338 0.6130 0.7055 0.6942 0.7935 0.5916 0.6912 0.7137 0.7607 1.0000 0.6484 0.6648 0.6911 0.7385 0.7590 0.7228 0.5885 0.7119 0.6867 0.7420 0.7611 0.9947 0.7121 0.9843 0.7495 
0.6483 0.5733 0.5847 0.6444 0.8104 0.5847 0.5830 0.7890 0.6826 0.6191 0.6686 0.6875 0.7832 0.7303 0.6484 1.0000 0.7083 0.7462 0.5819 0.6005 0.7485 0.6980 0.5829 0.6219 0.6688 0.6875 0.6488 0.6443 0.6488 0.5921 
0.6648 0.6002 0.6122 0.6927 0.7761 0.6121 0.6378 0.7731 0.7823 0.6481 0.6807 0.7074 0.7684 0.7322 0.6648 0.7083 1.0000 0.7412 0.6260 0.6290 0.7425 0.6742 0.6487 0.6989 0.6797 0.6884 0.6650 0.6414 0.6630 0.6295 
0.6911 0.6087 0.6213 0.6889 0.8070 0.6211 0.6095 0.8171 0.7418 0.6592 0.6442 0.6795 0.8098 0.7868 0.6911 0.7462 0.7412 1.0000 0.6179 0.6385 0.7206 0.6345 0.6745 0.6567 0.7152 0.7413 0.6915 0.6876 0.6914 0.6290 
0.7385 0.7581 0.7283 0.7605 0.6183 0.7494 0.5956 0.6285 0.6532 0.7185 0.5582 0.6364 0.6350 0.6736 0.7385 0.5819 0.6260 0.6179 1.0000 0.7260 0.6621 0.5547 0.6541 0.6330 0.6718 0.6734 0.7383 0.6891 0.7365 0.8793 
0.7590 0.7830 0.8775 0.8055 0.6391 0.8515 0.5949 0.6502 0.6590 0.7351 0.5607 0.6485 0.6570 0.7017 0.7590 0.6005 0.6290 0.6385 0.7260 1.0000 0.6757 0.5576 0.6651 0.6449 0.6959 0.6960 0.7588 0.6697 0.7574 0.7170 
0.7228 0.6431 0.6567 0.7413 0.8029 0.6565 0.6036 0.7841 0.7205 0.6987 0.6582 0.8170 0.7791 0.7163 0.7228 0.7485 0.7425 0.7206 0.6621 0.6757 1.0000 0.6703 0.6670 0.7301 0.6568 0.6710 0.7232 0.6278 0.7218 0.6700 
0.5885 0.5340 0.5428 0.6060 0.6751 0.5434 0.5734 0.6580 0.6462 0.5737 0.7113 0.6594 0.6552 0.6358 0.5885 0.6980 0.6742 0.6345 0.5547 0.5576 0.6703 1.0000 0.5504 0.5855 0.6039 0.6058 0.5887 0.5693 0.5874 0.5577 
0.7118 0.6355 0.6461 0.7221 0.6308 0.6466 0.5606 0.6415 0.6692 0.6894 0.5741 0.6761 0.6466 0.6654 0.7119 0.5829 0.6487 0.6745 0.6541 0.6651 0.6670 0.5504 1.0000 0.6943 0.6473 0.6595 0.7118 0.6204 0.7106 0.6617 
0.6867 0.6151 0.6274 0.7016 0.6811 0.6273 0.5630 0.6777 0.7121 0.6660 0.5978 0.7812 0.6851 0.6699 0.6867 0.6219 0.6989 0.6567 0.6330 0.6449 0.7301 0.5855 0.6943 1.0000 0.6264 0.6404 0.6866 0.6007 0.6855 0.6402 
0.7420 0.6602 0.6722 0.7586 0.7162 0.6724 0.6342 0.7302 0.7092 0.7153 0.6079 0.6307 0.7384 0.8304 0.7420 0.6688 0.6797 0.7152 0.6718 0.6959 0.6568 0.6039 0.6473 0.6264 1.0000 0.8262 0.7418 0.7467 0.7397 0.6832 
0.7611 0.6839 0.6748 0.7503 0.7421 0.6755 0.6594 0.7579 0.7195 0.7217 0.6097 0.6440 0.7679 0.8733 0.7611 0.6875 0.6884 0.7413 0.6734 0.6960 0.6710 0.6058 0.6595 0.6404 0.8262 1.0000 0.7613 0.8087 0.7617 0.6862 
0.9945 0.7183 0.7327 0.8334 0.6931 0.7336 0.6127 0.7060 0.6940 0.7932 0.5918 0.6913 0.7141 0.7609 0.9947 0.6488 0.6650 0.6915 0.7383 0.7588 0.7232 0.5887 0.7118 0.6866 0.7418 0.7613 1.0000 0.7121 0.9857 0.7493 
0.7121 0.6637 0.6645 0.7002 0.6879 0.6940 0.6475 0.7006 0.6686 0.6780 0.5729 0.6039 0.7086 0.7662 0.7121 0.6443 0.6414 0.6876 0.6891 0.6697 0.6278 0.5693 0.6204 0.6007 0.7467 0.8087 0.7121 1.0000 0.7118 0.7360 
0.9842 0.7171 0.7314 0.8305 0.6931 0.7323 0.6115 0.7060 0.6924 0.7917 0.5905 0.6900 0.7143 0.7611 0.9843 0.6488 0.6630 0.6914 0.7365 0.7574 0.7218 0.5874 0.7106 0.6855 0.7397 0.7617 0.9857 0.7118 1.0000 0.7476 
0.7495 0.7358 0.7317 0.7688 0.6294 0.7686 0.5958 0.6400 0.6570 0.7269 0.5611 0.6437 0.6466 0.6863 0.7495 0.5921 0.6295 0.6290 0.8793 0.7170 0.6700 0.5577 0.6617 0.6402 0.6832 0.6862 0.7493 0.7360 0.7476 1.0000 
