0.845040	-0.081007	0.052487	0.051422	0.051437	-0.007624	0.036306	-0.096560	-0.101834	-0.086955	-0.117904	0.045561	0.054316	0.041854	0.051843	0.049405	0.058435	0.039472	0.049819	-0.091303	-0.070856	-0.110776	-0.104143	-0.097465	0.042681	0.063736	0.031792	0.040621	0.046486	0.047563	0.027950	0.020944	0.033566	0.041486	0.040162	0.046152	0.032569	0.041794	0.049896	0.032938	-0.010747	0.037344	0.046335	0.004904	0.050665	0.056594	-0.080497	0.033062	0.035621	-0.094345	0.048755	0.050292	0.034536	0.032907	0.050046	-0.013810	-0.100127	0.030033	-0.082634	-0.107928	0.030465	-0.105937	-0.104555	-0.101675	-0.093256	-0.110412	-0.097975	-0.106694	-0.094966	0.037633	0.044991	-0.328005	0.034773	-0.101008	-0.105345	0.052426	0.034854	0.038339	0.044900	0.042794	0.048975	0.034140	-0.132057	0.037318	-0.102973	0.068723	-0.191417	-0.029675	-0.084552	0.042440	-0.085081	-0.092109	-0.090756	0.045125	-0.187408	-0.147072	0.048352	0.048059	-0.074596	-0.092440	0.036645	0.059359	-0.159166	
-0.081007	1.120606	-0.078538	-0.085392	-0.082957	-0.015998	-0.077460	0.133269	0.127904	0.137376	0.121474	-0.077299	-0.083639	-0.087970	-0.074165	-0.084314	-0.071716	-0.081123	-0.082747	0.132546	0.106991	0.131868	0.130857	0.123971	-0.077077	-0.108346	-0.065098	-0.077823	-0.099615	-0.079131	-0.085108	-0.086329	-0.085576	-0.092726	-0.087629	-0.091336	-0.073711	-0.084481	-0.088341	-0.089411	-0.127452	-0.083416	-0.068668	-0.090439	-0.085249	-0.087855	0.250252	-0.075964	-0.074359	0.124816	-0.074651	-0.083831	-0.079821	-0.074485	-0.082188	-0.105503	0.111247	-0.062435	0.130480	0.117915	-0.075255	0.132764	0.116952	0.121102	0.133663	0.107448	0.102841	0.103359	0.142606	-0.081900	-0.077322	-0.332757	-0.088052	0.135019	0.140089	-0.086128	-0.083046	-0.084616	-0.084975	-0.079735	-0.079889	-0.077350	-0.099675	-0.087714	0.152528	-0.083500	-0.242022	-0.104272	0.306099	-0.084817	0.152077	0.143013	0.139738	-0.071901	-0.116693	-0.162289	-0.075630	-0.078595	0.282002	0.150731	-0.073065	-0.083521	-0.137160	
0.052487	-0.078538	0.841092	0.042050	0.061412	-0.011150	0.047140	-0.094471	-0.096129	-0.090048	-0.106155	0.049560	0.047193	0.032752	0.035362	0.055691	0.046038	0.045660	0.038154	-0.094500	-0.084881	-0.103346	-0.096055	-0.086021	0.054635	-0.038367	0.036956	0.047950	0.031061	0.042163	0.028388	0.023379	0.042661	0.038819	0.034957	0.044640	0.046332	0.040931	0.046609	0.034635	-0.024339	0.052417	0.057153	-0.011945	0.058121	0.047399	-0.059942	0.030711	0.046667	-0.087509	0.045495	0.043219	0.035129	0.037163	0.037818	-0.006616	-0.104824	0.024382	-0.097231	-0.103133	0.045840	-0.106677	-0.099766	-0.106749	-0.099855	-0.105408	-0.091735	-0.104087	-0.091120	0.034016	0.046273	-0.312811	0.024015	-0.098518	-0.093807	0.057662	0.049381	0.024964	0.029023	0.044963	0.056899	0.040220	-0.078786	0.041374	-0.112065	0.029607	-0.176790	-0.034594	-0.086184	0.052032	-0.093777	-0.084661	-0.098511	0.039186	-0.167148	-0.141836	0.038774	0.048475	-0.080525	-0.090323	0.038966	0.053587	-0.139916	
0.051422	-0.085392	0.042050	0.838931	0.061596	-0.013840	0.038203	-0.095572	-0.104403	-0.097449	-0.110180	0.047117	0.041986	0.027178	0.041946	0.040025	0.038656	0.038224	0.048230	-0.088206	-0.078277	-0.106227	-0.089983	-0.097165	0.034402	-0.022269	0.030403	0.045310	0.059835	0.048767	0.035420	0.031708	0.041111	0.040864	0.039938	0.037962	0.041463	0.057349	0.065050	0.036483	-0.015669	0.046866	0.052712	-0.022092	0.047128	0.047940	-0.073427	0.025871	0.048688	-0.095205	0.051539	0.052689	0.050917	0.035470	0.030818	0.000708	-0.095292	0.036967	-0.097117	-0.111570	0.040423	-0.106613	-0.104696	-0.098491	-0.094943	-0.104112	-0.098743	-0.107580	-0.099493	0.049538	0.043266	-0.380015	0.040576	-0.081292	-0.099872	0.052802	0.040829	0.048072	0.053986	0.040221	0.052110	0.035659	-0.112670	0.040734	-0.101394	0.045646	-0.202295	-0.049666	-0.077255	0.043533	-0.102119	-0.095659	-0.085928	0.030607	-0.212528	-0.151761	0.054637	0.054501	-0.073721	-0.082845	0.044645	0.050352	-0.167367	
0.051437	-0.082957	0.061412	0.061596	0.831243	-0.012864	0.048447	-0.093865	-0.105081	-0.102242	-0.115683	0.057413	0.035886	0.050446	0.047207	0.046146	0.050307	0.048351	0.032059	-0.107421	-0.081742	-0.114786	-0.096011	-0.092930	0.040371	-0.039789	0.015836	0.045285	0.034539	0.063623	0.028487	0.025580	0.036109	0.055466	0.054638	0.038886	0.052260	0.047164	0.043648	0.045820	-0.007836	0.042107	0.045464	-0.040462	0.050534	0.036409	-0.080309	0.051961	0.044011	-0.096555	0.053220	0.061170	0.039001	0.049606	0.043843	0.009066	-0.100579	0.039821	-0.090705	-0.112847	0.047846	-0.106012	-0.096456	-0.096972	-0.096398	-0.103920	-0.101145	-0.103954	-0.096806	0.042752	0.047672	-0.354643	0.046845	-0.093321	-0.116175	0.060824	0.038851	0.050159	0.045512	0.047549	0.036549	0.046175	-0.111321	0.043431	-0.096167	0.042494	-0.159944	-0.044569	-0.101195	0.049265	-0.097963	-0.098419	-0.096060	0.047557	-0.215962	-0.156328	0.049751	0.050483	-0.089483	-0.091593	0.035845	0.050841	-0.171689	
-0.007624	-0.015998	-0.011150	-0.013840	-0.012864	1.063990	-0.003565	-0.014558	-0.007731	-0.000589	-0.039772	-0.024278	-0.006896	0.231063	-0.020964	-0.008171	-0.020946	-0.005834	-0.017996	-0.037303	-0.036023	-0.037737	-0.049453	-0.029664	-0.010052	-0.001882	0.003182	-0.014841	-0.000920	-0.005601	-0.029186	-0.027863	-0.033511	-0.016388	-0.008376	-0.021832	-0.013995	-0.003101	-0.017392	-0.011250	-0.015312	-0.011545	-0.020681	0.023505	-0.010568	-0.002465	-0.020259	0.228796	-0.007909	-0.010163	0.003517	-0.014668	-0.002617	-0.026807	-0.004113	-0.008866	-0.044589	-0.012190	0.005177	-0.040936	-0.002993	-0.041085	-0.042577	-0.026241	-0.023229	-0.043772	-0.045264	-0.020321	-0.017429	-0.013655	-0.015770	0.055393	-0.007851	-0.039268	-0.051270	-0.017959	-0.006574	-0.013891	-0.015233	-0.023195	-0.017812	-0.020032	-0.003153	-0.011274	-0.050683	-0.016243	0.084571	0.012760	-0.010047	-0.018527	-0.032581	-0.039673	-0.037821	-0.012095	0.036930	0.020687	-0.006403	-0.012387	-0.027605	-0.032570	-0.020437	-0.005176	0.037445	
0.036306	-0.077460	0.047140	0.038203	0.048447	-0.003565	0.847838	-0.089826	-0.100796	-0.091769	-0.106897	0.047822	0.049101	0.036876	0.037109	0.051200	0.041190	0.037911	0.041865	-0.087123	-0.073762	-0.101150	-0.097052	-0.088346	0.046863	-0.033454	0.022889	0.045833	0.037450	0.046163	0.034621	0.032794	0.036018	0.044862	0.036659	0.045672	0.047242	0.041613	0.041971	0.037004	-0.052331	0.044590	0.043466	-0.011857	0.051182	0.045687	-0.078708	0.034623	0.047969	-0.093146	0.041905	0.046324	0.038088	0.031346	0.045860	-0.008066	-0.104142	0.030832	-0.088240	-0.094544	0.035678	-0.086559	-0.100007	-0.092637	-0.087886	-0.096181	-0.105089	-0.101181	-0.092490	0.035217	0.032016	-0.325894	0.038714	-0.082004	-0.092738	0.042732	0.039842	0.055808	0.041661	0.027658	0.064345	0.036253	-0.114340	0.041013	-0.098079	0.044435	-0.180315	-0.038292	-0.074312	0.050568	-0.085101	-0.089901	-0.097439	0.045885	-0.182686	-0.145598	0.025116	0.031609	-0.080662	-0.077320	0.037228	0.031907	-0.139652	
-0.096560	0.133269	-0.094471	-0.095572	-0.093865	-0.014558	-0.089826	1.104002	0.175823	0.228204	0.144796	-0.093307	-0.090212	-0.097371	-0.097951	-0.098368	-0.098063	-0.087856	-0.096855	0.159611	0.132683	0.130634	0.155052	0.142699	-0.091398	-0.132126	-0.097803	-0.094372	-0.122357	-0.100894	-0.090097	-0.092201	-0.094261	-0.092926	-0.088679	-0.105923	-0.084521	-0.104278	-0.103591	-0.100689	-0.111356	-0.093858	-0.091538	-0.099577	-0.101264	-0.102960	0.108951	-0.097575	-0.094036	0.220758	-0.085939	-0.097282	-0.087578	-0.099278	-0.094453	-0.130961	0.150483	-0.065688	0.223910	0.133413	-0.087637	0.155107	0.224609	0.134630	0.219260	0.133639	0.127974	0.198400	0.239418	-0.102976	-0.102832	-0.273505	-0.089587	0.152668	0.170323	-0.086210	-0.084709	-0.093148	-0.098808	-0.095545	-0.100702	-0.099167	-0.158686	-0.100250	0.157882	-0.088539	-0.225423	-0.124266	0.146185	-0.089913	0.229465	0.198258	0.244170	-0.087894	-0.048415	-0.155621	-0.087371	-0.089376	0.147141	0.170561	-0.085522	-0.090266	-0.148251	
-0.101834	0.127904	-0.096129	-0.104403	-0.105081	-0.007731	-0.100796	0.175823	1.104456	0.147349	0.237291	-0.090962	-0.096104	-0.093726	-0.093082	-0.091648	-0.098774	-0.086151	-0.096695	0.218887	0.180046	0.199221	0.223937	0.212454	-0.087893	-0.127256	-0.089865	-0.086325	-0.110657	-0.103189	-0.095283	-0.101424	-0.111799	-0.097695	-0.109024	-0.100154	-0.092586	-0.100737	-0.093302	-0.104571	-0.122919	-0.105745	-0.093459	-0.113328	-0.098180	-0.096058	0.105316	-0.084860	-0.103611	0.140555	-0.100258	-0.096981	-0.098953	-0.103542	-0.102309	-0.135937	0.176543	-0.066047	0.142006	0.201640	-0.092006	0.231494	0.145321	0.207839	0.148078	0.190168	0.164309	0.126837	0.134207	-0.098468	-0.102725	-0.304529	-0.095948	0.229248	0.212502	-0.095361	-0.093307	-0.096317	-0.097277	-0.092666	-0.098939	-0.094433	-0.121004	-0.090520	0.238625	-0.093998	-0.239298	-0.126810	0.156692	-0.088494	0.151049	0.166854	0.165379	-0.088193	-0.097850	-0.169077	-0.096449	-0.095195	0.135939	0.163828	-0.086296	-0.096243	-0.167616	
-0.086955	0.137376	-0.090048	-0.097449	-0.102242	-0.000589	-0.091769	0.228204	0.147349	1.086142	0.130928	-0.092235	-0.092957	-0.102398	-0.100321	-0.096370	-0.109265	-0.079122	-0.086210	0.149968	0.098630	0.108118	0.131193	0.135979	-0.073713	-0.119978	-0.100868	-0.083572	-0.106815	-0.099817	-0.084102	-0.093949	-0.100908	-0.105962	-0.105693	-0.102580	-0.095698	-0.086240	-0.089609	-0.100948	-0.114374	-0.099903	-0.091680	-0.092297	-0.098701	-0.102665	0.107298	-0.097128	-0.097836	0.197755	-0.094895	-0.103817	-0.098716	-0.102299	-0.088707	-0.142977	0.117364	-0.059981	0.632882	0.099262	-0.088701	0.143439	0.217918	0.120325	0.215944	0.115788	0.110496	0.176161	0.215687	-0.104831	-0.097274	-0.315126	-0.082286	0.133653	0.142283	-0.092943	-0.084848	-0.086650	-0.095279	-0.090961	-0.089308	-0.093418	-0.149461	-0.099181	0.130701	-0.079900	-0.236561	-0.135661	0.156696	-0.092788	0.201593	0.206669	0.247999	-0.077876	-0.065462	-0.176419	-0.085957	-0.104222	0.132503	0.172782	-0.078458	-0.098090	-0.171052	
-0.117904	0.121474	-0.106155	-0.110180	-0.115683	-0.039772	-0.106897	0.144796	0.237291	0.130928	1.199606	-0.099797	-0.113238	-0.116604	-0.114753	-0.107961	-0.093669	-0.103768	-0.117870	0.222763	0.162443	0.670534	0.225381	0.204646	-0.107814	-0.116386	-0.108055	-0.113441	-0.107355	-0.110716	-0.101193	-0.110032	-0.114607	-0.109159	-0.105861	-0.111763	-0.118084	-0.112706	-0.101264	-0.104999	-0.075377	-0.108081	-0.105120	-0.064473	-0.113099	-0.108491	0.104870	-0.115783	-0.103584	0.119091	-0.110704	-0.116715	-0.108166	-0.126370	-0.096853	-0.149489	0.185308	-0.082349	0.128768	0.673465	-0.099715	0.222988	0.126353	0.199485	0.116539	0.175548	0.143290	0.112616	0.125638	-0.110861	-0.110695	-0.286468	-0.119553	0.204842	0.216213	-0.107554	-0.096831	-0.098080	-0.110470	-0.114112	-0.107997	-0.106071	-0.144893	-0.110418	0.214564	-0.104907	-0.226871	-0.126141	0.135821	-0.111902	0.138328	0.142666	0.140583	-0.104063	-0.061440	-0.150366	-0.095665	-0.114272	0.122923	0.132484	-0.093676	-0.113671	-0.167707	
0.045561	-0.077299	0.049560	0.047117	0.057413	-0.024278	0.047822	-0.093307	-0.090962	-0.092235	-0.099797	0.848429	0.049398	0.036684	0.044347	0.036300	0.042190	0.035860	0.034494	-0.098772	-0.077558	-0.096233	-0.091818	-0.095273	0.043586	-0.030418	0.024914	0.054900	0.031309	0.042556	0.047182	0.032269	0.045791	0.047571	0.043264	0.040428	0.034600	0.032115	0.052115	0.032320	-0.028991	0.050328	0.048272	0.001990	0.043461	0.030981	-0.080477	0.040284	0.045838	-0.091064	0.043951	0.050742	0.035031	0.037863	0.038693	0.007636	-0.104202	0.019309	-0.083496	-0.101221	0.030621	-0.085332	-0.097520	-0.099946	-0.092689	-0.095282	-0.095966	-0.112812	-0.094110	0.040653	0.052468	-0.321130	0.034713	-0.098338	-0.090076	0.038607	0.049294	0.043441	0.021117	0.029433	0.050499	0.028776	-0.127973	0.025901	-0.100995	0.040849	-0.196984	-0.038844	-0.078876	0.046218	-0.081016	-0.090369	-0.082416	0.044191	-0.185188	-0.103237	0.054446	0.036567	-0.080512	-0.087696	0.041024	0.049796	-0.166803	
0.054316	-0.083639	0.047193	0.041986	0.035886	-0.006896	0.049101	-0.090212	-0.096104	-0.092957	-0.113238	0.049398	0.839633	0.042946	0.059593	0.056579	0.033562	0.033578	0.053443	-0.105961	-0.077168	-0.111430	-0.087235	-0.083647	0.048902	-0.016952	0.028017	0.039067	0.031708	0.050608	0.047397	0.037871	0.045088	0.050510	0.047568	0.055840	0.044153	0.042996	0.042010	0.049031	-0.041128	0.043825	0.035124	-0.008013	0.047702	0.053059	-0.084215	0.038448	0.052108	-0.089531	0.046653	0.041314	0.040565	0.039122	0.050464	-0.003930	-0.110541	0.033046	-0.101180	-0.113530	0.047140	-0.094126	-0.107139	-0.109848	-0.102400	-0.108606	-0.098208	-0.107332	-0.093898	0.037315	0.051297	-0.347511	0.023818	-0.092440	-0.100171	0.049246	0.036833	0.046122	0.048403	0.040175	0.050292	0.042303	-0.120825	0.048527	-0.101268	0.040761	-0.210117	-0.044528	-0.095348	0.046772	-0.089897	-0.086368	-0.090279	0.046950	-0.198986	-0.153178	0.034522	0.047583	-0.082467	-0.082968	0.046607	0.047509	-0.165617	
0.041854	-0.087970	0.032752	0.027178	0.050446	0.231063	0.036876	-0.097371	-0.093726	-0.102398	-0.116604	0.036684	0.042946	0.850316	0.051106	0.043488	0.030765	0.018521	0.038790	-0.097193	-0.073791	-0.110704	-0.101639	-0.100099	0.034869	-0.040891	0.028269	0.033098	0.021048	0.029862	0.015486	0.020088	0.017472	0.033193	0.035728	0.043436	0.033512	0.031450	0.056763	0.038476	-0.036515	0.038601	0.035973	-0.017944	0.036802	0.031303	-0.079912	0.426544	0.036707	-0.082702	0.043673	0.041416	0.038979	0.026904	0.038454	-0.013856	-0.101342	0.010472	-0.105550	-0.116134	0.028107	-0.102382	-0.112103	-0.101608	-0.094411	-0.103742	-0.095975	-0.100798	-0.092909	0.032836	0.027078	-0.249882	0.019176	-0.099409	-0.099063	0.036777	0.034056	0.029246	0.042030	0.036644	0.034060	0.025074	-0.091049	0.036832	-0.104661	0.027769	-0.145520	-0.035997	-0.088668	0.028600	-0.091435	-0.092309	-0.109865	0.038068	-0.143989	-0.112656	0.041632	0.036221	-0.088014	-0.094616	0.024588	0.028783	-0.135846	
0.051843	-0.074165	0.035362	0.041946	0.047207	-0.020964	0.037109	-0.097951	-0.093082	-0.100321	-0.114753	0.044347	0.059593	0.051106	0.843954	0.052624	0.053168	0.045936	0.050640	-0.096585	-0.072015	-0.106135	-0.101680	-0.096123	0.060497	-0.039654	0.025129	0.042458	0.034435	0.068447	0.027270	0.011609	0.029356	0.050158	0.048523	0.049587	0.045392	0.054602	0.042931	0.040130	-0.042537	0.050364	0.050066	-0.024813	0.044195	0.069428	-0.068747	0.047568	0.048610	-0.087181	0.042188	0.049624	0.040092	0.045431	0.049332	-0.012412	-0.104953	0.025894	-0.095828	-0.109879	0.040169	-0.093317	-0.098797	-0.102138	-0.099613	-0.102971	-0.105685	-0.110690	-0.096857	0.042291	0.061877	-0.333170	0.031268	-0.098481	-0.101153	0.039100	0.038585	0.046168	0.047854	0.050719	0.046196	0.047480	-0.112090	0.046584	-0.107025	0.038303	-0.188871	-0.041014	-0.098917	0.044513	-0.093184	-0.098247	-0.092020	0.045765	-0.192454	-0.161451	0.041565	0.039516	-0.084253	-0.093685	0.036211	0.049975	-0.157585	
0.049405	-0.084314	0.055691	0.040025	0.046146	-0.008171	0.051200	-0.098368	-0.091648	-0.096370	-0.107961	0.036300	0.056579	0.043488	0.052624	0.838167	0.042566	0.031223	0.045468	-0.094654	-0.071030	-0.092723	-0.093441	-0.094639	0.041294	-0.031866	0.024477	0.049428	0.033841	0.052713	0.046705	0.034080	0.036478	0.030076	0.044232	0.049478	0.034962	0.046972	0.031464	0.046953	-0.033667	0.042850	0.035645	-0.023894	0.043005	0.040165	-0.074240	0.037251	0.043338	-0.086987	0.033002	0.047193	0.043560	0.051176	0.042744	-0.000082	-0.083294	0.035373	-0.093956	-0.103288	0.061168	-0.097561	-0.092770	-0.097382	-0.097803	-0.086250	-0.095916	-0.111349	-0.089791	0.039324	0.042492	-0.274443	0.030882	-0.093222	-0.102294	0.044486	0.038694	0.038930	0.036813	0.031811	0.043900	0.028852	-0.098217	0.035697	-0.094211	0.041513	-0.175424	-0.024289	-0.088880	0.044337	-0.088092	-0.098178	-0.090870	0.046355	-0.188385	-0.142491	0.037435	0.039253	-0.082573	-0.085475	0.027164	0.043088	-0.135617	
0.058435	-0.071716	0.046038	0.038656	0.050307	-0.020946	0.041190	-0.098063	-0.098774	-0.109265	-0.093669	0.042190	0.033562	0.030765	0.053168	0.042566	0.844474	0.048966	0.038062	-0.081770	-0.073729	-0.096494	-0.086812	-0.092409	0.057021	-0.029011	0.037769	0.036687	0.028857	0.049716	0.017871	0.014332	0.025048	0.035745	0.042655	0.045619	0.059320	0.043896	0.049035	0.026728	-0.007212	0.043769	0.042946	-0.004805	0.036084	0.027712	-0.078654	0.043780	0.043627	-0.077548	0.030875	0.042736	0.034198	0.033382	0.044750	0.000997	-0.087389	0.027102	-0.104614	-0.098636	0.034512	-0.095003	-0.090766	-0.097694	-0.094155	-0.079784	-0.098636	-0.102726	-0.081862	0.038050	0.042876	-0.333684	0.022710	-0.082941	-0.103268	0.036755	0.043868	0.045686	0.040187	0.042505	0.046729	0.047628	-0.108285	0.037923	-0.096183	0.047000	-0.187566	-0.020748	-0.075329	0.033781	-0.086368	-0.086330	-0.087233	0.040648	-0.196841	-0.155102	0.050258	0.050702	-0.076266	-0.086707	0.042509	0.046816	-0.156109	
0.039472	-0.081123	0.045660	0.038224	0.048351	-0.005834	0.037911	-0.087856	-0.086151	-0.079122	-0.103768	0.035860	0.033578	0.018521	0.045936	0.031223	0.048966	0.844260	0.050581	-0.082134	-0.069868	-0.093999	-0.084840	-0.078853	0.039769	-0.026306	0.017621	0.040876	0.042574	0.048167	0.013424	0.002561	0.029709	0.038567	0.033251	0.033065	0.053366	0.040148	0.035248	0.042813	-0.011579	0.035241	0.050026	-0.012004	0.045041	0.044893	-0.073510	0.032648	0.045760	-0.079749	0.031496	0.040267	0.029796	0.041255	0.038928	0.000303	-0.092510	0.023254	-0.084802	-0.107954	0.026430	-0.098475	-0.073231	-0.091222	-0.088472	-0.080003	-0.085750	-0.074350	-0.089148	0.036527	0.051941	-0.257424	0.027638	-0.080991	-0.092214	0.040592	0.032796	0.036436	0.024043	0.029406	0.044439	0.026238	-0.078836	0.039307	-0.101403	0.034447	-0.161699	-0.010088	-0.072738	0.030186	-0.079580	-0.087314	-0.081605	0.038166	-0.171351	-0.110074	0.031265	0.033013	-0.065988	-0.079252	0.040216	0.032249	-0.124134	
0.049819	-0.082747	0.038154	0.048230	0.032059	-0.017996	0.041865	-0.096855	-0.096695	-0.086210	-0.117870	0.034494	0.053443	0.038790	0.050640	0.045468	0.038062	0.050581	0.835856	-0.092433	-0.078304	-0.114954	-0.091763	-0.095775	0.050198	-0.035320	0.035443	0.039435	0.033541	0.044819	0.030796	0.031207	0.036263	0.046310	0.041592	0.034059	0.036549	0.044684	0.056588	0.040684	-0.004154	0.045693	0.040054	0.018482	0.054390	0.031931	-0.086332	0.026938	0.047773	-0.092709	0.050328	0.045927	0.044498	0.047187	0.051969	0.011467	-0.093449	0.042543	-0.088625	-0.114342	0.038338	-0.100714	-0.102648	-0.107995	-0.082982	-0.097399	-0.084873	-0.105545	-0.081244	0.038309	0.045444	-0.299345	0.029841	-0.096517	-0.093925	0.042139	0.031804	0.039328	0.040300	0.055978	0.048086	0.045266	-0.135007	0.036508	-0.101836	0.046403	-0.172604	-0.031485	-0.086002	0.048441	-0.084359	-0.085850	-0.092622	0.044783	-0.187837	-0.130397	0.041114	0.050437	-0.083726	-0.085569	0.022605	0.043044	-0.145380	
-0.091303	0.132546	-0.094500	-0.088206	-0.107421	-0.037303	-0.087123	0.159611	0.218887	0.149968	0.222763	-0.098772	-0.105961	-0.097193	-0.096585	-0.094654	-0.081770	-0.082134	-0.092433	1.113037	0.178974	0.211010	0.216561	0.188402	-0.090285	-0.130140	-0.105015	-0.102759	-0.113829	-0.095890	-0.096291	-0.096487	-0.097790	-0.101943	-0.108561	-0.085784	-0.098677	-0.093115	-0.098250	-0.100946	-0.118755	-0.092336	-0.098887	-0.081621	-0.104721	-0.098959	0.102352	-0.093807	-0.091839	0.146674	-0.099694	-0.096183	-0.092244	-0.099687	-0.095992	-0.131370	0.206711	-0.072646	0.149309	0.209276	-0.081698	0.222777	0.130260	0.204979	0.142772	0.189693	0.171939	0.099647	0.142890	-0.104012	-0.107932	-0.321865	-0.095681	0.226997	0.231501	-0.085215	-0.087536	-0.097709	-0.103500	-0.099997	-0.093249	-0.089539	-0.137459	-0.096379	0.216604	-0.093034	-0.233770	-0.118202	0.149744	-0.079623	0.162262	0.159440	0.154480	-0.096150	-0.108864	-0.163499	-0.088016	-0.100516	0.133016	0.167279	-0.085732	-0.097403	-0.177554	
-0.070856	0.106991	-0.084881	-0.078277	-0.081742	-0.036023	-0.073762	0.132683	0.180046	0.098630	0.162443	-0.077558	-0.077168	-0.073791	-0.072015	-0.071030	-0.073729	-0.069868	-0.078304	0.178974	1.064702	0.139975	0.168084	0.176279	-0.066966	-0.106458	-0.079792	-0.081678	-0.090958	-0.079828	-0.076451	-0.083831	-0.079588	-0.085323	-0.087060	-0.071254	-0.074290	-0.082932	-0.072322	-0.087751	-0.103349	-0.077358	-0.081749	-0.072735	-0.083098	-0.074181	0.096143	-0.072239	-0.074512	0.121977	-0.077388	-0.082724	-0.067175	-0.073446	-0.076833	-0.106985	0.162986	-0.065218	0.096032	0.152955	-0.070795	0.189446	0.116514	0.159719	0.100996	0.145024	0.154966	0.090315	0.105774	-0.078559	-0.075283	-0.283011	-0.080689	0.181569	0.179070	-0.086371	-0.076608	-0.075289	-0.075429	-0.076022	-0.077481	-0.073729	-0.144797	-0.077109	0.187794	-0.085207	-0.215607	-0.102767	0.098906	-0.077096	0.105216	0.127292	0.146463	-0.066714	-0.102327	-0.155901	-0.075998	-0.071070	0.098263	0.119656	-0.078425	-0.077935	-0.158359	
-0.110776	0.131868	-0.103346	-0.106227	-0.114786	-0.037737	-0.101150	0.130634	0.199221	0.108118	0.670534	-0.096233	-0.111430	-0.110704	-0.106135	-0.092723	-0.096494	-0.093999	-0.114954	0.211010	0.139975	1.147714	0.220477	0.203672	-0.095479	-0.131259	-0.102441	-0.109657	-0.117207	-0.104103	-0.106107	-0.108595	-0.112687	-0.104368	-0.101521	-0.106707	-0.107775	-0.106063	-0.101266	-0.103166	-0.081711	-0.102987	-0.093943	-0.067766	-0.103584	-0.106746	0.097404	-0.107244	-0.107907	0.118490	-0.103273	-0.109419	-0.106458	-0.118742	-0.093745	-0.147703	0.190484	-0.085251	0.114438	0.685041	-0.095071	0.234595	0.123460	0.177137	0.104116	0.183210	0.150948	0.090678	0.118129	-0.104056	-0.101705	-0.330363	-0.104474	0.208046	0.209201	-0.097542	-0.084415	-0.106766	-0.111668	-0.112095	-0.103453	-0.093951	-0.150362	-0.105805	0.211866	-0.101944	-0.248367	-0.132280	0.119457	-0.100490	0.128976	0.132447	0.141821	-0.105039	-0.083784	-0.166626	-0.094671	-0.109477	0.120961	0.127851	-0.090019	-0.104854	-0.165392	
-0.104143	0.130857	-0.096055	-0.089983	-0.096011	-0.049453	-0.097052	0.155052	0.223937	0.131193	0.225381	-0.091818	-0.087235	-0.101639	-0.101680	-0.093441	-0.086812	-0.084840	-0.091763	0.216561	0.168084	0.220477	1.092026	0.197393	-0.088516	-0.119166	-0.103022	-0.087145	-0.109745	-0.101971	-0.091895	-0.091514	-0.093820	-0.102218	-0.101590	-0.101411	-0.088641	-0.102821	-0.096666	-0.106226	-0.096450	-0.092544	-0.109188	-0.080647	-0.100847	-0.103632	0.092985	-0.095334	-0.085604	0.136356	-0.097936	-0.087932	-0.096320	-0.098756	-0.096066	-0.131935	0.204097	-0.067656	0.148302	0.228954	-0.087485	0.206373	0.136092	0.185712	0.142464	0.189493	0.195541	0.104203	0.148722	-0.099744	-0.091537	-0.285702	-0.094296	0.232277	0.228140	-0.096588	-0.082696	-0.093353	-0.097869	-0.095048	-0.099257	-0.085422	-0.134432	-0.091528	0.237920	-0.093503	-0.236539	-0.112317	0.144290	-0.089009	0.133320	0.152680	0.141875	-0.091212	-0.083074	-0.156607	-0.088243	-0.092495	0.124742	0.146730	-0.086966	-0.095154	-0.157933	
-0.097465	0.123971	-0.086021	-0.097165	-0.092930	-0.029664	-0.088346	0.142699	0.212454	0.135979	0.204646	-0.095273	-0.083647	-0.100099	-0.096123	-0.094639	-0.092409	-0.078853	-0.095775	0.188402	0.176279	0.203672	0.197393	1.133285	-0.081250	-0.074667	-0.092281	-0.086964	-0.104529	-0.091209	-0.099764	-0.102447	-0.098830	-0.096444	-0.096606	-0.095607	-0.083950	-0.098199	-0.098641	-0.095705	-0.084848	-0.093605	-0.100601	-0.085410	-0.097197	-0.099382	0.121956	-0.089920	-0.084763	0.126317	-0.098532	-0.091214	-0.102743	-0.098742	-0.079666	-0.116159	0.195014	-0.065392	0.134634	0.212481	-0.083119	0.214014	0.143154	0.188523	0.121080	0.178121	0.171181	0.104213	0.129561	-0.099105	-0.091101	-0.218860	-0.075336	0.201057	0.217598	-0.100185	-0.082164	-0.099603	-0.087859	-0.094530	-0.100210	-0.094680	-0.104986	-0.093945	0.189893	-0.099208	-0.178869	-0.107353	0.131254	-0.093106	0.122714	0.153372	0.140615	-0.089641	-0.038913	-0.154163	-0.079705	-0.090145	0.121149	0.132842	-0.080394	-0.101813	-0.142633	
0.042681	-0.077077	0.054635	0.034402	0.040371	-0.010052	0.046863	-0.091398	-0.087893	-0.073713	-0.107814	0.043586	0.048902	0.034869	0.060497	0.041294	0.057021	0.039769	0.050198	-0.090285	-0.066966	-0.095479	-0.088516	-0.081250	0.845594	-0.050607	0.022143	0.035287	0.026166	0.048538	0.043491	0.015514	0.029832	0.045081	0.035518	0.047842	0.030203	0.036869	0.051482	0.037428	-0.045794	0.043814	0.041671	-0.022624	0.041557	0.040166	-0.075892	0.042372	0.045996	-0.096523	0.036671	0.036794	0.032755	0.039523	0.047562	0.001696	-0.097403	0.026210	-0.086852	-0.100367	0.030192	-0.090340	-0.089598	-0.096687	-0.088559	-0.104779	-0.092343	-0.102034	-0.083229	0.039230	0.053618	-0.339752	0.039177	-0.091197	-0.091964	0.040063	0.013632	0.032970	0.032594	0.054279	0.032823	0.046617	-0.128523	0.043684	-0.099583	0.042498	-0.217115	-0.028819	-0.067121	0.047329	-0.094349	-0.079582	-0.097735	0.034398	-0.179404	-0.148321	0.056730	0.037669	-0.065103	-0.087395	0.040291	0.040219	-0.167670	
0.063736	-0.108346	-0.038367	-0.022269	-0.039789	-0.001882	-0.033454	-0.132126	-0.127256	-0.119978	-0.116386	-0.030418	-0.016952	-0.040891	-0.039654	-0.031866	-0.029011	-0.026306	-0.035320	-0.130140	-0.106458	-0.131259	-0.119166	-0.074667	-0.050607	1.405218	0.052991	-0.000816	0.072101	0.045935	-0.048215	-0.020302	-0.051938	-0.043097	-0.035207	-0.035929	-0.029023	-0.005713	-0.038914	-0.006119	0.243971	-0.022307	-0.034829	0.184772	-0.034678	0.040553	-0.012845	-0.036105	-0.024811	-0.097909	-0.030014	-0.048725	-0.031184	-0.029608	-0.042954	0.130810	-0.062571	-0.032069	-0.107543	-0.125261	-0.039454	-0.088018	0.017888	0.027273	-0.040110	-0.033781	-0.028419	0.016325	-0.094124	0.010999	-0.053130	1.128097	-0.000826	-0.118589	-0.120509	-0.028201	-0.022568	-0.007511	0.003297	-0.002250	-0.035201	-0.014006	0.582076	-0.015694	-0.113573	-0.019071	0.906049	0.211080	-0.107302	-0.042910	-0.116567	-0.110446	-0.117079	-0.038212	0.607415	0.634360	-0.016745	-0.015851	-0.093597	-0.110355	-0.035389	-0.017750	0.662461	
0.031792	-0.065098	0.036956	0.030403	0.015836	0.003182	0.022889	-0.097803	-0.089865	-0.100868	-0.108055	0.024914	0.028017	0.028269	0.025129	0.024477	0.037769	0.017621	0.035443	-0.105015	-0.079792	-0.102441	-0.103022	-0.092281	0.022143	0.052991	0.945205	0.033528	0.045433	0.035032	0.008070	0.014918	0.011465	0.040772	0.028483	0.025348	0.028513	0.032447	0.044207	0.041091	0.024850	0.046924	0.026082	0.028773	0.038460	0.026727	-0.066204	0.029110	0.029814	-0.093516	0.033962	0.035458	0.039978	0.037367	0.011977	0.039477	-0.096197	0.015914	-0.095828	-0.093326	0.036063	-0.102563	-0.084286	-0.083929	-0.086751	-0.090362	-0.078472	-0.101555	-0.091785	0.037547	0.030508	0.029164	0.035380	-0.099647	-0.100999	0.028667	0.022490	0.022687	0.029966	0.016883	0.028723	0.026086	0.021404	0.032941	-0.101724	0.027753	0.034784	0.043959	-0.082069	0.033906	-0.092592	-0.098874	-0.097304	0.031425	-0.003383	0.021311	0.040965	0.027880	-0.071702	-0.078840	0.015663	0.031849	0.017457	
0.040621	-0.077823	0.047950	0.045310	0.045285	-0.014841	0.045833	-0.094372	-0.086325	-0.083572	-0.113441	0.054900	0.039067	0.033098	0.042458	0.049428	0.036687	0.040876	0.039435	-0.102759	-0.081678	-0.109657	-0.087145	-0.086964	0.035287	-0.000816	0.033528	0.850581	0.042796	0.049678	0.034051	0.031834	0.033642	0.036873	0.035537	0.040516	0.044525	0.036032	0.048250	0.036907	-0.036316	0.036133	0.055876	0.010300	0.064232	0.033136	-0.070539	0.030260	0.050277	-0.082002	0.035094	0.045292	0.041269	0.039055	0.046430	0.020201	-0.092119	0.033701	-0.085976	-0.105187	0.032924	-0.104520	-0.103231	-0.099619	-0.091668	-0.102096	-0.093675	-0.095874	-0.093729	0.035320	0.039410	-0.294662	0.017849	-0.090834	-0.098348	0.041392	0.043957	0.033838	0.029677	0.028631	0.058719	0.026555	-0.104735	0.047304	-0.102502	0.049270	-0.183143	-0.015680	-0.081638	0.049780	-0.088201	-0.089723	-0.094747	0.040731	-0.182656	-0.141083	0.038257	0.046432	-0.074470	-0.093713	0.036814	0.046467	-0.141575	
0.046486	-0.099615	0.031061	0.059835	0.034539	-0.000920	0.037450	-0.122357	-0.110657	-0.106815	-0.107355	0.031309	0.031708	0.021048	0.034435	0.033841	0.028857	0.042574	0.033541	-0.113829	-0.090958	-0.117207	-0.109745	-0.104529	0.026166	0.072101	0.045433	0.042796	0.936839	0.046328	0.001469	0.016435	0.007679	0.041005	0.037667	0.036322	0.025943	0.031555	0.047138	0.039124	0.037356	0.045742	0.029580	0.022713	0.038788	0.037697	-0.080648	0.024405	0.028925	-0.098278	0.045570	0.044261	0.026338	0.019545	0.029785	0.041730	-0.088310	0.021101	-0.105337	-0.120371	0.040353	-0.112715	-0.105261	-0.113850	-0.091590	-0.087581	-0.087473	-0.083408	-0.114388	0.035590	0.037344	0.111976	0.029055	-0.106666	-0.103706	0.036230	0.039653	0.035927	0.039246	0.029871	0.051436	0.017715	0.064341	0.039314	-0.120020	0.043563	0.119747	0.059406	-0.094548	0.037344	-0.108692	-0.107754	-0.114702	0.033587	0.016153	0.079358	0.016402	0.033633	-0.101168	-0.105831	0.038293	0.021478	0.064263	
0.047563	-0.079131	0.042163	0.048767	0.063623	-0.005601	0.046163	-0.100894	-0.103189	-0.099817	-0.110716	0.042556	0.050608	0.029862	0.068447	0.052713	0.049716	0.048167	0.044819	-0.095890	-0.079828	-0.104103	-0.101971	-0.091209	0.048538	0.045935	0.035032	0.049678	0.046328	0.823424	0.040776	0.023763	0.040474	0.043846	0.035777	0.053814	0.042055	0.042555	0.047002	0.042802	-0.023163	0.049737	0.049147	-0.007900	0.045998	0.055010	-0.087947	0.042836	0.041119	-0.095828	0.051905	0.057363	0.027397	0.025055	0.051941	0.012454	-0.108268	0.036612	-0.094120	-0.110490	0.048582	-0.104818	-0.108203	-0.109486	-0.098224	-0.095264	-0.101061	-0.117416	-0.099377	0.054921	0.057136	-0.325355	0.036901	-0.093454	-0.101819	0.058686	0.040685	0.054284	0.046885	0.036593	0.033742	0.046945	-0.121481	0.047599	-0.103841	0.043900	-0.185745	-0.032781	-0.087866	0.041754	-0.101002	-0.095629	-0.105030	0.048256	-0.214967	-0.153008	0.040979	0.033988	-0.085681	-0.100535	0.038714	0.045518	-0.155659	
0.027950	-0.085108	0.028388	0.035420	0.028487	-0.029186	0.034621	-0.090097	-0.095283	-0.084102	-0.101193	0.047182	0.047397	0.015486	0.027270	0.046705	0.017871	0.013424	0.030796	-0.096291	-0.076451	-0.106107	-0.091895	-0.099764	0.043491	-0.048215	0.008070	0.034051	0.001469	0.040776	0.839450	0.425653	0.451290	0.038154	0.034757	0.047872	0.029511	0.028449	0.023022	0.031123	-0.058988	0.029189	0.050356	-0.010859	0.035774	0.033208	-0.075496	0.013191	0.028467	-0.093977	0.050638	0.039277	0.022644	0.026410	0.029512	0.000242	-0.105378	0.015083	-0.093632	-0.096168	0.027484	-0.106004	-0.105042	-0.108339	-0.102201	-0.113198	-0.101103	-0.102190	-0.095267	0.026595	0.032930	-0.341900	0.016923	-0.096498	-0.101359	0.035746	0.022116	0.032827	0.017331	0.032556	0.033919	0.043117	-0.108825	0.043526	-0.104835	0.020611	-0.217598	-0.054361	-0.083989	0.025848	-0.085946	-0.088917	-0.096346	0.035760	-0.206206	-0.172798	0.021090	0.046474	-0.075381	-0.090995	0.023573	0.040183	-0.170634	
0.020944	-0.086329	0.023379	0.031708	0.025580	-0.027863	0.032794	-0.092201	-0.101424	-0.093949	-0.110032	0.032269	0.037871	0.020088	0.011609	0.034080	0.014332	0.002561	0.031207	-0.096487	-0.083831	-0.108595	-0.091514	-0.102447	0.015514	-0.020302	0.014918	0.031834	0.016435	0.023763	0.425653	0.848494	0.432338	0.037422	0.027926	0.045940	0.025243	0.029043	0.022067	0.031227	-0.029464	0.031867	0.044613	0.007345	0.026977	0.023253	-0.085817	0.007962	0.025719	-0.090885	0.039079	0.038985	0.035312	0.043770	0.024801	0.010016	-0.108193	0.015464	-0.100301	-0.105294	0.032805	-0.105535	-0.103165	-0.101743	-0.103690	-0.105908	-0.095304	-0.095625	-0.095644	0.028266	0.028722	-0.178497	0.018005	-0.100920	-0.103990	0.024719	0.029533	0.035599	0.016151	0.025838	0.020593	0.033722	-0.042981	0.045474	-0.099200	0.011244	-0.113663	-0.033618	-0.092855	0.019457	-0.094109	-0.091030	-0.098324	0.025059	-0.126439	-0.092699	0.020970	0.047828	-0.083137	-0.086959	0.026151	0.027452	-0.091058	
0.033566	-0.085576	0.042661	0.041111	0.036109	-0.033511	0.036018	-0.094261	-0.111799	-0.100908	-0.114607	0.045791	0.045088	0.017472	0.029356	0.036478	0.025048	0.029709	0.036263	-0.097790	-0.079588	-0.112687	-0.093820	-0.098830	0.029832	-0.051938	0.011465	0.033642	0.007679	0.040474	0.451290	0.432338	0.841038	0.032492	0.030024	0.057049	0.027590	0.030912	0.028528	0.038918	-0.048310	0.031618	0.043904	-0.027928	0.037959	0.028559	-0.086119	0.011346	0.027431	-0.087955	0.040968	0.038171	0.024185	0.030692	0.032010	0.000326	-0.108010	0.018891	-0.097920	-0.106821	0.034782	-0.102788	-0.108350	-0.107984	-0.104571	-0.117623	-0.111847	-0.116161	-0.098820	0.036469	0.035379	-0.342347	0.030572	-0.100212	-0.102945	0.034975	0.027291	0.024660	0.020930	0.041382	0.030675	0.041392	-0.114782	0.049474	-0.098886	0.021708	-0.220713	-0.061543	-0.084249	0.036213	-0.102139	-0.090025	-0.093238	0.033782	-0.212603	-0.159585	0.027305	0.046991	-0.076656	-0.092627	0.039097	0.031991	-0.151736	
0.041486	-0.092726	0.038819	0.040864	0.055466	-0.016388	0.044862	-0.092926	-0.097695	-0.105962	-0.109159	0.047571	0.050510	0.033193	0.050158	0.030076	0.035745	0.038567	0.046310	-0.101943	-0.085323	-0.104368	-0.102218	-0.096444	0.045081	-0.043097	0.040772	0.036873	0.041005	0.043846	0.038154	0.037422	0.032492	0.832588	0.404973	0.047522	0.043630	0.040361	0.035173	0.028323	-0.036293	0.042736	0.024550	-0.012874	0.042732	0.036869	-0.081978	0.027057	0.034059	-0.098759	0.049905	0.044070	0.034103	0.027502	0.055676	-0.010111	-0.113461	0.031710	-0.100830	-0.103102	0.048044	-0.106775	-0.102176	-0.106652	-0.101292	-0.113256	-0.107895	-0.107240	-0.115892	0.042458	0.044371	-0.332845	0.023604	-0.094696	-0.102683	0.040019	0.036340	0.037669	0.043847	0.026908	0.040819	0.035192	-0.115475	0.048353	-0.109973	0.044934	-0.198307	-0.032456	-0.078390	0.044618	-0.104048	-0.093220	-0.100842	0.029795	-0.191407	-0.152255	0.037859	0.055918	-0.078768	-0.099974	0.049620	0.045401	-0.159562	
0.040162	-0.087629	0.034957	0.039938	0.054638	-0.008376	0.036659	-0.088679	-0.109024	-0.105693	-0.105861	0.043264	0.047568	0.035728	0.048523	0.044232	0.042655	0.033251	0.041592	-0.108561	-0.087060	-0.101521	-0.101590	-0.096606	0.035518	-0.035207	0.028483	0.035537	0.037667	0.035777	0.034757	0.027926	0.030024	0.404973	0.833857	0.053170	0.046696	0.040619	0.039170	0.034981	-0.050534	0.040593	0.038131	-0.004842	0.047898	0.037824	-0.079687	0.041393	0.041933	-0.103962	0.038028	0.055245	0.034900	0.029511	0.057066	-0.006129	-0.105619	0.041707	-0.103230	-0.105772	0.041131	-0.098826	-0.106359	-0.107371	-0.101525	-0.117972	-0.098354	-0.106195	-0.113591	0.038453	0.046244	-0.340829	0.028818	-0.083764	-0.109029	0.046972	0.034945	0.035814	0.035435	0.024796	0.033078	0.040277	-0.136907	0.045124	-0.107882	0.045846	-0.199829	-0.032494	-0.090713	0.050913	-0.105369	-0.093176	-0.105239	0.035782	-0.189243	-0.144190	0.039078	0.045907	-0.088971	-0.102831	0.053379	0.053174	-0.161240	
0.046152	-0.091336	0.044640	0.037962	0.038886	-0.021832	0.045672	-0.105923	-0.100154	-0.102580	-0.111763	0.040428	0.055840	0.043436	0.049587	0.049478	0.045619	0.033065	0.034059	-0.085784	-0.071254	-0.106707	-0.101411	-0.095607	0.047842	-0.035929	0.025348	0.040516	0.036322	0.053814	0.047872	0.045940	0.057049	0.047522	0.053170	0.844185	0.044388	0.052746	0.042448	0.050738	-0.045158	0.071012	0.048688	-0.009613	0.049670	0.039148	-0.083875	0.040892	0.045396	-0.086994	0.040874	0.055356	0.037083	0.043462	0.052686	0.010701	-0.104687	0.021023	-0.102854	-0.112613	0.055357	-0.095844	-0.098992	-0.103263	-0.090909	-0.100364	-0.103972	-0.093138	-0.099291	0.041260	0.031471	-0.277253	0.029066	-0.093057	-0.109739	0.054334	0.037399	0.034831	0.052744	0.032418	0.045469	0.042008	-0.094598	0.035370	-0.104432	0.034361	-0.160950	-0.030053	-0.094197	0.044433	-0.085997	-0.089566	-0.098084	0.044549	-0.171875	-0.140707	0.039512	0.047302	-0.087912	-0.105025	0.035953	0.046545	-0.145552	
0.032569	-0.073711	0.046332	0.041463	0.052260	-0.013995	0.047242	-0.084521	-0.092586	-0.095698	-0.118084	0.034600	0.044153	0.033512	0.045392	0.034962	0.059320	0.053366	0.036549	-0.098677	-0.074290	-0.107775	-0.088641	-0.083950	0.030203	-0.029023	0.028513	0.044525	0.025943	0.042055	0.029511	0.025243	0.027590	0.043630	0.046696	0.044388	0.859266	0.033457	0.039676	0.045738	-0.023971	0.030955	0.040635	-0.019048	0.031631	0.043622	-0.082227	0.033440	0.046010	-0.092913	0.050221	0.053354	0.047784	0.055333	0.045727	0.032245	-0.103662	0.027381	-0.100868	-0.103278	0.050985	-0.101528	-0.082718	-0.107109	-0.085303	-0.103297	-0.094141	-0.107276	-0.094591	0.059749	0.050758	-0.306719	0.031795	-0.099820	-0.097845	0.045352	0.039306	0.035967	0.039175	0.037774	0.040093	0.040231	-0.089421	0.044416	-0.099445	0.041366	-0.168044	-0.029775	-0.088238	0.048734	-0.090682	-0.082553	-0.093376	0.044399	-0.183876	-0.138136	0.045187	0.036156	-0.085326	-0.093458	0.049343	0.034098	-0.137490	
0.041794	-0.084481	0.040931	0.057349	0.047164	-0.003101	0.041613	-0.104278	-0.100737	-0.086240	-0.112706	0.032115	0.042996	0.031450	0.054602	0.046972	0.043896	0.040148	0.044684	-0.093115	-0.082932	-0.106063	-0.102821	-0.098199	0.036869	-0.005713	0.032447	0.036032	0.031555	0.042555	0.028449	0.029043	0.030912	0.040361	0.040619	0.052746	0.033457	0.829740	0.059903	0.050825	0.026382	0.055456	0.036521	0.003553	0.048552	0.040520	-0.079396	0.033628	0.044131	-0.086996	0.043388	0.042370	0.034991	0.046122	0.050568	0.008139	-0.095222	0.020875	-0.079591	-0.105472	0.033754	-0.103300	-0.098104	-0.100978	-0.094991	-0.106336	-0.096261	-0.103800	-0.095555	0.044096	0.046193	-0.213811	0.043744	-0.094866	-0.101826	0.034200	0.048920	0.026572	0.045158	0.045844	0.049820	0.040584	-0.079680	0.045055	-0.100616	0.040294	-0.129745	-0.030320	-0.091457	0.036405	-0.093140	-0.099518	-0.102678	0.055188	-0.155653	-0.106421	0.032334	0.039647	-0.081101	-0.085786	0.037253	0.024942	-0.093508	
0.049896	-0.088341	0.046609	0.065050	0.043648	-0.017392	0.041971	-0.103591	-0.093302	-0.089609	-0.101264	0.052115	0.042010	0.056763	0.042931	0.031464	0.049035	0.035248	0.056588	-0.098250	-0.072322	-0.101266	-0.096666	-0.098641	0.051482	-0.038914	0.044207	0.048250	0.047138	0.047002	0.023022	0.022067	0.028528	0.035173	0.039170	0.042448	0.039676	0.059903	0.847808	0.045927	0.054907	0.044119	0.050627	0.003372	0.044505	0.038840	-0.071137	0.052831	0.050188	-0.095718	0.044911	0.055191	0.045407	0.042361	0.049981	0.004052	-0.103060	0.032147	-0.094906	-0.105179	0.051733	-0.098191	-0.113759	-0.095120	-0.090840	-0.110047	-0.111462	-0.106513	-0.100576	0.030328	0.043069	-0.326840	0.037712	-0.098147	-0.099517	0.048685	0.039065	0.036705	0.030659	0.034101	0.046144	0.056861	-0.121735	0.034460	-0.101231	0.043989	-0.181397	-0.057182	-0.080240	0.036603	-0.090710	-0.096056	-0.103504	0.046037	-0.184639	-0.163532	0.033552	0.042776	-0.080946	-0.083792	0.039176	0.044493	-0.149936	
0.032938	-0.089411	0.034635	0.036483	0.045820	-0.011250	0.037004	-0.100689	-0.104571	-0.100948	-0.104999	0.032320	0.049031	0.038476	0.040130	0.046953	0.026728	0.042813	0.040684	-0.100946	-0.087751	-0.103166	-0.106226	-0.095705	0.037428	-0.006119	0.041091	0.036907	0.039124	0.042802	0.031123	0.031227	0.038918	0.028323	0.034981	0.050738	0.045738	0.050825	0.045927	0.868567	0.031580	0.053664	0.038880	-0.001459	0.038086	0.036102	-0.067455	0.029852	0.044896	-0.085762	0.038186	0.050197	0.043615	0.039803	0.031381	0.027296	-0.094876	0.013087	-0.094754	-0.095288	0.022853	-0.118564	-0.086213	-0.112974	-0.097653	-0.100863	-0.093553	-0.094303	-0.103132	0.037764	0.053010	-0.075559	0.036179	-0.107804	-0.105132	0.015845	0.030309	0.034606	0.045924	0.032537	0.042898	0.032013	-0.032385	0.046678	-0.110950	0.033603	-0.038572	0.028562	-0.087853	0.044856	-0.090267	-0.098259	-0.093604	0.038298	-0.072385	-0.048055	0.034843	0.023301	-0.087706	-0.108747	0.032030	0.036827	-0.027864	
