1.0000	0.2697	0.2935	0.2315	0.3113	0.2944	0.2874	0.2606	0.2630	0.2374	0.2377	0.2655	0.2742	0.2790	0.2302	0.2461	0.2634	0.2611	0.2995	0.2897	0.2352	0.2177	0.2276	0.3284	0.2911	0.2974	0.3184	0.2986	0.2731	0.2433	0.2491	0.2536	0.2550	0.2566	0.2968	0.2282	0.2681	0.2732	0.2015	0.2579	0.2554	0.3112	0.2706	0.2376	0.2353	0.2394	0.3022	0.2576	0.3243	0.2758
0.2697	1.0000	0.3659	0.2783	0.3299	0.3444	0.3657	0.3120	0.3008	0.3538	0.3017	0.2814	0.3036	0.3783	0.3170	0.2940	0.3563	0.3004	0.3648	0.2994	0.2561	0.3044	0.3074	0.3839	0.4025	0.3604	0.2693	0.3531	0.3230	0.4100	0.3077	0.3531	0.2657	0.2897	0.3760	0.3452	0.3197	0.3746	0.2845	0.2991	0.3742	0.3510	0.3473	0.2954	0.3373	0.2916	0.3305	0.3235	0.3675	0.3841
0.2935	0.3659	1.0000	0.2475	0.3310	0.4045	0.3002	0.2984	0.3027	0.3614	0.3089	0.3077	0.2931	0.3059	0.2563	0.2873	0.3851	0.3188	0.3047	0.3989	0.2603	0.2941	0.3003	0.4034	0.3551	0.3434	0.2895	0.3571	0.2934	0.2853	0.2804	0.3025	0.2920	0.3598	0.3640	0.2971	0.3200	0.3233	0.2827	0.2928	0.3233	0.3146	0.3444	0.2859	0.3970	0.2612	0.3274	0.3367	0.3121	0.3247
0.2315	0.2783	0.2475	1.0000	0.2680	0.2822	0.2330	0.2358	0.2217	0.2659	0.2480	0.2326	0.3164	0.2686	0.2831	0.2811	0.2331	0.2748	0.2186	0.2635	0.2114	0.2534	0.2634	0.2970	0.2694	0.2401	0.2800	0.2294	0.2855	0.2815	0.2629	0.2294	0.2762	0.2243	0.2537	0.2705	0.2522	0.2205	0.3055	0.2612	0.2562	0.2651	0.2831	0.2841	0.2708	0.2556	0.2234	0.2362	0.2531	0.2621
0.3113	0.3299	0.3310	0.2680	1.0000	0.3391	0.3147	0.3007	0.2570	0.3418	0.2899	0.2441	0.3070	0.3263	0.3187	0.3008	0.3536	0.2794	0.3109	0.2855	0.2463	0.3037	0.3005	0.3293	0.3539	0.3287	0.2941	0.3014	0.3218	0.3040	0.2804	0.3318	0.2757	0.2988	0.3500	0.3332	0.2846	0.2785	0.3266	0.3314	0.3341	0.3298	0.3746	0.2834	0.3432	0.3100	0.3564	0.2847	0.3016	0.3357
0.2944	0.3444	0.4045	0.2822	0.3391	1.0000	0.3131	0.2841	0.3607	0.3270	0.2961	0.3159	0.2886	0.3308	0.3291	0.3681	0.3920	0.3014	0.3174	0.3178	0.3033	0.3162	0.3448	0.3638	0.3750	0.3619	0.2937	0.3398	0.3009	0.2748	0.3340	0.3238	0.3037	0.3070	0.3274	0.2906	0.2795	0.2852	0.2797	0.3501	0.3354	0.3660	0.3733	0.3034	0.2870	0.2676	0.3200	0.3171	0.3380	0.3397
0.2874	0.3657	0.3002	0.2330	0.3147	0.3131	1.0000	0.3184	0.2568	0.3011	0.3348	0.2826	0.2891	0.3550	0.3003	0.3258	0.2974	0.2740	0.2824	0.2997	0.2528	0.2319	0.3138	0.3419	0.3613	0.3181	0.2434	0.3301	0.2911	0.3468	0.3971	0.3991	0.2594	0.2870	0.3222	0.3142	0.2979	0.2775	0.2418	0.3403	0.3289	0.3669	0.2742	0.2708	0.3174	0.2570	0.3656	0.2671	0.3662	0.3407
0.2606	0.3120	0.2984	0.2358	0.3007	0.2841	0.3184	1.0000	0.3188	0.2957	0.2874	0.2650	0.3361	0.3100	0.2901	0.3213	0.3019	0.2524	0.3390	0.3396	0.2223	0.2663	0.2866	0.3154	0.3150	0.2679	0.2664	0.3184	0.2966	0.2777	0.2461	0.2595	0.2117	0.2315	0.3347	0.2604	0.2477	0.2672	0.2434	0.3458	0.3225	0.2692	0.2689	0.3462	0.2718	0.2416	0.3230	0.2885	0.3225	0.2869
0.2630	0.3008	0.3027	0.2217	0.2570	0.3607	0.2568	0.3188	1.0000	0.2684	0.2394	0.2858	0.2614	0.2988	0.2683	0.2755	0.3059	0.2525	0.3177	0.3074	0.2055	0.2967	0.2527	0.3041	0.2994	0.2800	0.2654	0.3076	0.2915	0.2455	0.2538	0.2607	0.2196	0.2437	0.3174	0.2103	0.3053	0.2562	0.2302	0.2910	0.2986	0.2393	0.2742	0.3029	0.2586	0.2669	0.2774	0.3103	0.2813	0.2966
0.2374	0.3538	0.3614	0.2659	0.3418	0.3270	0.3011	0.2957	0.2684	1.0000	0.3449	0.3113	0.2982	0.3793	0.3348	0.2658	0.3597	0.3127	0.3449	0.3035	0.2773	0.2976	0.3358	0.3080	0.3703	0.3694	0.3015	0.3437	0.2779	0.3215	0.2621	0.3228	0.2862	0.3020	0.4061	0.2898	0.2750	0.3227	0.2713	0.3089	0.3708	0.3170	0.3491	0.3359	0.3493	0.2797	0.3121	0.2661	0.3211	0.3974
0.2377	0.3017	0.3089	0.2480	0.2899	0.2961	0.3348	0.2874	0.2394	0.3449	1.0000	0.2514	0.3003	0.3689	0.2826	0.2550	0.2825	0.2624	0.2713	0.2869	0.1987	0.2818	0.2557	0.3493	0.3562	0.2847	0.2887	0.3045	0.3239	0.3253	0.3012	0.3204	0.2789	0.2596	0.3382	0.2763	0.2780	0.2656	0.2464	0.2714	0.3336	0.2637	0.2843	0.2619	0.2850	0.2712	0.2840	0.2359	0.2918	0.2800
0.2655	0.2814	0.3077	0.2326	0.2441	0.3159	0.2826	0.2650	0.2858	0.3113	0.2514	1.0000	0.2485	0.2845	0.2813	0.2922	0.3063	0.3397	0.2561	0.2948	0.2413	0.2728	0.2712	0.2473	0.3238	0.2834	0.2701	0.2912	0.2515	0.2534	0.2614	0.2438	0.2793	0.2877	0.3042	0.2073	0.2684	0.2399	0.2521	0.3039	0.2804	0.2776	0.3102	0.2991	0.2593	0.2289	0.2899	0.2434	0.2394	0.3109
0.2742	0.3036	0.2931	0.3164	0.3070	0.2886	0.2891	0.3361	0.2614	0.2982	0.3003	0.2485	1.0000	0.2941	0.2910	0.2785	0.2793	0.2557	0.2948	0.2797	0.2677	0.2517	0.2629	0.3274	0.2679	0.3177	0.4020	0.3226	0.3421	0.2619	0.2537	0.2815	0.2624	0.2770	0.3371	0.2565	0.2749	0.2865	0.2615	0.3246	0.2927	0.2530	0.2759	0.3265	0.2948	0.2460	0.3041	0.3004	0.3049	0.2980
0.2790	0.3783	0.3059	0.2686	0.3263	0.3308	0.3550	0.3100	0.2988	0.3793	0.3689	0.2845	0.2941	1.0000	0.3366	0.2934	0.3689	0.2690	0.3484	0.3093	0.2488	0.2655	0.3179	0.3718	0.3906	0.3640	0.2974	0.3508	0.3071	0.3330	0.3065	0.3292	0.2937	0.2806	0.3749	0.2974	0.2628	0.3241	0.2426	0.3060	0.3742	0.3611	0.3218	0.3203	0.3518	0.2801	0.3515	0.2915	0.3297	0.3864
0.2302	0.3170	0.2563	0.2831	0.3187	0.3291	0.3003	0.2901	0.2683	0.3348	0.2826	0.2813	0.2910	0.3366	1.0000	0.2985	0.3667	0.2938	0.3375	0.2433	0.2897	0.3584	0.3331	0.2815	0.3612	0.3320	0.3225	0.2685	0.2725	0.2844	0.3147	0.3111	0.3276	0.2686	0.2827	0.3152	0.2554	0.2605	0.3206	0.3216	0.3086	0.2975	0.3138	0.3095	0.3119	0.2625	0.3188	0.2652	0.2675	0.3402
0.2461	0.2940	0.2873	0.2811	0.3008	0.3681	0.3258	0.3213	0.2755	0.2658	0.2550	0.2922	0.2785	0.2934	0.2985	1.0000	0.2828	0.2940	0.2537	0.2893	0.2347	0.2313	0.3245	0.3073	0.2825	0.2837	0.2737	0.2467	0.3090	0.2839	0.3604	0.2522	0.2564	0.2387	0.2665	0.2474	0.2648	0.2367	0.2337	0.3442	0.2790	0.2951	0.3001	0.3200	0.2430	0.2197	0.3365	0.2460	0.3123	0.2907
0.2634	0.3563	0.3851	0.2331	0.3536	0.3920	0.2974	0.3019	0.3059	0.3597	0.2825	0.3063	0.2793	0.3689	0.3667	0.2828	1.0000	0.3201	0.3298	0.2953	0.2875	0.3071	0.3279	0.3442	0.3409	0.2892	0.2907	0.3023	0.2811	0.2647	0.3028	0.3416	0.3016	0.2851	0.3633	0.3411	0.2961	0.2858	0.3581	0.3051	0.3592	0.2857	0.3849	0.2917	0.3480	0.2595	0.3744	0.4366	0.2776	0.3414
0.2611	0.3004	0.3188	0.2748	0.2794	0.3014	0.2740	0.2524	0.2525	0.3127	0.2624	0.3397	0.2557	0.2690	0.2938	0.2940	0.3201	1.0000	0.2610	0.2486	0.2704	0.2831	0.2752	0.2721	0.2842	0.2452	0.2714	0.2984	0.2675	0.2618	0.2936	0.2533	0.2879	0.2496	0.2991	0.2236	0.2993	0.2602	0.3043	0.2583	0.3416	0.2546	0.3396	0.2879	0.2911	0.2600	0.2750	0.2915	0.2897	0.3151
0.2995	0.3648	0.3047	0.2186	0.3109	0.3174	0.2824	0.3390	0.3177	0.3449	0.2713	0.2561	0.2948	0.3484	0.3375	0.2537	0.3298	0.2610	1.0000	0.2801	0.2470	0.2926	0.3065	0.2857	0.3195	0.3159	0.2939	0.3123	0.2960	0.2891	0.2517	0.2735	0.2722	0.3032	0.3170	0.3579	0.2521	0.3436	0.2536	0.3180	0.3612	0.2756	0.3086	0.3326	0.3161	0.2634	0.3154	0.2956	0.3256	0.4033
0.2897	0.2994	0.3989	0.2635	0.2855	0.3178	0.2997	0.3396	0.3074	0.3035	0.2869	0.2948	0.2797	0.3093	0.2433	0.2893	0.2953	0.2486	0.2801	1.0000	0.2384	0.2563	0.2937	0.3550	0.3141	0.3048	0.2302	0.3170	0.2882	0.2644	0.2527	0.2606	0.2274	0.2782	0.2873	0.2484	0.2896	0.2718	0.2153	0.2407	0.2681	0.2745	0.2657	0.2361	0.2950	0.2285	0.3029	0.3141	0.2766	0.2750
0.2352	0.2561	0.2603	0.2114	0.2463	0.3033	0.2528	0.2223	0.2055	0.2773	0.1987	0.2413	0.2677	0.2488	0.2897	0.2347	0.2875	0.2704	0.2470	0.2384	1.0000	0.2080	0.2332	0.2675	0.2419	0.2996	0.2768	0.2458	0.1996	0.1903	0.2272	0.2603	0.2497	0.2521	0.2336	0.1938	0.2431	0.2597	0.2620	0.2215	0.2471	0.3192	0.3473	0.2227	0.2434	0.2282	0.2420	0.2191	0.2449	0.2393
0.2177	0.3044	0.2941	0.2534	0.3037	0.3162	0.2319	0.2663	0.2967	0.2976	0.2818	0.2728	0.2517	0.2655	0.3584	0.2313	0.3071	0.2831	0.2926	0.2563	0.2080	1.0000	0.2722	0.2630	0.2872	0.2667	0.2932	0.2538	0.2704	0.2508	0.2784	0.2552	0.2623	0.2405	0.3140	0.2658	0.3057	0.2251	0.3638	0.2902	0.3384	0.2278	0.2772	0.2831	0.2564	0.2742	0.2467	0.2747	0.2064	0.3680
0.2276	0.3074	0.3003	0.2634	0.3005	0.3448	0.3138	0.2866	0.2527	0.3358	0.2557	0.2712	0.2629	0.3179	0.3331	0.3245	0.3279	0.2752	0.3065	0.2937	0.2332	0.2722	1.0000	0.2747	0.3334	0.3171	0.2733	0.3118	0.2718	0.2932	0.3466	0.3192	0.3220	0.3008	0.2974	0.3213	0.3023	0.2654	0.2658	0.2747	0.3120	0.3226	0.2987	0.3009	0.2847	0.2946	0.3491	0.3049	0.3055	0.3616
0.3284	0.3839	0.4034	0.2970	0.3293	0.3638	0.3419	0.3154	0.3041	0.3080	0.3493	0.2473	0.3274	0.3718	0.2815	0.3073	0.3442	0.2721	0.2857	0.3550	0.2675	0.2630	0.2747	1.0000	0.3514	0.3076	0.3212	0.3506	0.3293	0.3158	0.2862	0.3175	0.2402	0.2732	0.3349	0.3005	0.3295	0.3267	0.2523	0.2842	0.3015	0.3093	0.3025	0.2951	0.3482	0.2609	0.3541	0.2971	0.3631	0.2985
0.2911	0.4025	0.3551	0.2694	0.3539	0.3750	0.3613	0.3150	0.2994	0.3703	0.3562	0.3238	0.2679	0.3906	0.3612	0.2825	0.3409	0.2842	0.3195	0.3141	0.2419	0.2872	0.3334	0.3514	1.0000	0.3629	0.2779	0.3487	0.2746	0.3464	0.2955	0.3131	0.2723	0.3245	0.3480	0.3653	0.2871	0.3227	0.2587	0.2929	0.3265	0.3872	0.3323	0.2909	0.3497	0.3390	0.3094	0.2676	0.3431	0.3277
0.2974	0.3604	0.3434	0.2401	0.3287	0.3619	0.3181	0.2679	0.2800	0.3694	0.2847	0.2834	0.3177	0.3640	0.3320	0.2837	0.2892	0.2452	0.3159	0.3048	0.2996	0.2667	0.3171	0.3076	0.3629	1.0000	0.2896	0.3471	0.2852	0.3095	0.2962	0.3252	0.2800	0.2826	0.3450	0.2922	0.2672	0.2960	0.2346	0.2941	0.3506	0.4171	0.3483	0.2716	0.3351	0.2796	0.3359	0.2982	0.3375	0.3379
0.3184	0.2693	0.2895	0.2800	0.2941	0.2937	0.2434	0.2664	0.2654	0.3015	0.2887	0.2701	0.4020	0.2974	0.3225	0.2737	0.2907	0.2714	0.2939	0.2302	0.2768	0.2932	0.2733	0.3212	0.2779	0.2896	1.0000	0.2942	0.3050	0.2158	0.2680	0.2528	0.2532	0.2591	0.3452	0.2323	0.2697	0.2520	0.2589	0.3284	0.2954	0.2497	0.2900	0.3343	0.2619	0.2111	0.2725	0.2506	0.2766	0.3349
0.2986	0.3531	0.3571	0.2294	0.3014	0.3398	0.3301	0.3184	0.3076	0.3437	0.3045	0.2912	0.3226	0.3508	0.2685	0.2467	0.3023	0.2984	0.3123	0.3170	0.2458	0.2538	0.3118	0.3506	0.3487	0.3471	0.2942	1.0000	0.2997	0.2874	0.2941	0.3118	0.2908	0.3119	0.3911	0.2604	0.3347	0.3257	0.2287	0.2834	0.3622	0.3225	0.3173	0.2774	0.2950	0.2616	0.3619	0.2894	0.3593	0.3357
0.2731	0.3230	0.2934	0.2855	0.3218	0.3009	0.2911	0.2966	0.2915	0.2779	0.3239	0.2515	0.3421	0.3071	0.2725	0.3090	0.2811	0.2675	0.2960	0.2882	0.1996	0.2704	0.2718	0.3293	0.2746	0.2852	0.3050	0.2997	1.0000	0.2676	0.2984	0.3051	0.2632	0.2717	0.3944	0.3022	0.3382	0.3314	0.2641	0.3025	0.3161	0.2584	0.2696	0.2660	0.3059	0.2927	0.3125	0.2981	0.3061	0.2832
0.2433	0.4100	0.2853	0.2815	0.3040	0.2748	0.3468	0.2777	0.2455	0.3215	0.3253	0.2534	0.2619	0.3330	0.2844	0.2839	0.2647	0.2618	0.2891	0.2644	0.1903	0.2508	0.2932	0.3158	0.3464	0.3095	0.2158	0.2874	0.2676	1.0000	0.2905	0.3050	0.2949	0.3208	0.3362	0.3180	0.2503	0.2642	0.2320	0.2725	0.3637	0.2798	0.3033	0.2852	0.3034	0.3130	0.3340	0.2328	0.3410	0.2912
0.2491	0.3077	0.2804	0.2629	0.2804	0.3340	0.3971	0.2461	0.2538	0.2621	0.3012	0.2614	0.2537	0.3065	0.3147	0.3604	0.3028	0.2936	0.2517	0.2527	0.2272	0.2784	0.3466	0.2862	0.2955	0.2962	0.2680	0.2941	0.2984	0.2905	1.0000	0.3242	0.2812	0.2350	0.3140	0.2774	0.2796	0.2345	0.2660	0.2985	0.3003	0.3206	0.3022	0.2736	0.2552	0.2613	0.2965	0.2815	0.2692	0.3082
0.2536	0.3531	0.3025	0.2294	0.3318	0.3238	0.3991	0.2595	0.2607	0.3228	0.3204	0.2438	0.2815	0.3292	0.3111	0.2522	0.3416	0.2533	0.2735	0.2606	0.2603	0.2552	0.3192	0.3175	0.3131	0.3252	0.2528	0.3118	0.3051	0.3050	0.3242	1.0000	0.2866	0.2735	0.3424	0.3118	0.3086	0.3047	0.2579	0.3388	0.3002	0.3359	0.2972	0.2393	0.3025	0.2949	0.4011	0.2945	0.3461	0.2832
0.2550	0.2657	0.2920	0.2762	0.2757	0.3037	0.2594	0.2117	0.2196	0.2862	0.2789	0.2793	0.2624	0.2937	0.3276	0.2564	0.3016	0.2879	0.2722	0.2274	0.2497	0.2623	0.3220	0.2402	0.2723	0.2800	0.2532	0.2908	0.2632	0.2949	0.2812	0.2866	1.0000	0.2863	0.2718	0.2702	0.2500	0.2587	0.2522	0.2321	0.2723	0.2968	0.3066	0.2386	0.2678	0.2389	0.3017	0.2453	0.2763	0.2989
0.2566	0.2897	0.3598	0.2243	0.2988	0.3070	0.2870	0.2315	0.2437	0.3020	0.2596	0.2877	0.2770	0.2806	0.2686	0.2387	0.2851	0.2496	0.3032	0.2782	0.2521	0.2405	0.3008	0.2732	0.3245	0.2826	0.2591	0.3119	0.2717	0.3208	0.2350	0.2735	0.2863	1.0000	0.2980	0.2823	0.2677	0.2654	0.2031	0.2291	0.2958	0.2647	0.2838	0.2629	0.2942	0.3198	0.2947	0.2349	0.3070	0.2908
0.2968	0.3760	0.3640	0.2537	0.3500	0.3274	0.3222	0.3347	0.3174	0.4061	0.3382	0.3042	0.3371	0.3749	0.2827	0.2665	0.3633	0.2991	0.3170	0.2873	0.2336	0.3140	0.2974	0.3349	0.3480	0.3450	0.3452	0.3911	0.3944	0.3362	0.3140	0.3424	0.2718	0.2980	1.0000	0.2821	0.3311	0.3620	0.2816	0.3182	0.3818	0.3114	0.3568	0.3008	0.3424	0.2904	0.3538	0.3401	0.3280	0.3500
0.2282	0.3452	0.2971	0.2705	0.3332	0.2906	0.3142	0.2604	0.2103	0.2898	0.2763	0.2073	0.2565	0.2974	0.3152	0.2474	0.3411	0.2236	0.3579	0.2484	0.1938	0.2658	0.3213	0.3005	0.3653	0.2922	0.2323	0.2604	0.3022	0.3180	0.2774	0.3118	0.2702	0.2823	0.2821	1.0000	0.2377	0.3029	0.2915	0.2457	0.3331	0.3024	0.3223	0.2511	0.2871	0.2780	0.2843	0.2573	0.2731	0.3224
0.2681	0.3197	0.3200	0.2522	0.2846	0.2795	0.2979	0.2477	0.3053	0.2750	0.2780	0.2684	0.2749	0.2628	0.2554	0.2648	0.2961	0.2993	0.2521	0.2896	0.2431	0.3057	0.3023	0.3295	0.2871	0.2672	0.2697	0.3347	0.3382	0.2503	0.2796	0.3086	0.2500	0.2677	0.3311	0.2377	1.0000	0.2730	0.2493	0.2450	0.3037	0.2387	0.2832	0.2658	0.2985	0.2960	0.3497	0.2857	0.2837	0.3509
0.2732	0.3746	0.3233	0.2205	0.2785	0.2852	0.2775	0.2672	0.2562	0.3227	0.2656	0.2399	0.2865	0.3241	0.2605	0.2367	0.2858	0.2602	0.3436	0.2718	0.2597	0.2251	0.2654	0.3267	0.3227	0.2960	0.2520	0.3257	0.3314	0.2642	0.2345	0.3047	0.2587	0.2654	0.3620	0.3029	0.2730	1.0000	0.2485	0.2602	0.2954	0.3488	0.3289	0.2465	0.2968	0.2804	0.3018	0.2643	0.3287	0.2875
0.2015	0.2845	0.2827	0.3055	0.3266	0.2797	0.2418	0.2434	0.2302	0.2713	0.2464	0.2521	0.2615	0.2426	0.3206	0.2337	0.3581	0.3043	0.2536	0.2153	0.2620	0.3638	0.2658	0.2523	0.2587	0.2346	0.2589	0.2287	0.2641	0.2320	0.2660	0.2579	0.2522	0.2031	0.2816	0.2915	0.2493	0.2485	1.0000	0.2639	0.3054	0.2833	0.3808	0.2430	0.2873	0.2627	0.2624	0.2724	0.2356	0.2893
0.2579	0.2991	0.2928	0.2612	0.3314	0.3501	0.3403	0.3458	0.2910	0.3089	0.2714	0.3039	0.3246	0.3060	0.3216	0.3442	0.3051	0.2583	0.3180	0.2407	0.2215	0.2902	0.2747	0.2842	0.2929	0.2941	0.3284	0.2834	0.3025	0.2725	0.2985	0.3388	0.2321	0.2291	0.3182	0.2457	0.2450	0.2602	0.2639	1.0000	0.3165	0.2703	0.3006	0.3160	0.2956	0.2719	0.3458	0.2891	0.3160	0.3323
0.2554	0.3742	0.3233	0.2562	0.3341	0.3354	0.3289	0.3225	0.2986	0.3708	0.3336	0.2804	0.2927	0.3742	0.3086	0.2790	0.3592	0.3416	0.3612	0.2681	0.2471	0.3384	0.3120	0.3015	0.3265	0.3506	0.2954	0.3622	0.3161	0.3637	0.3003	0.3002	0.2723	0.2958	0.3818	0.3331	0.3037	0.2954	0.3054	0.3165	1.0000	0.2744	0.3486	0.3531	0.3139	0.2766	0.3456	0.3205	0.3302	0.4300
0.3112	0.3510	0.3146	0.2651	0.3298	0.3660	0.3669	0.2692	0.2393	0.3170	0.2637	0.2776	0.2530	0.3611	0.2975	0.2951	0.2857	0.2546	0.2756	0.2745	0.3192	0.2278	0.3226	0.3093	0.3872	0.4171	0.2497	0.3225	0.2584	0.2798	0.3206	0.3359	0.2968	0.2647	0.3114	0.3024	0.2387	0.3488	0.2833	0.2703	0.2744	1.0000	0.3627	0.2383	0.2981	0.2664	0.3138	0.2853	0.3270	0.2807
0.2706	0.3473	0.3444	0.2831	0.3746	0.3733	0.2742	0.2689	0.2742	0.3491	0.2843	0.3102	0.2759	0.3218	0.3138	0.3001	0.3849	0.3396	0.3086	0.2657	0.3473	0.2772	0.2987	0.3025	0.3323	0.3483	0.2900	0.3173	0.2696	0.3033	0.3022	0.2972	0.3066	0.2838	0.3568	0.3223	0.2832	0.3289	0.3808	0.3006	0.3486	0.3627	1.0000	0.2961	0.2903	0.2837	0.3038	0.3193	0.2835	0.3227
0.2376	0.2954	0.2859	0.2841	0.2834	0.3034	0.2708	0.3462	0.3029	0.3359	0.2619	0.2991	0.3265	0.3203	0.3095	0.3200	0.2917	0.2879	0.3326	0.2361	0.2227	0.2831	0.3009	0.2951	0.2909	0.2716	0.3343	0.2774	0.2660	0.2852	0.2736	0.2393	0.2386	0.2629	0.3008	0.2511	0.2658	0.2465	0.2430	0.3160	0.3531	0.2383	0.2961	1.0000	0.2919	0.2382	0.2835	0.2569	0.3266	0.3817
0.2353	0.3373	0.3970	0.2708	0.3432	0.2870	0.3174	0.2718	0.2586	0.3493	0.2850	0.2593	0.2948	0.3518	0.3119	0.2430	0.3480	0.2911	0.3161	0.2950	0.2434	0.2564	0.2847	0.3482	0.3497	0.3351	0.2619	0.2950	0.3059	0.3034	0.2552	0.3025	0.2678	0.2942	0.3424	0.2871	0.2985	0.2968	0.2873	0.2956	0.3139	0.2981	0.2903	0.2919	1.0000	0.2810	0.3214	0.3094	0.3445	0.3126
0.2394	0.2916	0.2612	0.2556	0.3100	0.2676	0.2570	0.2416	0.2669	0.2797	0.2712	0.2289	0.2460	0.2801	0.2625	0.2197	0.2595	0.2600	0.2634	0.2285	0.2282	0.2742	0.2946	0.2609	0.3390	0.2796	0.2111	0.2616	0.2927	0.3130	0.2613	0.2949	0.2389	0.3198	0.2904	0.2780	0.2960	0.2804	0.2627	0.2719	0.2766	0.2664	0.2837	0.2382	0.2810	1.0000	0.2673	0.2241	0.2585	0.2666
0.3022	0.3305	0.3274	0.2234	0.3564	0.3200	0.3656	0.3230	0.2774	0.3121	0.2840	0.2899	0.3041	0.3515	0.3188	0.3365	0.3744	0.2750	0.3154	0.3029	0.2420	0.2467	0.3491	0.3541	0.3094	0.3359	0.2725	0.3619	0.3125	0.3340	0.2965	0.4011	0.3017	0.2947	0.3538	0.2843	0.3497	0.3018	0.2624	0.3458	0.3456	0.3138	0.3038	0.2835	0.3214	0.2673	1.0000	0.3390	0.3281	0.3513
0.2576	0.3235	0.3367	0.2362	0.2847	0.3171	0.2671	0.2885	0.3103	0.2661	0.2359	0.2434	0.3004	0.2915	0.2652	0.2460	0.4366	0.2915	0.2956	0.3141	0.2191	0.2747	0.3049	0.2971	0.2676	0.2982	0.2506	0.2894	0.2981	0.2328	0.2815	0.2945	0.2453	0.2349	0.3401	0.2573	0.2857	0.2643	0.2724	0.2891	0.3205	0.2853	0.3193	0.2569	0.3094	0.2241	0.3390	1.0000	0.2747	0.2730
0.3243	0.3675	0.3121	0.2531	0.3016	0.3380	0.3662	0.3225	0.2813	0.3211	0.2918	0.2394	0.3049	0.3297	0.2675	0.3123	0.2776	0.2897	0.3256	0.2766	0.2449	0.2064	0.3055	0.3631	0.3431	0.3375	0.2766	0.3593	0.3061	0.3410	0.2692	0.3461	0.2763	0.3070	0.3280	0.2731	0.2837	0.3287	0.2356	0.3160	0.3302	0.3270	0.2835	0.3266	0.3445	0.2585	0.3281	0.2747	1.0000	0.3109
0.2758	0.3841	0.3247	0.2621	0.3357	0.3397	0.3407	0.2869	0.2966	0.3974	0.2800	0.3109	0.2980	0.3864	0.3402	0.2907	0.3414	0.3151	0.4033	0.2750	0.2393	0.3680	0.3616	0.2985	0.3277	0.3379	0.3349	0.3357	0.2832	0.2912	0.3082	0.2832	0.2989	0.2908	0.3500	0.3224	0.3509	0.2875	0.2893	0.3323	0.4300	0.2807	0.3227	0.3817	0.3126	0.2666	0.3513	0.2730	0.3109	1.0000
