1:	0.0000 1.0000 0.0000 0.0000 0.0000 0.0000 	1
2:	0.5035 0.0671 0.1792 0.2047 0.0456 0.0000 	2
3:	0.7487 0.0000 0.0580 0.1660 0.0230 0.0043 	6
4:	0.8647 0.0000 0.0000 0.0036 0.0000 0.1318 	4
5:	0.3281 0.0111 0.1496 0.3048 0.0001 0.2063 	15
6:	0.2188 0.4943 0.1250 0.0077 0.1250 0.0291 	8
7:	0.3290 0.1122 0.1551 0.0903 0.1592 0.1542 	20
8:	0.3897 0.1905 0.2381 0.0476 0.0952 0.0388 	21
9:	0.3320 0.1011 0.3571 0.0395 0.1445 0.0257 	14
10:	0.2534 0.0128 0.4390 0.2617 0.0248 0.0083 	1
11:	0.1106 0.1725 0.0000 0.6508 0.0436 0.0225 	3
12:	0.0000 0.2000 0.0000 0.8000 0.0000 0.0000 	5
13:	0.0000 0.5000 0.0000 0.5000 0.0000 0.0000 	2
14:	0.0000 0.5595 0.1938 0.0166 0.2302 0.0000 	5
15:	0.1429 0.5995 0.1284 0.1049 0.0214 0.0029 	7
