1:	0.1334 0.1906 0.0150 0.0032 0.2443 0.1373 0.0552 0.0010 0.2200 	9
2:	0.2381 0.0476 0.0000 0.0000 0.5238 0.0476 0.0476 0.0000 0.0952 	3
3:	0.1301 0.0095 0.2500 0.2500 0.1367 0.0476 0.0714 0.0024 0.1022 	4
4:	0.0526 0.0006 0.2868 0.2077 0.0000 0.2182 0.2202 0.0138 0.0000 	2
5:	0.1125 0.1919 0.1215 0.0047 0.1158 0.1191 0.1730 0.0653 0.0963 	17
6:	0.1790 0.0068 0.0853 0.0064 0.0237 0.3274 0.2688 0.0875 0.0151 	12
7:	0.1946 0.1070 0.0000 0.0007 0.0269 0.3404 0.2413 0.0520 0.0373 	3
8:	0.5248 0.0000 0.1154 0.0000 0.0000 0.1790 0.1800 0.0008 0.0000 	2
9:	0.3845 0.0000 0.0000 0.0103 0.0000 0.4844 0.1208 0.0000 0.0000 	1
10:	0.0142 0.0000 0.2500 0.0001 0.1222 0.3401 0.1457 0.0004 0.1274 	4
11:	0.2165 0.1323 0.2503 0.0004 0.0326 0.1661 0.1285 0.0006 0.0728 	14
12:	0.1777 0.3398 0.0286 0.0000 0.1342 0.0634 0.1105 0.0021 0.1438 	9
13:	0.0273 0.2651 0.1046 0.0008 0.2624 0.0397 0.0734 0.0037 0.2231 	14
14:	0.2009 0.0254 0.0000 0.0044 0.3674 0.0315 0.2596 0.0008 0.1100 	2
15:	0.1031 0.0311 0.1111 0.3942 0.0076 0.0880 0.2500 0.0002 0.0147 	9
