1:	0.5719 0.0188 0.0145 0.3949 	13
2:	0.5641 0.0714 0.0716 0.2929 	14
3:	0.2227 0.3887 0.1964 0.1921 	18
4:	0.3960 0.1819 0.0752 0.3470 	11
5:	0.3090 0.4658 0.0270 0.1982 	6
6:	0.0902 0.8129 0.0656 0.0312 	17
7:	0.8269 0.0000 0.0000 0.1731 	1
8:	0.6043 0.0000 0.0508 0.3449 	1
9:	0.0000 0.0000 1.0000 0.0000 	1
10:	0.5535 0.0000 0.1340 0.3125 	1
11:	0.5700 0.0000 0.2223 0.2077 	2
12:	0.4937 0.1154 0.1044 0.2866 	8
13:	0.5177 0.0000 0.0000 0.4823 	1
