
Using the parameter settings in the file: 
''1763145196/clumpp.paramfile''

Parameter settings
----------------------- Main parameters -------------------------
DATATYPE = 0
INDFILE = 1763145196/ClumppIndFile
POPFILE = 
OUTFILE = 1763145196/ClumppIndFile.output
MISCFILE = 1763145196/ClumppIndFile.misc
K = 4
C = 94
R = 32
M = 3
W = 0
S = 2
- Additional options for the Greedy and LargeKGreedy algorithms -
GREEDY_OPTION = 2
REPEATS = 2000
PERMUTATIONFILE = 
----------------------- Optional outputs ------------------------
PRINT_PERMUTED_DATA = 0
PERMUTED_DATAFILE = 
PRINT_EVERY_PERM = 0
EVERY_PERMFILE = 
PRINT_RANDOM_INPUTORDER = 0
RANDOM_INPUTORDERFILE = 
----------------------- Advanced options ------------------------
OVERRIDE_WARNINGS = 0
ORDER_BY_RUN = 1


In total, 2000 configurations of runs and clusters will be tested.

Results
------------------------------
The highest value of H' is: 0.67519673811980

The list of permutations of the clusters that produces that
H' value is (runs are listed sequentially on separate rows)

1 2 3 4 
1 4 2 3 
4 1 2 3 
1 4 2 3 
1 2 3 4 
2 4 3 1 
1 2 3 4 
4 1 2 3 
4 1 2 3 
3 2 4 1 
1 4 2 3 
4 2 1 3 
2 1 3 4 
2 3 1 4 
4 1 3 2 
3 2 1 4 
3 1 2 4 
4 2 3 1 
3 2 4 1 
3 4 1 2 
3 1 2 4 
3 1 2 4 
2 3 1 4 
2 3 4 1 
1 3 4 2 
3 4 1 2 
4 1 2 3 
1 4 2 3 
4 3 1 2 
2 3 1 4 
2 1 4 3 
1 2 4 3 

The pairwise G' values for each pair of runs where the clusters
of each run are permuted according to the list of permutations above

1.0000 0.7386 0.6872 0.6147 0.7254 0.6342 0.7074 0.7283 0.7076 0.6781 0.7001 0.5819 0.6370 0.6919 0.6438 0.6345 0.6664 0.6434 0.6463 0.6566 0.6357 0.7321 0.6543 0.6949 0.6366 0.6498 0.6371 0.7027 0.6180 0.6362 0.7313 0.6996 
0.7386 1.0000 0.6967 0.6999 0.7706 0.5839 0.7296 0.7346 0.7462 0.7926 0.6596 0.6727 0.6963 0.6954 0.7172 0.6358 0.7028 0.6680 0.6799 0.7853 0.7585 0.7794 0.7476 0.6705 0.7174 0.7032 0.7603 0.7779 0.5987 0.6366 0.7655 0.7565 
0.6872 0.6967 1.0000 0.7212 0.6827 0.6826 0.7044 0.6540 0.6663 0.6818 0.6870 0.5651 0.6697 0.6663 0.6515 0.6433 0.6906 0.5993 0.6511 0.6300 0.6265 0.7028 0.6237 0.6639 0.7059 0.6455 0.6110 0.6715 0.6550 0.6936 0.6528 0.6440 
0.6147 0.6999 0.7212 1.0000 0.6643 0.6463 0.7024 0.6201 0.6096 0.7544 0.6538 0.7008 0.6582 0.6171 0.6703 0.6364 0.6196 0.6379 0.6532 0.7081 0.7247 0.6886 0.6986 0.6125 0.6424 0.6813 0.6398 0.6814 0.6446 0.6669 0.6630 0.6518 
0.7254 0.7706 0.6827 0.6643 1.0000 0.6351 0.7071 0.6508 0.6637 0.7612 0.6127 0.6495 0.7296 0.7388 0.7491 0.6890 0.7004 0.7204 0.7863 0.7682 0.7072 0.7832 0.7886 0.6877 0.6799 0.7386 0.7220 0.8268 0.6359 0.6284 0.6779 0.7325 
0.6342 0.5839 0.6826 0.6463 0.6351 1.0000 0.6921 0.5440 0.5773 0.6299 0.7029 0.6222 0.6109 0.6330 0.6292 0.7887 0.6568 0.6965 0.7168 0.6003 0.5800 0.6287 0.6366 0.6347 0.5913 0.6873 0.5827 0.6239 0.7933 0.6538 0.5493 0.6140 
0.7074 0.7296 0.7044 0.7024 0.7071 0.6921 1.0000 0.6358 0.6926 0.7711 0.7306 0.6758 0.6669 0.6189 0.7500 0.7234 0.7293 0.7033 0.6926 0.7425 0.6547 0.7920 0.7252 0.6872 0.6536 0.7150 0.6934 0.7600 0.6617 0.6460 0.6691 0.7606 
0.7283 0.7346 0.6540 0.6201 0.6508 0.5440 0.6358 1.0000 0.7722 0.6206 0.6763 0.6002 0.6031 0.6040 0.6160 0.5553 0.6446 0.5731 0.5541 0.6224 0.6354 0.6657 0.6203 0.7273 0.6438 0.5986 0.6663 0.6432 0.5714 0.6546 0.7336 0.6718 
0.7076 0.7462 0.6663 0.6096 0.6637 0.5773 0.6926 0.7722 1.0000 0.6502 0.7272 0.5960 0.6403 0.6225 0.6343 0.5917 0.7027 0.6190 0.5967 0.6457 0.5922 0.6882 0.6459 0.7673 0.7429 0.6326 0.6652 0.7083 0.5634 0.6177 0.6625 0.7156 
0.6781 0.7926 0.6818 0.7544 0.7612 0.6299 0.7711 0.6206 0.6502 1.0000 0.6337 0.7097 0.6958 0.6729 0.7572 0.6875 0.6503 0.6980 0.7257 0.8267 0.7803 0.7830 0.7747 0.6145 0.6457 0.7313 0.7238 0.7730 0.6201 0.6087 0.7254 0.7459 
0.7001 0.6596 0.6870 0.6538 0.6127 0.7029 0.7306 0.6763 0.7272 0.6337 1.0000 0.6326 0.6010 0.6082 0.6018 0.6652 0.7062 0.6489 0.6093 0.6199 0.5714 0.6448 0.6214 0.7293 0.6609 0.6385 0.6142 0.6585 0.6602 0.6415 0.6273 0.6578 
0.5819 0.6727 0.5651 0.7008 0.6495 0.6222 0.6758 0.6002 0.5960 0.7097 0.6326 1.0000 0.6118 0.5627 0.6536 0.6709 0.6455 0.7196 0.6672 0.7481 0.7288 0.6654 0.7502 0.6335 0.5836 0.7206 0.7364 0.6740 0.6546 0.5973 0.6187 0.6780 
0.6370 0.6963 0.6697 0.6582 0.7296 0.6109 0.6669 0.6031 0.6403 0.6958 0.6010 0.6118 1.0000 0.7697 0.7011 0.6450 0.6318 0.6130 0.7180 0.6924 0.6425 0.6874 0.6807 0.6612 0.7378 0.6433 0.6369 0.7238 0.5914 0.5609 0.6500 0.6410 
0.6919 0.6954 0.6663 0.6171 0.7388 0.6330 0.6189 0.6040 0.6225 0.6729 0.6082 0.5627 0.7697 1.0000 0.6405 0.6650 0.6233 0.6254 0.7355 0.6542 0.6284 0.6661 0.6599 0.6176 0.6903 0.6172 0.6024 0.6988 0.6056 0.5516 0.6376 0.6317 
0.6438 0.7172 0.6515 0.6703 0.7491 0.6292 0.7500 0.6160 0.6343 0.7572 0.6018 0.6536 0.7011 0.6405 1.0000 0.6691 0.6473 0.6778 0.7286 0.7602 0.6819 0.7326 0.7817 0.6381 0.6546 0.7153 0.7004 0.7453 0.6180 0.6302 0.6643 0.7383 
0.6345 0.6358 0.6433 0.6364 0.6890 0.7887 0.7234 0.5553 0.5917 0.6875 0.6652 0.6709 0.6450 0.6650 0.6691 1.0000 0.7163 0.7556 0.7532 0.6739 0.6281 0.7042 0.7081 0.6320 0.5877 0.7113 0.6562 0.6826 0.7877 0.6131 0.5751 0.6642 
0.6664 0.7028 0.6906 0.6196 0.7004 0.6568 0.7293 0.6446 0.7027 0.6503 0.7062 0.6455 0.6318 0.6233 0.6473 0.7163 1.0000 0.7442 0.6581 0.6768 0.6116 0.7388 0.7091 0.7391 0.6870 0.7057 0.6900 0.7369 0.6999 0.6648 0.5760 0.7210 
0.6434 0.6680 0.5993 0.6379 0.7204 0.6965 0.7033 0.5731 0.6190 0.6980 0.6489 0.7196 0.6130 0.6254 0.6778 0.7556 0.7442 1.0000 0.7306 0.7291 0.6496 0.7148 0.7882 0.6777 0.6160 0.7684 0.6914 0.7314 0.7309 0.6451 0.5559 0.7254 
0.6463 0.6799 0.6511 0.6532 0.7863 0.7168 0.6926 0.5541 0.5967 0.7257 0.6093 0.6672 0.7180 0.7355 0.7286 0.7532 0.6581 0.7306 1.0000 0.7305 0.6674 0.7110 0.7723 0.6387 0.6445 0.7466 0.6678 0.7413 0.6901 0.5903 0.5995 0.6846 
0.6566 0.7853 0.6300 0.7081 0.7682 0.6003 0.7425 0.6224 0.6457 0.8267 0.6199 0.7481 0.6924 0.6542 0.7602 0.6739 0.6768 0.7291 0.7305 1.0000 0.7878 0.7664 0.8299 0.6389 0.6553 0.7219 0.7611 0.8209 0.6148 0.6016 0.6836 0.7973 
0.6357 0.7585 0.6265 0.7247 0.7072 0.5800 0.6547 0.6354 0.5922 0.7803 0.5714 0.7288 0.6425 0.6284 0.6819 0.6281 0.6116 0.6496 0.6674 0.7878 1.0000 0.7070 0.7384 0.5899 0.5917 0.6923 0.7330 0.6937 0.6119 0.6255 0.7252 0.6907 
0.7321 0.7794 0.7028 0.6886 0.7832 0.6287 0.7920 0.6657 0.6882 0.7830 0.6448 0.6654 0.6874 0.6661 0.7326 0.7042 0.7388 0.7148 0.7110 0.7664 0.7070 1.0000 0.7693 0.6882 0.6530 0.7361 0.7446 0.7767 0.6430 0.6563 0.7089 0.7756 
0.6543 0.7476 0.6237 0.6986 0.7886 0.6366 0.7252 0.6203 0.6459 0.7747 0.6214 0.7502 0.6807 0.6599 0.7817 0.7081 0.7091 0.7882 0.7723 0.8299 0.7384 0.7693 1.0000 0.6752 0.6523 0.7864 0.7431 0.7915 0.6619 0.6343 0.6403 0.7734 
0.6949 0.6705 0.6639 0.6125 0.6877 0.6347 0.6872 0.7273 0.7673 0.6145 0.7293 0.6335 0.6612 0.6176 0.6381 0.6320 0.7391 0.6777 0.6387 0.6389 0.5899 0.6882 0.6752 1.0000 0.6946 0.6765 0.6613 0.6967 0.6411 0.6616 0.6272 0.6858 
0.6366 0.7174 0.7059 0.6424 0.6799 0.5913 0.6536 0.6438 0.7429 0.6457 0.6609 0.5836 0.7378 0.6903 0.6546 0.5877 0.6870 0.6160 0.6445 0.6553 0.5917 0.6530 0.6523 0.6946 1.0000 0.6464 0.6378 0.7131 0.5770 0.6065 0.6030 0.6659 
0.6498 0.7032 0.6455 0.6813 0.7386 0.6873 0.7150 0.5986 0.6326 0.7313 0.6385 0.7206 0.6433 0.6172 0.7153 0.7113 0.7057 0.7684 0.7466 0.7219 0.6923 0.7361 0.7864 0.6765 0.6464 1.0000 0.7377 0.7163 0.7023 0.6776 0.6168 0.6924 
0.6371 0.7603 0.6110 0.6398 0.7220 0.5827 0.6934 0.6663 0.6652 0.7238 0.6142 0.7364 0.6369 0.6024 0.7004 0.6562 0.6900 0.6914 0.6678 0.7611 0.7330 0.7446 0.7431 0.6613 0.6378 0.7377 1.0000 0.7371 0.6215 0.6089 0.6784 0.7214 
0.7027 0.7779 0.6715 0.6814 0.8268 0.6239 0.7600 0.6432 0.7083 0.7730 0.6585 0.6740 0.7238 0.6988 0.7453 0.6826 0.7369 0.7314 0.7413 0.8209 0.6937 0.7767 0.7915 0.6967 0.7131 0.7163 0.7371 1.0000 0.6246 0.5978 0.6541 0.7907 
0.6180 0.5987 0.6550 0.6446 0.6359 0.7933 0.6617 0.5714 0.5634 0.6201 0.6602 0.6546 0.5914 0.6056 0.6180 0.7877 0.6999 0.7309 0.6901 0.6148 0.6119 0.6430 0.6619 0.6411 0.5770 0.7023 0.6215 0.6246 1.0000 0.6880 0.5313 0.6047 
0.6362 0.6366 0.6936 0.6669 0.6284 0.6538 0.6460 0.6546 0.6177 0.6087 0.6415 0.5973 0.5609 0.5516 0.6302 0.6131 0.6648 0.6451 0.5903 0.6016 0.6255 0.6563 0.6343 0.6616 0.6065 0.6776 0.6089 0.5978 0.6880 1.0000 0.5940 0.6296 
0.7313 0.7655 0.6528 0.6630 0.6779 0.5493 0.6691 0.7336 0.6625 0.7254 0.6273 0.6187 0.6500 0.6376 0.6643 0.5751 0.5760 0.5559 0.5995 0.6836 0.7252 0.7089 0.6403 0.6272 0.6030 0.6168 0.6784 0.6541 0.5313 0.5940 1.0000 0.6738 
0.6996 0.7565 0.6440 0.6518 0.7325 0.6140 0.7606 0.6718 0.7156 0.7459 0.6578 0.6780 0.6410 0.6317 0.7383 0.6642 0.7210 0.7254 0.6846 0.7973 0.6907 0.7756 0.7734 0.6858 0.6659 0.6924 0.7214 0.7907 0.6047 0.6296 0.6738 1.0000 
