1:	0.0000 0.1862 0.0000 0.0000 0.0000 0.0000 0.0000 0.0000 0.0000 0.0000 0.0000 0.0000 0.8138 0.0000 0.0000 0.0000 0.0000 	1
2:	0.4595 0.0000 0.0000 0.0000 0.0000 0.3000 0.0000 0.0000 0.0000 0.0000 0.0000 0.0405 0.0000 0.1000 0.1000 0.0000 0.0000 	2
3:	0.1099 0.0000 0.0089 0.0252 0.0078 0.0085 0.0000 0.0000 0.5742 0.0000 0.0000 0.0361 0.0000 0.1414 0.0000 0.0102 0.0777 	6
4:	0.4395 0.0000 0.0000 0.0000 0.0000 0.0000 0.1045 0.0000 0.0224 0.0018 0.0000 0.2813 0.0000 0.0020 0.0039 0.0051 0.1394 	4
5:	0.1147 0.0000 0.0248 0.2490 0.0000 0.0667 0.2000 0.0000 0.0464 0.0177 0.0819 0.1723 0.0000 0.0000 0.0000 0.0267 0.0000 	15
6:	0.1093 0.3631 0.0625 0.0000 0.0750 0.0000 0.0239 0.1250 0.0495 0.0000 0.0624 0.0000 0.0119 0.0000 0.0018 0.0500 0.0655 	8
7:	0.1213 0.0645 0.1209 0.0328 0.1300 0.0800 0.1408 0.0014 0.0162 0.0000 0.0255 0.1365 0.0241 0.0172 0.0200 0.0236 0.0452 	20
8:	0.0435 0.0472 0.1175 0.0095 0.0857 0.0000 0.0369 0.0006 0.1522 0.0000 0.0593 0.1627 0.1391 0.0381 0.0095 0.0381 0.0600 	21
9:	0.1243 0.0234 0.2224 0.0000 0.1238 0.0018 0.0217 0.0000 0.0286 0.0580 0.0762 0.1454 0.0481 0.0000 0.0172 0.0259 0.0833 	14
10:	0.0000 0.0000 0.0000 0.0000 0.0000 0.0000 0.0000 0.0000 0.0000 0.0000 0.2658 0.0000 0.0000 0.0000 0.5342 0.2000 0.0000 	1
11:	0.0000 0.0000 0.0000 0.2718 0.0000 0.0000 0.0000 0.0000 0.0000 0.3282 0.0000 0.0000 0.0000 0.1333 0.2667 0.0000 0.0000 	3
12:	0.0000 0.2000 0.0000 0.8000 0.0000 0.0000 0.0000 0.0000 0.0000 0.0000 0.0000 0.0000 0.0000 0.0000 0.0000 0.0000 0.0000 	5
13:	0.0000 0.1000 0.0000 0.1000 0.0000 0.0000 0.0000 0.0000 0.0000 0.0000 0.0000 0.0000 0.4000 0.4000 0.0000 0.0000 0.0000 	2
14:	0.0000 0.1307 0.0917 0.0000 0.1857 0.0232 0.0000 0.2000 0.0000 0.0000 0.0021 0.0000 0.1708 0.0000 0.0319 0.1095 0.0544 	5
15:	0.1051 0.3249 0.0305 0.0062 0.0000 0.1023 0.0000 0.2100 0.0000 0.0000 0.0006 0.0091 0.0366 0.0061 0.0734 0.0666 0.0286 	7
