
Using the parameter settings in the file: 
''1763151118/clumpp.paramfile''

Parameter settings
----------------------- Main parameters -------------------------
DATATYPE = 0
INDFILE = 1763151118/ClumppIndFile
POPFILE = 
OUTFILE = 1763151118/ClumppIndFile.output
MISCFILE = 1763151118/ClumppIndFile.misc
K = 12
C = 105
R = 50
M = 3
W = 0
S = 2
- Additional options for the Greedy and LargeKGreedy algorithms -
GREEDY_OPTION = 2
REPEATS = 2000
PERMUTATIONFILE = 
----------------------- Optional outputs ------------------------
PRINT_PERMUTED_DATA = 0
PERMUTED_DATAFILE = 
PRINT_EVERY_PERM = 0
EVERY_PERMFILE = 
PRINT_RANDOM_INPUTORDER = 0
RANDOM_INPUTORDERFILE = 
----------------------- Advanced options ------------------------
OVERRIDE_WARNINGS = 0
ORDER_BY_RUN = 1


In total, 2000 configurations of runs and clusters will be tested.

Results
------------------------------
The highest value of H' is: 0.37385287950210

The list of permutations of the clusters that produces that
H' value is (runs are listed sequentially on separate rows)

1 2 3 4 5 6 7 8 9 10 11 12 
6 12 7 11 10 5 8 4 1 2 9 3 
5 1 11 6 8 10 7 9 3 4 2 12 
3 4 8 6 5 7 1 12 2 10 9 11 
10 3 5 6 12 8 4 11 9 7 2 1 
8 12 2 4 9 7 11 3 1 6 10 5 
11 8 12 4 9 10 6 2 5 1 7 3 
10 12 1 6 11 2 4 7 9 5 8 3 
2 11 8 5 10 7 4 12 6 9 3 1 
3 4 5 11 6 7 2 9 8 12 1 10 
2 5 11 1 9 8 12 7 4 6 10 3 
6 4 5 8 7 10 12 9 1 2 11 3 
8 11 4 6 3 2 9 12 7 10 5 1 
1 10 7 4 3 12 5 9 2 6 11 8 
9 1 3 7 12 5 8 6 4 2 10 11 
12 11 2 5 6 10 4 8 7 9 3 1 
7 5 11 4 3 1 10 9 6 12 2 8 
11 1 5 7 2 10 8 6 9 4 3 12 
3 5 6 11 12 10 4 2 7 8 9 1 
12 4 10 6 3 2 1 7 8 11 5 9 
1 2 12 10 8 6 3 9 4 5 7 11 
1 5 9 8 4 10 3 12 11 6 7 2 
3 6 9 5 11 12 1 10 2 8 4 7 
5 9 1 11 12 7 6 4 10 2 3 8 
1 7 5 12 2 4 6 3 10 8 9 11 
6 8 5 3 7 11 4 9 10 12 2 1 
1 7 6 5 11 12 4 2 9 10 3 8 
1 9 6 10 5 4 8 7 2 12 3 11 
1 7 4 12 10 9 3 8 6 2 5 11 
11 6 7 9 2 4 1 8 10 3 12 5 
5 2 4 9 6 7 8 3 11 12 10 1 
9 1 11 7 2 12 5 6 8 10 3 4 
1 2 3 7 5 9 4 12 11 10 6 8 
11 3 8 5 4 1 9 2 7 12 6 10 
4 6 7 11 5 12 8 2 1 9 10 3 
2 6 12 9 4 7 1 5 8 3 11 10 
4 2 10 6 9 1 3 8 11 5 12 7 
5 4 7 10 12 3 9 1 8 6 11 2 
2 8 11 10 5 12 3 4 9 1 6 7 
5 8 3 11 9 7 2 1 4 12 6 10 
8 3 7 12 10 2 5 9 4 11 1 6 
7 6 8 9 3 2 4 11 5 12 10 1 
2 8 1 9 5 12 6 7 10 4 3 11 
11 6 7 12 8 1 2 5 10 3 4 9 
4 7 9 3 8 2 1 12 5 11 10 6 
2 5 6 10 8 4 1 7 3 11 12 9 
2 12 9 4 5 1 11 7 3 10 6 8 
2 4 1 11 9 3 12 5 8 6 7 10 
11 6 8 9 10 5 7 2 3 12 4 1 
7 8 9 12 1 3 10 5 4 6 11 2 

The pairwise G' values for each pair of runs where the clusters
of each run are permuted according to the list of permutations above

1.0000 0.4296 0.3951 0.4391 0.4246 0.3816 0.4062 0.4345 0.3739 0.5132 0.4330 0.3499 0.4190 0.4955 0.4492 0.3984 0.3599 0.3929 0.4428 0.3936 0.3367 0.4108 0.4808 0.4415 0.3717 0.4284 0.3877 0.4520 0.3980 0.4180 0.4082 0.4307 0.4485 0.3930 0.4274 0.4283 0.3778 0.3850 0.4403 0.4531 0.3842 0.4096 0.4251 0.3881 0.3816 0.3596 0.4404 0.3895 0.3219 0.5043 
0.4296 1.0000 0.3599 0.4117 0.3622 0.3405 0.3959 0.4040 0.3403 0.3908 0.4395 0.3690 0.3859 0.4559 0.3581 0.3766 0.3588 0.4152 0.4375 0.3832 0.3896 0.3761 0.3443 0.4077 0.4308 0.3835 0.3918 0.3908 0.4212 0.4349 0.3526 0.3824 0.4008 0.3958 0.3489 0.3801 0.3595 0.3670 0.3517 0.5007 0.4169 0.3852 0.3401 0.3478 0.3460 0.3716 0.3694 0.4216 0.3036 0.4420 
0.3951 0.3599 1.0000 0.4169 0.3500 0.3645 0.3703 0.3796 0.3438 0.3921 0.4333 0.3709 0.3280 0.3869 0.3780 0.3192 0.3484 0.3690 0.3972 0.3748 0.4121 0.3336 0.3828 0.3840 0.3601 0.3733 0.3454 0.4072 0.3997 0.3988 0.3436 0.3627 0.3435 0.3768 0.3596 0.3875 0.2881 0.3920 0.3519 0.3695 0.3452 0.3407 0.4061 0.3063 0.3352 0.3660 0.3329 0.3510 0.2990 0.4004 
0.4391 0.4117 0.4169 1.0000 0.3890 0.4065 0.4312 0.3675 0.3918 0.4109 0.4296 0.3609 0.3710 0.4009 0.4032 0.3544 0.4028 0.3812 0.4353 0.4339 0.3717 0.3725 0.3979 0.4129 0.3804 0.3777 0.3555 0.4208 0.4267 0.4462 0.4412 0.4051 0.3684 0.4230 0.4209 0.3981 0.3499 0.4169 0.3681 0.4001 0.3412 0.3343 0.4405 0.3258 0.3911 0.3586 0.3878 0.3876 0.3154 0.4402 
0.4246 0.3622 0.3500 0.3890 1.0000 0.3660 0.4033 0.3704 0.3363 0.3999 0.3888 0.3278 0.3898 0.3553 0.4100 0.3126 0.3374 0.3516 0.4140 0.3568 0.3140 0.3674 0.3826 0.4142 0.3925 0.4171 0.3348 0.3643 0.3975 0.3673 0.3701 0.3131 0.4252 0.3329 0.3460 0.3553 0.3241 0.3257 0.3802 0.3915 0.3510 0.3308 0.3439 0.3529 0.3413 0.3793 0.3937 0.3715 0.3612 0.4269 
0.3816 0.3405 0.3645 0.4065 0.3660 1.0000 0.3858 0.3297 0.3602 0.3770 0.3514 0.3682 0.3408 0.3785 0.3504 0.3521 0.3819 0.3304 0.3859 0.3729 0.3515 0.3422 0.4245 0.3487 0.4368 0.3287 0.3304 0.3745 0.3909 0.3475 0.3668 0.3435 0.3561 0.3689 0.4135 0.3311 0.3490 0.3261 0.3495 0.3653 0.3333 0.3558 0.4142 0.3262 0.3172 0.3640 0.3485 0.4192 0.2866 0.3929 
0.4062 0.3959 0.3703 0.4312 0.4033 0.3858 1.0000 0.3489 0.3521 0.4125 0.3910 0.3727 0.3571 0.3852 0.3549 0.3530 0.3939 0.3819 0.4304 0.4068 0.3433 0.3555 0.4090 0.3669 0.3866 0.3733 0.3804 0.4334 0.4081 0.4167 0.3635 0.3006 0.3751 0.3457 0.3820 0.3508 0.3781 0.3326 0.3547 0.3568 0.3338 0.3878 0.3920 0.3420 0.3419 0.3310 0.3624 0.3591 0.2887 0.4146 
0.4345 0.4040 0.3796 0.3675 0.3704 0.3297 0.3489 1.0000 0.3796 0.4250 0.3786 0.3969 0.3856 0.4272 0.3476 0.3453 0.3117 0.3941 0.3921 0.3545 0.3281 0.3693 0.3875 0.4751 0.3844 0.4033 0.4215 0.4126 0.4261 0.4042 0.3061 0.3465 0.4365 0.3595 0.3580 0.4238 0.2726 0.3175 0.3972 0.3937 0.3453 0.3366 0.3595 0.3298 0.3546 0.3901 0.3523 0.3890 0.2999 0.4000 
0.3739 0.3403 0.3438 0.3918 0.3363 0.3602 0.3521 0.3796 1.0000 0.3387 0.3912 0.4398 0.3433 0.3809 0.3756 0.3861 0.3649 0.3433 0.4435 0.3294 0.3453 0.3835 0.3851 0.4234 0.4011 0.3749 0.3601 0.3865 0.3750 0.3628 0.3219 0.3149 0.3598 0.3438 0.3852 0.3402 0.3679 0.3674 0.3573 0.3441 0.3418 0.3382 0.3798 0.3254 0.3567 0.4001 0.3330 0.3870 0.2857 0.3526 
0.5132 0.3908 0.3921 0.4109 0.3999 0.3770 0.4125 0.4250 0.3387 1.0000 0.4015 0.3678 0.4177 0.4569 0.3761 0.3730 0.3457 0.3980 0.4092 0.3512 0.3310 0.3859 0.4650 0.4543 0.3600 0.4583 0.3751 0.4320 0.4056 0.3875 0.4334 0.3762 0.4465 0.3978 0.4586 0.4160 0.3642 0.3426 0.4028 0.4255 0.3726 0.3819 0.4358 0.3764 0.3370 0.3805 0.3941 0.3712 0.3068 0.4609 
0.4330 0.4395 0.4333 0.4296 0.3888 0.3514 0.3910 0.3786 0.3912 0.4015 1.0000 0.3453 0.3911 0.4371 0.4438 0.3926 0.3977 0.3924 0.4406 0.3715 0.3805 0.4063 0.3533 0.4367 0.4437 0.4197 0.3472 0.3972 0.4480 0.4563 0.3786 0.3867 0.3706 0.4311 0.3711 0.3777 0.3338 0.3930 0.3785 0.4359 0.4027 0.3607 0.3754 0.3543 0.3536 0.3983 0.4397 0.4004 0.3287 0.5092 
0.3499 0.3690 0.3709 0.3609 0.3278 0.3682 0.3727 0.3969 0.4398 0.3678 0.3453 1.0000 0.3558 0.4206 0.3820 0.3844 0.3478 0.3685 0.3944 0.3730 0.3620 0.3474 0.3797 0.4026 0.4352 0.3594 0.3314 0.4321 0.3937 0.3439 0.3043 0.3320 0.3841 0.3786 0.3551 0.4018 0.3339 0.3982 0.3447 0.3947 0.3827 0.3730 0.4029 0.3143 0.3571 0.4078 0.3304 0.3636 0.2641 0.3637 
0.4190 0.3859 0.3280 0.3710 0.3898 0.3408 0.3571 0.3856 0.3433 0.4177 0.3911 0.3558 1.0000 0.4007 0.3615 0.3655 0.3383 0.3584 0.3619 0.3617 0.3367 0.3583 0.4078 0.3899 0.3955 0.3630 0.3269 0.3942 0.3951 0.3681 0.3395 0.3697 0.4322 0.3714 0.3691 0.3799 0.3364 0.3805 0.3661 0.4170 0.3906 0.3666 0.3897 0.3190 0.3510 0.3195 0.3523 0.3979 0.3045 0.3893 
0.4955 0.4559 0.3869 0.4009 0.3553 0.3785 0.3852 0.4272 0.3809 0.4569 0.4371 0.4206 0.4007 1.0000 0.3911 0.4359 0.3405 0.4299 0.4100 0.3597 0.3581 0.4142 0.4163 0.4473 0.4393 0.4319 0.3743 0.4230 0.4362 0.4255 0.3381 0.3872 0.4233 0.3848 0.3938 0.4563 0.3236 0.3879 0.3884 0.4613 0.4292 0.4231 0.3978 0.3794 0.3688 0.3876 0.4149 0.3964 0.2958 0.4689 
0.4492 0.3581 0.3780 0.4032 0.4100 0.3504 0.3549 0.3476 0.3756 0.3761 0.4438 0.3820 0.3615 0.3911 1.0000 0.3787 0.3475 0.3274 0.4356 0.3322 0.3341 0.3380 0.3451 0.4178 0.3716 0.3706 0.3021 0.3626 0.4035 0.3611 0.3310 0.4133 0.3771 0.3575 0.3365 0.3914 0.3707 0.3570 0.3902 0.3667 0.3909 0.3583 0.3908 0.3188 0.3620 0.3661 0.4141 0.4003 0.3161 0.4154 
0.3984 0.3766 0.3192 0.3544 0.3126 0.3521 0.3530 0.3453 0.3861 0.3730 0.3926 0.3844 0.3655 0.4359 0.3787 1.0000 0.3296 0.3443 0.3903 0.3341 0.3190 0.4192 0.3760 0.3628 0.4173 0.4170 0.3539 0.3598 0.3996 0.3547 0.3245 0.3263 0.3649 0.3383 0.3469 0.3579 0.3736 0.3472 0.3571 0.3788 0.4256 0.4076 0.3260 0.3336 0.3518 0.3272 0.3580 0.3748 0.2698 0.4037 
0.3599 0.3588 0.3484 0.4028 0.3374 0.3819 0.3939 0.3117 0.3649 0.3457 0.3977 0.3478 0.3383 0.3405 0.3475 0.3296 1.0000 0.3471 0.3646 0.3728 0.4772 0.3571 0.3488 0.3970 0.3636 0.3311 0.4014 0.3622 0.3878 0.3541 0.3648 0.3447 0.3713 0.4124 0.3768 0.3419 0.3543 0.3772 0.3929 0.3689 0.3500 0.3073 0.3739 0.3338 0.3186 0.4229 0.3579 0.3387 0.2839 0.3623 
0.3929 0.4152 0.3690 0.3812 0.3516 0.3304 0.3819 0.3941 0.3433 0.3980 0.3924 0.3685 0.3584 0.4299 0.3274 0.3443 0.3471 1.0000 0.3649 0.3576 0.3507 0.4117 0.3760 0.4172 0.4011 0.3961 0.3732 0.3534 0.4337 0.3824 0.3475 0.3591 0.3577 0.3423 0.3766 0.3787 0.3433 0.3170 0.3394 0.3985 0.4062 0.3994 0.3518 0.3354 0.3379 0.3872 0.3704 0.3997 0.2892 0.4191 
0.4428 0.4375 0.3972 0.4353 0.4140 0.3859 0.4304 0.3921 0.4435 0.4092 0.4406 0.3944 0.3619 0.4100 0.4356 0.3903 0.3646 0.3649 1.0000 0.3519 0.3644 0.3620 0.4123 0.4668 0.4074 0.4038 0.3578 0.3891 0.4651 0.4009 0.3261 0.3629 0.4057 0.3967 0.4137 0.3868 0.3726 0.3464 0.4032 0.3744 0.4328 0.3579 0.3803 0.3495 0.3449 0.4221 0.3933 0.4255 0.3213 0.4376 
0.3936 0.3832 0.3748 0.4339 0.3568 0.3729 0.4068 0.3545 0.3294 0.3512 0.3715 0.3730 0.3617 0.3597 0.3322 0.3341 0.3728 0.3576 0.3519 1.0000 0.3456 0.3182 0.3743 0.3651 0.3597 0.3521 0.3274 0.3997 0.3981 0.4096 0.3345 0.3150 0.3663 0.3141 0.3806 0.3735 0.2951 0.3542 0.3249 0.3559 0.3348 0.3374 0.3906 0.2944 0.3242 0.3225 0.3089 0.2936 0.2518 0.4023 
0.3367 0.3896 0.4121 0.3717 0.3140 0.3515 0.3433 0.3281 0.3453 0.3310 0.3805 0.3620 0.3367 0.3581 0.3341 0.3190 0.4772 0.3507 0.3644 0.3456 1.0000 0.3397 0.3185 0.3929 0.3396 0.3451 0.3806 0.3723 0.4027 0.3405 0.3271 0.3307 0.3308 0.4066 0.3557 0.3374 0.3093 0.3678 0.3605 0.3867 0.3345 0.3085 0.3319 0.3046 0.3107 0.4068 0.3308 0.3456 0.2947 0.3790 
0.4108 0.3761 0.3336 0.3725 0.3674 0.3422 0.3555 0.3693 0.3835 0.3859 0.4063 0.3474 0.3583 0.4142 0.3380 0.4192 0.3571 0.4117 0.3620 0.3182 0.3397 1.0000 0.4084 0.3663 0.4216 0.4385 0.3666 0.3425 0.3846 0.4144 0.3592 0.3219 0.3747 0.3151 0.3612 0.3643 0.3323 0.3298 0.3296 0.3666 0.3774 0.3850 0.3482 0.3418 0.3290 0.3723 0.4232 0.4261 0.3074 0.3727 
0.4808 0.3443 0.3828 0.3979 0.3826 0.4245 0.4090 0.3875 0.3851 0.4650 0.3533 0.3797 0.4078 0.4163 0.3451 0.3760 0.3488 0.3760 0.4123 0.3743 0.3185 0.4084 1.0000 0.3867 0.4122 0.4122 0.3241 0.4199 0.4157 0.3346 0.4012 0.3293 0.3857 0.3765 0.4256 0.3711 0.3469 0.3332 0.3595 0.4081 0.3627 0.3826 0.3905 0.3218 0.3397 0.3635 0.3689 0.3746 0.2901 0.4002 
0.4415 0.4077 0.3840 0.4129 0.4142 0.3487 0.3669 0.4751 0.4234 0.4543 0.4367 0.4026 0.3899 0.4473 0.4178 0.3628 0.3970 0.4172 0.4668 0.3651 0.3929 0.3663 0.3867 1.0000 0.3867 0.4288 0.4035 0.3813 0.4353 0.3770 0.3705 0.3630 0.3830 0.3994 0.3946 0.4459 0.3230 0.3571 0.4818 0.4765 0.3862 0.3665 0.4111 0.3650 0.3162 0.4345 0.3877 0.4533 0.3256 0.4513 
0.3717 0.4308 0.3601 0.3804 0.3925 0.4368 0.3866 0.3844 0.4011 0.3600 0.4437 0.4352 0.3955 0.4393 0.3716 0.4173 0.3636 0.4011 0.4074 0.3597 0.3396 0.4216 0.4122 0.3867 1.0000 0.3950 0.3584 0.3812 0.4145 0.3758 0.3386 0.3405 0.3870 0.3531 0.3941 0.3631 0.3432 0.3578 0.3352 0.4144 0.4252 0.4076 0.3705 0.3958 0.3532 0.4103 0.4021 0.4841 0.2804 0.3990 
0.4284 0.3835 0.3733 0.3777 0.4171 0.3287 0.3733 0.4033 0.3749 0.4583 0.4197 0.3594 0.3630 0.4319 0.3706 0.4170 0.3311 0.3961 0.4038 0.3521 0.3451 0.4385 0.4122 0.4288 0.3950 1.0000 0.4060 0.4022 0.4271 0.4072 0.3921 0.3514 0.4264 0.3913 0.3735 0.4114 0.3703 0.3703 0.3546 0.4056 0.3967 0.4104 0.3612 0.3901 0.3944 0.3747 0.4345 0.3915 0.3570 0.4458 
0.3877 0.3918 0.3454 0.3555 0.3348 0.3304 0.3804 0.4215 0.3601 0.3751 0.3472 0.3314 0.3269 0.3743 0.3021 0.3539 0.4014 0.3732 0.3578 0.3274 0.3806 0.3666 0.3241 0.4035 0.3584 0.4060 1.0000 0.3561 0.3907 0.4559 0.3106 0.3308 0.3692 0.3841 0.3263 0.3320 0.3441 0.3460 0.3736 0.3571 0.3412 0.3375 0.3150 0.3705 0.3531 0.4094 0.3310 0.3799 0.2870 0.4138 
0.4520 0.3908 0.4072 0.4208 0.3643 0.3745 0.4334 0.4126 0.3865 0.4320 0.3972 0.4321 0.3942 0.4230 0.3626 0.3598 0.3622 0.3534 0.3891 0.3997 0.3723 0.3425 0.4199 0.3813 0.3812 0.4022 0.3561 1.0000 0.4232 0.4130 0.3741 0.3353 0.4191 0.4048 0.4299 0.3940 0.3949 0.3942 0.3340 0.4036 0.3444 0.3604 0.4110 0.3293 0.3780 0.3504 0.3852 0.3648 0.3081 0.4256 
0.3980 0.4212 0.3997 0.4267 0.3975 0.3909 0.4081 0.4261 0.3750 0.4056 0.4480 0.3937 0.3951 0.4362 0.4035 0.3996 0.3878 0.4337 0.4651 0.3981 0.4027 0.3846 0.4157 0.4353 0.4145 0.4271 0.3907 0.4232 1.0000 0.4376 0.3606 0.3406 0.3940 0.4009 0.4092 0.4037 0.3475 0.3728 0.3698 0.4114 0.4064 0.3436 0.3638 0.3226 0.3360 0.4146 0.3694 0.3777 0.3005 0.4304 
0.4180 0.4349 0.3988 0.4462 0.3673 0.3475 0.4167 0.4042 0.3628 0.3875 0.4563 0.3439 0.3681 0.4255 0.3611 0.3547 0.3541 0.3824 0.4009 0.4096 0.3405 0.4144 0.3346 0.3770 0.3758 0.4072 0.4559 0.4130 0.4376 1.0000 0.3720 0.3651 0.3850 0.3621 0.3910 0.3623 0.3471 0.3656 0.3469 0.3922 0.3564 0.3901 0.3789 0.3579 0.4062 0.3645 0.3847 0.4133 0.3238 0.4491 
0.4082 0.3526 0.3436 0.4412 0.3701 0.3668 0.3635 0.3061 0.3219 0.4334 0.3786 0.3043 0.3395 0.3381 0.3310 0.3245 0.3648 0.3475 0.3261 0.3345 0.3271 0.3592 0.4012 0.3705 0.3386 0.3921 0.3106 0.3741 0.3606 0.3720 1.0000 0.3517 0.3449 0.3525 0.4048 0.3341 0.3604 0.3474 0.3606 0.4058 0.3475 0.3364 0.3771 0.2936 0.3460 0.3086 0.3218 0.3549 0.3484 0.4153 
0.4307 0.3824 0.3627 0.4051 0.3131 0.3435 0.3006 0.3465 0.3149 0.3762 0.3867 0.3320 0.3697 0.3872 0.4133 0.3263 0.3447 0.3591 0.3629 0.3150 0.3307 0.3219 0.3293 0.3630 0.3405 0.3514 0.3308 0.3353 0.3406 0.3651 0.3517 1.0000 0.3765 0.3850 0.3758 0.3881 0.3589 0.3775 0.3609 0.4163 0.3513 0.3500 0.4155 0.3731 0.3399 0.3185 0.3656 0.4094 0.3187 0.3995 
0.4485 0.4008 0.3435 0.3684 0.4252 0.3561 0.3751 0.4365 0.3598 0.4465 0.3706 0.3841 0.4322 0.4233 0.3771 0.3649 0.3713 0.3577 0.4057 0.3663 0.3308 0.3747 0.3857 0.3830 0.3870 0.4264 0.3692 0.4191 0.3940 0.3850 0.3449 0.3765 1.0000 0.4054 0.3688 0.4534 0.3583 0.3220 0.3512 0.4265 0.4053 0.3866 0.3807 0.3641 0.3878 0.3283 0.3827 0.3833 0.3172 0.4022 
0.3930 0.3958 0.3768 0.4230 0.3329 0.3689 0.3457 0.3595 0.3438 0.3978 0.4311 0.3786 0.3714 0.3848 0.3575 0.3383 0.4124 0.3423 0.3967 0.3141 0.4066 0.3151 0.3765 0.3994 0.3531 0.3913 0.3841 0.4048 0.4009 0.3621 0.3525 0.3850 0.4054 1.0000 0.3434 0.4071 0.3696 0.3550 0.3649 0.4179 0.3211 0.3192 0.4161 0.3268 0.3557 0.3547 0.3879 0.3752 0.3217 0.3899 
0.4274 0.3489 0.3596 0.4209 0.3460 0.4135 0.3820 0.3580 0.3852 0.4586 0.3711 0.3551 0.3691 0.3938 0.3365 0.3469 0.3768 0.3766 0.4137 0.3806 0.3557 0.3612 0.4256 0.3946 0.3941 0.3735 0.3263 0.4299 0.4092 0.3910 0.4048 0.3758 0.3688 0.3434 1.0000 0.3472 0.3658 0.3559 0.3618 0.3896 0.3523 0.3746 0.4316 0.3547 0.3449 0.3506 0.3557 0.3736 0.2898 0.3952 
0.4283 0.3801 0.3875 0.3981 0.3553 0.3311 0.3508 0.4238 0.3402 0.4160 0.3777 0.4018 0.3799 0.4563 0.3914 0.3579 0.3419 0.3787 0.3868 0.3735 0.3374 0.3643 0.3711 0.4459 0.3631 0.4114 0.3320 0.3940 0.4037 0.3623 0.3341 0.3881 0.4534 0.4071 0.3472 1.0000 0.3103 0.3565 0.3750 0.4075 0.4334 0.3454 0.4296 0.3222 0.3954 0.3568 0.3797 0.3259 0.3250 0.3711 
0.3778 0.3595 0.2881 0.3499 0.3241 0.3490 0.3781 0.2726 0.3679 0.3642 0.3338 0.3339 0.3364 0.3236 0.3707 0.3736 0.3543 0.3433 0.3726 0.2951 0.3093 0.3323 0.3469 0.3230 0.3432 0.3703 0.3441 0.3949 0.3475 0.3471 0.3604 0.3589 0.3583 0.3696 0.3658 0.3103 1.0000 0.3270 0.2967 0.3315 0.3330 0.3481 0.3651 0.2997 0.3239 0.3371 0.3654 0.3956 0.3213 0.3739 
0.3850 0.3670 0.3920 0.4169 0.3257 0.3261 0.3326 0.3175 0.3674 0.3426 0.3930 0.3982 0.3805 0.3879 0.3570 0.3472 0.3772 0.3170 0.3464 0.3542 0.3678 0.3298 0.3332 0.3571 0.3578 0.3703 0.3460 0.3942 0.3728 0.3656 0.3474 0.3775 0.3220 0.3550 0.3559 0.3565 0.3270 1.0000 0.3305 0.3944 0.3649 0.3768 0.3844 0.3177 0.3626 0.3264 0.3569 0.3320 0.3157 0.4013 
0.4403 0.3517 0.3519 0.3681 0.3802 0.3495 0.3547 0.3972 0.3573 0.4028 0.3785 0.3447 0.3661 0.3884 0.3902 0.3571 0.3929 0.3394 0.4032 0.3249 0.3605 0.3296 0.3595 0.4818 0.3352 0.3546 0.3736 0.3340 0.3698 0.3469 0.3606 0.3609 0.3512 0.3649 0.3618 0.3750 0.2967 0.3305 1.0000 0.4108 0.3425 0.3364 0.3701 0.3361 0.3329 0.3847 0.3516 0.3377 0.3200 0.4200 
0.4531 0.5007 0.3695 0.4001 0.3915 0.3653 0.3568 0.3937 0.3441 0.4255 0.4359 0.3947 0.4170 0.4613 0.3667 0.3788 0.3689 0.3985 0.3744 0.3559 0.3867 0.3666 0.4081 0.4765 0.4144 0.4056 0.3571 0.4036 0.4114 0.3922 0.4058 0.4163 0.4265 0.4179 0.3896 0.4075 0.3315 0.3944 0.4108 1.0000 0.3970 0.3888 0.3921 0.3786 0.3440 0.3535 0.3891 0.3873 0.3514 0.4778 
0.3842 0.4169 0.3452 0.3412 0.3510 0.3333 0.3338 0.3453 0.3418 0.3726 0.4027 0.3827 0.3906 0.4292 0.3909 0.4256 0.3500 0.4062 0.4328 0.3348 0.3345 0.3774 0.3627 0.3862 0.4252 0.3967 0.3412 0.3444 0.4064 0.3564 0.3475 0.3513 0.4053 0.3211 0.3523 0.4334 0.3330 0.3649 0.3425 0.3970 1.0000 0.4184 0.3160 0.3300 0.3914 0.3491 0.4002 0.3635 0.3149 0.3792 
0.4096 0.3852 0.3407 0.3343 0.3308 0.3558 0.3878 0.3366 0.3382 0.3819 0.3607 0.3730 0.3666 0.4231 0.3583 0.4076 0.3073 0.3994 0.3579 0.3374 0.3085 0.3850 0.3826 0.3665 0.4076 0.4104 0.3375 0.3604 0.3436 0.3901 0.3364 0.3500 0.3866 0.3192 0.3746 0.3454 0.3481 0.3768 0.3364 0.3888 0.4184 1.0000 0.3627 0.3647 0.3698 0.2833 0.3798 0.4283 0.2861 0.4125 
0.4251 0.3401 0.4061 0.4405 0.3439 0.4142 0.3920 0.3595 0.3798 0.4358 0.3754 0.4029 0.3897 0.3978 0.3908 0.3260 0.3739 0.3518 0.3803 0.3906 0.3319 0.3482 0.3905 0.4111 0.3705 0.3612 0.3150 0.4110 0.3638 0.3789 0.3771 0.4155 0.3807 0.4161 0.4316 0.4296 0.3651 0.3844 0.3701 0.3921 0.3160 0.3627 1.0000 0.3465 0.3389 0.3478 0.3798 0.3867 0.2964 0.4082 
0.3881 0.3478 0.3063 0.3258 0.3529 0.3262 0.3420 0.3298 0.3254 0.3764 0.3543 0.3143 0.3190 0.3794 0.3188 0.3336 0.3338 0.3354 0.3495 0.2944 0.3046 0.3418 0.3218 0.3650 0.3958 0.3901 0.3705 0.3293 0.3226 0.3579 0.2936 0.3731 0.3641 0.3268 0.3547 0.3222 0.2997 0.3177 0.3361 0.3786 0.3300 0.3647 0.3465 1.0000 0.3119 0.3177 0.3717 0.3498 0.2740 0.3820 
0.3816 0.3460 0.3352 0.3911 0.3413 0.3172 0.3419 0.3546 0.3567 0.3370 0.3536 0.3571 0.3510 0.3688 0.3620 0.3518 0.3186 0.3379 0.3449 0.3242 0.3107 0.3290 0.3397 0.3162 0.3532 0.3944 0.3531 0.3780 0.3360 0.4062 0.3460 0.3399 0.3878 0.3557 0.3449 0.3954 0.3239 0.3626 0.3329 0.3440 0.3914 0.3698 0.3389 0.3119 1.0000 0.3064 0.3575 0.3506 0.3231 0.3721 
0.3596 0.3716 0.3660 0.3586 0.3793 0.3640 0.3310 0.3901 0.4001 0.3805 0.3983 0.4078 0.3195 0.3876 0.3661 0.3272 0.4229 0.3872 0.4221 0.3225 0.4068 0.3723 0.3635 0.4345 0.4103 0.3747 0.4094 0.3504 0.4146 0.3645 0.3086 0.3185 0.3283 0.3547 0.3506 0.3568 0.3371 0.3264 0.3847 0.3535 0.3491 0.2833 0.3478 0.3177 0.3064 1.0000 0.3547 0.3689 0.2791 0.3665 
0.4404 0.3694 0.3329 0.3878 0.3937 0.3485 0.3624 0.3523 0.3330 0.3941 0.4397 0.3304 0.3523 0.4149 0.4141 0.3580 0.3579 0.3704 0.3933 0.3089 0.3308 0.4232 0.3689 0.3877 0.4021 0.4345 0.3310 0.3852 0.3694 0.3847 0.3218 0.3656 0.3827 0.3879 0.3557 0.3797 0.3654 0.3569 0.3516 0.3891 0.4002 0.3798 0.3798 0.3717 0.3575 0.3547 1.0000 0.3899 0.3270 0.3984 
0.3895 0.4216 0.3510 0.3876 0.3715 0.4192 0.3591 0.3890 0.3870 0.3712 0.4004 0.3636 0.3979 0.3964 0.4003 0.3748 0.3387 0.3997 0.4255 0.2936 0.3456 0.4261 0.3746 0.4533 0.4841 0.3915 0.3799 0.3648 0.3777 0.4133 0.3549 0.4094 0.3833 0.3752 0.3736 0.3259 0.3956 0.3320 0.3377 0.3873 0.3635 0.4283 0.3867 0.3498 0.3506 0.3689 0.3899 1.0000 0.3151 0.3967 
0.3219 0.3036 0.2990 0.3154 0.3612 0.2866 0.2887 0.2999 0.2857 0.3068 0.3287 0.2641 0.3045 0.2958 0.3161 0.2698 0.2839 0.2892 0.3213 0.2518 0.2947 0.3074 0.2901 0.3256 0.2804 0.3570 0.2870 0.3081 0.3005 0.3238 0.3484 0.3187 0.3172 0.3217 0.2898 0.3250 0.3213 0.3157 0.3200 0.3514 0.3149 0.2861 0.2964 0.2740 0.3231 0.2791 0.3270 0.3151 1.0000 0.3445 
0.5043 0.4420 0.4004 0.4402 0.4269 0.3929 0.4146 0.4000 0.3526 0.4609 0.5092 0.3637 0.3893 0.4689 0.4154 0.4037 0.3623 0.4191 0.4376 0.4023 0.3790 0.3727 0.4002 0.4513 0.3990 0.4458 0.4138 0.4256 0.4304 0.4491 0.4153 0.3995 0.4022 0.3899 0.3952 0.3711 0.3739 0.4013 0.4200 0.4778 0.3792 0.4125 0.4082 0.3820 0.3721 0.3665 0.3984 0.3967 0.3445 1.0000 
