0.992048	-0.052278	0.008863	0.010989	0.026708	0.030756	0.016465	0.023480	0.002582	-0.088360	-0.001907	0.011026	0.013344	-0.001093	0.011714	-0.071334	-0.063785	-0.068276	-0.068711	-0.075890	-0.064898	-0.053059	-0.047582	0.014855	0.206867	0.103021	0.145098	0.018970	0.034733	0.008852	-0.040449	0.018509	-0.082336	-0.066198	0.013242	0.012754	0.025815	-0.016072	-0.054519	0.022355	-0.011941	-0.067648	-0.057490	-0.067136	-0.049553	-0.070036	-0.057763	-0.050579	-0.073856	-0.088403	-0.024968	-0.041036	-0.038310	-0.052133	-0.071440	-0.066100	0.023737	0.010772	-0.032051	-0.041463	0.020004	0.022587	0.043952	0.088097	-0.062720	0.019608	0.000590	-0.074173	0.005688	0.004935	-0.031261	0.040883	0.022421	0.007571	0.004615	0.007431	0.009761	-0.078981	0.026130	0.006789	0.043817	0.005505	0.008914	0.014666	0.003296	0.023057	-0.005800	-0.000292	0.036448	0.007197	0.109751	-0.050133	-0.085695	
-0.052278	1.153909	-0.160552	-0.152883	-0.158400	-0.162175	-0.163798	-0.162604	-0.155941	0.213436	-0.160971	-0.145443	-0.147628	-0.145937	-0.156911	0.185634	0.193036	0.170899	0.174830	0.180908	0.173504	0.153398	0.179793	-0.153560	-0.041573	0.007384	0.017848	-0.152799	-0.136131	-0.157845	0.199369	-0.148172	0.223358	0.211112	-0.162781	-0.156136	-0.157035	-0.158581	0.188501	-0.149210	0.205678	0.189865	0.201364	0.204358	0.193565	0.215462	0.185578	0.192278	0.159623	0.176194	0.114879	0.180668	0.157209	0.165739	0.191528	0.134011	-0.140398	-0.131614	0.154233	0.176744	-0.152348	-0.144915	-0.153833	-0.007950	0.177738	-0.151904	-0.156125	0.202079	-0.155697	-0.155892	0.036692	-0.153955	-0.148825	-0.151429	-0.158803	-0.156323	-0.161325	0.184386	-0.148060	-0.158944	-0.152226	-0.156891	-0.163413	-0.154266	-0.155524	-0.148405	-0.167620	-0.160196	-0.164559	-0.170283	-0.017731	0.227352	0.206903	
0.008863	-0.160552	0.914405	0.091596	0.079032	0.072409	0.074766	0.069324	0.090153	-0.155755	0.079869	0.083990	0.087705	0.070285	0.086628	-0.167369	-0.170464	-0.169203	-0.175797	-0.175157	-0.176868	-0.128715	-0.151421	0.474488	-0.061306	-0.064531	-0.062306	0.085148	0.085518	0.075498	-0.162159	0.071909	-0.166738	-0.155992	0.507102	0.101429	0.068856	0.092381	-0.145856	0.063297	-0.170606	-0.172595	-0.168935	-0.153552	-0.152486	-0.163598	-0.136227	-0.163186	-0.146794	-0.161031	-0.122090	-0.160166	-0.152731	-0.152756	-0.159016	-0.139616	0.065767	0.054011	-0.131751	-0.147477	0.096371	0.079451	0.060604	-0.059143	-0.152031	0.091042	0.071481	-0.152533	0.096674	0.079544	-0.049409	0.093903	0.097812	0.087949	0.099522	0.107241	0.088159	-0.164010	0.081944	0.081178	0.091361	0.095964	0.088865	0.084010	0.086366	0.074827	0.089858	0.089045	0.110500	0.080888	-0.029100	-0.167460	-0.154001	
0.010989	-0.152883	0.091596	0.852097	0.079365	0.080510	0.080184	0.081852	0.117353	-0.146874	0.105000	0.099357	0.083679	0.086950	0.080738	-0.158145	-0.160107	-0.159629	-0.158275	-0.162013	-0.156683	-0.128959	-0.149700	0.090620	-0.035506	-0.021888	-0.082179	0.088733	0.086203	0.094129	-0.147396	0.109905	-0.150157	-0.158117	0.081842	0.096308	0.078838	0.086685	-0.137592	0.085717	-0.151297	-0.154388	-0.149256	-0.144055	-0.139882	-0.143253	-0.146335	-0.151965	-0.140769	-0.144340	-0.113704	-0.143405	-0.142587	-0.146969	-0.145268	-0.123883	0.083888	0.071370	-0.118083	-0.136233	0.105150	0.098011	0.079782	-0.039395	-0.140031	0.074576	0.093550	-0.137377	0.086792	0.095249	-0.035461	0.102603	0.084270	0.128268	0.104411	0.098869	0.095780	-0.140909	0.082442	0.114602	0.095927	0.102639	0.110220	0.093407	0.094201	0.093308	0.091496	0.101073	0.085785	0.108100	-0.023231	-0.161191	-0.157413	
0.026708	-0.158400	0.079032	0.079365	0.865151	0.448124	0.463101	0.447288	0.067261	-0.157583	0.090702	0.061921	0.074420	0.067626	0.071855	-0.155175	-0.163809	-0.152460	-0.163744	-0.161521	-0.162651	-0.134607	-0.154061	0.062133	-0.042367	-0.053440	-0.072683	0.055522	0.061319	0.049771	-0.151449	0.068792	-0.156085	-0.152832	0.079786	0.065271	0.093796	0.074189	-0.141059	0.050809	-0.153965	-0.165424	-0.162642	-0.143503	-0.143668	-0.154702	-0.129405	-0.150039	-0.145027	-0.150965	-0.116697	-0.140648	-0.136056	-0.139804	-0.146119	-0.135172	0.068935	0.082922	-0.127001	-0.129069	0.074210	0.071315	0.072365	-0.054051	-0.147358	0.078239	0.064151	-0.154694	0.068161	0.071035	-0.056920	0.076894	0.061972	0.068983	0.073806	0.072410	0.084184	-0.161130	0.082213	0.068373	0.080421	0.075759	0.072390	0.066868	0.076464	0.067393	0.081080	0.081456	0.086606	0.070057	-0.028505	-0.157014	-0.154696	
0.030756	-0.162175	0.072409	0.080510	0.448124	0.862235	0.467927	0.448816	0.066367	-0.161583	0.093614	0.054250	0.079686	0.066125	0.085376	-0.155105	-0.161181	-0.149982	-0.160652	-0.161429	-0.161843	-0.141985	-0.158402	0.058911	-0.042142	-0.058040	-0.086105	0.067028	0.055395	0.065783	-0.146806	0.071555	-0.166613	-0.155978	0.055499	0.072706	0.091707	0.085488	-0.152308	0.057614	-0.153991	-0.168127	-0.167689	-0.154256	-0.150100	-0.157631	-0.140484	-0.155821	-0.139240	-0.148127	-0.133777	-0.146071	-0.132463	-0.141052	-0.156847	-0.138089	0.057926	0.081886	-0.133119	-0.139698	0.068484	0.070898	0.081074	-0.040569	-0.142467	0.085097	0.072443	-0.152183	0.083577	0.085621	-0.053605	0.077348	0.062530	0.066219	0.081298	0.063014	0.084440	-0.163743	0.064031	0.056634	0.092568	0.088758	0.071627	0.086110	0.082379	0.079386	0.091999	0.080285	0.076028	0.073782	-0.032108	-0.162150	-0.164401	
0.016465	-0.163798	0.074766	0.080184	0.463101	0.467927	0.905015	0.452370	0.059376	-0.165707	0.096610	0.059067	0.078382	0.074076	0.084306	-0.157164	-0.172086	-0.156754	-0.164133	-0.161664	-0.158893	-0.137319	-0.156272	0.061265	-0.041072	-0.056319	-0.073896	0.067741	0.062317	0.063289	-0.151508	0.077910	-0.165829	-0.155017	0.065357	0.077336	0.079375	0.085416	-0.143189	0.059263	-0.150592	-0.163367	-0.163063	-0.157649	-0.152235	-0.158683	-0.142190	-0.162289	-0.146721	-0.148683	-0.129557	-0.143331	-0.136503	-0.142809	-0.153095	-0.135802	0.062318	0.079866	-0.134098	-0.139620	0.066126	0.075053	0.061552	-0.046577	-0.149748	0.076406	0.071844	-0.154081	0.068857	0.063686	-0.053002	0.081464	0.072004	0.063235	0.078149	0.072783	0.082384	-0.163363	0.079133	0.057208	0.072473	0.087068	0.077747	0.082909	0.079745	0.062716	0.088359	0.076097	0.083276	0.072782	-0.027027	-0.162806	-0.159956	
0.023480	-0.162604	0.069324	0.081852	0.447288	0.448816	0.452370	0.864729	0.072980	-0.162079	0.088792	0.070435	0.077883	0.085177	0.089168	-0.153411	-0.162627	-0.152727	-0.165166	-0.168348	-0.167598	-0.134292	-0.159185	0.064048	-0.045654	-0.054954	-0.066534	0.059918	0.062321	0.064735	-0.158235	0.081015	-0.159318	-0.154873	0.063039	0.073338	0.099903	0.064601	-0.148771	0.061326	-0.155440	-0.173096	-0.171879	-0.159553	-0.154644	-0.158276	-0.140257	-0.162575	-0.138641	-0.151222	-0.128684	-0.150008	-0.139973	-0.146719	-0.148496	-0.137818	0.071744	0.079492	-0.138706	-0.141982	0.080656	0.072774	0.083097	-0.042975	-0.153299	0.089829	0.082277	-0.158195	0.070896	0.074068	-0.052664	0.080700	0.077131	0.070878	0.077020	0.070325	0.074153	-0.167344	0.077856	0.059180	0.077272	0.085878	0.080965	0.085754	0.088819	0.064740	0.094450	0.085547	0.086127	0.079340	-0.032929	-0.169089	-0.161717	
0.002582	-0.155941	0.090153	0.117353	0.067261	0.066367	0.059376	0.072980	0.881647	-0.143033	0.092982	0.435006	0.088006	0.076087	0.073639	-0.156800	-0.161341	-0.156274	-0.150462	-0.148790	-0.158926	-0.130368	-0.139132	0.077466	-0.034805	-0.049187	-0.078991	0.088144	0.064177	0.076115	-0.152033	0.087244	-0.145306	-0.147351	0.074337	0.090006	0.083765	0.091472	-0.130964	0.073355	-0.148330	-0.156384	-0.159645	-0.145978	-0.141115	-0.153847	-0.128693	-0.148731	-0.137750	-0.146014	-0.117721	-0.134796	-0.144440	-0.136222	-0.141876	-0.134022	0.078260	0.068903	-0.113581	-0.138741	0.080834	0.086976	0.060458	-0.040523	-0.134808	0.094359	0.094721	-0.137139	0.088707	0.093859	-0.056361	0.087771	0.071378	0.083937	0.079854	0.096913	0.098580	-0.143327	0.088592	0.101224	0.091048	0.102597	0.088261	0.093667	0.088909	0.086314	0.102228	0.072470	0.093779	0.091973	-0.034619	-0.157525	-0.148804	
-0.088360	0.213436	-0.155755	-0.146874	-0.157583	-0.161583	-0.165707	-0.162079	-0.143033	1.163498	-0.148177	-0.136948	-0.150173	-0.142870	-0.158730	0.183249	0.180096	0.168031	0.202745	0.197146	0.183535	0.139202	0.183270	-0.152880	-0.042775	0.006527	0.017644	-0.161296	-0.132681	-0.164456	0.194717	-0.149051	0.210200	0.186193	-0.163322	-0.148007	-0.151911	-0.161852	0.178647	-0.152971	0.208890	0.213596	0.199567	0.191305	0.183916	0.196097	0.172771	0.183558	0.143211	0.172110	0.124132	0.176992	0.146797	0.160451	0.187031	0.133018	-0.137579	-0.123420	0.149109	0.188532	-0.150739	-0.136848	-0.139539	0.001733	0.187908	-0.157672	-0.162530	0.180822	-0.160337	-0.147544	0.045642	-0.147598	-0.147333	-0.158482	-0.150004	-0.155569	-0.160723	0.204017	-0.137163	-0.153414	-0.155354	-0.157672	-0.161254	-0.145093	-0.154375	-0.153484	-0.164710	-0.155617	-0.157971	-0.160327	-0.016027	0.189212	0.205146	
-0.001907	-0.160971	0.079869	0.105000	0.090702	0.093614	0.096610	0.088792	0.092982	-0.148177	0.886571	0.099889	0.109649	0.102258	0.089757	-0.168063	-0.172413	-0.171835	-0.166081	-0.170420	-0.175961	-0.135869	-0.148397	0.088302	-0.050791	-0.059709	-0.089449	0.096129	0.076962	0.095996	-0.162148	0.115035	-0.157934	-0.154199	0.084036	0.093893	0.104800	0.112347	-0.140171	0.083078	-0.170112	-0.165700	-0.160656	-0.154007	-0.152292	-0.157912	-0.154508	-0.158459	-0.143859	-0.146416	-0.132831	-0.147265	-0.127330	-0.147714	-0.148631	-0.130473	0.094065	0.060440	-0.150601	-0.148802	0.094955	0.103769	0.081294	-0.058079	-0.157821	0.097923	0.095471	-0.146046	0.100581	0.110011	-0.036753	0.112283	0.101946	0.090080	0.113982	0.105389	0.099093	-0.150962	0.104799	0.114345	0.095128	0.107916	0.102899	0.106264	0.109979	0.095977	0.113959	0.119609	0.113617	0.118627	-0.024555	-0.157776	-0.157732	
0.011026	-0.145443	0.083990	0.099357	0.061921	0.054250	0.059067	0.070435	0.435006	-0.136948	0.099889	0.898393	0.088352	0.088260	0.066856	-0.143102	-0.146953	-0.147641	-0.141766	-0.142551	-0.150339	-0.122889	-0.133565	0.073971	-0.047709	-0.049439	-0.067819	0.077484	0.065066	0.076809	-0.140635	0.087670	-0.133960	-0.139684	0.066114	0.086494	0.074327	0.086144	-0.128763	0.069064	-0.146468	-0.149164	-0.150212	-0.134371	-0.121945	-0.142943	-0.126457	-0.146054	-0.134412	-0.138382	-0.104793	-0.134565	-0.136686	-0.144241	-0.139866	-0.125214	0.074679	0.055146	-0.117178	-0.131654	0.088755	0.071298	0.068719	-0.030511	-0.134795	0.084252	0.071859	-0.140440	0.080590	0.071187	-0.039576	0.078468	0.067415	0.081669	0.085589	0.095056	0.091074	-0.142332	0.083655	0.094667	0.079251	0.086984	0.084255	0.080729	0.086195	0.069520	0.082990	0.069611	0.081451	0.091342	-0.025271	-0.153417	-0.138975	
0.013344	-0.147628	0.087705	0.083679	0.074420	0.079686	0.078382	0.077883	0.088006	-0.150173	0.109649	0.088352	0.899487	0.093992	0.093716	-0.153925	-0.155037	-0.149679	-0.155433	-0.164257	-0.155727	-0.124273	-0.142354	0.077931	-0.026851	-0.057705	-0.081121	0.097282	0.080024	0.105946	-0.147603	0.101245	-0.157228	-0.145750	0.084630	0.097708	0.092103	0.110648	-0.138713	0.084217	-0.158849	-0.156910	-0.149345	-0.137425	-0.134354	-0.149834	-0.143023	-0.159018	-0.133355	-0.147860	-0.117755	-0.138177	-0.129693	-0.144862	-0.138812	-0.124075	0.087669	0.070810	-0.120306	-0.136835	0.094166	0.073650	0.065726	-0.037031	-0.142471	0.107224	0.093581	-0.151820	0.099797	0.086909	-0.038140	0.081525	0.096396	0.098863	0.099300	0.090348	0.105912	-0.139561	0.089154	0.095598	0.096320	0.103351	0.086254	0.101038	0.106702	0.072868	0.095381	0.106690	0.097007	0.104395	-0.028958	-0.153847	-0.158401	
-0.001093	-0.145937	0.070285	0.086950	0.067626	0.066125	0.074076	0.085177	0.076087	-0.142870	0.102258	0.088260	0.093992	0.845735	0.104195	-0.145197	-0.149386	-0.147291	-0.148289	-0.145273	-0.141901	-0.123687	-0.136904	0.073969	-0.040931	-0.056934	-0.074930	0.085013	0.086259	0.082877	-0.146136	0.110783	-0.152474	-0.136679	0.073338	0.084166	0.086685	0.084105	-0.137070	0.066221	-0.146062	-0.151981	-0.143769	-0.137382	-0.138004	-0.144886	-0.129547	-0.144477	-0.125333	-0.144539	-0.109644	-0.141568	-0.129288	-0.127861	-0.141275	-0.125524	0.090912	0.064515	-0.114853	-0.133791	0.081711	0.085750	0.092092	-0.056669	-0.132785	0.095320	0.103559	-0.139243	0.094484	0.101025	-0.046898	0.096088	0.112025	0.095566	0.091403	0.081990	0.101959	-0.140238	0.085728	0.095072	0.083156	0.109769	0.094846	0.091444	0.083299	0.083387	0.095283	0.088573	0.110342	0.120403	-0.027832	-0.152225	-0.147048	
0.011714	-0.156911	0.086628	0.080738	0.071855	0.085376	0.084306	0.089168	0.073639	-0.158730	0.089757	0.066856	0.093716	0.104195	0.852037	-0.141773	-0.155374	-0.149693	-0.143403	-0.149292	-0.148108	-0.112793	-0.141256	0.078716	-0.015795	-0.059054	-0.068759	0.088314	0.093011	0.080848	-0.153548	0.090193	-0.157340	-0.151873	0.078022	0.098781	0.106761	0.097554	-0.142451	0.078748	-0.153780	-0.155978	-0.152545	-0.149722	-0.140173	-0.155412	-0.138281	-0.149239	-0.130463	-0.144231	-0.111572	-0.137904	-0.133227	-0.134782	-0.137857	-0.117057	0.088247	0.077625	-0.132636	-0.136015	0.082397	0.080675	0.090341	-0.042889	-0.142110	0.105158	0.106395	-0.148297	0.104058	0.092122	-0.046084	0.078015	0.103266	0.110028	0.100477	0.087911	0.089577	-0.148754	0.097952	0.091795	0.094733	0.103433	0.094013	0.095148	0.088714	0.096803	0.092809	0.107210	0.103312	0.120187	-0.013691	-0.151462	-0.155923	
-0.071334	0.185634	-0.167369	-0.158145	-0.155175	-0.155105	-0.157164	-0.153411	-0.156800	0.183249	-0.168063	-0.143102	-0.153925	-0.145197	-0.141773	1.150733	0.640206	0.631574	0.184128	0.180207	0.166280	0.118273	0.166664	-0.166341	-0.056717	0.008681	-0.013777	-0.158002	-0.140826	-0.149472	0.178516	-0.156576	0.197240	0.162891	-0.168902	-0.150548	-0.156954	-0.160581	0.151378	-0.145948	0.189600	0.160545	0.159071	0.164255	0.164348	0.183905	0.175163	0.175746	0.124109	0.153147	0.083322	0.148991	0.127700	0.127665	0.174292	0.111579	-0.147227	-0.133087	0.145393	0.154505	-0.155327	-0.145530	-0.151682	-0.017924	0.156485	-0.156632	-0.154063	0.177794	-0.155587	-0.152892	0.013843	-0.155675	-0.161264	-0.156005	-0.152735	-0.157596	-0.168939	0.205533	-0.147245	-0.155895	-0.160377	-0.163204	-0.162357	-0.153775	-0.153410	-0.156215	-0.157987	-0.159047	-0.164308	-0.169221	-0.008540	0.178953	0.188635	
-0.063785	0.193036	-0.170464	-0.160107	-0.163809	-0.161181	-0.172086	-0.162627	-0.161341	0.180096	-0.172413	-0.146953	-0.155037	-0.149386	-0.155374	0.640206	1.152404	0.653489	0.168367	0.168890	0.163371	0.135633	0.150502	-0.163787	-0.028396	0.007877	0.006664	-0.164896	-0.145948	-0.159975	0.182215	-0.163937	0.181287	0.164912	-0.169515	-0.150500	-0.155098	-0.168768	0.151802	-0.149114	0.192003	0.169084	0.154448	0.173446	0.173786	0.188274	0.177509	0.191929	0.129955	0.169170	0.086373	0.175405	0.155996	0.146479	0.190149	0.122697	-0.154832	-0.142996	0.139102	0.156848	-0.162179	-0.145177	-0.150354	-0.017204	0.170478	-0.161952	-0.166393	0.176808	-0.154133	-0.157052	0.029452	-0.167572	-0.161981	-0.153820	-0.160690	-0.164660	-0.172796	0.198782	-0.153646	-0.165091	-0.169522	-0.170459	-0.168659	-0.157706	-0.159684	-0.159466	-0.169044	-0.162004	-0.163132	-0.173240	-0.021386	0.192039	0.189461	
-0.068276	0.170899	-0.169203	-0.159629	-0.152460	-0.149982	-0.156754	-0.152727	-0.156274	0.168031	-0.171835	-0.147641	-0.149679	-0.147291	-0.149693	0.631574	0.653489	1.146384	0.165974	0.176091	0.160534	0.135839	0.158637	-0.159392	-0.013708	0.011182	0.021283	-0.167811	-0.140727	-0.161564	0.168148	-0.154145	0.161038	0.163457	-0.167861	-0.155935	-0.153406	-0.173054	0.150154	-0.151424	0.188482	0.172890	0.149327	0.163668	0.170173	0.175110	0.165725	0.185605	0.125358	0.155079	0.103894	0.159742	0.137899	0.124161	0.177447	0.127654	-0.145497	-0.141011	0.145917	0.144424	-0.161569	-0.144951	-0.139690	-0.027436	0.159760	-0.163040	-0.154790	0.166066	-0.161623	-0.160760	0.028224	-0.163136	-0.151489	-0.154589	-0.158271	-0.163275	-0.164934	0.184460	-0.155203	-0.158104	-0.164120	-0.155147	-0.166981	-0.154369	-0.160338	-0.156193	-0.165114	-0.159121	-0.166733	-0.178507	-0.024346	0.184393	0.169753	
-0.068711	0.174830	-0.175797	-0.158275	-0.163744	-0.160652	-0.164133	-0.165166	-0.150462	0.202745	-0.166081	-0.141766	-0.155433	-0.148289	-0.143403	0.184128	0.168367	0.165974	1.159861	0.653537	0.652090	0.113347	0.159275	-0.164766	-0.035918	-0.000157	0.002415	-0.160044	-0.136861	-0.171700	0.176449	-0.155783	0.189401	0.189601	-0.169465	-0.166947	-0.159718	-0.167820	0.173465	-0.154769	0.178231	0.164376	0.167022	0.186399	0.145130	0.191516	0.159562	0.182624	0.140076	0.168469	0.087572	0.156590	0.123891	0.141224	0.170523	0.133713	-0.154631	-0.132334	0.151708	0.152456	-0.159891	-0.145621	-0.156017	-0.017456	0.163454	-0.163889	-0.158273	0.183070	-0.157970	-0.154910	0.040689	-0.163987	-0.151781	-0.157236	-0.165156	-0.165483	-0.165643	0.170042	-0.160722	-0.167229	-0.165890	-0.171045	-0.161107	-0.153963	-0.159173	-0.163440	-0.164866	-0.156239	-0.165428	-0.168215	-0.009338	0.192675	0.174938	
-0.075890	0.180908	-0.175157	-0.162013	-0.161521	-0.161429	-0.161664	-0.168348	-0.148790	0.197146	-0.170420	-0.142551	-0.164257	-0.145273	-0.149292	0.180207	0.168890	0.176091	0.653537	1.144372	0.653760	0.124697	0.178951	-0.162293	-0.060186	-0.017639	0.001913	-0.164603	-0.148709	-0.169424	0.179626	-0.162978	0.185665	0.177697	-0.172339	-0.164845	-0.161199	-0.172504	0.190984	-0.152607	0.182124	0.185902	0.182487	0.183571	0.141857	0.203730	0.145283	0.180314	0.125560	0.154139	0.082142	0.163622	0.124575	0.137209	0.167154	0.119560	-0.150832	-0.136309	0.123865	0.159961	-0.158443	-0.145900	-0.152107	-0.039935	0.173382	-0.162412	-0.152356	0.203608	-0.162748	-0.148138	0.037093	-0.162966	-0.152710	-0.152514	-0.172392	-0.159640	-0.165063	0.172468	-0.154520	-0.162135	-0.156582	-0.163054	-0.157303	-0.150232	-0.163246	-0.160906	-0.164144	-0.159091	-0.167723	-0.179785	-0.038482	0.173548	0.184487	
-0.064898	0.173504	-0.176868	-0.156683	-0.162651	-0.161843	-0.158893	-0.167598	-0.158926	0.183535	-0.175961	-0.150339	-0.155727	-0.141901	-0.148108	0.166280	0.163371	0.160534	0.652090	0.653760	1.146156	0.114197	0.167358	-0.162867	-0.047036	-0.007040	0.009621	-0.160367	-0.141928	-0.170497	0.189858	-0.159465	0.183076	0.178937	-0.170834	-0.160873	-0.160613	-0.163840	0.180080	-0.155496	0.176289	0.172550	0.170254	0.187140	0.155030	0.186735	0.133782	0.180830	0.137594	0.166140	0.104261	0.157455	0.109979	0.138919	0.177279	0.118476	-0.148053	-0.127977	0.139931	0.172536	-0.163488	-0.143970	-0.150315	-0.030445	0.165485	-0.165163	-0.156266	0.182388	-0.163478	-0.154701	0.040039	-0.160065	-0.154148	-0.155485	-0.162461	-0.164724	-0.162721	0.185392	-0.153098	-0.163281	-0.161188	-0.163463	-0.159181	-0.153744	-0.166916	-0.163380	-0.163232	-0.165897	-0.166303	-0.174071	-0.024439	0.176251	0.177349	
-0.053059	0.153398	-0.128715	-0.128959	-0.134607	-0.141985	-0.137319	-0.134292	-0.130368	0.139202	-0.135869	-0.122889	-0.124273	-0.123687	-0.112793	0.118273	0.135633	0.135839	0.113347	0.124697	0.114197	1.097735	0.144873	-0.133161	-0.027336	0.026774	0.044450	-0.127869	-0.123448	-0.126616	0.118737	-0.125454	0.125543	0.129844	-0.129559	-0.119837	-0.126487	-0.133387	0.115393	-0.119501	0.155923	0.136282	0.126748	0.130746	0.135312	0.130232	0.115278	0.121295	0.259497	0.195326	0.267586	0.128293	0.264255	0.211509	0.114556	0.263953	-0.118755	-0.107233	0.112935	0.115768	-0.128685	-0.115833	-0.112399	0.025994	0.106952	-0.126540	-0.131672	0.132081	-0.127021	-0.134771	-0.000708	-0.124911	-0.118738	-0.113927	-0.130265	-0.121565	-0.133028	0.124980	-0.136320	-0.131055	-0.121585	-0.144488	-0.128935	-0.132452	-0.124462	-0.126455	-0.118469	-0.130995	-0.130903	-0.138373	0.015618	0.131874	0.124513	
-0.047582	0.179793	-0.151421	-0.149700	-0.154061	-0.158402	-0.156272	-0.159185	-0.139132	0.183270	-0.148397	-0.133565	-0.142354	-0.136904	-0.141256	0.166664	0.150502	0.158637	0.159275	0.178951	0.167358	0.144873	1.149148	-0.146355	-0.024479	0.030254	0.022662	-0.157821	-0.127652	-0.147625	0.180141	-0.143251	0.185597	0.177648	-0.146273	-0.141665	-0.143964	-0.162270	0.158057	-0.138307	0.175297	0.195371	0.205190	0.178778	0.169194	0.184810	0.157416	0.177332	0.125316	0.170012	0.129567	0.172537	0.138557	0.148191	0.182846	0.124563	-0.135054	-0.114199	0.197143	0.177817	-0.144116	-0.133351	-0.134506	0.013074	0.160607	-0.149377	-0.147417	0.192563	-0.142423	-0.147910	0.033188	-0.146205	-0.138664	-0.147448	-0.156854	-0.149496	-0.146346	0.183218	-0.149793	-0.158850	-0.142910	-0.146122	-0.153928	-0.138685	-0.145849	-0.138133	-0.164942	-0.156399	-0.159115	-0.147335	0.001097	0.194683	0.193285	
0.014855	-0.153560	0.474488	0.090620	0.062133	0.058911	0.061265	0.064048	0.077466	-0.152880	0.088302	0.073971	0.077931	0.073969	0.078716	-0.166341	-0.163787	-0.159392	-0.164766	-0.162293	-0.162867	-0.133161	-0.146355	0.890230	-0.050173	-0.051602	-0.054263	0.086665	0.068427	0.061339	-0.160221	0.066983	-0.166541	-0.163653	0.474331	0.086225	0.077770	0.101693	-0.134817	0.056429	-0.170964	-0.168589	-0.163376	-0.148118	-0.148696	-0.160911	-0.143223	-0.151433	-0.146176	-0.158261	-0.125284	-0.143553	-0.141991	-0.146733	-0.146538	-0.130084	0.062408	0.065739	-0.131247	-0.138513	0.087309	0.070056	0.067069	-0.046569	-0.148464	0.095343	0.076660	-0.151334	0.086776	0.080784	-0.057429	0.081032	0.076028	0.090684	0.080976	0.089423	0.105991	-0.160117	0.085087	0.088654	0.105740	0.095720	0.095740	0.082149	0.090552	0.073296	0.086379	0.094346	0.101978	0.087824	-0.027464	-0.157950	-0.159118	
0.206867	-0.041573	-0.061306	-0.035506	-0.042367	-0.042142	-0.041072	-0.045654	-0.034805	-0.042775	-0.050791	-0.047709	-0.026851	-0.040931	-0.015795	-0.056717	-0.028396	-0.013708	-0.035918	-0.060186	-0.047036	-0.027336	-0.024479	-0.050173	1.376110	0.341563	0.801851	0.004037	0.015815	0.028224	0.014845	-0.028800	-0.040389	-0.056686	-0.065235	-0.042258	-0.037528	-0.026723	0.003032	0.015266	-0.016262	-0.071030	-0.058764	-0.042334	-0.021414	-0.051743	-0.044666	-0.067672	-0.044813	-0.026458	0.019454	0.019491	-0.035871	-0.013185	-0.025988	-0.035547	-0.032435	-0.004820	-0.010984	-0.019124	-0.049532	-0.018618	0.016481	0.459077	-0.014062	-0.038630	-0.036096	-0.042611	-0.055973	-0.029365	-0.052184	-0.042317	-0.054122	-0.048101	-0.047511	-0.043769	-0.033269	-0.015080	-0.047778	-0.047338	-0.036370	-0.050857	-0.020257	-0.012187	-0.050365	0.020798	-0.047277	-0.048362	-0.053467	-0.023491	0.106063	-0.019011	-0.033726	
0.103021	0.007384	-0.064531	-0.021888	-0.053440	-0.058040	-0.056319	-0.054954	-0.049187	0.006527	-0.059709	-0.049439	-0.057705	-0.056934	-0.059054	0.008681	0.007877	0.011182	-0.000157	-0.017639	-0.007040	0.026774	0.030254	-0.051602	0.341563	1.088728	0.243677	-0.026405	-0.040837	-0.029830	0.012902	-0.053248	0.023309	0.012759	-0.064529	-0.054855	-0.041603	-0.059390	0.021740	-0.016045	0.031221	-0.008186	0.013100	0.029545	0.018540	0.017678	0.010001	0.010996	0.036942	0.016339	0.078940	0.058504	0.049537	0.051943	0.012002	0.034865	-0.029105	-0.005666	0.035127	0.027326	-0.050871	-0.044842	-0.040891	0.188231	0.006168	-0.053187	-0.055467	0.010684	-0.067695	-0.058074	-0.019361	-0.065704	-0.055409	-0.064526	-0.064602	-0.056785	-0.062613	0.008766	-0.056933	-0.045211	-0.060932	-0.047906	-0.048168	-0.043779	-0.045829	-0.048667	-0.057912	-0.051726	-0.062313	-0.057038	0.217633	0.023330	0.007072	
0.145098	0.017848	-0.062306	-0.082179	-0.072683	-0.086105	-0.073896	-0.066534	-0.078991	0.017644	-0.089449	-0.067819	-0.081121	-0.074930	-0.068759	-0.013777	0.006664	0.021283	0.002415	0.001913	0.009621	0.044450	0.022662	-0.054263	0.801851	0.243677	1.324914	-0.034398	-0.023125	-0.020464	0.061683	-0.058363	0.014631	0.003682	-0.076373	-0.061473	-0.072934	-0.062433	0.037478	-0.023363	0.032561	0.012804	0.021799	0.025197	0.018739	0.012788	0.000695	-0.002514	0.005839	0.010100	0.085040	0.058825	0.015394	0.034062	0.020325	0.008322	-0.038590	-0.036414	0.027839	0.029211	-0.064640	-0.062195	-0.033568	0.404769	0.011226	-0.064747	-0.065923	0.021642	-0.078728	-0.072036	-0.033304	-0.060927	-0.076634	-0.078936	-0.083837	-0.075303	-0.066276	0.033821	-0.071743	-0.078097	-0.073879	-0.079686	-0.040432	-0.069740	-0.072968	-0.046254	-0.069965	-0.081147	-0.080442	-0.079931	0.203603	0.029527	0.022011	
0.018970	-0.152799	0.085148	0.088733	0.055522	0.067028	0.067741	0.059918	0.088144	-0.161296	0.096129	0.077484	0.097282	0.085013	0.088314	-0.158002	-0.164896	-0.167811	-0.160044	-0.164603	-0.160367	-0.127869	-0.157821	0.086665	0.004037	-0.026405	-0.034398	0.881713	0.088067	0.100225	-0.154445	0.089157	-0.161748	-0.150587	0.080432	0.092907	0.082915	0.455671	-0.142026	0.082401	-0.163966	-0.170021	-0.162806	-0.142157	-0.149683	-0.158405	-0.144170	-0.156275	-0.139169	-0.151494	-0.120582	-0.144617	-0.138090	-0.143970	-0.149972	-0.131008	0.088157	0.055947	-0.134971	-0.141543	0.089248	0.079805	0.062047	-0.056638	-0.153182	0.092313	0.091605	-0.148267	0.094123	0.101310	-0.040425	0.077559	0.092653	0.093498	0.098261	0.087802	0.098782	-0.162112	0.090210	0.091448	0.093114	0.095480	0.113050	0.103496	0.090596	0.093530	0.076252	0.093194	0.104518	0.110428	-0.011140	-0.158683	-0.155525	
0.034733	-0.136131	0.085518	0.086203	0.061319	0.055395	0.062317	0.062321	0.064177	-0.132681	0.076962	0.065066	0.080024	0.086259	0.093011	-0.140826	-0.145948	-0.140727	-0.136861	-0.148709	-0.141928	-0.123448	-0.127652	0.068427	0.015815	-0.040837	-0.023125	0.088067	0.888140	0.093631	-0.131746	0.080430	-0.135070	-0.143046	0.075744	0.106844	0.081505	0.087443	-0.124321	0.092171	-0.137088	-0.154163	-0.142659	-0.134942	-0.121639	-0.140951	-0.120450	-0.140611	-0.125917	-0.138170	-0.114255	-0.130831	-0.124940	-0.124451	-0.127137	-0.110927	0.088204	0.066653	-0.094978	-0.131459	0.081209	0.057764	0.077980	-0.053043	-0.135005	0.081905	0.082761	-0.137424	0.090651	0.080012	-0.037329	0.091687	0.093724	0.090895	0.085935	0.089706	0.083634	-0.136715	0.091819	0.094527	0.067983	0.088663	0.093349	0.084592	0.076694	0.087397	0.088440	0.075861	0.083280	0.082201	-0.023896	-0.139991	-0.136070	
0.008852	-0.157845	0.075498	0.094129	0.049771	0.065783	0.063289	0.064735	0.076115	-0.164456	0.095996	0.076809	0.105946	0.082877	0.080848	-0.149472	-0.159975	-0.161564	-0.171700	-0.169424	-0.170497	-0.126616	-0.147625	0.061339	0.028224	-0.029830	-0.020464	0.100225	0.093631	0.898675	-0.142658	0.094686	-0.160669	-0.154776	0.074962	0.092718	0.086497	0.094453	-0.137773	0.458876	-0.154884	-0.159851	-0.156970	-0.145586	-0.144755	-0.151728	-0.134833	-0.154483	-0.138059	-0.149940	-0.116323	-0.149963	-0.137789	-0.145202	-0.136457	-0.132405	0.073747	0.066612	-0.129302	-0.136209	0.108136	0.069002	0.071429	-0.058533	-0.148073	0.087911	0.089946	-0.148446	0.094494	0.095648	-0.046603	0.076432	0.095697	0.103323	0.092491	0.084662	0.091845	-0.155220	0.117397	0.091289	0.088743	0.090630	0.077231	0.081668	0.080707	0.079304	0.102657	0.101531	0.088914	0.104851	-0.027000	-0.160085	-0.160792	
-0.040449	0.199369	-0.162159	-0.147396	-0.151449	-0.146806	-0.151508	-0.158235	-0.152033	0.194717	-0.162148	-0.140635	-0.147603	-0.146136	-0.153548	0.178516	0.182215	0.168148	0.176449	0.179626	0.189858	0.118737	0.180141	-0.160221	0.014845	0.012902	0.061683	-0.154445	-0.131746	-0.142658	1.169461	-0.146498	0.205736	0.195759	-0.162188	-0.150437	-0.152970	-0.155361	0.182695	-0.139752	0.200371	0.196718	0.186850	0.198118	0.183995	0.186665	0.184001	0.211407	0.130027	0.169019	0.107844	0.176267	0.143319	0.137873	0.175954	0.132751	-0.138526	-0.129885	0.145249	0.181185	-0.150466	-0.133904	-0.142582	0.009384	0.183432	-0.161332	-0.151703	0.195168	-0.162501	-0.149238	0.021506	-0.151695	-0.148867	-0.141452	-0.160244	-0.148423	-0.156514	0.199170	-0.155759	-0.160854	-0.151948	-0.159839	-0.161195	-0.155166	-0.156361	-0.150463	-0.153602	-0.157047	-0.163102	-0.159313	-0.017102	0.200387	0.223613	
0.018509	-0.148172	0.071909	0.109905	0.068792	0.071555	0.077910	0.081015	0.087244	-0.149051	0.115035	0.087670	0.101245	0.110783	0.090193	-0.156576	-0.163937	-0.154145	-0.155783	-0.162978	-0.159465	-0.125454	-0.143251	0.066983	-0.028800	-0.053248	-0.058363	0.089157	0.080430	0.094686	-0.146498	0.865047	-0.153779	-0.140629	0.075617	0.103197	0.093237	0.092231	-0.145025	0.085131	-0.156487	-0.161250	-0.161812	-0.153882	-0.136634	-0.143775	-0.137316	-0.139860	-0.136445	-0.146267	-0.125758	-0.147465	-0.137387	-0.135090	-0.144860	-0.130314	0.077564	0.061335	-0.116143	-0.130362	0.088257	0.086838	0.077469	-0.042756	-0.145946	0.093623	0.100814	-0.138634	0.096315	0.106405	-0.041009	0.096618	0.084526	0.093542	0.103884	0.105306	0.108602	-0.145070	0.091663	0.112164	0.082231	0.110753	0.101751	0.097231	0.090378	0.090317	0.107381	0.100402	0.108916	0.095415	-0.024559	-0.152471	-0.142805	
-0.082336	0.223358	-0.166738	-0.150157	-0.156085	-0.166613	-0.165829	-0.159318	-0.145306	0.210200	-0.157934	-0.133960	-0.157228	-0.152474	-0.157340	0.197240	0.181287	0.161038	0.189401	0.185665	0.183076	0.125543	0.185597	-0.166541	-0.040389	0.023309	0.014631	-0.161748	-0.135070	-0.160669	0.205736	-0.153779	1.171158	0.219595	-0.156403	-0.156119	-0.156772	-0.164143	0.191025	-0.140639	0.233588	0.206041	0.208882	0.210059	0.191787	0.212462	0.196580	0.193173	0.131707	0.169462	0.102615	0.179219	0.124481	0.172315	0.176538	0.113700	-0.141113	-0.136862	0.162056	0.186649	-0.158419	-0.148038	-0.142857	-0.023359	0.188009	-0.161390	-0.151839	0.199136	-0.164275	-0.144695	0.040638	-0.148964	-0.148886	-0.149480	-0.166055	-0.158617	-0.169867	0.225530	-0.151508	-0.157659	-0.155946	-0.170611	-0.161203	-0.155840	-0.158796	-0.153797	-0.157912	-0.161839	-0.163796	-0.172581	-0.001665	0.210128	0.202450	
-0.066198	0.211112	-0.155992	-0.158117	-0.152832	-0.155978	-0.155017	-0.154873	-0.147351	0.186193	-0.154199	-0.139684	-0.145750	-0.136679	-0.151873	0.162891	0.164912	0.163457	0.189601	0.177697	0.178937	0.129844	0.177648	-0.163653	-0.056686	0.012759	0.003682	-0.150587	-0.143046	-0.154776	0.195759	-0.140629	0.219595	1.152352	-0.145148	-0.146376	-0.149220	-0.160584	0.190457	-0.149617	0.202178	0.194347	0.180813	0.207336	0.173943	0.202582	0.175101	0.206536	0.170227	0.189081	0.111910	0.174978	0.155209	0.171681	0.179151	0.132455	-0.137879	-0.124924	0.150345	0.160968	-0.146509	-0.141287	-0.132677	-0.000758	0.190632	-0.150881	-0.152753	0.188851	-0.153697	-0.153761	0.022396	-0.148748	-0.150147	-0.144420	-0.152724	-0.150122	-0.155451	0.194495	-0.135552	-0.162750	-0.147037	-0.160108	-0.156599	-0.152640	-0.150679	-0.149408	-0.157091	-0.149736	-0.159157	-0.168979	-0.024094	0.196585	0.197188	
0.013242	-0.162781	0.507102	0.081842	0.079786	0.055499	0.065357	0.063039	0.074337	-0.163322	0.084036	0.066114	0.084630	0.073338	0.078022	-0.168902	-0.169515	-0.167861	-0.169465	-0.172339	-0.170834	-0.129559	-0.146273	0.474331	-0.065235	-0.064529	-0.076373	0.080432	0.075744	0.074962	-0.162188	0.075617	-0.156403	-0.145148	0.933899	0.101282	0.073368	0.088417	-0.137072	0.070589	-0.165934	-0.167298	-0.167648	-0.149978	-0.152254	-0.169113	-0.139739	-0.153698	-0.153104	-0.155674	-0.128639	-0.152292	-0.154713	-0.153527	-0.150152	-0.131643	0.075276	0.065541	-0.132446	-0.151411	0.081820	0.081675	0.068652	-0.065331	-0.147654	0.090056	0.080869	-0.150990	0.088866	0.085114	-0.047898	0.080759	0.082688	0.074707	0.093641	0.094501	0.102285	-0.160606	0.078814	0.082281	0.091369	0.107066	0.096838	0.071060	0.088212	0.090669	0.095547	0.098247	0.096909	0.080693	-0.021465	-0.162846	-0.160923	
0.012754	-0.156136	0.101429	0.096308	0.065271	0.072706	0.077336	0.073338	0.090006	-0.148007	0.093893	0.086494	0.097708	0.084166	0.098781	-0.150548	-0.150500	-0.155935	-0.166947	-0.164845	-0.160873	-0.119837	-0.141665	0.086225	-0.042258	-0.054855	-0.061473	0.092907	0.106844	0.092718	-0.150437	0.103197	-0.156119	-0.146376	0.101282	0.858999	0.095210	0.099162	-0.141871	0.069858	-0.164512	-0.160138	-0.152265	-0.152847	-0.142809	-0.149767	-0.138905	-0.151052	-0.128498	-0.147827	-0.123296	-0.137589	-0.137212	-0.139805	-0.142061	-0.115798	0.084438	0.076054	-0.132563	-0.148877	0.095969	0.081185	0.073081	-0.047717	-0.140418	0.084133	0.103753	-0.145747	0.111189	0.099630	-0.032231	0.095587	0.094744	0.083325	0.106140	0.098849	0.106155	-0.151839	0.094634	0.117396	0.107068	0.105160	0.109422	0.088897	0.092845	0.094673	0.109308	0.099328	0.101535	0.094741	-0.020611	-0.160135	-0.157080	
0.025815	-0.157035	0.068856	0.078838	0.093796	0.091707	0.079375	0.099903	0.083765	-0.151911	0.104800	0.074327	0.092103	0.086685	0.106761	-0.156954	-0.155098	-0.153406	-0.159718	-0.161199	-0.160613	-0.126487	-0.143964	0.077770	-0.037528	-0.041603	-0.072934	0.082915	0.081505	0.086497	-0.152970	0.093237	-0.156772	-0.149220	0.073368	0.095210	0.885778	0.080942	-0.139177	0.077987	-0.146177	-0.161257	-0.154324	-0.152825	-0.138733	-0.149367	-0.134636	-0.140004	-0.130786	-0.143405	-0.123039	-0.144351	-0.137891	-0.138621	-0.144683	-0.127527	0.091537	0.077274	-0.130421	-0.136591	0.083979	0.084538	0.064083	-0.030562	-0.136227	0.098722	0.100486	-0.145702	0.103217	0.088409	-0.048082	0.096233	0.088617	0.101070	0.108510	0.109369	0.115332	-0.146496	0.095658	0.098807	0.090404	0.117597	0.092882	0.113268	0.097681	0.089356	0.099458	0.103207	0.092024	0.126424	-0.029018	-0.160793	-0.152820	
-0.016072	-0.158581	0.092381	0.086685	0.074189	0.085488	0.085416	0.064601	0.091472	-0.161852	0.112347	0.086144	0.110648	0.084105	0.097554	-0.160581	-0.168768	-0.173054	-0.167820	-0.172504	-0.163840	-0.133387	-0.162270	0.101693	-0.026723	-0.059390	-0.062433	0.455671	0.087443	0.094453	-0.155361	0.092231	-0.164143	-0.160584	0.088417	0.099162	0.080942	0.881066	-0.144428	0.075676	-0.163002	-0.177469	-0.170974	-0.151262	-0.154671	-0.164879	-0.136079	-0.156031	-0.137286	-0.152721	-0.125768	-0.153477	-0.151913	-0.145856	-0.148668	-0.129582	0.087547	0.066647	-0.139593	-0.155202	0.091059	0.082107	0.075710	-0.042542	-0.143629	0.100500	0.109255	-0.151395	0.088110	0.094398	-0.054110	0.078333	0.097596	0.096873	0.082923	0.088553	0.101262	-0.156599	0.098299	0.099715	0.092815	0.102992	0.106812	0.089378	0.098077	0.085955	0.095835	0.095589	0.110562	0.119891	-0.020007	-0.164999	-0.156522	
-0.054519	0.188501	-0.145856	-0.137592	-0.141059	-0.152308	-0.143189	-0.148771	-0.130964	0.178647	-0.140171	-0.128763	-0.138713	-0.137070	-0.142451	0.151378	0.151802	0.150154	0.173465	0.190984	0.180080	0.115393	0.158057	-0.134817	0.003032	0.021740	0.037478	-0.142026	-0.124321	-0.137773	0.182695	-0.145025	0.191025	0.190457	-0.137072	-0.141871	-0.139177	-0.144428	1.185716	-0.133587	0.173670	0.175384	0.150841	0.161906	0.166375	0.161319	0.141453	0.175282	0.114909	0.178201	0.111928	0.162061	0.118929	0.149593	0.167049	0.110240	-0.137402	-0.110928	0.139555	0.171278	-0.147744	-0.132072	-0.133827	0.008116	0.190182	-0.140259	-0.140370	0.166569	-0.142108	-0.135435	0.023608	-0.144478	-0.133047	-0.133267	-0.140147	-0.141671	-0.145587	0.170238	-0.131915	-0.143744	-0.144773	-0.148926	-0.139562	-0.136638	-0.144010	-0.142675	-0.143570	-0.159595	-0.143904	-0.158816	-0.011362	0.170164	0.168897	
0.022355	-0.149210	0.063297	0.085717	0.050809	0.057614	0.059263	0.061326	0.073355	-0.152971	0.083078	0.069064	0.084217	0.066221	0.078748	-0.145948	-0.149114	-0.151424	-0.154769	-0.152607	-0.155496	-0.119501	-0.138307	0.056429	0.015266	-0.016045	-0.023363	0.082401	0.092171	0.458876	-0.139752	0.085131	-0.140639	-0.149617	0.070589	0.069858	0.077987	0.075676	-0.133587	0.913671	-0.156436	-0.149928	-0.147968	-0.142836	-0.136936	-0.145138	-0.136942	-0.152044	-0.139351	-0.147981	-0.125446	-0.133545	-0.129332	-0.135633	-0.125978	-0.121796	0.062560	0.069937	-0.123668	-0.128507	0.096075	0.061483	0.072015	-0.034460	-0.137336	0.080700	0.096493	-0.136818	0.082562	0.090269	-0.035921	0.072088	0.088014	0.096377	0.090024	0.082830	0.077976	-0.152163	0.093268	0.084630	0.088251	0.085711	0.085613	0.074110	0.092158	0.080289	0.088946	0.081759	0.083925	0.102772	-0.009234	-0.159404	-0.154060	
-0.011941	0.205678	-0.170606	-0.151297	-0.153965	-0.153991	-0.150592	-0.155440	-0.148330	0.208890	-0.170112	-0.146468	-0.158849	-0.146062	-0.153780	0.189600	0.192003	0.188482	0.178231	0.182124	0.176289	0.155923	0.175297	-0.170964	-0.016262	0.031221	0.032561	-0.163966	-0.137088	-0.154884	0.200371	-0.156487	0.233588	0.202178	-0.165934	-0.164512	-0.146177	-0.163002	0.173670	-0.156436	1.180321	0.216008	0.216803	0.189670	0.217435	0.202865	0.201661	0.218961	0.138544	0.171396	0.106735	0.158109	0.138524	0.161274	0.209628	0.118610	-0.145242	-0.128371	0.155464	0.174596	-0.158148	-0.136259	-0.133611	-0.015959	0.160984	-0.167480	-0.157601	0.178703	-0.156806	-0.147244	0.050263	-0.150447	-0.161028	-0.154465	-0.165696	-0.167431	-0.170696	0.189849	-0.157910	-0.160496	-0.156757	-0.171142	-0.165406	-0.164519	-0.149616	-0.145595	-0.161767	-0.160441	-0.162983	-0.170948	0.001079	0.197798	0.209419	
-0.067648	0.189865	-0.172595	-0.154388	-0.165424	-0.168127	-0.163367	-0.173096	-0.156384	0.213596	-0.165700	-0.149164	-0.156910	-0.151981	-0.155978	0.160545	0.169084	0.172890	0.164376	0.185902	0.172550	0.136282	0.195371	-0.168589	-0.071030	-0.008186	0.012804	-0.170021	-0.154163	-0.159851	0.196718	-0.161250	0.206041	0.194347	-0.167298	-0.160138	-0.161257	-0.177469	0.175384	-0.149928	0.216008	1.202687	0.721655	0.191364	0.188175	0.197064	0.161018	0.194371	0.140580	0.159375	0.097287	0.161167	0.149642	0.148878	0.168598	0.139713	-0.148959	-0.145641	0.140610	0.168554	-0.161194	-0.141486	-0.152449	-0.026955	0.182496	-0.164890	-0.153377	0.181959	-0.154969	-0.155275	0.059270	-0.159764	-0.161772	-0.155473	-0.165177	-0.162828	-0.169612	0.203016	-0.155841	-0.160565	-0.153978	-0.166996	-0.162710	-0.164776	-0.159487	-0.153582	-0.165293	-0.161959	-0.162273	-0.172434	-0.015836	0.221685	0.196476	
-0.057490	0.201364	-0.168935	-0.149256	-0.162642	-0.167689	-0.163063	-0.171879	-0.159645	0.199567	-0.160656	-0.150212	-0.149345	-0.143769	-0.152545	0.159071	0.154448	0.149327	0.167022	0.182487	0.170254	0.126748	0.205190	-0.163376	-0.058764	0.013100	0.021799	-0.162806	-0.142659	-0.156970	0.186850	-0.161812	0.208882	0.180813	-0.167648	-0.152265	-0.154324	-0.170974	0.150841	-0.147968	0.216803	0.721655	1.161101	0.201182	0.199736	0.200282	0.156514	0.189707	0.129068	0.175003	0.093743	0.142252	0.141920	0.145352	0.168622	0.120811	-0.143817	-0.141160	0.115189	0.169807	-0.164812	-0.133618	-0.146155	-0.019867	0.170258	-0.160559	-0.156154	0.183151	-0.149807	-0.151989	0.048937	-0.156044	-0.152752	-0.150361	-0.155200	-0.152552	-0.175311	0.204610	-0.160162	-0.157679	-0.152357	-0.160997	-0.158759	-0.154544	-0.156297	-0.142866	-0.166836	-0.167692	-0.163054	-0.163653	-0.017093	0.198915	0.184562	
-0.067136	0.204358	-0.153552	-0.144055	-0.143503	-0.154256	-0.157649	-0.159553	-0.145978	0.191305	-0.154007	-0.134371	-0.137425	-0.137382	-0.149722	0.164255	0.173446	0.163668	0.186399	0.183571	0.187140	0.130746	0.178778	-0.148118	-0.042334	0.029545	0.025197	-0.142157	-0.134942	-0.145586	0.198118	-0.153882	0.210059	0.207336	-0.149978	-0.152847	-0.152825	-0.151262	0.161906	-0.142836	0.189670	0.191364	0.201182	1.136362	0.178892	0.207745	0.165823	0.184263	0.145034	0.171147	0.097695	0.158871	0.137508	0.153210	0.168770	0.131091	-0.135494	-0.121173	0.145053	0.184731	-0.151305	-0.128198	-0.142554	-0.021862	0.169400	-0.152222	-0.147781	0.168413	-0.147457	-0.150057	0.040180	-0.142132	-0.142142	-0.145837	-0.154628	-0.155236	-0.158201	0.182994	-0.142016	-0.156447	-0.151245	-0.163954	-0.148828	-0.143218	-0.147216	-0.152093	-0.155300	-0.152789	-0.154642	-0.150708	-0.012800	0.182780	0.194017	
-0.049553	0.193565	-0.152486	-0.139882	-0.143668	-0.150100	-0.152235	-0.154644	-0.141115	0.183916	-0.152292	-0.121945	-0.134354	-0.138004	-0.140173	0.164348	0.173786	0.170173	0.145130	0.141857	0.155030	0.135312	0.169194	-0.148696	-0.021414	0.018540	0.018739	-0.149683	-0.121639	-0.144755	0.183995	-0.136634	0.191787	0.173943	-0.152254	-0.142809	-0.138733	-0.154671	0.166375	-0.136936	0.217435	0.188175	0.199736	0.178892	1.141897	0.165455	0.188379	0.180578	0.152114	0.150664	0.106320	0.161578	0.157128	0.151843	0.185326	0.123057	-0.135319	-0.127404	0.134302	0.166670	-0.144027	-0.126342	-0.134917	-0.019501	0.159503	-0.150465	-0.143801	0.169158	-0.148127	-0.137558	0.021389	-0.143485	-0.136207	-0.138354	-0.154788	-0.142191	-0.148503	0.175523	-0.146019	-0.143457	-0.140321	-0.153736	-0.151600	-0.129012	-0.137178	-0.141642	-0.148159	-0.148674	-0.156455	-0.149592	-0.013616	0.181270	0.191498	
