1.0000	0.6923	0.6647	0.6608	0.6374	0.5993	0.5082	0.5681	0.5887	0.7022	0.8097	0.6140	0.6014	0.4705	0.7182	0.7164	0.5976	0.6236	0.5632	0.6724	0.7474	0.6018	0.5271	0.6176	0.5820	0.6669	0.4381	0.4856	0.5044	0.6720	0.7063	0.4954	0.6450	0.6812	0.5666	0.7430	0.6081	0.7513	0.6728	0.5480	0.4194	0.5924	0.7020	0.6065	0.6136	0.5153	0.5290	0.7632	0.5678	0.5771
0.6923	1.0000	0.6676	0.6299	0.5642	0.6660	0.5021	0.5976	0.5894	0.5709	0.6774	0.6889	0.7135	0.4602	0.6326	0.6882	0.6861	0.7247	0.6748	0.6575	0.7039	0.5243	0.5108	0.6204	0.5689	0.6405	0.4844	0.5038	0.5230	0.7428	0.6486	0.5052	0.6761	0.6401	0.4770	0.6559	0.7156	0.6585	0.5780	0.6726	0.4603	0.7081	0.7251	0.6950	0.5339	0.4852	0.5266	0.6327	0.6458	0.5037
0.6647	0.6676	1.0000	0.6557	0.7266	0.7028	0.4870	0.6456	0.6539	0.6357	0.6793	0.6763	0.7052	0.5215	0.6191	0.6383	0.5892	0.7113	0.7106	0.5808	0.6275	0.5611	0.4563	0.7162	0.6078	0.6285	0.5296	0.5633	0.5624	0.6636	0.5922	0.4731	0.7594	0.6064	0.5401	0.6548	0.6714	0.6915	0.6354	0.6614	0.5229	0.7136	0.6130	0.7187	0.5651	0.6036	0.5241	0.6633	0.6906	0.5401
0.6608	0.6299	0.6557	1.0000	0.6129	0.7620	0.4726	0.6163	0.6822	0.5881	0.6435	0.7142	0.6993	0.4742	0.6348	0.6117	0.5851	0.6852	0.6945	0.5676	0.7039	0.6909	0.4951	0.6616	0.5684	0.6162	0.4753	0.4835	0.5405	0.6035	0.6317	0.5052	0.7567	0.6161	0.4963	0.8316	0.6530	0.5953	0.6224	0.6483	0.4811	0.6718	0.7133	0.6146	0.7008	0.5162	0.5938	0.5914	0.7096	0.6609
0.6374	0.5642	0.7266	0.6129	1.0000	0.6402	0.4832	0.6771	0.5952	0.7538	0.6180	0.5704	0.6338	0.5136	0.6034	0.6187	0.5577	0.6064	0.6061	0.5836	0.5813	0.6198	0.4842	0.6410	0.5733	0.6534	0.4608	0.4820	0.5347	0.5839	0.6469	0.4487	0.6540	0.6835	0.5458	0.6389	0.5873	0.7159	0.6542	0.5739	0.5063	0.6091	0.5971	0.6593	0.6244	0.6037	0.4894	0.6393	0.6249	0.5952
0.5993	0.6660	0.7028	0.7620	0.6402	1.0000	0.4876	0.7517	0.7216	0.5709	0.6053	0.7884	0.8041	0.5335	0.6131	0.6008	0.6414	0.7276	0.8322	0.6107	0.6827	0.5991	0.4633	0.7441	0.6147	0.6745	0.5431	0.5094	0.5878	0.6213	0.5725	0.5182	0.8172	0.6137	0.4925	0.7274	0.7134	0.6215	0.6384	0.7227	0.5640	0.7599	0.6847	0.7258	0.6033	0.5403	0.5707	0.6118	0.8832	0.5760
0.5082	0.5021	0.4870	0.4726	0.4832	0.4876	1.0000	0.5012	0.5179	0.5322	0.5403	0.4840	0.4871	0.5589	0.5508	0.5422	0.5325	0.4836	0.4986	0.5015	0.5463	0.4204	0.5380	0.4853	0.4931	0.5176	0.5705	0.5191	0.5406	0.5327	0.4806	0.5732	0.4665	0.5505	0.5690	0.5118	0.5230	0.5039	0.5345	0.5221	0.4853	0.4577	0.5387	0.4727	0.4232	0.6135	0.4434	0.4751	0.4715	0.4029
0.5681	0.5976	0.6456	0.6163	0.6771	0.7517	0.5012	1.0000	0.6954	0.6199	0.5762	0.6691	0.7296	0.5471	0.6156	0.5985	0.6745	0.6375	0.6990	0.6660	0.6350	0.5450	0.4687	0.7477	0.6882	0.7597	0.5273	0.4682	0.5498	0.5942	0.5790	0.5240	0.6560	0.6692	0.5002	0.6193	0.6497	0.6492	0.6841	0.6560	0.5627	0.6831	0.6615	0.7411	0.5487	0.5259	0.5008	0.6493	0.7616	0.5247
0.5887	0.5894	0.6539	0.6822	0.5952	0.7216	0.5179	0.6954	1.0000	0.5562	0.6114	0.7387	0.6626	0.5190	0.6846	0.5899	0.6008	0.6543	0.7338	0.5745	0.6655	0.6031	0.4573	0.7548	0.6887	0.6514	0.5760	0.5109	0.4997	0.6698	0.5917	0.5159	0.6764	0.5796	0.4789	0.6733	0.6511	0.5382	0.6981	0.6964	0.5233	0.6802	0.6288	0.6097	0.6146	0.5243	0.4922	0.6039	0.6936	0.5783
0.7022	0.5709	0.6357	0.5881	0.7538	0.5709	0.5322	0.6199	0.5562	1.0000	0.7228	0.5278	0.6016	0.4919	0.6947	0.6974	0.6361	0.5581	0.5396	0.6636	0.6590	0.5633	0.5495	0.5736	0.5783	0.7036	0.4231	0.4681	0.5173	0.5901	0.6837	0.4856	0.5810	0.7704	0.5425	0.6465	0.5940	0.7674	0.7181	0.5467	0.4531	0.5271	0.6703	0.5847	0.5674	0.5519	0.4725	0.6836	0.5629	0.5418
0.8097	0.6774	0.6793	0.6435	0.6180	0.6053	0.5403	0.5762	0.6114	0.7228	1.0000	0.6422	0.6223	0.4886	0.7708	0.7600	0.6568	0.6384	0.5983	0.6649	0.7935	0.5519	0.5336	0.6146	0.6153	0.6902	0.4553	0.5313	0.5225	0.7126	0.6817	0.5215	0.6379	0.6698	0.5273	0.7037	0.6464	0.7233	0.7331	0.5989	0.4488	0.5649	0.7090	0.5984	0.5623	0.5354	0.5123	0.7505	0.5931	0.5299
0.6140	0.6889	0.6763	0.7142	0.5704	0.7884	0.4840	0.6691	0.7387	0.5278	0.6422	1.0000	0.7429	0.4957	0.6305	0.5960	0.6385	0.7297	0.7927	0.5966	0.7097	0.5690	0.4542	0.7505	0.6625	0.6543	0.5329	0.5125	0.5327	0.6963	0.5908	0.5139	0.7659	0.5532	0.4806	0.6783	0.6813	0.5769	0.6604	0.7404	0.5379	0.7498	0.6660	0.6777	0.5797	0.4967	0.5480	0.6153	0.7519	0.5459
0.6014	0.7135	0.7052	0.6993	0.6338	0.8041	0.4871	0.7296	0.6626	0.6016	0.6223	0.7429	1.0000	0.5066	0.6209	0.6392	0.7333	0.7336	0.7869	0.6672	0.6812	0.5514	0.5096	0.7148	0.6220	0.7212	0.5139	0.5250	0.5939	0.6262	0.6116	0.5217	0.7761	0.6407	0.4892	0.6699	0.7479	0.6603	0.6472	0.7355	0.5452	0.7657	0.7219	0.7615	0.5616	0.5242	0.5574	0.6453	0.8181	0.5292
0.4705	0.4602	0.5215	0.4742	0.5136	0.5335	0.5589	0.5471	0.5190	0.4919	0.4886	0.4957	0.5066	1.0000	0.4852	0.4801	0.4752	0.5075	0.5228	0.4818	0.4936	0.4007	0.4179	0.5256	0.4608	0.5223	0.6652	0.5760	0.5806	0.4778	0.4259	0.5943	0.4970	0.5083	0.6115	0.4883	0.5170	0.5013	0.4990	0.4959	0.6234	0.4976	0.4804	0.5255	0.4044	0.5692	0.5373	0.4886	0.5284	0.3840
0.7182	0.6326	0.6191	0.6348	0.6034	0.6131	0.5508	0.6156	0.6846	0.6947	0.7708	0.6305	0.6209	0.4852	1.0000	0.7574	0.6807	0.6097	0.6075	0.7080	0.7717	0.5829	0.5546	0.6194	0.6503	0.7198	0.4895	0.5275	0.5022	0.7133	0.7036	0.5543	0.5999	0.6988	0.5032	0.6884	0.6597	0.6419	0.7476	0.6008	0.4593	0.5556	0.7305	0.5650	0.5941	0.5222	0.4811	0.7175	0.5976	0.5592
0.7164	0.6882	0.6383	0.6117	0.6187	0.6008	0.5422	0.5985	0.5899	0.6974	0.7600	0.5960	0.6392	0.4801	0.7574	1.0000	0.7195	0.6164	0.5991	0.6901	0.7213	0.5536	0.5688	0.5636	0.5889	0.6846	0.4613	0.5270	0.5072	0.6708	0.6848	0.5306	0.5963	0.6993	0.4718	0.6820	0.6550	0.6653	0.6918	0.6344	0.4443	0.5567	0.7431	0.5904	0.5575	0.5150	0.4849	0.7060	0.6002	0.5329
0.5976	0.6861	0.5892	0.5851	0.5577	0.6414	0.5325	0.6745	0.6008	0.6361	0.6568	0.6385	0.7333	0.4752	0.6807	0.7195	1.0000	0.6453	0.6504	0.7349	0.7119	0.4674	0.5663	0.6135	0.6674	0.7751	0.4807	0.4923	0.5337	0.6433	0.6413	0.5680	0.6002	0.6932	0.4370	0.6054	0.7269	0.6419	0.6848	0.6856	0.4855	0.6244	0.8060	0.6490	0.4704	0.4616	0.4723	0.6565	0.6512	0.4500
0.6236	0.7247	0.7113	0.6852	0.6064	0.7276	0.4836	0.6375	0.6543	0.5581	0.6384	0.7297	0.7336	0.5075	0.6097	0.6164	0.6453	1.0000	0.7578	0.5882	0.6602	0.5388	0.4693	0.6542	0.5483	0.6449	0.5188	0.5561	0.5525	0.7018	0.6036	0.5113	0.7063	0.6355	0.4558	0.6818	0.8332	0.6022	0.5761	0.6816	0.5012	0.7361	0.6729	0.7424	0.5426	0.5393	0.4937	0.6038	0.7154	0.5189
0.5632	0.6748	0.7106	0.6945	0.6061	0.8322	0.4986	0.6990	0.7338	0.5396	0.5983	0.7927	0.7869	0.5228	0.6075	0.5991	0.6504	0.7578	1.0000	0.5901	0.6471	0.5499	0.4542	0.7258	0.6125	0.6430	0.5671	0.5314	0.5664	0.6545	0.5628	0.5135	0.7661	0.5894	0.4570	0.6632	0.7620	0.5664	0.6144	0.7702	0.5582	0.7688	0.6544	0.7042	0.5536	0.5359	0.5239	0.5728	0.8208	0.5293
0.6724	0.6575	0.5808	0.5676	0.5836	0.6107	0.5015	0.6660	0.5745	0.6636	0.6649	0.5966	0.6672	0.4818	0.7080	0.6901	0.7349	0.5882	0.5901	1.0000	0.7292	0.5014	0.5391	0.6435	0.6243	0.8048	0.4590	0.4628	0.5000	0.6382	0.6626	0.5429	0.5665	0.6945	0.5086	0.6085	0.6516	0.7008	0.6663	0.5521	0.4564	0.6146	0.7454	0.6472	0.5107	0.4633	0.4833	0.7371	0.6048	0.4815
0.7474	0.7039	0.6275	0.7039	0.5813	0.6827	0.5463	0.6350	0.6655	0.6590	0.7935	0.7097	0.6812	0.4936	0.7717	0.7213	0.7119	0.6602	0.6471	0.7292	1.0000	0.5943	0.5446	0.6750	0.6528	0.7424	0.4850	0.5157	0.5264	0.7426	0.6854	0.5716	0.6482	0.6639	0.5118	0.7485	0.6767	0.6820	0.7255	0.6214	0.4736	0.6288	0.7917	0.6246	0.6057	0.4988	0.5395	0.7235	0.6497	0.5700
0.6018	0.5243	0.5611	0.6909	0.6198	0.5991	0.4204	0.5450	0.6031	0.5633	0.5519	0.5690	0.5514	0.4007	0.5829	0.5536	0.4674	0.5388	0.5499	0.5014	0.5943	1.0000	0.4579	0.5729	0.5023	0.5352	0.3923	0.4001	0.4342	0.5577	0.6464	0.4234	0.5891	0.5438	0.4715	0.6991	0.5048	0.5209	0.5806	0.5107	0.4044	0.5580	0.5777	0.5001	0.8645	0.4752	0.5020	0.5378	0.5530	0.7322
0.5271	0.5108	0.4563	0.4951	0.4842	0.4633	0.5380	0.4687	0.4573	0.5495	0.5336	0.4542	0.5096	0.4179	0.5546	0.5688	0.5663	0.4693	0.4542	0.5391	0.5446	0.4579	1.0000	0.4474	0.4777	0.5581	0.4010	0.4314	0.4717	0.4911	0.5844	0.5045	0.4663	0.5585	0.4569	0.5194	0.5037	0.5098	0.5364	0.4713	0.4308	0.4505	0.6005	0.4473	0.4603	0.5273	0.5259	0.5177	0.4524	0.4291
0.6176	0.6204	0.7162	0.6616	0.6410	0.7441	0.4853	0.7477	0.7548	0.5736	0.6146	0.7505	0.7148	0.5256	0.6194	0.5636	0.6135	0.6542	0.7258	0.6435	0.6750	0.5729	0.4474	1.0000	0.7361	0.7077	0.5501	0.4917	0.5319	0.6533	0.5936	0.5111	0.7154	0.5711	0.5390	0.6368	0.6273	0.6347	0.6871	0.6498	0.5478	0.7856	0.6351	0.7261	0.5835	0.5196	0.5336	0.6696	0.7169	0.5495
0.5820	0.5689	0.6078	0.5684	0.5733	0.6147	0.4931	0.6882	0.6887	0.5783	0.6153	0.6625	0.6220	0.4608	0.6503	0.5889	0.6674	0.5483	0.6125	0.6243	0.6528	0.5023	0.4777	0.7361	1.0000	0.7107	0.4919	0.4397	0.4809	0.6228	0.6039	0.5204	0.6051	0.5704	0.4829	0.5574	0.5581	0.5930	0.7524	0.6324	0.5027	0.6170	0.6539	0.5894	0.5056	0.4567	0.4674	0.6522	0.6028	0.4834
0.6669	0.6405	0.6285	0.6162	0.6534	0.6745	0.5176	0.7597	0.6514	0.7036	0.6902	0.6543	0.7212	0.5223	0.7198	0.6846	0.7751	0.6449	0.6430	0.8048	0.7424	0.5352	0.5581	0.7077	0.7107	1.0000	0.4817	0.4898	0.5481	0.6436	0.7044	0.5645	0.6288	0.7185	0.5174	0.6451	0.6802	0.7184	0.7669	0.6092	0.5163	0.6460	0.7687	0.6921	0.5427	0.5058	0.5041	0.7818	0.6798	0.5143
0.4381	0.4844	0.5296	0.4753	0.4608	0.5431	0.5705	0.5273	0.5760	0.4231	0.4553	0.5329	0.5139	0.6652	0.4895	0.4613	0.4807	0.5188	0.5671	0.4590	0.4850	0.3923	0.4010	0.5501	0.4919	0.4817	1.0000	0.5593	0.5371	0.5135	0.4033	0.5621	0.5117	0.4616	0.5095	0.4751	0.5340	0.4369	0.4734	0.5392	0.5627	0.5414	0.4752	0.5147	0.3951	0.5477	0.4662	0.4496	0.5280	0.3761
0.4856	0.5038	0.5633	0.4835	0.4820	0.5094	0.5191	0.4682	0.5109	0.4681	0.5313	0.5125	0.5250	0.5760	0.5275	0.5270	0.4923	0.5561	0.5314	0.4628	0.5157	0.4001	0.4314	0.4917	0.4397	0.4898	0.5593	1.0000	0.5873	0.5454	0.4439	0.5484	0.5096	0.4697	0.4718	0.4926	0.5561	0.4721	0.4849	0.5036	0.6006	0.4885	0.4874	0.5033	0.4056	0.5841	0.4486	0.5014	0.5053	0.3833
0.5044	0.5230	0.5624	0.5405	0.5347	0.5878	0.5406	0.5498	0.4997	0.5173	0.5225	0.5327	0.5939	0.5806	0.5022	0.5072	0.5337	0.5525	0.5664	0.5000	0.5264	0.4342	0.4717	0.5319	0.4809	0.5481	0.5371	0.5873	1.0000	0.4827	0.4807	0.6137	0.5922	0.5376	0.5872	0.5356	0.5645	0.5511	0.5205	0.5319	0.5997	0.5316	0.5481	0.5653	0.4371	0.5986	0.5216	0.5146	0.5892	0.4168
0.6720	0.7428	0.6636	0.6035	0.5839	0.6213	0.5327	0.5942	0.6698	0.5901	0.7126	0.6963	0.6262	0.4778	0.7133	0.6708	0.6433	0.7018	0.6545	0.6382	0.7426	0.5577	0.4911	0.6533	0.6228	0.6436	0.5135	0.5454	0.4827	1.0000	0.6662	0.5281	0.6042	0.6145	0.4776	0.6302	0.6875	0.6029	0.6372	0.6294	0.4686	0.6481	0.6701	0.6287	0.5681	0.5201	0.4684	0.6358	0.5932	0.5354
0.7063	0.6486	0.5922	0.6317	0.6469	0.5725	0.4806	0.5790	0.5917	0.6837	0.6817	0.5908	0.6116	0.4259	0.7036	0.6848	0.6413	0.6036	0.5628	0.6626	0.6854	0.6464	0.5844	0.5936	0.6039	0.7044	0.4033	0.4439	0.4807	0.6662	1.0000	0.5036	0.5851	0.6718	0.4940	0.6711	0.6017	0.6328	0.6856	0.5473	0.4262	0.5905	0.7305	0.5654	0.6596	0.4842	0.4987	0.6789	0.5522	0.6183
0.4954	0.5052	0.4731	0.5052	0.4487	0.5182	0.5732	0.5240	0.5159	0.4856	0.5215	0.5139	0.5217	0.5943	0.5543	0.5306	0.5680	0.5113	0.5135	0.5429	0.5716	0.4234	0.5045	0.5111	0.5204	0.5645	0.5621	0.5484	0.6137	0.5281	0.5036	1.0000	0.4747	0.5223	0.5112	0.5157	0.5408	0.4790	0.5273	0.4899	0.5908	0.4932	0.5816	0.4926	0.4261	0.5104	0.4898	0.5194	0.5075	0.4063
0.6450	0.6761	0.7594	0.7567	0.6540	0.8172	0.4665	0.6560	0.6764	0.5810	0.6379	0.7659	0.7761	0.4970	0.5999	0.5963	0.6002	0.7063	0.7661	0.5665	0.6482	0.5891	0.4663	0.7154	0.6051	0.6288	0.5117	0.5096	0.5922	0.6042	0.5851	0.4747	1.0000	0.5901	0.5144	0.7101	0.6704	0.6485	0.6377	0.7091	0.5340	0.7388	0.6548	0.6959	0.6003	0.5506	0.5826	0.6209	0.7792	0.5649
0.6812	0.6401	0.6064	0.6161	0.6835	0.6137	0.5505	0.6692	0.5796	0.7704	0.6698	0.5532	0.6407	0.5083	0.6988	0.6993	0.6932	0.6355	0.5894	0.6945	0.6639	0.5438	0.5585	0.5711	0.5704	0.7185	0.4616	0.4697	0.5376	0.6145	0.6718	0.5223	0.5901	1.0000	0.5089	0.6652	0.6976	0.7293	0.6426	0.5937	0.4649	0.5672	0.7470	0.6406	0.5476	0.5390	0.4794	0.6362	0.6081	0.5236
0.5666	0.4770	0.5401	0.4963	0.5458	0.4925	0.5690	0.5002	0.4789	0.5425	0.5273	0.4806	0.4892	0.6115	0.5032	0.4718	0.4370	0.4558	0.4570	0.5086	0.5118	0.4715	0.4569	0.5390	0.4829	0.5174	0.5095	0.4718	0.5872	0.4776	0.4940	0.5112	0.5144	0.5089	1.0000	0.5143	0.4502	0.5795	0.5260	0.4427	0.4882	0.4967	0.4863	0.5039	0.4785	0.5783	0.5654	0.5388	0.4704	0.4516
0.7430	0.6559	0.6548	0.8316	0.6389	0.7274	0.5118	0.6193	0.6733	0.6465	0.7037	0.6783	0.6699	0.4883	0.6884	0.6820	0.6054	0.6818	0.6632	0.6085	0.7485	0.6991	0.5194	0.6368	0.5574	0.6451	0.4751	0.4926	0.5356	0.6302	0.6711	0.5157	0.7101	0.6652	0.5143	1.0000	0.6602	0.6452	0.6534	0.6259	0.4623	0.6387	0.7288	0.6157	0.7056	0.5242	0.5643	0.6522	0.6844	0.6686
0.6081	0.7156	0.6714	0.6530	0.5873	0.7134	0.5230	0.6497	0.6511	0.5940	0.6464	0.6813	0.7479	0.5170	0.6597	0.6550	0.7269	0.8332	0.7620	0.6516	0.6767	0.5048	0.5037	0.6273	0.5581	0.6802	0.5340	0.5561	0.5645	0.6875	0.6017	0.5408	0.6704	0.6976	0.4502	0.6602	1.0000	0.6137	0.5958	0.7012	0.4996	0.6954	0.7204	0.7108	0.5081	0.5352	0.4793	0.6010	0.7091	0.4861
0.7513	0.6585	0.6915	0.5953	0.7159	0.6215	0.5039	0.6492	0.5382	0.7674	0.7233	0.5769	0.6603	0.5013	0.6419	0.6653	0.6419	0.6022	0.5664	0.7008	0.6820	0.5209	0.5098	0.6347	0.5930	0.7184	0.4369	0.4721	0.5511	0.6029	0.6328	0.4790	0.6485	0.7293	0.5795	0.6452	0.6137	1.0000	0.6627	0.5648	0.4682	0.6036	0.6794	0.7001	0.5305	0.5394	0.5209	0.7406	0.6094	0.5003
0.6728	0.5780	0.6354	0.6224	0.6542	0.6384	0.5345	0.6841	0.6981	0.7181	0.7331	0.6604	0.6472	0.4990	0.7476	0.6918	0.6848	0.5761	0.6144	0.6663	0.7255	0.5806	0.5364	0.6871	0.7524	0.7669	0.4734	0.4849	0.5205	0.6372	0.6856	0.5273	0.6377	0.6426	0.5260	0.6534	0.5958	0.6627	1.0000	0.6305	0.5008	0.5819	0.6905	0.5789	0.5847	0.5200	0.4999	0.7378	0.6290	0.5581
0.5480	0.6726	0.6614	0.6483	0.5739	0.7227	0.5221	0.6560	0.6964	0.5467	0.5989	0.7404	0.7355	0.4959	0.6008	0.6344	0.6856	0.6816	0.7702	0.5521	0.6214	0.5107	0.4713	0.6498	0.6324	0.6092	0.5392	0.5036	0.5319	0.6294	0.5473	0.4899	0.7091	0.5937	0.4427	0.6259	0.7012	0.5648	0.6305	1.0000	0.5290	0.6899	0.6580	0.6545	0.5141	0.4999	0.5045	0.5357	0.7188	0.4915
0.4194	0.4603	0.5229	0.4811	0.5063	0.5640	0.4853	0.5627	0.5233	0.4531	0.4488	0.5379	0.5452	0.6234	0.4593	0.4443	0.4855	0.5012	0.5582	0.4564	0.4736	0.4044	0.4308	0.5478	0.5027	0.5163	0.5627	0.6006	0.5997	0.4686	0.4262	0.5908	0.5340	0.4649	0.4882	0.4623	0.4996	0.4682	0.5008	0.5290	1.0000	0.5231	0.4771	0.5294	0.4070	0.5678	0.5029	0.4574	0.5692	0.3876
0.5924	0.7081	0.7136	0.6718	0.6091	0.7599	0.4577	0.6831	0.6802	0.5271	0.5649	0.7498	0.7657	0.4976	0.5556	0.5567	0.6244	0.7361	0.7688	0.6146	0.6288	0.5580	0.4505	0.7856	0.6170	0.6460	0.5414	0.4885	0.5316	0.6481	0.5905	0.4932	0.7388	0.5672	0.4967	0.6387	0.6954	0.6036	0.5819	0.6899	0.5231	1.0000	0.6455	0.7636	0.5683	0.4999	0.5375	0.6005	0.7239	0.5355
0.7020	0.7251	0.6130	0.7133	0.5971	0.6847	0.5387	0.6615	0.6288	0.6703	0.7090	0.6660	0.7219	0.4804	0.7305	0.7431	0.8060	0.6729	0.6544	0.7454	0.7917	0.5777	0.6005	0.6351	0.6539	0.7687	0.4752	0.4874	0.5481	0.6701	0.7305	0.5816	0.6548	0.7470	0.4863	0.7288	0.7204	0.6794	0.6905	0.6580	0.4771	0.6455	1.0000	0.6423	0.5817	0.4873	0.5450	0.6813	0.6618	0.5560
0.6065	0.6950	0.7187	0.6146	0.6593	0.7258	0.4727	0.7411	0.6097	0.5847	0.5984	0.6777	0.7615	0.5255	0.5650	0.5904	0.6490	0.7424	0.7042	0.6472	0.6246	0.5001	0.4473	0.7261	0.5894	0.6921	0.5147	0.5033	0.5653	0.6287	0.5654	0.4926	0.6959	0.6406	0.5039	0.6157	0.7108	0.7001	0.5789	0.6545	0.5294	0.7636	0.6423	1.0000	0.5090	0.5270	0.5041	0.6496	0.7369	0.4802
0.6136	0.5339	0.5651	0.7008	0.6244	0.6033	0.4232	0.5487	0.6146	0.5674	0.5623	0.5797	0.5616	0.4044	0.5941	0.5575	0.4704	0.5426	0.5536	0.5107	0.6057	0.8645	0.4603	0.5835	0.5056	0.5427	0.3951	0.4056	0.4371	0.5681	0.6596	0.4261	0.6003	0.5476	0.4785	0.7056	0.5081	0.5305	0.5847	0.5141	0.4070	0.5683	0.5817	0.5090	1.0000	0.4801	0.5086	0.5479	0.5568	0.7396
0.5153	0.4852	0.6036	0.5162	0.6037	0.5403	0.6135	0.5259	0.5243	0.5519	0.5354	0.4967	0.5242	0.5692	0.5222	0.5150	0.4616	0.5393	0.5359	0.4633	0.4988	0.4752	0.5273	0.5196	0.4567	0.5058	0.5477	0.5841	0.5986	0.5201	0.4842	0.5104	0.5506	0.5390	0.5783	0.5242	0.5352	0.5394	0.5200	0.4999	0.5678	0.4999	0.4873	0.5270	0.4801	1.0000	0.4748	0.5042	0.5309	0.4557
0.5290	0.5266	0.5241	0.5938	0.4894	0.5707	0.4434	0.5008	0.4922	0.4725	0.5123	0.5480	0.5574	0.5373	0.4811	0.4849	0.4723	0.4937	0.5239	0.4833	0.5395	0.5020	0.5259	0.5336	0.4674	0.5041	0.4662	0.4486	0.5216	0.4684	0.4987	0.4898	0.5826	0.4794	0.5654	0.5643	0.4793	0.5209	0.4999	0.5045	0.5029	0.5375	0.5450	0.5041	0.5086	0.4748	1.0000	0.4987	0.5445	0.4761
0.7632	0.6327	0.6633	0.5914	0.6393	0.6118	0.4751	0.6493	0.6039	0.6836	0.7505	0.6153	0.6453	0.4886	0.7175	0.7060	0.6565	0.6038	0.5728	0.7371	0.7235	0.5378	0.5177	0.6696	0.6522	0.7818	0.4496	0.5014	0.5146	0.6358	0.6789	0.5194	0.6209	0.6362	0.5388	0.6522	0.6010	0.7406	0.7378	0.5357	0.4574	0.6005	0.6813	0.6496	0.5479	0.5042	0.4987	1.0000	0.6102	0.5161
0.5678	0.6458	0.6906	0.7096	0.6249	0.8832	0.4715	0.7616	0.6936	0.5629	0.5931	0.7519	0.8181	0.5284	0.5976	0.6002	0.6512	0.7154	0.8208	0.6048	0.6497	0.5530	0.4524	0.7169	0.6028	0.6798	0.5280	0.5053	0.5892	0.5932	0.5522	0.5075	0.7792	0.6081	0.4704	0.6844	0.7091	0.6094	0.6290	0.7188	0.5692	0.7239	0.6618	0.7369	0.5568	0.5309	0.5445	0.6102	1.0000	0.5325
0.5771	0.5037	0.5401	0.6609	0.5952	0.5760	0.4029	0.5247	0.5783	0.5418	0.5299	0.5459	0.5292	0.3840	0.5592	0.5329	0.4500	0.5189	0.5293	0.4815	0.5700	0.7322	0.4291	0.5495	0.4834	0.5143	0.3761	0.3833	0.4168	0.5354	0.6183	0.4063	0.5649	0.5236	0.4516	0.6686	0.4861	0.5003	0.5581	0.4915	0.3876	0.5355	0.5560	0.4802	0.7396	0.4557	0.4761	0.5161	0.5325	1.0000
