
Using the parameter settings in the file: 
''1763151095/clumpp.paramfile''

Parameter settings
----------------------- Main parameters -------------------------
DATATYPE = 0
INDFILE = 1763151095/ClumppIndFile
POPFILE = 
OUTFILE = 1763151095/ClumppIndFile.output
MISCFILE = 1763151095/ClumppIndFile.misc
K = 12
C = 76
R = 50
M = 3
W = 0
S = 2
- Additional options for the Greedy and LargeKGreedy algorithms -
GREEDY_OPTION = 2
REPEATS = 2000
PERMUTATIONFILE = 
----------------------- Optional outputs ------------------------
PRINT_PERMUTED_DATA = 0
PERMUTED_DATAFILE = 
PRINT_EVERY_PERM = 0
EVERY_PERMFILE = 
PRINT_RANDOM_INPUTORDER = 0
RANDOM_INPUTORDERFILE = 
----------------------- Advanced options ------------------------
OVERRIDE_WARNINGS = 0
ORDER_BY_RUN = 1


In total, 2000 configurations of runs and clusters will be tested.

Results
------------------------------
The highest value of H' is: 0.32852500449557

The list of permutations of the clusters that produces that
H' value is (runs are listed sequentially on separate rows)

1 2 3 4 5 6 7 8 9 10 11 12 
2 1 8 6 3 12 10 4 7 11 5 9 
12 11 7 6 1 3 10 9 5 2 8 4 
4 3 10 8 7 1 12 9 11 5 6 2 
12 9 1 3 10 11 5 2 6 8 4 7 
4 8 2 3 6 9 5 7 12 10 11 1 
1 8 7 2 12 11 6 5 9 3 10 4 
7 3 2 5 9 1 8 4 12 6 11 10 
7 1 8 11 3 9 12 5 10 2 4 6 
8 4 6 3 2 7 10 5 9 1 11 12 
5 9 1 11 8 2 12 3 7 6 4 10 
6 12 10 8 3 9 1 4 2 11 7 5 
9 2 4 3 12 1 10 6 11 7 5 8 
9 10 12 7 11 2 1 3 4 6 5 8 
11 6 9 3 2 8 10 1 4 12 7 5 
8 12 7 10 9 2 11 5 3 1 4 6 
10 7 5 12 3 2 8 11 1 6 4 9 
4 10 1 6 9 11 12 5 2 3 8 7 
5 8 6 12 11 9 10 3 4 2 1 7 
9 2 5 11 4 8 6 12 3 7 1 10 
3 10 1 9 7 12 4 5 6 8 11 2 
3 6 11 1 8 7 10 2 12 4 5 9 
8 7 4 12 1 3 6 2 10 11 5 9 
6 12 7 4 10 3 8 5 11 9 1 2 
1 4 7 9 11 10 8 12 2 5 6 3 
6 10 1 12 11 2 9 7 8 5 3 4 
6 11 12 3 1 8 2 10 4 5 9 7 
7 9 11 3 2 1 6 12 5 10 4 8 
4 3 2 12 10 1 6 9 7 11 5 8 
5 9 6 8 2 4 1 12 7 11 3 10 
12 5 6 3 10 2 8 9 1 11 4 7 
12 2 1 3 6 4 9 8 11 7 10 5 
1 2 3 11 9 12 5 4 10 8 7 6 
10 4 11 2 5 12 8 3 7 6 1 9 
9 6 5 2 3 4 7 8 10 1 12 11 
8 1 4 6 5 10 12 3 7 9 2 11 
1 4 6 10 2 8 12 9 3 7 11 5 
3 8 11 4 1 5 6 9 10 7 2 12 
1 3 2 12 8 9 4 11 5 10 6 7 
7 12 3 6 11 1 5 4 9 10 8 2 
1 9 6 7 4 12 5 11 2 3 10 8 
5 4 10 7 9 1 2 11 8 3 12 6 
9 12 1 2 6 11 8 3 5 10 4 7 
11 6 4 1 3 12 2 8 7 5 10 9 
1 7 4 12 6 11 5 2 9 8 10 3 
9 5 4 10 7 6 3 1 2 12 8 11 
1 12 7 4 8 9 3 6 2 11 10 5 
7 9 10 1 4 5 6 11 8 3 2 12 
3 12 4 5 6 1 8 11 7 2 9 10 
7 8 9 2 4 6 11 10 12 3 5 1 

The pairwise G' values for each pair of runs where the clusters
of each run are permuted according to the list of permutations above

1.0000 0.3038 0.3366 0.2944 0.2804 0.3071 0.3328 0.2899 0.3032 0.2877 0.3216 0.2913 0.2938 0.2945 0.2919 0.3205 0.3140 0.3267 0.2440 0.2860 0.3382 0.3100 0.3187 0.3258 0.3466 0.3067 0.2895 0.2661 0.2927 0.2936 0.3341 0.3077 0.2467 0.2840 0.3549 0.2940 0.3547 0.2856 0.3324 0.2911 0.3221 0.2739 0.3003 0.3033 0.2960 0.2895 0.2386 0.3032 0.3122 0.2925 
0.3038 1.0000 0.3420 0.3226 0.2933 0.3708 0.3816 0.3507 0.2746 0.3156 0.2858 0.3113 0.3360 0.3588 0.3164 0.3269 0.3578 0.4428 0.3007 0.3209 0.3612 0.3737 0.3367 0.3133 0.3212 0.3510 0.2984 0.2746 0.3563 0.3591 0.3357 0.3618 0.2912 0.3368 0.3303 0.3023 0.3207 0.2865 0.3276 0.3340 0.3335 0.2906 0.3274 0.3028 0.3016 0.2585 0.2715 0.3616 0.3391 0.3177 
0.3366 0.3420 1.0000 0.3763 0.3718 0.3895 0.3969 0.3765 0.3115 0.3516 0.3051 0.2522 0.3209 0.3419 0.3013 0.3595 0.3250 0.3634 0.2587 0.3713 0.3338 0.3042 0.3360 0.3534 0.2974 0.3668 0.3481 0.3601 0.3110 0.3482 0.3499 0.3548 0.2384 0.2841 0.3434 0.2939 0.3302 0.3042 0.4050 0.2930 0.3120 0.3228 0.3591 0.3548 0.2779 0.3306 0.2351 0.3180 0.3655 0.3191 
0.2944 0.3226 0.3763 1.0000 0.3459 0.3460 0.3987 0.3077 0.3147 0.3655 0.3853 0.3596 0.3190 0.3380 0.3298 0.3700 0.3080 0.3507 0.2885 0.4142 0.3719 0.3354 0.3880 0.3214 0.3616 0.3938 0.3354 0.3366 0.2844 0.3378 0.3472 0.3649 0.2399 0.3531 0.3317 0.3258 0.3818 0.3258 0.3969 0.2679 0.3549 0.3467 0.3488 0.3343 0.2921 0.2828 0.2707 0.3291 0.3507 0.3710 
0.2804 0.2933 0.3718 0.3459 1.0000 0.3997 0.3382 0.3482 0.2937 0.2773 0.3149 0.3381 0.2809 0.3297 0.3043 0.2984 0.2992 0.3294 0.3146 0.3451 0.3737 0.3421 0.2778 0.3258 0.3082 0.3265 0.4246 0.2987 0.2876 0.3532 0.3271 0.2926 0.2882 0.2995 0.3091 0.3773 0.3356 0.3309 0.3726 0.2787 0.3249 0.3668 0.3281 0.3418 0.2758 0.2962 0.3283 0.2913 0.3828 0.3164 
0.3071 0.3708 0.3895 0.3460 0.3997 1.0000 0.3951 0.4093 0.3403 0.3729 0.3287 0.3805 0.3352 0.4132 0.3689 0.3796 0.3316 0.3821 0.3293 0.3567 0.3802 0.4024 0.3450 0.3302 0.3562 0.3388 0.3703 0.3369 0.3310 0.3323 0.3564 0.3371 0.3001 0.4093 0.2898 0.4396 0.3585 0.3390 0.3846 0.3208 0.3446 0.3131 0.4102 0.3814 0.3458 0.3194 0.3266 0.3651 0.3548 0.3946 
0.3328 0.3816 0.3969 0.3987 0.3382 0.3951 1.0000 0.3456 0.3273 0.3922 0.3742 0.3537 0.3313 0.3614 0.3219 0.3992 0.3009 0.4110 0.3041 0.3648 0.4354 0.4054 0.3548 0.3648 0.3678 0.3962 0.3162 0.3581 0.3377 0.3427 0.3422 0.3798 0.2881 0.3708 0.3141 0.3409 0.3891 0.3284 0.3856 0.3521 0.3428 0.3298 0.3853 0.3637 0.3484 0.2776 0.3545 0.3850 0.3655 0.4133 
0.2899 0.3507 0.3765 0.3077 0.3482 0.4093 0.3456 1.0000 0.3162 0.3158 0.3329 0.3328 0.3250 0.3586 0.3624 0.3413 0.3479 0.3713 0.3471 0.3610 0.3996 0.3466 0.3480 0.3544 0.3689 0.3551 0.3667 0.3323 0.4165 0.3251 0.3616 0.3212 0.2644 0.3099 0.2979 0.3524 0.3700 0.3844 0.3732 0.3425 0.3710 0.2918 0.3792 0.3490 0.3197 0.3437 0.3416 0.3443 0.3731 0.3764 
0.3032 0.2746 0.3115 0.3147 0.2937 0.3403 0.3273 0.3162 1.0000 0.3316 0.3745 0.3047 0.2970 0.3248 0.2920 0.3216 0.2644 0.3067 0.3247 0.3061 0.3132 0.3415 0.3128 0.3430 0.3594 0.3180 0.3256 0.2916 0.2921 0.3173 0.3644 0.2989 0.2632 0.3208 0.3389 0.3284 0.3091 0.3041 0.3334 0.2494 0.3465 0.2965 0.3870 0.3692 0.2918 0.2473 0.2817 0.2980 0.2934 0.3224 
0.2877 0.3156 0.3516 0.3655 0.2773 0.3729 0.3922 0.3158 0.3316 1.0000 0.3186 0.3243 0.3556 0.3424 0.3585 0.3981 0.2896 0.3830 0.2764 0.3215 0.3501 0.3131 0.3260 0.3056 0.3090 0.3450 0.3323 0.3030 0.3058 0.3027 0.3271 0.3502 0.2505 0.3359 0.3218 0.3571 0.3131 0.3244 0.3765 0.2679 0.3802 0.3321 0.3722 0.3762 0.3383 0.2803 0.2610 0.3680 0.3433 0.3823 
0.3216 0.2858 0.3051 0.3853 0.3149 0.3287 0.3742 0.3329 0.3745 0.3186 1.0000 0.3349 0.3537 0.3304 0.2966 0.2964 0.3037 0.3351 0.2801 0.3245 0.3791 0.3757 0.3279 0.3451 0.3983 0.3881 0.3084 0.3737 0.2898 0.3015 0.3269 0.3177 0.2345 0.3761 0.3588 0.3178 0.3778 0.3431 0.3848 0.2913 0.3416 0.3379 0.3518 0.3418 0.3375 0.2599 0.3019 0.3296 0.3101 0.3740 
0.2913 0.3113 0.2522 0.3596 0.3381 0.3805 0.3537 0.3328 0.3047 0.3243 0.3349 1.0000 0.3043 0.3574 0.3267 0.3494 0.3107 0.3542 0.3097 0.2966 0.3672 0.4012 0.2779 0.2881 0.3718 0.2992 0.3122 0.3168 0.3128 0.2989 0.3089 0.3101 0.2501 0.3401 0.2951 0.3217 0.3677 0.3161 0.3280 0.2682 0.3599 0.2906 0.3497 0.3196 0.3482 0.2754 0.3550 0.3406 0.3097 0.3499 
0.2938 0.3360 0.3209 0.3190 0.2809 0.3352 0.3313 0.3250 0.2970 0.3556 0.3537 0.3043 1.0000 0.2962 0.3129 0.3298 0.3671 0.3202 0.2838 0.3401 0.3394 0.3583 0.3032 0.3146 0.3283 0.3616 0.3174 0.3332 0.3418 0.2996 0.3259 0.3003 0.2411 0.3169 0.3459 0.3193 0.3007 0.3297 0.3832 0.3213 0.3435 0.3440 0.3465 0.3033 0.3024 0.2337 0.2591 0.3174 0.3051 0.3631 
0.2945 0.3588 0.3419 0.3380 0.3297 0.4132 0.3614 0.3586 0.3248 0.3424 0.3304 0.3574 0.2962 1.0000 0.3658 0.3055 0.3050 0.3825 0.3646 0.3311 0.3422 0.3564 0.3275 0.3156 0.3698 0.3397 0.3244 0.3435 0.3336 0.3608 0.3743 0.2859 0.3466 0.3341 0.2939 0.3594 0.3209 0.3108 0.3247 0.3009 0.3756 0.3277 0.3844 0.3777 0.3073 0.2721 0.3323 0.3420 0.3733 0.3455 
0.2919 0.3164 0.3013 0.3298 0.3043 0.3689 0.3219 0.3624 0.2920 0.3585 0.2966 0.3267 0.3129 0.3658 1.0000 0.3421 0.3161 0.3654 0.2584 0.3017 0.3574 0.3271 0.3037 0.2950 0.3036 0.3329 0.3466 0.3304 0.3274 0.3260 0.3439 0.3592 0.2398 0.3363 0.3271 0.3364 0.3178 0.3678 0.3639 0.2658 0.3193 0.3096 0.3325 0.3488 0.3464 0.2968 0.2718 0.3641 0.3263 0.3432 
0.3205 0.3269 0.3595 0.3700 0.2984 0.3796 0.3992 0.3413 0.3216 0.3981 0.2964 0.3494 0.3298 0.3055 0.3421 1.0000 0.2883 0.3498 0.2863 0.3432 0.3482 0.3604 0.3342 0.3344 0.3612 0.3398 0.3413 0.3286 0.3125 0.3365 0.3171 0.3530 0.2381 0.3835 0.3151 0.3257 0.3139 0.3324 0.4077 0.2947 0.3010 0.3138 0.3494 0.3700 0.3401 0.2911 0.2727 0.3773 0.3258 0.3543 
0.3140 0.3578 0.3250 0.3080 0.2992 0.3316 0.3009 0.3479 0.2644 0.2896 0.3037 0.3107 0.3671 0.3050 0.3161 0.2883 1.0000 0.3562 0.2696 0.2901 0.3427 0.3068 0.2884 0.3369 0.3121 0.3147 0.2942 0.2998 0.3187 0.3042 0.3472 0.3147 0.2446 0.3012 0.3056 0.2672 0.3472 0.2964 0.3172 0.3326 0.3255 0.3061 0.2910 0.2937 0.3306 0.2990 0.2369 0.3179 0.3188 0.2944 
0.3267 0.4428 0.3634 0.3507 0.3294 0.3821 0.4110 0.3713 0.3067 0.3830 0.3351 0.3542 0.3202 0.3825 0.3654 0.3498 0.3562 1.0000 0.2903 0.3443 0.4155 0.3745 0.3291 0.2918 0.3341 0.3827 0.3169 0.3439 0.3260 0.3039 0.3518 0.3654 0.2912 0.3283 0.3671 0.3307 0.3753 0.2771 0.3832 0.3390 0.3896 0.3291 0.3720 0.3838 0.3280 0.2794 0.3071 0.3922 0.4171 0.3276 
0.2440 0.3007 0.2587 0.2885 0.3146 0.3293 0.3041 0.3471 0.3247 0.2764 0.2801 0.3097 0.2838 0.3646 0.2584 0.2863 0.2696 0.2903 1.0000 0.2847 0.3065 0.3551 0.3365 0.2740 0.2886 0.3106 0.3269 0.2812 0.2512 0.3501 0.3618 0.2717 0.3163 0.2649 0.2836 0.4257 0.2869 0.2651 0.2665 0.2632 0.3112 0.3174 0.3131 0.3033 0.2541 0.2441 0.2934 0.2642 0.3015 0.3229 
0.2860 0.3209 0.3713 0.4142 0.3451 0.3567 0.3648 0.3610 0.3061 0.3215 0.3245 0.2966 0.3401 0.3311 0.3017 0.3432 0.2901 0.3443 0.2847 1.0000 0.3585 0.3309 0.3228 0.3455 0.3757 0.4169 0.3112 0.3400 0.2940 0.3911 0.3797 0.2954 0.2547 0.3597 0.3258 0.3703 0.3059 0.3130 0.3427 0.3131 0.3738 0.3505 0.3844 0.3928 0.2875 0.3168 0.2843 0.3125 0.3668 0.3551 
0.3382 0.3612 0.3338 0.3719 0.3737 0.3802 0.4354 0.3996 0.3132 0.3501 0.3791 0.3672 0.3394 0.3422 0.3574 0.3482 0.3427 0.4155 0.3065 0.3585 1.0000 0.3898 0.3329 0.3605 0.4018 0.3569 0.3860 0.3133 0.3790 0.2945 0.3291 0.3790 0.2722 0.3528 0.3272 0.3575 0.4330 0.3264 0.4114 0.3228 0.4308 0.3315 0.3390 0.3755 0.3512 0.3382 0.3347 0.3686 0.3681 0.3572 
0.3100 0.3737 0.3042 0.3354 0.3421 0.4024 0.4054 0.3466 0.3415 0.3131 0.3757 0.4012 0.3583 0.3564 0.3271 0.3604 0.3068 0.3745 0.3551 0.3309 0.3898 1.0000 0.3270 0.3202 0.3369 0.3501 0.3326 0.3213 0.3283 0.2902 0.3054 0.3520 0.3228 0.3645 0.3059 0.3765 0.3295 0.2999 0.3493 0.3413 0.3584 0.3313 0.3420 0.3080 0.3554 0.2754 0.3212 0.3323 0.3446 0.3912 
0.3187 0.3367 0.3360 0.3880 0.2778 0.3450 0.3548 0.3480 0.3128 0.3260 0.3279 0.2779 0.3032 0.3275 0.3037 0.3342 0.2884 0.3291 0.3365 0.3228 0.3329 0.3270 1.0000 0.3317 0.3471 0.3410 0.3327 0.3239 0.3208 0.3227 0.3627 0.3039 0.2613 0.2941 0.3224 0.3281 0.3170 0.3313 0.2956 0.3057 0.3544 0.3084 0.3108 0.3505 0.2875 0.2644 0.2568 0.3199 0.3202 0.3722 
0.3258 0.3133 0.3534 0.3214 0.3258 0.3302 0.3648 0.3544 0.3430 0.3056 0.3451 0.2881 0.3146 0.3156 0.2950 0.3344 0.3369 0.2918 0.2740 0.3455 0.3605 0.3202 0.3317 1.0000 0.3347 0.3518 0.3385 0.3462 0.3308 0.3136 0.3443 0.2909 0.2395 0.3046 0.3203 0.3046 0.3102 0.3767 0.3491 0.3358 0.3049 0.3518 0.3294 0.3524 0.3249 0.2983 0.2584 0.3006 0.3493 0.3639 
0.3466 0.3212 0.2974 0.3616 0.3082 0.3562 0.3678 0.3689 0.3594 0.3090 0.3983 0.3718 0.3283 0.3698 0.3036 0.3612 0.3121 0.3341 0.2886 0.3757 0.4018 0.3369 0.3471 0.3347 1.0000 0.3536 0.3328 0.3734 0.3548 0.3503 0.4171 0.3365 0.2308 0.3653 0.3626 0.3162 0.3727 0.3256 0.3519 0.2992 0.3704 0.3076 0.4094 0.4094 0.3125 0.3026 0.3603 0.3539 0.3325 0.3623 
0.3067 0.3510 0.3668 0.3938 0.3265 0.3388 0.3962 0.3551 0.3180 0.3450 0.3881 0.2992 0.3616 0.3397 0.3329 0.3398 0.3147 0.3827 0.3106 0.4169 0.3569 0.3501 0.3410 0.3518 0.3536 1.0000 0.3289 0.3369 0.3159 0.3418 0.3588 0.3218 0.2375 0.3178 0.3744 0.4017 0.3044 0.3348 0.3409 0.3644 0.3730 0.3267 0.3181 0.3715 0.3042 0.2949 0.2840 0.3127 0.3267 0.4095 
0.2895 0.2984 0.3481 0.3354 0.4246 0.3703 0.3162 0.3667 0.3256 0.3323 0.3084 0.3122 0.3174 0.3244 0.3466 0.3413 0.2942 0.3169 0.3269 0.3112 0.3860 0.3326 0.3327 0.3385 0.3328 0.3289 1.0000 0.2915 0.3253 0.3278 0.3466 0.2980 0.2530 0.2910 0.3262 0.3512 0.3089 0.3177 0.3978 0.2652 0.3551 0.3110 0.3452 0.3525 0.3050 0.3025 0.3224 0.2803 0.3407 0.3414 
0.2661 0.2746 0.3601 0.3366 0.2987 0.3369 0.3581 0.3323 0.2916 0.3030 0.3737 0.3168 0.3332 0.3435 0.3304 0.3286 0.2998 0.3439 0.2812 0.3400 0.3133 0.3213 0.3239 0.3462 0.3734 0.3369 0.2915 1.0000 0.2944 0.3617 0.3654 0.3332 0.2246 0.3304 0.3293 0.3140 0.3223 0.3482 0.3831 0.2674 0.3364 0.3408 0.3507 0.3365 0.3307 0.2739 0.2988 0.3566 0.3554 0.3331 
0.2927 0.3563 0.3110 0.2844 0.2876 0.3310 0.3377 0.4165 0.2921 0.3058 0.2898 0.3128 0.3418 0.3336 0.3274 0.3125 0.3187 0.3260 0.2512 0.2940 0.3790 0.3283 0.3208 0.3308 0.3548 0.3159 0.3253 0.2944 1.0000 0.2883 0.3472 0.3210 0.2489 0.2796 0.3049 0.2926 0.2844 0.3335 0.3088 0.3318 0.3341 0.2976 0.3435 0.3230 0.2983 0.2934 0.2871 0.3567 0.3356 0.3441 
0.2936 0.3591 0.3482 0.3378 0.3532 0.3323 0.3427 0.3251 0.3173 0.3027 0.3015 0.2989 0.2996 0.3608 0.3260 0.3365 0.3042 0.3039 0.3501 0.3911 0.2945 0.2902 0.3227 0.3136 0.3503 0.3418 0.3278 0.3617 0.2883 1.0000 0.4161 0.3001 0.2818 0.2890 0.3309 0.3489 0.2848 0.3050 0.3158 0.2969 0.3202 0.3471 0.3557 0.3402 0.2609 0.2783 0.2819 0.3460 0.3425 0.3578 
0.3341 0.3357 0.3499 0.3472 0.3271 0.3564 0.3422 0.3616 0.3644 0.3271 0.3269 0.3089 0.3259 0.3743 0.3439 0.3171 0.3472 0.3518 0.3618 0.3797 0.3291 0.3054 0.3627 0.3443 0.4171 0.3588 0.3466 0.3654 0.3472 0.4161 1.0000 0.3196 0.2808 0.2990 0.4250 0.3368 0.3270 0.3311 0.3372 0.2931 0.3507 0.3213 0.3600 0.4341 0.2861 0.3229 0.3190 0.3527 0.3459 0.3416 
0.3077 0.3618 0.3548 0.3649 0.2926 0.3371 0.3798 0.3212 0.2989 0.3502 0.3177 0.3101 0.3003 0.2859 0.3592 0.3530 0.3147 0.3654 0.2717 0.2954 0.3790 0.3520 0.3039 0.2909 0.3365 0.3218 0.2980 0.3332 0.3210 0.3001 0.3196 1.0000 0.2465 0.3814 0.2919 0.2860 0.3893 0.3237 0.3581 0.2780 0.3046 0.3041 0.3694 0.3154 0.3197 0.3449 0.3018 0.3885 0.2874 0.3639 
0.2467 0.2912 0.2384 0.2399 0.2882 0.3001 0.2881 0.2644 0.2632 0.2505 0.2345 0.2501 0.2411 0.3466 0.2398 0.2381 0.2446 0.2912 0.3163 0.2547 0.2722 0.3228 0.2613 0.2395 0.2308 0.2375 0.2530 0.2246 0.2489 0.2818 0.2808 0.2465 1.0000 0.2535 0.2565 0.3194 0.2443 0.2620 0.2629 0.2924 0.2652 0.2719 0.2521 0.2451 0.2803 0.2084 0.3522 0.2837 0.2770 0.2977 
0.2840 0.3368 0.2841 0.3531 0.2995 0.4093 0.3708 0.3099 0.3208 0.3359 0.3761 0.3401 0.3169 0.3341 0.3363 0.3835 0.3012 0.3283 0.2649 0.3597 0.3528 0.3645 0.2941 0.3046 0.3653 0.3178 0.2910 0.3304 0.2796 0.2890 0.2990 0.3814 0.2535 1.0000 0.2715 0.3452 0.3292 0.3406 0.3766 0.2905 0.3071 0.3235 0.3671 0.3426 0.4160 0.2848 0.2964 0.3915 0.3134 0.3690 
0.3549 0.3303 0.3434 0.3317 0.3091 0.2898 0.3141 0.2979 0.3389 0.3218 0.3588 0.2951 0.3459 0.2939 0.3271 0.3151 0.3056 0.3671 0.2836 0.3258 0.3272 0.3059 0.3224 0.3203 0.3626 0.3744 0.3262 0.3293 0.3049 0.3309 0.4250 0.2919 0.2565 0.2715 1.0000 0.3263 0.3320 0.2868 0.3679 0.2933 0.3643 0.2930 0.3283 0.3497 0.2801 0.2677 0.2709 0.3402 0.3345 0.3610 
0.2940 0.3023 0.2939 0.3258 0.3773 0.4396 0.3409 0.3524 0.3284 0.3571 0.3178 0.3217 0.3193 0.3594 0.3364 0.3257 0.2672 0.3307 0.4257 0.3703 0.3575 0.3765 0.3281 0.3046 0.3162 0.4017 0.3512 0.3140 0.2926 0.3489 0.3368 0.2860 0.3194 0.3452 0.3263 1.0000 0.3127 0.3205 0.3235 0.3060 0.3705 0.3445 0.3180 0.3735 0.2997 0.2466 0.3186 0.3254 0.3582 0.4191 
0.3547 0.3207 0.3302 0.3818 0.3356 0.3585 0.3891 0.3700 0.3091 0.3131 0.3778 0.3677 0.3007 0.3209 0.3178 0.3139 0.3472 0.3753 0.2869 0.3059 0.4330 0.3295 0.3170 0.3102 0.3727 0.3044 0.3089 0.3223 0.2844 0.2848 0.3270 0.3893 0.2443 0.3292 0.3320 0.3127 1.0000 0.3211 0.3584 0.2860 0.3831 0.2873 0.3592 0.2980 0.2964 0.2975 0.3101 0.3419 0.3561 0.3712 
0.2856 0.2865 0.3042 0.3258 0.3309 0.3390 0.3284 0.3844 0.3041 0.3244 0.3431 0.3161 0.3297 0.3108 0.3678 0.3324 0.2964 0.2771 0.2651 0.3130 0.3264 0.2999 0.3313 0.3767 0.3256 0.3348 0.3177 0.3482 0.3335 0.3050 0.3311 0.3237 0.2620 0.3406 0.2868 0.3205 0.3211 1.0000 0.3531 0.2893 0.3056 0.3388 0.3225 0.3449 0.3281 0.2660 0.2859 0.3116 0.3124 0.3721 
0.3324 0.3276 0.4050 0.3969 0.3726 0.3846 0.3856 0.3732 0.3334 0.3765 0.3848 0.3280 0.3832 0.3247 0.3639 0.4077 0.3172 0.3832 0.2665 0.3427 0.4114 0.3493 0.2956 0.3491 0.3519 0.3409 0.3978 0.3831 0.3088 0.3158 0.3372 0.3581 0.2629 0.3766 0.3679 0.3235 0.3584 0.3531 1.0000 0.2818 0.3673 0.3437 0.3719 0.3516 0.3688 0.3045 0.3095 0.3845 0.3555 0.3539 
0.2911 0.3340 0.2930 0.2679 0.2787 0.3208 0.3521 0.3425 0.2494 0.2679 0.2913 0.2682 0.3213 0.3009 0.2658 0.2947 0.3326 0.3390 0.2632 0.3131 0.3228 0.3413 0.3057 0.3358 0.2992 0.3644 0.2652 0.2674 0.3318 0.2969 0.2931 0.2780 0.2924 0.2905 0.2933 0.3060 0.2860 0.2893 0.2818 1.0000 0.3489 0.2534 0.2844 0.3110 0.3185 0.2768 0.2682 0.3378 0.3234 0.3313 
0.3221 0.3335 0.3120 0.3549 0.3249 0.3446 0.3428 0.3710 0.3465 0.3802 0.3416 0.3599 0.3435 0.3756 0.3193 0.3010 0.3255 0.3896 0.3112 0.3738 0.4308 0.3584 0.3544 0.3049 0.3704 0.3730 0.3551 0.3364 0.3341 0.3202 0.3507 0.3046 0.2652 0.3071 0.3643 0.3705 0.3831 0.3056 0.3673 0.3489 1.0000 0.3034 0.3600 0.3803 0.3066 0.2925 0.2886 0.3424 0.3735 0.3831 
0.2739 0.2906 0.3228 0.3467 0.3668 0.3131 0.3298 0.2918 0.2965 0.3321 0.3379 0.2906 0.3440 0.3277 0.3096 0.3138 0.3061 0.3291 0.3174 0.3505 0.3315 0.3313 0.3084 0.3518 0.3076 0.3267 0.3110 0.3408 0.2976 0.3471 0.3213 0.3041 0.2719 0.3235 0.2930 0.3445 0.2873 0.3388 0.3437 0.2534 0.3034 1.0000 0.3237 0.3525 0.2811 0.2523 0.2654 0.2865 0.3260 0.3317 
0.3003 0.3274 0.3591 0.3488 0.3281 0.4102 0.3853 0.3792 0.3870 0.3722 0.3518 0.3497 0.3465 0.3844 0.3325 0.3494 0.2910 0.3720 0.3131 0.3844 0.3390 0.3420 0.3108 0.3294 0.4094 0.3181 0.3452 0.3507 0.3435 0.3557 0.3600 0.3694 0.2521 0.3671 0.3283 0.3180 0.3592 0.3225 0.3719 0.2844 0.3600 0.3237 1.0000 0.3584 0.2944 0.2922 0.3311 0.3950 0.3443 0.3585 
0.3033 0.3028 0.3548 0.3343 0.3418 0.3814 0.3637 0.3490 0.3692 0.3762 0.3418 0.3196 0.3033 0.3777 0.3488 0.3700 0.2937 0.3838 0.3033 0.3928 0.3755 0.3080 0.3505 0.3524 0.4094 0.3715 0.3525 0.3365 0.3230 0.3402 0.4341 0.3154 0.2451 0.3426 0.3497 0.3735 0.2980 0.3449 0.3516 0.3110 0.3803 0.3525 0.3584 1.0000 0.3275 0.3170 0.2940 0.3358 0.3577 0.3533 
0.2960 0.3016 0.2779 0.2921 0.2758 0.3458 0.3484 0.3197 0.2918 0.3383 0.3375 0.3482 0.3024 0.3073 0.3464 0.3401 0.3306 0.3280 0.2541 0.2875 0.3512 0.3554 0.2875 0.3249 0.3125 0.3042 0.3050 0.3307 0.2983 0.2609 0.2861 0.3197 0.2803 0.4160 0.2801 0.2997 0.2964 0.3281 0.3688 0.3185 0.3066 0.2811 0.2944 0.3275 1.0000 0.2632 0.3033 0.3794 0.3254 0.3375 
0.2895 0.2585 0.3306 0.2828 0.2962 0.3194 0.2776 0.3437 0.2473 0.2803 0.2599 0.2754 0.2337 0.2721 0.2968 0.2911 0.2990 0.2794 0.2441 0.3168 0.3382 0.2754 0.2644 0.2983 0.3026 0.2949 0.3025 0.2739 0.2934 0.2783 0.3229 0.3449 0.2084 0.2848 0.2677 0.2466 0.2975 0.2660 0.3045 0.2768 0.2925 0.2523 0.2922 0.3170 0.2632 1.0000 0.2831 0.3041 0.2844 0.2884 
0.2386 0.2715 0.2351 0.2707 0.3283 0.3266 0.3545 0.3416 0.2817 0.2610 0.3019 0.3550 0.2591 0.3323 0.2718 0.2727 0.2369 0.3071 0.2934 0.2843 0.3347 0.3212 0.2568 0.2584 0.3603 0.2840 0.3224 0.2988 0.2871 0.2819 0.3190 0.3018 0.3522 0.2964 0.2709 0.3186 0.3101 0.2859 0.3095 0.2682 0.2886 0.2654 0.3311 0.2940 0.3033 0.2831 1.0000 0.3243 0.2800 0.3553 
0.3032 0.3616 0.3180 0.3291 0.2913 0.3651 0.3850 0.3443 0.2980 0.3680 0.3296 0.3406 0.3174 0.3420 0.3641 0.3773 0.3179 0.3922 0.2642 0.3125 0.3686 0.3323 0.3199 0.3006 0.3539 0.3127 0.2803 0.3566 0.3567 0.3460 0.3527 0.3885 0.2837 0.3915 0.3402 0.3254 0.3419 0.3116 0.3845 0.3378 0.3424 0.2865 0.3950 0.3358 0.3794 0.3041 0.3243 1.0000 0.3329 0.3637 
0.3122 0.3391 0.3655 0.3507 0.3828 0.3548 0.3655 0.3731 0.2934 0.3433 0.3101 0.3097 0.3051 0.3733 0.3263 0.3258 0.3188 0.4171 0.3015 0.3668 0.3681 0.3446 0.3202 0.3493 0.3325 0.3267 0.3407 0.3554 0.3356 0.3425 0.3459 0.2874 0.2770 0.3134 0.3345 0.3582 0.3561 0.3124 0.3555 0.3234 0.3735 0.3260 0.3443 0.3577 0.3254 0.2844 0.2800 0.3329 1.0000 0.3678 
0.2925 0.3177 0.3191 0.3710 0.3164 0.3946 0.4133 0.3764 0.3224 0.3823 0.3740 0.3499 0.3631 0.3455 0.3432 0.3543 0.2944 0.3276 0.3229 0.3551 0.3572 0.3912 0.3722 0.3639 0.3623 0.4095 0.3414 0.3331 0.3441 0.3578 0.3416 0.3639 0.2977 0.3690 0.3610 0.4191 0.3712 0.3721 0.3539 0.3313 0.3831 0.3317 0.3585 0.3533 0.3375 0.2884 0.3553 0.3637 0.3678 1.0000 
