1:	0.1947 0.2038 0.0166 0.0044 0.2033 0.1254 0.0312 0.2206 	9
2:	0.2499 0.0756 0.0000 0.0004 0.5235 0.0816 0.0000 0.0691 	3
3:	0.0654 0.0233 0.2539 0.2501 0.1643 0.1758 0.0336 0.0336 	4
4:	0.2191 0.0048 0.2943 0.2166 0.0041 0.2511 0.0084 0.0016 	2
5:	0.1970 0.1442 0.1231 0.0064 0.0973 0.2059 0.0878 0.1383 	17
6:	0.4618 0.0144 0.0874 0.0099 0.0251 0.3100 0.0828 0.0087 	12
7:	0.4492 0.1193 0.0000 0.0011 0.0253 0.3406 0.0077 0.0568 	3
8:	0.6652 0.0000 0.1250 0.0000 0.0000 0.2051 0.0046 0.0000 	2
9:	0.5829 0.0000 0.0000 0.0072 0.0000 0.4099 0.0000 0.0000 	1
10:	0.1620 0.0278 0.2500 0.0015 0.1808 0.3365 0.0136 0.0278 	4
11:	0.2593 0.1187 0.2557 0.0007 0.0314 0.2441 0.0196 0.0704 	14
12:	0.2357 0.2301 0.0305 0.0001 0.0574 0.1126 0.0419 0.2918 	9
13:	0.0570 0.3033 0.1041 0.0004 0.2609 0.0794 0.0290 0.1660 	14
14:	0.1308 0.0945 0.0000 0.0083 0.3654 0.3544 0.0014 0.0450 	2
15:	0.1590 0.0208 0.1111 0.3972 0.0154 0.2735 0.0006 0.0224 	9
