1:	0.2003 0.0004 0.0076 0.1749 0.0057 0.1192 0.0004 0.1833 0.3010 0.0071 	13
2:	0.3146 0.0000 0.0696 0.2121 0.0000 0.1914 0.0714 0.0198 0.1097 0.0113 	14
3:	0.1509 0.0618 0.1962 0.0968 0.1299 0.1010 0.1079 0.0168 0.0537 0.0850 	18
4:	0.0957 0.1609 0.0688 0.1489 0.0000 0.2463 0.0000 0.0681 0.1870 0.0243 	11
5:	0.1141 0.3363 0.0001 0.1715 0.0002 0.1074 0.1667 0.0272 0.0702 0.0063 	6
6:	0.0573 0.4559 0.0506 0.0182 0.3275 0.0173 0.0019 0.0028 0.0263 0.0421 	17
7:	0.0000 0.0000 0.0000 0.8846 0.0000 0.0385 0.0000 0.0000 0.0769 0.0000 	1
8:	0.0043 0.0000 0.0174 0.4936 0.0000 0.3138 0.0000 0.0778 0.0162 0.0769 	1
9:	0.0000 0.0000 1.0000 0.0000 0.0000 0.0000 0.0000 0.0000 0.0000 0.0000 	1
10:	0.1423 0.0000 0.1278 0.2764 0.0000 0.1723 0.0000 0.0553 0.2093 0.0166 	1
11:	0.1323 0.0000 0.2256 0.3773 0.0000 0.0881 0.0000 0.0000 0.1768 0.0000 	2
12:	0.2314 0.0000 0.0946 0.0994 0.1225 0.2095 0.0001 0.0165 0.2043 0.0217 	8
13:	0.2005 0.0000 0.0000 0.4367 0.0000 0.3073 0.0000 0.0000 0.0555 0.0000 	1
