1.0000	0.5154	0.5567	0.5363	0.4824	0.4903	0.5514	0.5291	0.5544	0.5298	0.5206	0.4694	0.5546	0.4416	0.4840	0.4482	0.4580	0.4171	0.5729	0.3830	0.4581	0.4843	0.5526	0.4953	0.4257	0.5610	0.4993	0.4685	0.4780	0.5070	0.4975	0.4715	0.4718	0.4666	0.6431	0.4902	0.5606	0.5446	0.5353	0.4724	0.4439	0.5051	0.4396	0.5693	0.5112	0.4600	0.5913	0.4599	0.4975	0.5041
0.5154	1.0000	0.5706	0.5110	0.5031	0.5103	0.4517	0.4926	0.5244	0.4674	0.5430	0.5438	0.5065	0.4954	0.4347	0.4155	0.4615	0.4164	0.5290	0.4015	0.4919	0.4800	0.5129	0.5482	0.4091	0.4713	0.5126	0.4962	0.4745	0.4925	0.5110	0.4963	0.4961	0.4219	0.5335	0.5734	0.5316	0.5188	0.5692	0.4886	0.5063	0.4236	0.5334	0.5133	0.5347	0.4511	0.5242	0.5062	0.5135	0.6729
0.5567	0.5706	1.0000	0.5422	0.4686	0.5077	0.5265	0.5442	0.6212	0.5043	0.5454	0.4817	0.4874	0.4503	0.4204	0.4690	0.5863	0.4584	0.5872	0.3913	0.5025	0.4799	0.6394	0.5545	0.4501	0.5455	0.5305	0.5107	0.5330	0.4982	0.4851	0.4979	0.5816	0.4426	0.5939	0.5089	0.5503	0.5976	0.5626	0.5208	0.5374	0.4931	0.4854	0.6026	0.5463	0.5214	0.6486	0.5574	0.4796	0.5010
0.5363	0.5110	0.5422	1.0000	0.5530	0.5330	0.4510	0.4764	0.5033	0.6056	0.6762	0.6092	0.4271	0.5042	0.5588	0.5130	0.5590	0.5464	0.4858	0.4249	0.4710	0.5976	0.5444	0.5659	0.4798	0.6281	0.7015	0.6275	0.6594	0.5289	0.5881	0.5640	0.6280	0.4095	0.5142	0.5739	0.5071	0.5440	0.5734	0.5196	0.5630	0.5185	0.4365	0.5330	0.5302	0.5088	0.5344	0.6044	0.5233	0.5291
0.4824	0.5031	0.4686	0.5530	1.0000	0.5203	0.4355	0.4617	0.4480	0.4474	0.5701	0.6286	0.4588	0.5509	0.5289	0.4683	0.4673	0.4917	0.5030	0.4042	0.4915	0.5493	0.5327	0.4636	0.4296	0.5444	0.5516	0.5820	0.4951	0.4749	0.5241	0.5350	0.4915	0.4109	0.4831	0.5854	0.4819	0.4829	0.5573	0.5902	0.4966	0.5579	0.4519	0.4447	0.5095	0.5400	0.4502	0.5060	0.5042	0.5486
0.4903	0.5103	0.5077	0.5330	0.5203	1.0000	0.4689	0.4649	0.5201	0.5216	0.5776	0.5910	0.4467	0.5480	0.4841	0.4693	0.4921	0.4385	0.4830	0.4159	0.4865	0.5295	0.5429	0.4493	0.3952	0.5190	0.5092	0.5488	0.5371	0.5176	0.4752	0.5507	0.4954	0.3936	0.4907	0.5591	0.5384	0.4912	0.5698	0.5712	0.5067	0.5427	0.5436	0.5342	0.6444	0.5119	0.4836	0.4699	0.5738	0.5015
0.5514	0.4517	0.5265	0.4510	0.4355	0.4689	1.0000	0.6176	0.5655	0.4967	0.4791	0.4369	0.5773	0.4472	0.5051	0.4383	0.4994	0.4194	0.5439	0.3643	0.4848	0.4551	0.5437	0.4673	0.4204	0.5040	0.4615	0.4256	0.4721	0.4433	0.4487	0.4236	0.4780	0.5056	0.5013	0.4903	0.5236	0.4858	0.4692	0.4601	0.4667	0.4621	0.4738	0.5774	0.5392	0.4851	0.5485	0.4306	0.5455	0.4718
0.5291	0.4926	0.5442	0.4764	0.4617	0.4649	0.6176	1.0000	0.5272	0.4518	0.4833	0.4553	0.6563	0.4673	0.4985	0.4374	0.4631	0.4288	0.5664	0.3545	0.4733	0.4415	0.5321	0.5895	0.4082	0.5514	0.4605	0.4461	0.4619	0.4618	0.4597	0.4599	0.4455	0.5660	0.5238	0.5242	0.5495	0.5431	0.5616	0.4705	0.4823	0.4796	0.5411	0.5331	0.4929	0.4637	0.5024	0.4336	0.5145	0.5116
0.5544	0.5244	0.6212	0.5033	0.4480	0.5201	0.5655	0.5272	1.0000	0.5674	0.4966	0.4513	0.4921	0.4342	0.4706	0.4756	0.5933	0.4611	0.5854	0.3724	0.4863	0.5156	0.5518	0.5047	0.4087	0.4974	0.5335	0.4692	0.5144	0.4640	0.4574	0.4491	0.5625	0.4580	0.5484	0.4476	0.5681	0.5364	0.4854	0.5251	0.4615	0.4769	0.4993	0.6446	0.5560	0.4840	0.5874	0.4963	0.4820	0.4872
0.5298	0.4674	0.5043	0.6056	0.4474	0.5216	0.4967	0.4518	0.5674	1.0000	0.5980	0.5458	0.4150	0.5116	0.5327	0.5408	0.5466	0.5244	0.4292	0.5233	0.4248	0.5379	0.5119	0.4586	0.5326	0.5831	0.5949	0.5165	0.6211	0.5354	0.5500	0.5003	0.5345	0.3874	0.4923	0.5111	0.5422	0.4198	0.5061	0.5533	0.5182	0.5426	0.4509	0.5957	0.5947	0.5267	0.5311	0.5102	0.5346	0.4139
0.5206	0.5430	0.5454	0.6762	0.5701	0.5776	0.4791	0.4833	0.4966	0.5980	1.0000	0.7109	0.4550	0.5638	0.5372	0.5318	0.5477	0.5164	0.5196	0.4735	0.5007	0.5815	0.6254	0.5423	0.4970	0.5946	0.6406	0.6101	0.5882	0.6162	0.6038	0.5813	0.5628	0.4255	0.5449	0.6037	0.5451	0.4997	0.6543	0.5890	0.5743	0.5367	0.5300	0.5263	0.6047	0.5502	0.5051	0.5937	0.5962	0.5056
0.4694	0.5438	0.4817	0.6092	0.6286	0.5910	0.4369	0.4553	0.4513	0.5458	0.7109	1.0000	0.4449	0.6259	0.5598	0.5097	0.5011	0.5123	0.4764	0.4372	0.5073	0.6006	0.5499	0.4953	0.4533	0.5356	0.5819	0.5925	0.5371	0.5765	0.5845	0.5878	0.5166	0.4183	0.4931	0.6275	0.5249	0.4852	0.5987	0.5747	0.5478	0.4990	0.5356	0.4836	0.5693	0.4908	0.4620	0.5602	0.5859	0.5305
0.5546	0.5065	0.4874	0.4271	0.4588	0.4467	0.5773	0.6563	0.4921	0.4150	0.4550	0.4449	1.0000	0.4489	0.4827	0.4121	0.4301	0.3732	0.5943	0.3351	0.4836	0.4144	0.5106	0.5613	0.3866	0.5103	0.4339	0.4204	0.4105	0.4339	0.4428	0.4243	0.4449	0.6174	0.4729	0.5271	0.5361	0.5184	0.5520	0.4321	0.4301	0.4310	0.5280	0.5036	0.4749	0.4184	0.4829	0.4257	0.5198	0.5736
0.4416	0.4954	0.4503	0.5042	0.5509	0.5480	0.4472	0.4673	0.4342	0.5116	0.5638	0.6259	0.4489	1.0000	0.5738	0.5349	0.4634	0.5590	0.4502	0.4599	0.5244	0.5326	0.4981	0.4455	0.4490	0.5186	0.5003	0.5314	0.4744	0.5780	0.5518	0.5312	0.4392	0.4212	0.4569	0.6130	0.5341	0.4511	0.4987	0.5681	0.5361	0.5094	0.5262	0.4442	0.5509	0.4889	0.4206	0.4712	0.6186	0.5186
0.4840	0.4347	0.4204	0.5588	0.5289	0.4841	0.5051	0.4985	0.4706	0.5327	0.5372	0.5598	0.4827	0.5738	1.0000	0.5207	0.5009	0.5133	0.4616	0.3865	0.5417	0.5582	0.4868	0.4562	0.4282	0.5374	0.5824	0.4930	0.5411	0.4792	0.5493	0.4884	0.5070	0.4540	0.4319	0.5639	0.5049	0.4858	0.4642	0.5147	0.4811	0.5124	0.4720	0.4872	0.4696	0.4156	0.4525	0.4704	0.6502	0.5088
0.4482	0.4155	0.4690	0.5130	0.4683	0.4693	0.4383	0.4374	0.4756	0.5408	0.5318	0.5097	0.4121	0.5349	0.5207	1.0000	0.4890	0.5658	0.4827	0.4740	0.4117	0.5601	0.4863	0.4669	0.4995	0.5705	0.5592	0.5514	0.5155	0.5728	0.5760	0.5561	0.4442	0.3963	0.4543	0.4735	0.4915	0.4152	0.4438	0.4944	0.5428	0.5030	0.4356	0.4637	0.4711	0.5314	0.4279	0.4407	0.5512	0.4090
0.4580	0.4615	0.5863	0.5590	0.4673	0.4921	0.4994	0.4631	0.5933	0.5466	0.5477	0.5011	0.4301	0.4634	0.5009	0.4890	1.0000	0.5246	0.4951	0.4245	0.5224	0.5277	0.5719	0.5351	0.4715	0.5052	0.5634	0.5018	0.5262	0.4611	0.5327	0.4857	0.6762	0.4211	0.4346	0.4656	0.4694	0.5334	0.5141	0.5143	0.5441	0.4686	0.5024	0.5408	0.4976	0.5316	0.5212	0.5617	0.4824	0.4653
0.4171	0.4164	0.4584	0.5464	0.4917	0.4385	0.4194	0.4288	0.4611	0.5244	0.5164	0.5123	0.3732	0.5590	0.5133	0.5658	0.5246	1.0000	0.4187	0.4225	0.4338	0.5007	0.4615	0.4730	0.4192	0.4997	0.5298	0.5277	0.4732	0.5302	0.5150	0.5049	0.4847	0.3707	0.4368	0.4667	0.4791	0.4662	0.4317	0.4806	0.5033	0.4903	0.4417	0.4601	0.4567	0.5131	0.4341	0.4793	0.5147	0.4090
0.5729	0.5290	0.5872	0.4858	0.5030	0.4830	0.5439	0.5664	0.5854	0.4292	0.5196	0.4764	0.5943	0.4502	0.4616	0.4827	0.4951	0.4187	1.0000	0.3738	0.4756	0.4579	0.5739	0.5109	0.4194	0.5611	0.4908	0.4931	0.4403	0.4976	0.5185	0.4754	0.4535	0.5386	0.5631	0.5199	0.5563	0.5780	0.5101	0.4559	0.4738	0.4477	0.5067	0.5352	0.5142	0.4690	0.4895	0.4813	0.5161	0.5599
0.3830	0.4015	0.3913	0.4249	0.4042	0.4159	0.3643	0.3545	0.3724	0.5233	0.4735	0.4372	0.3351	0.4599	0.3865	0.4740	0.4245	0.4225	0.3738	1.0000	0.3569	0.3866	0.4282	0.3586	0.5836	0.4904	0.3992	0.4746	0.4198	0.4615	0.5180	0.4955	0.3760	0.3289	0.3871	0.4834	0.4123	0.3416	0.4112	0.4342	0.5211	0.4563	0.4097	0.3925	0.4708	0.5087	0.3508	0.4160	0.4262	0.3772
0.4581	0.4919	0.5025	0.4710	0.4915	0.4865	0.4848	0.4733	0.4863	0.4248	0.5007	0.5073	0.4836	0.5244	0.5417	0.4117	0.5224	0.4338	0.4756	0.3569	1.0000	0.4852	0.5410	0.5007	0.3820	0.4350	0.4895	0.4415	0.4348	0.4327	0.4523	0.4496	0.5070	0.4906	0.4848	0.5452	0.4922	0.5476	0.4937	0.4753	0.4781	0.4474	0.5574	0.4698	0.4695	0.3998	0.4715	0.4885	0.5401	0.5397
0.4843	0.4800	0.4799	0.5976	0.5493	0.5295	0.4551	0.4415	0.5156	0.5379	0.5815	0.6006	0.4144	0.5326	0.5582	0.5601	0.5277	0.5007	0.4579	0.3866	0.4852	1.0000	0.4935	0.4842	0.4109	0.4816	0.6400	0.5592	0.5881	0.4845	0.5373	0.5250	0.5488	0.4049	0.4654	0.5208	0.4608	0.4732	0.5103	0.5975	0.4937	0.4785	0.4781	0.5049	0.4985	0.4539	0.4789	0.4564	0.5483	0.4680
0.5526	0.5129	0.6394	0.5444	0.5327	0.5429	0.5437	0.5321	0.5518	0.5119	0.6254	0.5499	0.5106	0.4981	0.4868	0.4863	0.5719	0.4615	0.5739	0.4282	0.5410	0.4935	1.0000	0.5404	0.4701	0.5724	0.5065	0.5396	0.5165	0.5413	0.5367	0.5160	0.5701	0.4897	0.5380	0.5473	0.5456	0.5657	0.6063	0.5297	0.5155	0.5327	0.5174	0.5804	0.5820	0.5490	0.5557	0.5755	0.5236	0.5346
0.4953	0.5482	0.5545	0.5659	0.4636	0.4493	0.4673	0.5895	0.5047	0.4586	0.5423	0.4953	0.5613	0.4455	0.4562	0.4669	0.5351	0.4730	0.5109	0.3586	0.5007	0.4842	0.5404	1.0000	0.4309	0.5054	0.5483	0.5037	0.5059	0.4859	0.5175	0.5107	0.5374	0.5191	0.4844	0.4843	0.4987	0.5371	0.6060	0.4642	0.5310	0.4357	0.5353	0.4927	0.4524	0.4676	0.5003	0.4989	0.4811	0.5784
0.4257	0.4091	0.4501	0.4798	0.4296	0.3952	0.4204	0.4082	0.4087	0.5326	0.4970	0.4533	0.3866	0.4490	0.4282	0.4995	0.4715	0.4192	0.4194	0.5836	0.3820	0.4109	0.4701	0.4309	1.0000	0.5616	0.4594	0.4571	0.4646	0.4764	0.5388	0.4882	0.4343	0.3760	0.3996	0.5297	0.4213	0.3833	0.4242	0.4257	0.5697	0.4142	0.3736	0.4211	0.4899	0.4964	0.4304	0.4490	0.4470	0.4091
0.5610	0.4713	0.5455	0.6281	0.5444	0.5190	0.5040	0.5514	0.4974	0.5831	0.5946	0.5356	0.5103	0.5186	0.5374	0.5705	0.5052	0.4997	0.5611	0.4904	0.4350	0.4816	0.5724	0.5054	0.5616	1.0000	0.5525	0.5802	0.5516	0.5795	0.5889	0.5293	0.4888	0.4687	0.5485	0.5790	0.5250	0.5088	0.5294	0.5114	0.6229	0.5717	0.4137	0.5310	0.5404	0.5918	0.4938	0.5304	0.5317	0.4921
0.4993	0.5126	0.5305	0.7015	0.5516	0.5092	0.4615	0.4605	0.5335	0.5949	0.6406	0.5819	0.4339	0.5003	0.5824	0.5592	0.5634	0.5298	0.4908	0.3992	0.4895	0.6400	0.5065	0.5483	0.4594	0.5525	1.0000	0.5710	0.6410	0.5177	0.6058	0.5271	0.6133	0.4066	0.4823	0.5650	0.4900	0.4917	0.5442	0.6017	0.5588	0.4850	0.4455	0.5024	0.5382	0.4668	0.5232	0.5280	0.5749	0.5133
0.4685	0.4962	0.5107	0.6275	0.5820	0.5488	0.4256	0.4461	0.4692	0.5165	0.6101	0.5925	0.4204	0.5314	0.4930	0.5514	0.5018	0.5277	0.4931	0.4746	0.4415	0.5592	0.5396	0.5037	0.4571	0.5802	0.5710	1.0000	0.5626	0.5407	0.5731	0.6360	0.5210	0.3924	0.4732	0.5484	0.5076	0.4847	0.5358	0.5366	0.5546	0.5458	0.4664	0.4975	0.5148	0.5916	0.4721	0.5291	0.5053	0.4816
0.4780	0.4745	0.5330	0.6594	0.4951	0.5371	0.4721	0.4619	0.5144	0.6211	0.5882	0.5371	0.4105	0.4744	0.5411	0.5155	0.5262	0.4732	0.4403	0.4198	0.4348	0.5881	0.5165	0.5059	0.4646	0.5516	0.6410	0.5626	1.0000	0.4598	0.5082	0.5549	0.6008	0.3833	0.4532	0.5239	0.4798	0.4499	0.5334	0.5751	0.4984	0.5319	0.4333	0.5735	0.5398	0.5094	0.5570	0.5443	0.4912	0.4616
0.5070	0.4925	0.4982	0.5289	0.4749	0.5176	0.4433	0.4618	0.4640	0.5354	0.6162	0.5765	0.4339	0.5780	0.4792	0.5728	0.4611	0.5302	0.4976	0.4615	0.4327	0.4845	0.5413	0.4859	0.4764	0.5795	0.5177	0.5407	0.4598	1.0000	0.5914	0.5481	0.4226	0.4127	0.5534	0.5611	0.5399	0.4671	0.5225	0.4985	0.6157	0.5241	0.4943	0.4897	0.5475	0.5378	0.4380	0.4826	0.6234	0.4671
0.4975	0.5110	0.4851	0.5881	0.5241	0.4752	0.4487	0.4597	0.4574	0.5500	0.6038	0.5845	0.4428	0.5518	0.5493	0.5760	0.5327	0.5150	0.5185	0.5180	0.4523	0.5373	0.5367	0.5175	0.5388	0.5889	0.6058	0.5731	0.5082	0.5914	1.0000	0.5507	0.4754	0.4525	0.4793	0.5740	0.4751	0.4665	0.5032	0.5234	0.6042	0.4520	0.4857	0.4545	0.5230	0.5186	0.4126	0.5167	0.5767	0.5277
0.4715	0.4963	0.4979	0.5640	0.5350	0.5507	0.4236	0.4599	0.4491	0.5003	0.5813	0.5878	0.4243	0.5312	0.4884	0.5561	0.4857	0.5049	0.4754	0.4955	0.4496	0.5250	0.5160	0.5107	0.4882	0.5293	0.5271	0.6360	0.5549	0.5481	0.5507	1.0000	0.5002	0.4144	0.4650	0.5663	0.5024	0.4837	0.5405	0.5294	0.5574	0.5550	0.4962	0.5082	0.5097	0.5424	0.4680	0.5186	0.5126	0.4904
0.4718	0.4961	0.5816	0.6280	0.4915	0.4954	0.4780	0.4455	0.5625	0.5345	0.5628	0.5166	0.4449	0.4392	0.5070	0.4442	0.6762	0.4847	0.4535	0.3760	0.5070	0.5488	0.5701	0.5374	0.4343	0.4888	0.6133	0.5210	0.6008	0.4226	0.4754	0.5002	1.0000	0.4077	0.4146	0.5016	0.4801	0.5720	0.5436	0.5130	0.4928	0.4632	0.4496	0.5575	0.4964	0.4778	0.5865	0.5998	0.4730	0.5038
0.4666	0.4219	0.4426	0.4095	0.4109	0.3936	0.5056	0.5660	0.4580	0.3874	0.4255	0.4183	0.6174	0.4212	0.4540	0.3963	0.4211	0.3707	0.5386	0.3289	0.4906	0.4049	0.4897	0.5191	0.3760	0.4687	0.4066	0.3924	0.3833	0.4127	0.4525	0.4144	0.4077	1.0000	0.4210	0.4895	0.4415	0.4779	0.4625	0.4045	0.4193	0.3700	0.4965	0.4643	0.4428	0.3915	0.4015	0.4128	0.4760	0.4909
0.6431	0.5335	0.5939	0.5142	0.4831	0.4907	0.5013	0.5238	0.5484	0.4923	0.5449	0.4931	0.4729	0.4569	0.4319	0.4543	0.4346	0.4368	0.5631	0.3871	0.4848	0.4654	0.5380	0.4844	0.3996	0.5485	0.4823	0.4732	0.4532	0.5534	0.4793	0.4650	0.4146	0.4210	1.0000	0.4892	0.5912	0.5611	0.5309	0.4805	0.5097	0.4992	0.4654	0.5411	0.5142	0.4722	0.5395	0.4614	0.4866	0.4906
0.4902	0.5734	0.5089	0.5739	0.5854	0.5591	0.4903	0.5242	0.4476	0.5111	0.6037	0.6275	0.5271	0.6130	0.5639	0.4735	0.4656	0.4667	0.5199	0.4834	0.5452	0.5208	0.5473	0.4843	0.5297	0.5790	0.5650	0.5484	0.5239	0.5611	0.5740	0.5663	0.5016	0.4895	0.4892	1.0000	0.5045	0.5187	0.5495	0.5482	0.6102	0.4783	0.5312	0.4730	0.6265	0.4889	0.4677	0.5304	0.6265	0.5883
0.5606	0.5316	0.5503	0.5071	0.4819	0.5384	0.5236	0.5495	0.5681	0.5422	0.5451	0.5249	0.5361	0.5341	0.5049	0.4915	0.4694	0.4791	0.5563	0.4123	0.4922	0.4608	0.5456	0.4987	0.4213	0.5250	0.4900	0.5076	0.4798	0.5399	0.4751	0.5024	0.4801	0.4415	0.5912	0.5045	1.0000	0.5913	0.5278	0.4761	0.4639	0.5097	0.4998	0.5623	0.5514	0.4718	0.5584	0.5034	0.5439	0.5282
0.5446	0.5188	0.5976	0.5440	0.4829	0.4912	0.4858	0.5431	0.5364	0.4198	0.4997	0.4852	0.5184	0.4511	0.4858	0.4152	0.5334	0.4662	0.5780	0.3416	0.5476	0.4732	0.5657	0.5371	0.3833	0.5088	0.4917	0.4847	0.4499	0.4671	0.4665	0.4837	0.5720	0.4779	0.5611	0.5187	0.5913	1.0000	0.5126	0.4230	0.4936	0.4296	0.5007	0.5044	0.4823	0.4402	0.5500	0.5104	0.4892	0.5504
0.5353	0.5692	0.5626	0.5734	0.5573	0.5698	0.4692	0.5616	0.4854	0.5061	0.6543	0.5987	0.5520	0.4987	0.4642	0.4438	0.5141	0.4317	0.5101	0.4112	0.4937	0.5103	0.6063	0.6060	0.4242	0.5294	0.5442	0.5358	0.5334	0.5225	0.5032	0.5405	0.5436	0.4625	0.5309	0.5495	0.5278	0.5126	1.0000	0.5540	0.5127	0.5468	0.5957	0.5209	0.5489	0.5040	0.5268	0.5477	0.5200	0.5436
0.4724	0.4886	0.5208	0.5196	0.5902	0.5712	0.4601	0.4705	0.5251	0.5533	0.5890	0.5747	0.4321	0.5681	0.5147	0.4944	0.5143	0.4806	0.4559	0.4342	0.4753	0.5975	0.5297	0.4642	0.4257	0.5114	0.6017	0.5366	0.5751	0.4985	0.5234	0.5294	0.5130	0.4045	0.4805	0.5482	0.4761	0.4230	0.5540	1.0000	0.5206	0.5622	0.4998	0.4888	0.5851	0.5176	0.4875	0.4635	0.5313	0.4674
0.4439	0.5063	0.5374	0.5630	0.4966	0.5067	0.4667	0.4823	0.4615	0.5182	0.5743	0.5478	0.4301	0.5361	0.4811	0.5428	0.5441	0.5033	0.4738	0.5211	0.4781	0.4937	0.5155	0.5310	0.5697	0.6229	0.5588	0.5546	0.4984	0.6157	0.6042	0.5574	0.4928	0.4193	0.5097	0.6102	0.4639	0.4936	0.5127	0.5206	1.0000	0.4844	0.4836	0.4627	0.5280	0.5639	0.4551	0.4606	0.5568	0.5032
0.5051	0.4236	0.4931	0.5185	0.5579	0.5427	0.4621	0.4796	0.4769	0.5426	0.5367	0.4990	0.4310	0.5094	0.5124	0.5030	0.4686	0.4903	0.4477	0.4563	0.4474	0.4785	0.5327	0.4357	0.4142	0.5717	0.4850	0.5458	0.5319	0.5241	0.4520	0.5550	0.4632	0.3700	0.4992	0.4783	0.5097	0.4296	0.5468	0.5622	0.4844	1.0000	0.4435	0.5403	0.4872	0.5764	0.4925	0.4657	0.5019	0.4412
0.4396	0.5334	0.4854	0.4365	0.4519	0.5436	0.4738	0.5411	0.4993	0.4509	0.5300	0.5356	0.5280	0.5262	0.4720	0.4356	0.5024	0.4417	0.5067	0.4097	0.5574	0.4781	0.5174	0.5353	0.3736	0.4137	0.4455	0.4664	0.4333	0.4943	0.4857	0.4962	0.4496	0.4965	0.4654	0.5312	0.4998	0.5007	0.5957	0.4998	0.4836	0.4435	1.0000	0.4865	0.5402	0.4529	0.4365	0.4513	0.5661	0.5002
0.5693	0.5133	0.6026	0.5330	0.4447	0.5342	0.5774	0.5331	0.6446	0.5957	0.5263	0.4836	0.5036	0.4442	0.4872	0.4637	0.5408	0.4601	0.5352	0.3925	0.4698	0.5049	0.5804	0.4927	0.4211	0.5310	0.5024	0.4975	0.5735	0.4897	0.4545	0.5082	0.5575	0.4643	0.5411	0.4730	0.5623	0.5044	0.5209	0.4888	0.4627	0.5403	0.4865	1.0000	0.5451	0.4973	0.6606	0.5393	0.5017	0.4752
0.5112	0.5347	0.5463	0.5302	0.5095	0.6444	0.5392	0.4929	0.5560	0.5947	0.6047	0.5693	0.4749	0.5509	0.4696	0.4711	0.4976	0.4567	0.5142	0.4708	0.4695	0.4985	0.5820	0.4524	0.4899	0.5404	0.5382	0.5148	0.5398	0.5475	0.5230	0.5097	0.4964	0.4428	0.5142	0.6265	0.5514	0.4823	0.5489	0.5851	0.5280	0.4872	0.5402	0.5451	1.0000	0.5334	0.5270	0.5025	0.5748	0.4941
0.4600	0.4511	0.5214	0.5088	0.5400	0.5119	0.4851	0.4637	0.4840	0.5267	0.5502	0.4908	0.4184	0.4889	0.4156	0.5314	0.5316	0.5131	0.4690	0.5087	0.3998	0.4539	0.5490	0.4676	0.4964	0.5918	0.4668	0.5916	0.5094	0.5378	0.5186	0.5424	0.4778	0.3915	0.4722	0.4889	0.4718	0.4402	0.5040	0.5176	0.5639	0.5764	0.4529	0.4973	0.5334	1.0000	0.4628	0.5138	0.4697	0.4258
0.5913	0.5242	0.6486	0.5344	0.4502	0.4836	0.5485	0.5024	0.5874	0.5311	0.5051	0.4620	0.4829	0.4206	0.4525	0.4279	0.5212	0.4341	0.4895	0.3508	0.4715	0.4789	0.5557	0.5003	0.4304	0.4938	0.5232	0.4721	0.5570	0.4380	0.4126	0.4680	0.5865	0.4015	0.5395	0.4677	0.5584	0.5500	0.5268	0.4875	0.4551	0.4925	0.4365	0.6606	0.5270	0.4628	1.0000	0.5224	0.4498	0.4847
0.4599	0.5062	0.5574	0.6044	0.5060	0.4699	0.4306	0.4336	0.4963	0.5102	0.5937	0.5602	0.4257	0.4712	0.4704	0.4407	0.5617	0.4793	0.4813	0.4160	0.4885	0.4564	0.5755	0.4989	0.4490	0.5304	0.5280	0.5291	0.5443	0.4826	0.5167	0.5186	0.5998	0.4128	0.4614	0.5304	0.5034	0.5104	0.5477	0.4635	0.4606	0.4657	0.4513	0.5393	0.5025	0.5138	0.5224	1.0000	0.4505	0.4979
0.4975	0.5135	0.4796	0.5233	0.5042	0.5738	0.5455	0.5145	0.4820	0.5346	0.5962	0.5859	0.5198	0.6186	0.6502	0.5512	0.4824	0.5147	0.5161	0.4262	0.5401	0.5483	0.5236	0.4811	0.4470	0.5317	0.5749	0.5053	0.4912	0.6234	0.5767	0.5126	0.4730	0.4760	0.4866	0.6265	0.5439	0.4892	0.5200	0.5313	0.5568	0.5019	0.5661	0.5017	0.5748	0.4697	0.4498	0.4505	1.0000	0.5305
0.5041	0.6729	0.5010	0.5291	0.5486	0.5015	0.4718	0.5116	0.4872	0.4139	0.5056	0.5305	0.5736	0.5186	0.5088	0.4090	0.4653	0.4090	0.5599	0.3772	0.5397	0.4680	0.5346	0.5784	0.4091	0.4921	0.5133	0.4816	0.4616	0.4671	0.5277	0.4904	0.5038	0.4909	0.4906	0.5883	0.5282	0.5504	0.5436	0.4674	0.5032	0.4412	0.5002	0.4752	0.4941	0.4258	0.4847	0.4979	0.5305	1.0000
