
Using the parameter settings in the file: 
''1763145196/clumpp.paramfile''

Parameter settings
----------------------- Main parameters -------------------------
DATATYPE = 0
INDFILE = 1763145196/ClumppIndFile
POPFILE = 
OUTFILE = 1763145196/ClumppIndFile.output
MISCFILE = 1763145196/ClumppIndFile.misc
K = 8
C = 94
R = 50
M = 3
W = 0
S = 2
- Additional options for the Greedy and LargeKGreedy algorithms -
GREEDY_OPTION = 2
REPEATS = 2000
PERMUTATIONFILE = 
----------------------- Optional outputs ------------------------
PRINT_PERMUTED_DATA = 0
PERMUTED_DATAFILE = 
PRINT_EVERY_PERM = 0
EVERY_PERMFILE = 
PRINT_RANDOM_INPUTORDER = 0
RANDOM_INPUTORDERFILE = 
----------------------- Advanced options ------------------------
OVERRIDE_WARNINGS = 0
ORDER_BY_RUN = 1


In total, 2000 configurations of runs and clusters will be tested.

Results
------------------------------
The highest value of H' is: 0.48202573476544

The list of permutations of the clusters that produces that
H' value is (runs are listed sequentially on separate rows)

1 2 3 4 5 6 7 8 
1 7 3 8 2 5 4 6 
6 5 4 3 1 7 8 2 
5 3 2 6 7 8 4 1 
1 5 4 6 7 8 3 2 
7 6 2 8 4 3 5 1 
1 4 7 8 3 2 6 5 
1 7 6 4 3 8 5 2 
6 7 4 8 5 2 1 3 
8 1 6 7 3 2 5 4 
7 6 5 4 8 3 2 1 
3 2 4 1 7 8 5 6 
2 7 1 5 4 6 3 8 
1 4 5 3 6 2 7 8 
3 7 2 1 5 4 6 8 
2 7 1 3 4 5 6 8 
2 4 6 8 1 5 3 7 
5 6 1 3 8 2 4 7 
7 8 1 6 2 5 3 4 
1 3 2 6 8 5 4 7 
4 5 8 6 3 2 1 7 
5 8 1 4 6 3 7 2 
2 4 3 7 1 5 8 6 
2 5 7 1 8 6 3 4 
5 7 2 3 1 8 4 6 
2 1 3 4 5 6 7 8 
2 7 8 3 6 4 5 1 
7 4 2 3 5 1 6 8 
5 7 8 6 4 3 2 1 
7 5 6 2 8 3 4 1 
8 1 6 4 3 2 5 7 
1 2 8 6 3 4 7 5 
5 2 4 8 7 6 3 1 
3 4 5 2 7 1 8 6 
1 5 7 6 4 3 8 2 
3 2 1 7 5 6 8 4 
8 2 4 3 1 6 5 7 
1 5 6 2 3 7 8 4 
1 8 7 3 5 6 2 4 
6 8 4 7 1 5 3 2 
6 4 2 1 7 8 5 3 
2 5 3 6 7 4 1 8 
5 2 6 3 4 8 7 1 
8 4 7 2 1 5 3 6 
1 3 2 8 5 6 4 7 
6 1 4 8 2 3 5 7 
4 8 3 5 7 6 1 2 
2 1 6 8 5 3 7 4 
1 6 8 7 2 4 3 5 
7 4 5 6 8 3 1 2 

The pairwise G' values for each pair of runs where the clusters
of each run are permuted according to the list of permutations above

1.0000 0.4794 0.4372 0.4016 0.4408 0.5014 0.5023 0.5355 0.4954 0.6075 0.4655 0.3282 0.4428 0.4860 0.3773 0.4830 0.4865 0.5082 0.5705 0.4788 0.5391 0.5053 0.4614 0.4594 0.4902 0.5202 0.4968 0.3985 0.4884 0.5211 0.4239 0.5204 0.4687 0.4542 0.5484 0.4498 0.5821 0.4987 0.4831 0.4024 0.4735 0.4344 0.4682 0.4753 0.4693 0.4461 0.4937 0.4303 0.3985 0.5321 
0.4794 1.0000 0.5691 0.5009 0.5345 0.5625 0.5104 0.5384 0.5271 0.5294 0.5372 0.3683 0.4925 0.5751 0.3962 0.5633 0.5473 0.6133 0.5844 0.5057 0.5811 0.5186 0.4815 0.4969 0.4959 0.5617 0.5855 0.4964 0.5586 0.5626 0.4416 0.5649 0.5837 0.6086 0.5815 0.4771 0.5740 0.4813 0.5419 0.4982 0.4541 0.4534 0.5939 0.4836 0.6240 0.5136 0.5770 0.5133 0.4902 0.6445 
0.4372 0.5691 1.0000 0.4649 0.5070 0.5272 0.4936 0.4708 0.5335 0.5048 0.5276 0.3454 0.3993 0.5142 0.3543 0.5833 0.5519 0.5039 0.4892 0.4888 0.5182 0.4739 0.4378 0.4317 0.4650 0.5159 0.5293 0.4304 0.4881 0.5280 0.4449 0.5246 0.5168 0.5377 0.5370 0.4514 0.5474 0.4985 0.4555 0.4043 0.4074 0.4526 0.4972 0.5388 0.4833 0.4801 0.5666 0.4801 0.4483 0.5499 
0.4016 0.5009 0.4649 1.0000 0.4098 0.4468 0.4031 0.4524 0.4880 0.4199 0.4460 0.4195 0.4772 0.4448 0.4198 0.4589 0.4598 0.4862 0.4392 0.4288 0.4223 0.4202 0.5331 0.5275 0.4135 0.4618 0.4654 0.4700 0.4233 0.4491 0.4304 0.4678 0.4446 0.4559 0.4583 0.3482 0.4870 0.4493 0.4404 0.4951 0.4618 0.5157 0.4797 0.4325 0.4429 0.4971 0.4505 0.4152 0.4805 0.4640 
0.4408 0.5345 0.5070 0.4098 1.0000 0.4774 0.4906 0.4621 0.4459 0.4844 0.4434 0.3203 0.3726 0.5253 0.3401 0.4491 0.5124 0.5673 0.4656 0.4634 0.5052 0.6343 0.4561 0.4114 0.4397 0.5004 0.5489 0.4429 0.5238 0.4491 0.3957 0.5127 0.5274 0.4582 0.5084 0.4848 0.5047 0.5096 0.4324 0.4587 0.4111 0.3809 0.5086 0.4324 0.4814 0.4445 0.5203 0.5067 0.4119 0.5783 
0.5014 0.5625 0.5272 0.4468 0.4774 1.0000 0.4646 0.5459 0.4654 0.5415 0.5397 0.3498 0.4957 0.5931 0.3521 0.5215 0.5214 0.5484 0.5676 0.4860 0.5924 0.4914 0.4692 0.4514 0.5437 0.4817 0.4704 0.4409 0.5515 0.5010 0.4681 0.5926 0.5138 0.5320 0.5253 0.4279 0.5787 0.5476 0.5377 0.4386 0.3767 0.4319 0.5504 0.5240 0.4805 0.5040 0.5155 0.4315 0.4531 0.5522 
0.5023 0.5104 0.4936 0.4031 0.4906 0.4646 1.0000 0.4855 0.5438 0.5937 0.5055 0.3691 0.4320 0.4426 0.3653 0.4800 0.4724 0.5480 0.5607 0.4971 0.4838 0.5275 0.4321 0.4588 0.4935 0.5541 0.5584 0.4421 0.5984 0.5965 0.3734 0.5353 0.5213 0.5132 0.5463 0.4430 0.5486 0.5496 0.5180 0.4744 0.4632 0.4068 0.5214 0.4295 0.5009 0.4484 0.5230 0.5084 0.4418 0.4894 
0.5355 0.5384 0.4708 0.4524 0.4621 0.5459 0.4855 1.0000 0.5108 0.5578 0.4795 0.3537 0.4684 0.5217 0.3495 0.4557 0.5066 0.5666 0.5216 0.4604 0.5654 0.5364 0.4894 0.4200 0.4780 0.5357 0.5108 0.3850 0.4731 0.5134 0.3975 0.5141 0.5448 0.5021 0.5759 0.4545 0.5708 0.5484 0.5249 0.4667 0.4506 0.4068 0.5358 0.4515 0.5312 0.4992 0.4899 0.4951 0.4150 0.5218 
0.4954 0.5271 0.5335 0.4880 0.4459 0.4654 0.5438 0.5108 1.0000 0.4910 0.4764 0.3713 0.4353 0.4899 0.3536 0.4927 0.5293 0.5176 0.5090 0.4983 0.4793 0.4817 0.4915 0.4379 0.5406 0.5371 0.5205 0.4349 0.4949 0.6045 0.3985 0.4647 0.5008 0.5281 0.4982 0.3849 0.5744 0.5095 0.4526 0.4296 0.4621 0.4499 0.5016 0.4246 0.5084 0.4720 0.5529 0.5090 0.4342 0.4600 
0.6075 0.5294 0.5048 0.4199 0.4844 0.5415 0.5937 0.5578 0.4910 1.0000 0.5641 0.3510 0.4816 0.5313 0.4047 0.5373 0.5501 0.5681 0.6370 0.5420 0.6128 0.5384 0.4361 0.5053 0.4729 0.5823 0.5764 0.4224 0.5148 0.6117 0.4519 0.5402 0.5458 0.5134 0.6334 0.4936 0.6545 0.6031 0.6127 0.4554 0.4641 0.4306 0.5495 0.4866 0.5183 0.4767 0.5566 0.4769 0.4738 0.5500 
0.4655 0.5372 0.5276 0.4460 0.4434 0.5397 0.5055 0.4795 0.4764 0.5641 1.0000 0.3546 0.4803 0.5437 0.3702 0.6028 0.5154 0.5603 0.5545 0.5420 0.5018 0.4522 0.3926 0.4283 0.4821 0.5303 0.5010 0.4388 0.4646 0.5962 0.4719 0.5504 0.4928 0.5290 0.5729 0.3988 0.5741 0.5421 0.5315 0.4015 0.4061 0.5136 0.5115 0.5026 0.5020 0.4843 0.5217 0.4399 0.5048 0.4989 
0.3282 0.3683 0.3454 0.4195 0.3203 0.3498 0.3691 0.3537 0.3713 0.3510 0.3546 1.0000 0.3839 0.2960 0.4852 0.3561 0.3217 0.3967 0.3556 0.3338 0.3455 0.3313 0.3688 0.4125 0.3120 0.3835 0.3749 0.3514 0.3829 0.3760 0.3047 0.4063 0.3800 0.4131 0.4113 0.2921 0.3633 0.3345 0.3748 0.3766 0.3940 0.3751 0.3805 0.3381 0.3568 0.3737 0.3161 0.3095 0.3600 0.3571 
0.4428 0.4925 0.3993 0.4772 0.3726 0.4957 0.4320 0.4684 0.4353 0.4816 0.4803 0.3839 1.0000 0.4836 0.4330 0.4465 0.4404 0.4750 0.5486 0.4095 0.5044 0.3871 0.4829 0.5003 0.4358 0.4205 0.4377 0.4419 0.4310 0.4856 0.4571 0.4732 0.4315 0.4981 0.4862 0.3700 0.4842 0.4277 0.5085 0.4858 0.4910 0.4679 0.4539 0.4095 0.4658 0.5826 0.4428 0.3960 0.5188 0.4552 
0.4860 0.5751 0.5142 0.4448 0.5253 0.5931 0.4426 0.5217 0.4899 0.5313 0.5437 0.2960 0.4836 1.0000 0.3671 0.5240 0.6094 0.5481 0.5860 0.4884 0.5512 0.5196 0.4583 0.4229 0.5281 0.4877 0.4981 0.4557 0.5225 0.5455 0.5080 0.5128 0.5323 0.4855 0.5238 0.4738 0.5806 0.5770 0.5090 0.4178 0.3914 0.4208 0.5080 0.4710 0.4842 0.4882 0.5360 0.4516 0.4939 0.5384 
0.3773 0.3962 0.3543 0.4198 0.3401 0.3521 0.3653 0.3495 0.3536 0.4047 0.3702 0.4852 0.4330 0.3671 1.0000 0.3833 0.4110 0.3712 0.4226 0.3701 0.4160 0.3424 0.3720 0.4856 0.3275 0.3689 0.4408 0.3790 0.3401 0.4055 0.3874 0.3548 0.3703 0.3792 0.4394 0.3459 0.4322 0.3422 0.3649 0.3768 0.4347 0.4322 0.3739 0.3447 0.3609 0.4174 0.3718 0.3518 0.3988 0.3671 
0.4830 0.5633 0.5833 0.4589 0.4491 0.5215 0.4800 0.4557 0.4927 0.5373 0.6028 0.3561 0.4465 0.5240 0.3833 1.0000 0.5383 0.5133 0.5575 0.5415 0.5229 0.4692 0.4229 0.4666 0.4939 0.5116 0.5442 0.4522 0.4719 0.5953 0.4546 0.5584 0.5087 0.5040 0.5282 0.3994 0.5858 0.4839 0.5028 0.3765 0.4288 0.4945 0.5107 0.5533 0.4757 0.4797 0.5068 0.4366 0.4719 0.5305 
0.4865 0.5473 0.5519 0.4598 0.5124 0.5214 0.4724 0.5066 0.5293 0.5501 0.5154 0.3217 0.4404 0.6094 0.4110 0.5383 1.0000 0.5361 0.5409 0.4692 0.5358 0.5006 0.4595 0.4708 0.4749 0.5061 0.5680 0.4657 0.4537 0.5299 0.4731 0.4696 0.5582 0.4939 0.5725 0.4362 0.6106 0.5817 0.4807 0.4016 0.4421 0.4272 0.5017 0.4887 0.5274 0.4765 0.5654 0.4739 0.4650 0.5162 
0.5082 0.6133 0.5039 0.4862 0.5673 0.5484 0.5480 0.5666 0.5176 0.5681 0.5603 0.3967 0.4750 0.5481 0.3712 0.5133 0.5361 1.0000 0.5866 0.5443 0.5376 0.5593 0.4783 0.4696 0.4689 0.5913 0.6074 0.4769 0.5234 0.5779 0.4322 0.5733 0.5845 0.5556 0.6298 0.4697 0.6137 0.5636 0.5304 0.4711 0.4639 0.4305 0.6031 0.4997 0.5882 0.5106 0.5745 0.5215 0.4666 0.5818 
0.5705 0.5844 0.4892 0.4392 0.4656 0.5676 0.5607 0.5216 0.5090 0.6370 0.5545 0.3556 0.5486 0.5860 0.4226 0.5575 0.5409 0.5866 1.0000 0.5114 0.6125 0.4805 0.4516 0.4929 0.5081 0.5272 0.5401 0.4812 0.5270 0.6504 0.4749 0.5566 0.4969 0.5471 0.5941 0.4774 0.6373 0.5386 0.5643 0.4483 0.4528 0.4166 0.5637 0.5059 0.5074 0.4843 0.5316 0.4902 0.5217 0.5614 
0.4788 0.5057 0.4888 0.4288 0.4634 0.4860 0.4971 0.4604 0.4983 0.5420 0.5420 0.3338 0.4095 0.4884 0.3701 0.5415 0.4692 0.5443 0.5114 1.0000 0.5094 0.5091 0.3928 0.4397 0.4610 0.5825 0.5288 0.4441 0.5116 0.6223 0.4329 0.4823 0.4770 0.4795 0.5082 0.4408 0.5609 0.5202 0.4924 0.4187 0.3735 0.4646 0.5809 0.4955 0.4831 0.4298 0.5744 0.4270 0.4915 0.5484 
0.5391 0.5811 0.5182 0.4223 0.5052 0.5924 0.4838 0.5654 0.4793 0.6128 0.5018 0.3455 0.5044 0.5512 0.4160 0.5229 0.5358 0.5376 0.6125 0.5094 1.0000 0.4869 0.4548 0.4933 0.4968 0.5069 0.5448 0.4028 0.5162 0.5209 0.4248 0.5356 0.5504 0.5318 0.5824 0.4846 0.6184 0.5189 0.5739 0.4420 0.4557 0.4230 0.5465 0.5218 0.5062 0.4809 0.5044 0.4738 0.4522 0.5627 
0.5053 0.5186 0.4739 0.4202 0.6343 0.4914 0.5275 0.5364 0.4817 0.5384 0.4522 0.3313 0.3871 0.5196 0.3424 0.4692 0.5006 0.5593 0.4805 0.5091 0.4869 1.0000 0.4644 0.4206 0.5105 0.5432 0.5446 0.4178 0.5372 0.4991 0.3966 0.5021 0.4963 0.4588 0.5090 0.5022 0.5084 0.5213 0.4651 0.4658 0.4531 0.4059 0.5592 0.4391 0.5240 0.4401 0.5195 0.4898 0.4113 0.5712 
0.4614 0.4815 0.4378 0.5331 0.4561 0.4692 0.4321 0.4894 0.4915 0.4361 0.3926 0.3688 0.4829 0.4583 0.3720 0.4229 0.4595 0.4783 0.4516 0.3928 0.4548 0.4644 1.0000 0.4559 0.4550 0.4511 0.4229 0.5058 0.4620 0.4219 0.4820 0.4493 0.4528 0.4385 0.4454 0.3614 0.5038 0.4502 0.4195 0.5373 0.5000 0.4767 0.4360 0.3955 0.4427 0.5627 0.4597 0.4193 0.4404 0.4651 
0.4594 0.4969 0.4317 0.5275 0.4114 0.4514 0.4588 0.4200 0.4379 0.5053 0.4283 0.4125 0.5003 0.4229 0.4856 0.4666 0.4708 0.4696 0.4929 0.4397 0.4933 0.4206 0.4559 1.0000 0.3796 0.4518 0.5210 0.4881 0.4624 0.4670 0.4287 0.4541 0.4547 0.4600 0.4923 0.3856 0.5269 0.4284 0.4684 0.4433 0.5024 0.4697 0.4820 0.4447 0.4451 0.4972 0.4570 0.4044 0.5010 0.4684 
0.4902 0.4959 0.4650 0.4135 0.4397 0.5437 0.4935 0.4780 0.5406 0.4729 0.4821 0.3120 0.4358 0.5281 0.3275 0.4939 0.4749 0.4689 0.5081 0.4610 0.4968 0.5105 0.4550 0.3796 1.0000 0.4550 0.4362 0.4395 0.5044 0.5274 0.4372 0.5227 0.4638 0.4719 0.4256 0.3918 0.4981 0.4526 0.4461 0.3852 0.4078 0.4445 0.4656 0.4488 0.4526 0.4425 0.4738 0.4336 0.4072 0.4993 
0.5202 0.5617 0.5159 0.4618 0.5004 0.4817 0.5541 0.5357 0.5371 0.5823 0.5303 0.3835 0.4205 0.4877 0.3689 0.5116 0.5061 0.5913 0.5272 0.5825 0.5069 0.5432 0.4511 0.4518 0.4550 1.0000 0.5737 0.4510 0.5095 0.6011 0.4334 0.5537 0.5416 0.5236 0.5829 0.4801 0.6038 0.5341 0.4890 0.5180 0.4443 0.4386 0.5819 0.5017 0.5233 0.4559 0.5766 0.5142 0.4613 0.6037 
0.4968 0.5855 0.5293 0.4654 0.5489 0.4704 0.5584 0.5108 0.5205 0.5764 0.5010 0.3749 0.4377 0.4981 0.4408 0.5442 0.5680 0.6074 0.5401 0.5288 0.5448 0.5446 0.4229 0.5210 0.4362 0.5737 1.0000 0.4440 0.4908 0.5546 0.3921 0.5104 0.5880 0.5104 0.6196 0.4857 0.5860 0.5205 0.5216 0.4677 0.4878 0.4204 0.5814 0.5000 0.5779 0.4633 0.5784 0.5682 0.4542 0.5620 
0.3985 0.4964 0.4304 0.4700 0.4429 0.4409 0.4421 0.3850 0.4349 0.4224 0.4388 0.3514 0.4419 0.4557 0.3790 0.4522 0.4657 0.4769 0.4812 0.4441 0.4028 0.4178 0.5058 0.4881 0.4395 0.4510 0.4440 1.0000 0.4476 0.4702 0.5025 0.4598 0.4584 0.4254 0.4434 0.3603 0.4636 0.4498 0.4203 0.4636 0.4225 0.4811 0.4342 0.4001 0.4442 0.4770 0.4955 0.4247 0.4943 0.4907 
0.4884 0.5586 0.4881 0.4233 0.5238 0.5515 0.5984 0.4731 0.4949 0.5148 0.4646 0.3829 0.4310 0.5225 0.3401 0.4719 0.4537 0.5234 0.5270 0.5116 0.5162 0.5372 0.4620 0.4624 0.5044 0.5095 0.4908 0.4476 1.0000 0.5401 0.3944 0.5628 0.5174 0.5190 0.4957 0.4394 0.5326 0.5203 0.5123 0.4809 0.3806 0.4013 0.5375 0.4327 0.4741 0.4630 0.5013 0.4238 0.4449 0.5374 
0.5211 0.5626 0.5280 0.4491 0.4491 0.5010 0.5965 0.5134 0.6045 0.6117 0.5962 0.3760 0.4856 0.5455 0.4055 0.5953 0.5299 0.5779 0.6504 0.6223 0.5209 0.4991 0.4219 0.4670 0.5274 0.6011 0.5546 0.4702 0.5401 1.0000 0.4537 0.5182 0.5132 0.5362 0.5903 0.4473 0.6560 0.5659 0.5045 0.4394 0.4377 0.4653 0.5708 0.4821 0.5133 0.4749 0.5867 0.4961 0.5621 0.5115 
0.4239 0.4416 0.4449 0.4304 0.3957 0.4681 0.3734 0.3975 0.3985 0.4519 0.4719 0.3047 0.4571 0.5080 0.3874 0.4546 0.4731 0.4322 0.4749 0.4329 0.4248 0.3966 0.4820 0.4287 0.4372 0.4334 0.3921 0.5025 0.3944 0.4537 1.0000 0.4320 0.3927 0.3937 0.4217 0.3616 0.4910 0.4487 0.3830 0.4075 0.4043 0.5082 0.3943 0.3977 0.3994 0.5078 0.5044 0.3492 0.4639 0.4448 
0.5204 0.5649 0.5246 0.4678 0.5127 0.5926 0.5353 0.5141 0.4647 0.5402 0.5504 0.4063 0.4732 0.5128 0.3548 0.5584 0.4696 0.5733 0.5566 0.4823 0.5356 0.5021 0.4493 0.4541 0.5227 0.5537 0.5104 0.4598 0.5628 0.5182 0.4320 1.0000 0.5148 0.5318 0.5341 0.4106 0.5648 0.5272 0.5644 0.4802 0.3893 0.4739 0.5494 0.5513 0.4516 0.4825 0.5001 0.4584 0.4324 0.6040 
0.4687 0.5837 0.5168 0.4446 0.5274 0.5138 0.5213 0.5448 0.5008 0.5458 0.4928 0.3800 0.4315 0.5323 0.3703 0.5087 0.5582 0.5845 0.4969 0.4770 0.5504 0.4963 0.4528 0.4547 0.4638 0.5416 0.5880 0.4584 0.5174 0.5132 0.3927 0.5148 1.0000 0.5549 0.5827 0.4667 0.5604 0.5617 0.5540 0.4498 0.4353 0.4023 0.5840 0.4861 0.5561 0.4500 0.5101 0.5349 0.4518 0.5413 
0.4542 0.6086 0.5377 0.4559 0.4582 0.5320 0.5132 0.5021 0.5281 0.5134 0.5290 0.4131 0.4981 0.4855 0.3792 0.5040 0.4939 0.5556 0.5471 0.4795 0.5318 0.4588 0.4385 0.4600 0.4719 0.5236 0.5104 0.4254 0.5190 0.5362 0.3937 0.5318 0.5549 1.0000 0.5353 0.4209 0.5230 0.4616 0.5515 0.4548 0.4432 0.3996 0.5513 0.4778 0.5464 0.4645 0.5094 0.4685 0.4438 0.5116 
0.5484 0.5815 0.5370 0.4583 0.5084 0.5253 0.5463 0.5759 0.4982 0.6334 0.5729 0.4113 0.4862 0.5238 0.4394 0.5282 0.5725 0.6298 0.5941 0.5082 0.5824 0.5090 0.4454 0.4923 0.4256 0.5829 0.6196 0.4434 0.4957 0.5903 0.4217 0.5341 0.5827 0.5353 1.0000 0.5042 0.6308 0.5575 0.5379 0.4559 0.4754 0.4406 0.5261 0.5248 0.5694 0.4907 0.5560 0.5492 0.4765 0.5528 
0.4498 0.4771 0.4514 0.3482 0.4848 0.4279 0.4430 0.4545 0.3849 0.4936 0.3988 0.2921 0.3700 0.4738 0.3459 0.3994 0.4362 0.4697 0.4774 0.4408 0.4846 0.5022 0.3614 0.3856 0.3918 0.4801 0.4857 0.3603 0.4394 0.4473 0.3616 0.4106 0.4667 0.4209 0.5042 1.0000 0.4568 0.4556 0.4406 0.3860 0.3707 0.3565 0.4806 0.4481 0.4623 0.3925 0.4808 0.4468 0.3608 0.5235 
0.5821 0.5740 0.5474 0.4870 0.5047 0.5787 0.5486 0.5708 0.5744 0.6545 0.5741 0.3633 0.4842 0.5806 0.4322 0.5858 0.6106 0.6137 0.6373 0.5609 0.6184 0.5084 0.5038 0.5269 0.4981 0.6038 0.5860 0.4636 0.5326 0.6560 0.4910 0.5648 0.5604 0.5230 0.6308 0.4568 1.0000 0.6120 0.5191 0.4386 0.4502 0.4812 0.5603 0.5413 0.4970 0.5158 0.5911 0.5079 0.5290 0.5473 
0.4987 0.4813 0.4985 0.4493 0.5096 0.5476 0.5496 0.5484 0.5095 0.6031 0.5421 0.3345 0.4277 0.5770 0.3422 0.4839 0.5817 0.5636 0.5386 0.5202 0.5189 0.5213 0.4502 0.4284 0.4526 0.5341 0.5205 0.4498 0.5203 0.5659 0.4487 0.5272 0.5617 0.4616 0.5575 0.4556 0.6120 1.0000 0.5393 0.4621 0.4091 0.4289 0.5239 0.4563 0.4935 0.4495 0.5766 0.4667 0.4889 0.4858 
0.4831 0.5419 0.4555 0.4404 0.4324 0.5377 0.5180 0.5249 0.4526 0.6127 0.5315 0.3748 0.5085 0.5090 0.3649 0.5028 0.4807 0.5304 0.5643 0.4924 0.5739 0.4651 0.4195 0.4684 0.4461 0.4890 0.5216 0.4203 0.5123 0.5045 0.3830 0.5644 0.5540 0.5515 0.5379 0.4406 0.5191 0.5393 1.0000 0.4532 0.4097 0.4187 0.5352 0.4814 0.5062 0.4569 0.4688 0.4387 0.4144 0.5364 
0.4024 0.4982 0.4043 0.4951 0.4587 0.4386 0.4744 0.4667 0.4296 0.4554 0.4015 0.3766 0.4858 0.4178 0.3768 0.3765 0.4016 0.4711 0.4483 0.4187 0.4420 0.4658 0.5373 0.4433 0.3852 0.5180 0.4677 0.4636 0.4809 0.4394 0.4075 0.4802 0.4498 0.4548 0.4559 0.3860 0.4386 0.4621 0.4532 1.0000 0.4414 0.4353 0.5025 0.3951 0.4428 0.4716 0.4583 0.4054 0.4772 0.5100 
0.4735 0.4541 0.4074 0.4618 0.4111 0.3767 0.4632 0.4506 0.4621 0.4641 0.4061 0.3940 0.4910 0.3914 0.4347 0.4288 0.4421 0.4639 0.4528 0.3735 0.4557 0.4531 0.5000 0.5024 0.4078 0.4443 0.4878 0.4225 0.3806 0.4377 0.4043 0.3893 0.4353 0.4432 0.4754 0.3707 0.4502 0.4091 0.4097 0.4414 1.0000 0.4629 0.4024 0.3501 0.4912 0.5120 0.4489 0.4459 0.4288 0.4071 
0.4344 0.4534 0.4526 0.5157 0.3809 0.4319 0.4068 0.4068 0.4499 0.4306 0.5136 0.3751 0.4679 0.4208 0.4322 0.4945 0.4272 0.4305 0.4166 0.4646 0.4230 0.4059 0.4767 0.4697 0.4445 0.4386 0.4204 0.4811 0.4013 0.4653 0.5082 0.4739 0.4023 0.3996 0.4406 0.3565 0.4812 0.4289 0.4187 0.4353 0.4629 1.0000 0.4249 0.4361 0.4132 0.4988 0.4638 0.3713 0.4563 0.4387 
0.4682 0.5939 0.4972 0.4797 0.5086 0.5504 0.5214 0.5358 0.5016 0.5495 0.5115 0.3805 0.4539 0.5080 0.3739 0.5107 0.5017 0.6031 0.5637 0.5809 0.5465 0.5592 0.4360 0.4820 0.4656 0.5819 0.5814 0.4342 0.5375 0.5708 0.3943 0.5494 0.5840 0.5513 0.5261 0.4806 0.5603 0.5239 0.5352 0.5025 0.4024 0.4249 1.0000 0.5645 0.5450 0.4360 0.5322 0.4731 0.4943 0.6041 
0.4753 0.4836 0.5388 0.4325 0.4324 0.5240 0.4295 0.4515 0.4246 0.4866 0.5026 0.3381 0.4095 0.4710 0.3447 0.5533 0.4887 0.4997 0.5059 0.4955 0.5218 0.4391 0.3955 0.4447 0.4488 0.5017 0.5000 0.4001 0.4327 0.4821 0.3977 0.5513 0.4861 0.4778 0.5248 0.4481 0.5413 0.4563 0.4814 0.3951 0.3501 0.4361 0.5645 1.0000 0.4317 0.4091 0.4792 0.3944 0.4104 0.5839 
0.4693 0.6240 0.4833 0.4429 0.4814 0.4805 0.5009 0.5312 0.5084 0.5183 0.5020 0.3568 0.4658 0.4842 0.3609 0.4757 0.5274 0.5882 0.5074 0.4831 0.5062 0.5240 0.4427 0.4451 0.4526 0.5233 0.5779 0.4442 0.4741 0.5133 0.3994 0.4516 0.5561 0.5464 0.5694 0.4623 0.4970 0.4935 0.5062 0.4428 0.4912 0.4132 0.5450 0.4317 1.0000 0.5046 0.6235 0.4861 0.4300 0.5331 
0.4461 0.5136 0.4801 0.4971 0.4445 0.5040 0.4484 0.4992 0.4720 0.4767 0.4843 0.3737 0.5826 0.4882 0.4174 0.4797 0.4765 0.5106 0.4843 0.4298 0.4809 0.4401 0.5627 0.4972 0.4425 0.4559 0.4633 0.4770 0.4630 0.4749 0.5078 0.4825 0.4500 0.4645 0.4907 0.3925 0.5158 0.4495 0.4569 0.4716 0.5120 0.4988 0.4360 0.4091 0.5046 1.0000 0.5327 0.4254 0.4486 0.4939 
0.4937 0.5770 0.5666 0.4505 0.5203 0.5155 0.5230 0.4899 0.5529 0.5566 0.5217 0.3161 0.4428 0.5360 0.3718 0.5068 0.5654 0.5745 0.5316 0.5744 0.5044 0.5195 0.4597 0.4570 0.4738 0.5766 0.5784 0.4955 0.5013 0.5867 0.5044 0.5001 0.5101 0.5094 0.5560 0.4808 0.5911 0.5766 0.4688 0.4583 0.4489 0.4638 0.5322 0.4792 0.6235 0.5327 1.0000 0.5106 0.4865 0.5598 
0.4303 0.5133 0.4801 0.4152 0.5067 0.4315 0.5084 0.4951 0.5090 0.4769 0.4399 0.3095 0.3960 0.4516 0.3518 0.4366 0.4739 0.5215 0.4902 0.4270 0.4738 0.4898 0.4193 0.4044 0.4336 0.5142 0.5682 0.4247 0.4238 0.4961 0.3492 0.4584 0.5349 0.4685 0.5492 0.4468 0.5079 0.4667 0.4387 0.4054 0.4459 0.3713 0.4731 0.3944 0.4861 0.4254 0.5106 1.0000 0.4026 0.4791 
0.3985 0.4902 0.4483 0.4805 0.4119 0.4531 0.4418 0.4150 0.4342 0.4738 0.5048 0.3600 0.5188 0.4939 0.3988 0.4719 0.4650 0.4666 0.5217 0.4915 0.4522 0.4113 0.4404 0.5010 0.4072 0.4613 0.4542 0.4943 0.4449 0.5621 0.4639 0.4324 0.4518 0.4438 0.4765 0.3608 0.5290 0.4889 0.4144 0.4772 0.4288 0.4563 0.4943 0.4104 0.4300 0.4486 0.4865 0.4026 1.0000 0.4600 
0.5321 0.6445 0.5499 0.4640 0.5783 0.5522 0.4894 0.5218 0.4600 0.5500 0.4989 0.3571 0.4552 0.5384 0.3671 0.5305 0.5162 0.5818 0.5614 0.5484 0.5627 0.5712 0.4651 0.4684 0.4993 0.6037 0.5620 0.4907 0.5374 0.5115 0.4448 0.6040 0.5413 0.5116 0.5528 0.5235 0.5473 0.4858 0.5364 0.5100 0.4071 0.4387 0.6041 0.5839 0.5331 0.4939 0.5598 0.4791 0.4600 1.0000 
