1.0000 0.3618 0.3568 0.3115 0.3475 0.3252 0.3130 0.3743 0.3486 0.3134 0.3645 0.3839 0.3789 0.3588 0.3566 0.3481 0.3882 0.3088 0.3286 0.3299 0.3622 0.3363 0.3608 0.3334 0.3712 0.4344 0.3684 0.4382 0.3628 0.4018 0.3151 0.2944 0.3155 0.3723 0.3408 0.3768 0.3063 0.3900 0.4045 0.3456 0.3223 0.3211 0.3154 0.3449 0.3758 0.4030 0.3521 0.3132 0.3688 0.3256
0.3618 1.0000 0.3251 0.3463 0.3612 0.3776 0.3217 0.3528 0.3783 0.3108 0.3424 0.4082 0.3428 0.3303 0.3200 0.3524 0.3674 0.3074 0.3629 0.3689 0.3121 0.3165 0.3666 0.3124 0.3730 0.4025 0.3472 0.3652 0.3752 0.3675 0.3152 0.3283 0.3243 0.3413 0.3063 0.3702 0.3198 0.3569 0.3971 0.3405 0.3529 0.3640 0.3591 0.3521 0.3252 0.3858 0.3115 0.3093 0.3238 0.3597
0.3568 0.3251 1.0000 0.3202 0.3090 0.3097 0.3093 0.3234 0.3576 0.3553 0.3211 0.3153 0.3709 0.3467 0.2653 0.3314 0.3793 0.2924 0.3472 0.3349 0.3194 0.4529 0.3521 0.3813 0.2786 0.3209 0.3676 0.2978 0.3560 0.2811 0.2572 0.3884 0.3232 0.3777 0.3373 0.3766 0.3671 0.4150 0.3576 0.3204 0.2987 0.3301 0.3424 0.2797 0.3977 0.4101 0.3665 0.2864 0.3087 0.3001
0.3115 0.3463 0.3202 1.0000 0.3764 0.3404 0.2979 0.2924 0.3704 0.3962 0.3780 0.2938 0.2910 0.3419 0.3242 0.3420 0.3685 0.3319 0.2973 0.3590 0.2887 0.3373 0.4295 0.3247 0.3140 0.2691 0.3263 0.3322 0.3971 0.3753 0.3012 0.3107 0.3771 0.3856 0.3335 0.3981 0.3320 0.3353 0.3801 0.3254 0.3668 0.3781 0.3651 0.3525 0.3091 0.3476 0.3211 0.3593 0.3581 0.3526
0.3475 0.3612 0.3090 0.3764 1.0000 0.4117 0.4002 0.2864 0.3145 0.3839 0.3904 0.3058 0.3334 0.4029 0.3354 0.4105 0.4141 0.4454 0.4016 0.4115 0.3083 0.3807 0.3451 0.3194 0.3454 0.3005 0.3716 0.3664 0.3973 0.3219 0.3159 0.3198 0.3932 0.3390 0.4130 0.3543 0.4720 0.4695 0.4104 0.3674 0.3071 0.3644 0.4370 0.3414 0.3460 0.3497 0.3649 0.3533 0.3676 0.3469
0.3252 0.3776 0.3097 0.3404 0.4117 1.0000 0.3414 0.3034 0.3440 0.3225 0.3716 0.3754 0.3400 0.4659 0.3161 0.4159 0.4273 0.4149 0.3471 0.3897 0.3236 0.3402 0.3245 0.3841 0.3856 0.2666 0.3924 0.3953 0.3602 0.3192 0.3388 0.3253 0.3862 0.3295 0.3343 0.3650 0.3689 0.3698 0.4327 0.3615 0.3245 0.3452 0.3881 0.2994 0.2988 0.3810 0.3210 0.3120 0.3553 0.3180
0.3130 0.3217 0.3093 0.2979 0.4002 0.3414 1.0000 0.3650 0.2518 0.3344 0.3054 0.3646 0.3079 0.3287 0.3089 0.3475 0.3433 0.3040 0.3448 0.4011 0.3643 0.3541 0.2949 0.2858 0.3808 0.3451 0.3649 0.3171 0.2995 0.2604 0.2764 0.2804 0.3600 0.3573 0.3320 0.2992 0.3834 0.3895 0.3250 0.3194 0.3372 0.3678 0.3560 0.3688 0.4002 0.3670 0.3431 0.3444 0.2973 0.3533
0.3743 0.3528 0.3234 0.2924 0.2864 0.3034 0.3650 1.0000 0.3696 0.3327 0.3023 0.4250 0.3547 0.3118 0.3439 0.3058 0.3315 0.2868 0.3072 0.3677 0.3819 0.3412 0.3292 0.3698 0.3422 0.4741 0.3120 0.3543 0.4021 0.3095 0.2973 0.2989 0.3158 0.3821 0.2866 0.3600 0.2669 0.3029 0.3104 0.3724 0.3372 0.3438 0.2957 0.3069 0.3380 0.3264 0.2563 0.3741 0.2838 0.3253
0.3486 0.3783 0.3576 0.3704 0.3145 0.3440 0.2518 0.3696 1.0000 0.2945 0.3399 0.3318 0.3432 0.3461 0.2829 0.2734 0.3605 0.3043 0.3303 0.3070 0.3247 0.3320 0.3155 0.3260 0.2475 0.3298 0.3338 0.3665 0.4168 0.3202 0.3041 0.3168 0.2863 0.3275 0.2689 0.3768 0.2844 0.3081 0.3875 0.3358 0.2884 0.3396 0.2692 0.3402 0.3067 0.2942 0.3003 0.3290 0.2877 0.2829
0.3134 0.3108 0.3553 0.3962 0.3839 0.3225 0.3344 0.3327 0.2945 1.0000 0.3503 0.3362 0.2949 0.3303 0.3361 0.3278 0.3826 0.3732 0.3265 0.3385 0.3061 0.3460 0.3838 0.3162 0.2928 0.3281 0.3212 0.3216 0.3450 0.3225 0.2786 0.3281 0.3696 0.3502 0.3502 0.3408 0.3458 0.3633 0.3382 0.3476 0.3868 0.3206 0.3983 0.3047 0.3523 0.3465 0.2886 0.3720 0.3186 0.3533
0.3645 0.3424 0.3211 0.3780 0.3904 0.3716 0.3054 0.3023 0.3399 0.3503 1.0000 0.3325 0.3569 0.3931 0.4236 0.3488 0.3536 0.3925 0.4685 0.3555 0.3159 0.3544 0.4389 0.3419 0.2972 0.2820 0.3769 0.3785 0.3537 0.4006 0.2573 0.3258 0.3680 0.3661 0.3590 0.3711 0.3563 0.3593 0.4040 0.3091 0.3494 0.3436 0.3491 0.3766 0.3200 0.3637 0.3486 0.3138 0.3768 0.4477
0.3839 0.4082 0.3153 0.2938 0.3058 0.3754 0.3646 0.4250 0.3318 0.3362 0.3325 1.0000 0.3549 0.3418 0.3455 0.3238 0.3657 0.2847 0.3316 0.2946 0.4468 0.3230 0.3431 0.3209 0.3384 0.4071 0.3294 0.3793 0.3582 0.3595 0.3036 0.2858 0.3254 0.3514 0.3002 0.3879 0.2716 0.3193 0.4127 0.3761 0.3870 0.3538 0.3015 0.3988 0.3838 0.3521 0.3078 0.3612 0.3114 0.3441
0.3789 0.3428 0.3709 0.2910 0.3334 0.3400 0.3079 0.3547 0.3432 0.2949 0.3569 0.3549 1.0000 0.3718 0.3565 0.3226 0.3887 0.3022 0.3726 0.3349 0.3620 0.3711 0.3283 0.3558 0.2882 0.3518 0.3940 0.3706 0.3536 0.2990 0.3078 0.3448 0.3258 0.3478 0.3489 0.3851 0.3055 0.4005 0.3535 0.3881 0.3323 0.3340 0.3091 0.3087 0.3376 0.3583 0.3616 0.2931 0.3034 0.3372
0.3588 0.3303 0.3467 0.3419 0.4029 0.4659 0.3287 0.3118 0.3461 0.3303 0.3931 0.3418 0.3718 1.0000 0.3421 0.3749 0.3612 0.3660 0.3931 0.3888 0.3753 0.3528 0.3201 0.3889 0.3255 0.2781 0.4222 0.3839 0.4614 0.3179 0.3074 0.3007 0.3462 0.3618 0.3768 0.3734 0.3911 0.3428 0.4145 0.3715 0.3237 0.3447 0.3720 0.3348 0.3064 0.3352 0.3649 0.3024 0.3898 0.3581
0.3566 0.3200 0.2653 0.3242 0.3354 0.3161 0.3089 0.3439 0.2829 0.3361 0.4236 0.3455 0.3565 0.3421 1.0000 0.3368 0.3420 0.3165 0.3214 0.3169 0.3460 0.3315 0.3832 0.3420 0.2795 0.3259 0.3276 0.3403 0.3778 0.3643 0.3166 0.3158 0.3060 0.2692 0.3529 0.3120 0.2626 0.3167 0.3219 0.3502 0.3275 0.4134 0.2725 0.3191 0.3222 0.3214 0.2861 0.2906 0.3252 0.4098
0.3481 0.3524 0.3314 0.3420 0.4105 0.4159 0.3475 0.3058 0.2734 0.3278 0.3488 0.3238 0.3226 0.3749 0.3368 1.0000 0.4388 0.3928 0.3689 0.3933 0.3220 0.3556 0.3493 0.4039 0.3887 0.2977 0.3219 0.3635 0.3509 0.3256 0.2774 0.3031 0.3578 0.3425 0.3736 0.3637 0.3666 0.4075 0.4071 0.3416 0.3514 0.3352 0.3997 0.3099 0.3212 0.4179 0.3751 0.2914 0.3692 0.3233
0.3882 0.3674 0.3793 0.3685 0.4141 0.4273 0.3433 0.3315 0.3605 0.3826 0.3536 0.3657 0.3887 0.3612 0.3420 0.4388 1.0000 0.4133 0.3792 0.3838 0.3313 0.3834 0.3987 0.3611 0.3799 0.3441 0.3768 0.4058 0.3695 0.3837 0.3212 0.2932 0.4502 0.3762 0.3636 0.4223 0.3928 0.3840 0.4723 0.3912 0.3831 0.3309 0.4809 0.3054 0.3655 0.4115 0.3688 0.3480 0.3784 0.3460
0.3088 0.3074 0.2924 0.3319 0.4454 0.4149 0.3040 0.2868 0.3043 0.3732 0.3925 0.2847 0.3022 0.3660 0.3165 0.3928 0.4133 1.0000 0.3671 0.3684 0.3042 0.3592 0.3763 0.3570 0.3138 0.2684 0.3601 0.3592 0.3296 0.3315 0.2923 0.3319 0.4059 0.2985 0.3484 0.3540 0.3829 0.3894 0.3801 0.3398 0.3243 0.3285 0.4108 0.3063 0.2932 0.3808 0.3204 0.2912 0.3444 0.3171
0.3286 0.3629 0.3472 0.2973 0.4016 0.3471 0.3448 0.3072 0.3303 0.3265 0.4685 0.3316 0.3726 0.3931 0.3214 0.3689 0.3792 0.3671 1.0000 0.3641 0.3386 0.3983 0.3502 0.3351 0.3208 0.3214 0.3916 0.3596 0.3782 0.3226 0.2891 0.3139 0.3595 0.3760 0.3398 0.3586 0.3609 0.3871 0.4101 0.3425 0.3360 0.2980 0.3863 0.3468 0.3861 0.3424 0.4795 0.3041 0.3372 0.3984
0.3299 0.3689 0.3349 0.3590 0.4115 0.3897 0.4011 0.3677 0.3070 0.3385 0.3555 0.2946 0.3349 0.3888 0.3169 0.3933 0.3838 0.3684 0.3641 1.0000 0.3175 0.3817 0.3360 0.4027 0.3915 0.3264 0.3788 0.3422 0.3973 0.2841 0.2982 0.3831 0.3844 0.4127 0.3394 0.3498 0.4510 0.3621 0.3619 0.3101 0.3254 0.4567 0.4563 0.3100 0.3251 0.4167 0.3067 0.3693 0.3330 0.3729
0.3622 0.3121 0.3194 0.2887 0.3083 0.3236 0.3643 0.3819 0.3247 0.3061 0.3159 0.4468 0.3620 0.3753 0.3460 0.3220 0.3313 0.3042 0.3386 0.3175 1.0000 0.3227 0.3427 0.3075 0.3426 0.3588 0.3233 0.3641 0.3823 0.3124 0.3355 0.2632 0.3126 0.3431 0.3365 0.3930 0.2748 0.3004 0.4145 0.3904 0.3704 0.3497 0.3014 0.4235 0.3847 0.3311 0.3258 0.3597 0.3265 0.3322
0.3363 0.3165 0.4529 0.3373 0.3807 0.3402 0.3541 0.3412 0.3320 0.3460 0.3544 0.3230 0.3711 0.3528 0.3315 0.3556 0.3834 0.3592 0.3983 0.3817 0.3227 1.0000 0.3353 0.3890 0.3025 0.3078 0.4105 0.3644 0.3826 0.2632 0.2758 0.4065 0.3345 0.4077 0.3151 0.3728 0.4012 0.3701 0.3544 0.3240 0.2983 0.3295 0.3288 0.3288 0.3677 0.4102 0.3747 0.3077 0.3148 0.2876
0.3608 0.3666 0.3521 0.4295 0.3451 0.3245 0.2949 0.3292 0.3155 0.3838 0.4389 0.3431 0.3283 0.3201 0.3832 0.3493 0.3987 0.3763 0.3502 0.3360 0.3427 0.3353 1.0000 0.3198 0.3138 0.3008 0.3452 0.3370 0.3736 0.4033 0.3004 0.3393 0.4309 0.3874 0.3495 0.4290 0.3187 0.3690 0.3698 0.3796 0.4491 0.3977 0.3695 0.3509 0.3350 0.3869 0.3643 0.3290 0.3913 0.4304
0.3334 0.3124 0.3813 0.3247 0.3194 0.3841 0.2858 0.3698 0.3260 0.3162 0.3419 0.3209 0.3558 0.3889 0.3420 0.4039 0.3611 0.3570 0.3351 0.4027 0.3075 0.3890 0.3198 1.0000 0.3147 0.3144 0.3196 0.3596 0.3648 0.3349 0.2851 0.3233 0.3233 0.3675 0.3321 0.3300 0.3175 0.3470 0.3353 0.3922 0.2958 0.3612 0.3231 0.2673 0.2856 0.3586 0.3079 0.2675 0.3492 0.2957
0.3712 0.3730 0.2786 0.3140 0.3454 0.3856 0.3808 0.3422 0.2475 0.2928 0.2972 0.3384 0.2882 0.3255 0.2795 0.3887 0.3799 0.3138 0.3208 0.3915 0.3426 0.3025 0.3138 0.3147 1.0000 0.3544 0.3117 0.3520 0.3234 0.3156 0.2950 0.2507 0.3445 0.3516 0.3058 0.3421 0.3175 0.3377 0.3439 0.3361 0.3434 0.3412 0.4258 0.3101 0.3468 0.3817 0.3391 0.3156 0.4018 0.3261
0.4344 0.4025 0.3209 0.2691 0.3005 0.2666 0.3451 0.4741 0.3298 0.3281 0.2820 0.4071 0.3518 0.2781 0.3259 0.2977 0.3441 0.2684 0.3214 0.3264 0.3588 0.3078 0.3008 0.3144 0.3544 1.0000 0.3052 0.3466 0.3521 0.3105 0.3040 0.2798 0.3174 0.3435 0.3064 0.3620 0.2715 0.3450 0.3460 0.3633 0.3137 0.3180 0.3048 0.2726 0.3519 0.3226 0.3147 0.3162 0.3024 0.3250
0.3684 0.3472 0.3676 0.3263 0.3716 0.3924 0.3649 0.3120 0.3338 0.3212 0.3769 0.3294 0.3940 0.4222 0.3276 0.3219 0.3768 0.3601 0.3916 0.3788 0.3233 0.4105 0.3452 0.3196 0.3117 0.3052 1.0000 0.3295 0.3557 0.2855 0.2894 0.3346 0.3577 0.3609 0.3746 0.3742 0.3640 0.4081 0.3783 0.3154 0.3012 0.3221 0.3710 0.3305 0.3535 0.4048 0.4181 0.2915 0.3134 0.3564
0.4382 0.3652 0.2978 0.3322 0.3664 0.3953 0.3171 0.3543 0.3665 0.3216 0.3785 0.3793 0.3706 0.3839 0.3403 0.3635 0.4058 0.3592 0.3596 0.3422 0.3641 0.3644 0.3370 0.3596 0.3520 0.3466 0.3295 1.0000 0.3685 0.3856 0.3243 0.2959 0.3087 0.3643 0.3302 0.3627 0.3426 0.3425 0.4323 0.3899 0.3230 0.3194 0.3349 0.3321 0.3053 0.3425 0.3225 0.3210 0.3099 0.3087
0.3628 0.3752 0.3560 0.3971 0.3973 0.3602 0.2995 0.4021 0.4168 0.3450 0.3537 0.3582 0.3536 0.4614 0.3778 0.3509 0.3695 0.3296 0.3782 0.3973 0.3823 0.3826 0.3736 0.3648 0.3234 0.3521 0.3557 0.3685 1.0000 0.3135 0.3401 0.3323 0.3567 0.4106 0.3211 0.4576 0.3259 0.3194 0.4119 0.3628 0.3301 0.4160 0.3439 0.3019 0.3213 0.3376 0.3564 0.3414 0.3530 0.3499
0.4018 0.3675 0.2811 0.3753 0.3219 0.3192 0.2604 0.3095 0.3202 0.3225 0.4006 0.3595 0.2990 0.3179 0.3643 0.3256 0.3837 0.3315 0.3226 0.2841 0.3124 0.2632 0.4033 0.3349 0.3156 0.3105 0.2855 0.3856 0.3135 1.0000 0.3086 0.2431 0.3189 0.3451 0.3365 0.3677 0.2712 0.3250 0.3951 0.3781 0.3770 0.3472 0.3182 0.3653 0.3001 0.3287 0.2959 0.2924 0.3775 0.3283
0.3151 0.3152 0.2572 0.3012 0.3159 0.3388 0.2764 0.2973 0.3041 0.2786 0.2573 0.3036 0.3078 0.3074 0.3166 0.2774 0.3212 0.2923 0.2891 0.2982 0.3355 0.2758 0.3004 0.2851 0.2950 0.3040 0.2894 0.3243 0.3401 0.3086 1.0000 0.2797 0.3197 0.3091 0.2782 0.3104 0.2651 0.2779 0.3218 0.3133 0.2833 0.3089 0.2788 0.2892 0.3110 0.3114 0.2725 0.3235 0.2954 0.2538
0.2944 0.3283 0.3884 0.3107 0.3198 0.3253 0.2804 0.2989 0.3168 0.3281 0.3258 0.2858 0.3448 0.3007 0.3158 0.3031 0.2932 0.3319 0.3139 0.3831 0.2632 0.4065 0.3393 0.3233 0.2507 0.2798 0.3346 0.2959 0.3323 0.2431 0.2797 1.0000 0.2785 0.3134 0.2934 0.3112 0.3356 0.3235 0.2799 0.2799 0.3159 0.3638 0.2913 0.2772 0.2785 0.3125 0.3153 0.3045 0.2731 0.3116
0.3155 0.3243 0.3232 0.3771 0.3932 0.3862 0.3600 0.3158 0.2863 0.3696 0.3680 0.3254 0.3258 0.3462 0.3060 0.3578 0.4502 0.4059 0.3595 0.3844 0.3126 0.3345 0.4309 0.3233 0.3445 0.3174 0.3577 0.3087 0.3567 0.3189 0.3197 0.2785 1.0000 0.3410 0.3312 0.4085 0.3628 0.3373 0.3854 0.3365 0.3519 0.3577 0.4370 0.2898 0.3014 0.4014 0.3290 0.3330 0.3268 0.3810
0.3723 0.3413 0.3777 0.3856 0.3390 0.3295 0.3573 0.3821 0.3275 0.3502 0.3661 0.3514 0.3478 0.3618 0.2692 0.3425 0.3762 0.2985 0.3760 0.4127 0.3431 0.4077 0.3874 0.3675 0.3516 0.3435 0.3609 0.3643 0.4106 0.3451 0.3091 0.3134 0.3410 1.0000 0.3632 0.4111 0.3215 0.3710 0.3911 0.3262 0.3326 0.3714 0.3951 0.3496 0.3413 0.3867 0.3787 0.3686 0.3448 0.3228
0.3408 0.3063 0.3373 0.3335 0.4130 0.3343 0.3320 0.2866 0.2689 0.3502 0.3590 0.3002 0.3489 0.3768 0.3529 0.3736 0.3636 0.3484 0.3398 0.3394 0.3365 0.3151 0.3495 0.3321 0.3058 0.3064 0.3746 0.3302 0.3211 0.3365 0.2782 0.2934 0.3312 0.3632 1.0000 0.3953 0.3432 0.4395 0.3679 0.3319 0.3162 0.3278 0.3761 0.3168 0.3198 0.3481 0.3790 0.2753 0.3510 0.3484
0.3768 0.3702 0.3766 0.3981 0.3543 0.3650 0.2992 0.3600 0.3768 0.3408 0.3711 0.3879 0.3851 0.3734 0.3120 0.3637 0.4223 0.3540 0.3586 0.3498 0.3930 0.3728 0.4290 0.3300 0.3421 0.3620 0.3742 0.3627 0.4576 0.3677 0.3104 0.3112 0.4085 0.4111 0.3953 1.0000 0.3424 0.3710 0.4970 0.3670 0.3639 0.3791 0.3811 0.3200 0.3130 0.3919 0.4439 0.3426 0.3733 0.3812
0.3063 0.3198 0.3671 0.3320 0.4720 0.3689 0.3834 0.2669 0.2844 0.3458 0.3563 0.2716 0.3055 0.3911 0.2626 0.3666 0.3928 0.3829 0.3609 0.4510 0.2748 0.4012 0.3187 0.3175 0.3175 0.2715 0.3640 0.3426 0.3259 0.2712 0.2651 0.3356 0.3628 0.3215 0.3432 0.3424 1.0000 0.3602 0.3600 0.3052 0.3541 0.3344 0.4278 0.3063 0.3053 0.3805 0.3234 0.3177 0.3448 0.3300
0.3900 0.3569 0.4150 0.3353 0.4695 0.3698 0.3895 0.3029 0.3081 0.3633 0.3593 0.3193 0.4005 0.3428 0.3167 0.4075 0.3840 0.3894 0.3871 0.3621 0.3004 0.3701 0.3690 0.3470 0.3377 0.3450 0.4081 0.3425 0.3194 0.3250 0.2779 0.3235 0.3373 0.3710 0.4395 0.3710 0.3602 1.0000 0.3768 0.3556 0.3059 0.3163 0.3919 0.3137 0.3863 0.3837 0.4133 0.2960 0.3286 0.3449
0.4045 0.3971 0.3576 0.3801 0.4104 0.4327 0.3250 0.3104 0.3875 0.3382 0.4040 0.4127 0.3535 0.4145 0.3219 0.4071 0.4723 0.3801 0.4101 0.3619 0.4145 0.3544 0.3698 0.3353 0.3439 0.3460 0.3783 0.4323 0.4119 0.3951 0.3218 0.2799 0.3854 0.3911 0.3679 0.4970 0.3600 0.3768 1.0000 0.3767 0.3281 0.3543 0.4309 0.3343 0.3341 0.3829 0.4334 0.3148 0.3659 0.3731
0.3456 0.3405 0.3204 0.3254 0.3674 0.3615 0.3194 0.3724 0.3358 0.3476 0.3091 0.3761 0.3881 0.3715 0.3502 0.3416 0.3912 0.3398 0.3425 0.3101 0.3904 0.3240 0.3796 0.3922 0.3361 0.3633 0.3154 0.3899 0.3628 0.3781 0.3133 0.2799 0.3365 0.3262 0.3319 0.3670 0.3052 0.3556 0.3767 1.0000 0.3984 0.3468 0.3128 0.3379 0.3297 0.3266 0.3208 0.3464 0.3596 0.3210
0.3223 0.3529 0.2987 0.3668 0.3071 0.3245 0.3372 0.3372 0.2884 0.3868 0.3494 0.3870 0.3323 0.3237 0.3275 0.3514 0.3831 0.3243 0.3360 0.3254 0.3704 0.2983 0.4491 0.2958 0.3434 0.3137 0.3012 0.3230 0.3301 0.3770 0.2833 0.3159 0.3519 0.3326 0.3162 0.3639 0.3541 0.3059 0.3281 0.3984 1.0000 0.3800 0.3849 0.3724 0.3688 0.3548 0.3246 0.3595 0.3806 0.3945
0.3211 0.3640 0.3301 0.3781 0.3644 0.3452 0.3678 0.3438 0.3396 0.3206 0.3436 0.3538 0.3340 0.3447 0.4134 0.3352 0.3309 0.3285 0.2980 0.4567 0.3497 0.3295 0.3977 0.3612 0.3412 0.3180 0.3221 0.3194 0.4160 0.3472 0.3089 0.3638 0.3577 0.3714 0.3278 0.3791 0.3344 0.3163 0.3543 0.3468 0.3800 1.0000 0.3382 0.3641 0.3201 0.3605 0.3092 0.3027 0.3642 0.3792
0.3154 0.3591 0.3424 0.3651 0.4370 0.3881 0.3560 0.2957 0.2692 0.3983 0.3491 0.3015 0.3091 0.3720 0.2725 0.3997 0.4809 0.4108 0.3863 0.4563 0.3014 0.3288 0.3695 0.3231 0.4258 0.3048 0.3710 0.3349 0.3439 0.3182 0.2788 0.2913 0.4370 0.3951 0.3761 0.3811 0.4278 0.3919 0.4309 0.3128 0.3849 0.3382 1.0000 0.2843 0.3476 0.4017 0.3714 0.3169 0.3717 0.3598
0.3449 0.3521 0.2797 0.3525 0.3414 0.2994 0.3688 0.3069 0.3402 0.3047 0.3766 0.3988 0.3087 0.3348 0.3191 0.3099 0.3054 0.3063 0.3468 0.3100 0.4235 0.3288 0.3509 0.2673 0.3101 0.2726 0.3305 0.3321 0.3019 0.3653 0.2892 0.2772 0.2898 0.3496 0.3168 0.3200 0.3063 0.3137 0.3343 0.3379 0.3724 0.3641 0.2843 1.0000 0.3601 0.3379 0.3181 0.3542 0.3577 0.3305
0.3758 0.3252 0.3977 0.3091 0.3460 0.2988 0.4002 0.3380 0.3067 0.3523 0.3200 0.3838 0.3376 0.3064 0.3222 0.3212 0.3655 0.2932 0.3861 0.3251 0.3847 0.3677 0.3350 0.2856 0.3468 0.3519 0.3535 0.3053 0.3213 0.3001 0.3110 0.2785 0.3014 0.3413 0.3198 0.3130 0.3053 0.3863 0.3341 0.3297 0.3688 0.3201 0.3476 0.3601 1.0000 0.3651 0.3690 0.3182 0.3157 0.3500
0.4030 0.3858 0.4101 0.3476 0.3497 0.3810 0.3670 0.3264 0.2942 0.3465 0.3637 0.3521 0.3583 0.3352 0.3214 0.4179 0.4115 0.3808 0.3424 0.4167 0.3311 0.4102 0.3869 0.3586 0.3817 0.3226 0.4048 0.3425 0.3376 0.3287 0.3114 0.3125 0.4014 0.3867 0.3481 0.3919 0.3805 0.3837 0.3829 0.3266 0.3548 0.3605 0.4017 0.3379 0.3651 1.0000 0.3786 0.2968 0.3655 0.3372
0.3521 0.3115 0.3665 0.3211 0.3649 0.3210 0.3431 0.2563 0.3003 0.2886 0.3486 0.3078 0.3616 0.3649 0.2861 0.3751 0.3688 0.3204 0.4795 0.3067 0.3258 0.3747 0.3643 0.3079 0.3391 0.3147 0.4181 0.3225 0.3564 0.2959 0.2725 0.3153 0.3290 0.3787 0.3790 0.4439 0.3234 0.4133 0.4334 0.3208 0.3246 0.3092 0.3714 0.3181 0.3690 0.3786 1.0000 0.2454 0.3605 0.3731
0.3132 0.3093 0.2864 0.3593 0.3533 0.3120 0.3444 0.3741 0.3290 0.3720 0.3138 0.3612 0.2931 0.3024 0.2906 0.2914 0.3480 0.2912 0.3041 0.3693 0.3597 0.3077 0.3290 0.2675 0.3156 0.3162 0.2915 0.3210 0.3414 0.2924 0.3235 0.3045 0.3330 0.3686 0.2753 0.3426 0.3177 0.2960 0.3148 0.3464 0.3595 0.3027 0.3169 0.3542 0.3182 0.2968 0.2454 1.0000 0.3013 0.3413
0.3688 0.3238 0.3087 0.3581 0.3676 0.3553 0.2973 0.2838 0.2877 0.3186 0.3768 0.3114 0.3034 0.3898 0.3252 0.3692 0.3784 0.3444 0.3372 0.3330 0.3265 0.3148 0.3913 0.3492 0.4018 0.3024 0.3134 0.3099 0.3530 0.3775 0.2954 0.2731 0.3268 0.3448 0.3510 0.3733 0.3448 0.3286 0.3659 0.3596 0.3806 0.3642 0.3717 0.3577 0.3157 0.3655 0.3605 0.3013 1.0000 0.3420
0.3256 0.3597 0.3001 0.3526 0.3469 0.3180 0.3533 0.3253 0.2829 0.3533 0.4477 0.3441 0.3372 0.3581 0.4098 0.3233 0.3460 0.3171 0.3984 0.3729 0.3322 0.2876 0.4304 0.2957 0.3261 0.3250 0.3564 0.3087 0.3499 0.3283 0.2538 0.3116 0.3810 0.3228 0.3484 0.3812 0.3300 0.3449 0.3731 0.3210 0.3945 0.3792 0.3598 0.3305 0.3500 0.3372 0.3731 0.3413 0.3420 1.0000
