1:	0.0000 0.3594 0.0106 0.4534 0.0000 0.0000 0.0157 0.0256 0.1353 	6
2:	0.0026 0.4087 0.0116 0.4879 0.0035 0.0018 0.0172 0.0041 0.0627 	7
3:	0.2165 0.0000 0.0419 0.0000 0.2108 0.3393 0.1010 0.0905 0.0000 	12
4:	0.2555 0.1783 0.0000 0.0015 0.2124 0.1804 0.0423 0.0739 0.0557 	14
5:	0.2282 0.1528 0.0000 0.0000 0.0789 0.2053 0.0506 0.1394 0.1449 	13
6:	0.1064 0.0534 0.2707 0.0063 0.0764 0.1422 0.0483 0.1149 0.1815 	11
7:	0.0000 0.1930 0.0000 0.0000 0.0000 0.0000 0.0067 0.0000 0.8003 	4
8:	0.1842 0.0029 0.2165 0.0000 0.2700 0.1281 0.0398 0.1577 0.0008 	6
9:	0.0053 0.4272 0.1201 0.0200 0.0062 0.0053 0.0280 0.0267 0.3612 	2
10:	0.0000 0.0000 0.0000 0.0000 0.0000 0.0000 0.0909 0.0000 0.9091 	1
11:	0.0000 0.5378 0.0000 0.0000 0.0000 0.0000 0.0909 0.0909 0.2804 	1
12:	0.0000 0.9693 0.0000 0.0000 0.0000 0.0000 0.0000 0.0307 0.0000 	1
13:	0.1313 0.0000 0.1759 0.0000 0.3411 0.0541 0.2975 0.0001 0.0000 	2
