
Using the parameter settings in the file: 
''1763151071/clumpp.paramfile''

Parameter settings
----------------------- Main parameters -------------------------
DATATYPE = 0
INDFILE = 1763151071/ClumppIndFile
POPFILE = 
OUTFILE = 1763151071/ClumppIndFile.output
MISCFILE = 1763151071/ClumppIndFile.misc
K = 8
C = 114
R = 31
M = 3
W = 0
S = 2
- Additional options for the Greedy and LargeKGreedy algorithms -
GREEDY_OPTION = 2
REPEATS = 2000
PERMUTATIONFILE = 
----------------------- Optional outputs ------------------------
PRINT_PERMUTED_DATA = 0
PERMUTED_DATAFILE = 
PRINT_EVERY_PERM = 0
EVERY_PERMFILE = 
PRINT_RANDOM_INPUTORDER = 0
RANDOM_INPUTORDERFILE = 
----------------------- Advanced options ------------------------
OVERRIDE_WARNINGS = 0
ORDER_BY_RUN = 1


In total, 2000 configurations of runs and clusters will be tested.

Results
------------------------------
The highest value of H' is: 0.83235265746418

The list of permutations of the clusters that produces that
H' value is (runs are listed sequentially on separate rows)

1 2 3 4 5 6 7 8 
4 7 8 2 1 3 5 6 
3 5 6 8 1 4 2 7 
5 1 3 2 4 6 7 8 
8 2 3 5 4 6 7 1 
7 4 3 2 8 5 6 1 
1 6 7 2 3 8 4 5 
1 7 2 4 3 8 6 5 
8 1 4 5 2 7 6 3 
4 2 7 6 1 3 5 8 
3 4 2 7 8 6 5 1 
2 1 4 8 7 3 6 5 
5 3 1 4 2 8 7 6 
2 7 4 3 5 8 1 6 
7 8 6 3 4 2 5 1 
3 2 6 8 7 4 1 5 
3 5 2 6 1 4 7 8 
2 3 4 5 6 8 7 1 
5 6 7 1 4 3 8 2 
3 5 4 7 1 2 8 6 
7 2 1 8 4 3 5 6 
6 1 2 5 4 3 7 8 
3 1 4 7 2 8 6 5 
6 8 2 1 5 4 7 3 
7 1 8 6 2 4 5 3 
8 2 1 3 4 6 7 5 
1 3 6 2 4 8 7 5 
2 3 6 4 5 8 7 1 
2 5 1 3 6 7 4 8 
2 4 8 1 7 5 6 3 
1 6 3 5 4 7 2 8 

The pairwise G' values for each pair of runs where the clusters
of each run are permuted according to the list of permutations above

1.0000 0.8183 0.9977 0.8184 0.9960 0.7820 0.7301 0.9977 0.9978 0.9997 0.8175 0.8184 0.7003 0.8184 0.8175 0.8183 0.9960 0.7546 0.9954 0.8183 0.7861 0.6921 0.8184 0.9978 0.8183 0.7845 0.9979 0.9960 0.8183 0.7536 0.9978 
0.8183 1.0000 0.8181 0.9980 0.8186 0.8042 0.7486 0.8182 0.8182 0.8184 0.9942 0.9957 0.7172 0.9964 0.9940 0.9980 0.8186 0.7738 0.8187 0.9989 0.8120 0.6723 0.9964 0.8182 0.9999 0.8090 0.8182 0.8186 0.9980 0.7060 0.8182 
0.9977 0.8181 1.0000 0.8182 0.9951 0.7821 0.7302 0.9994 0.9994 0.9976 0.8173 0.8183 0.7004 0.8183 0.8173 0.8181 0.9950 0.7547 0.9945 0.8181 0.7863 0.6922 0.8183 0.9993 0.8181 0.7846 0.9991 0.9952 0.8182 0.7536 0.9993 
0.8184 0.9980 0.8182 1.0000 0.8187 0.8043 0.7486 0.8182 0.8182 0.8185 0.9937 0.9965 0.7172 0.9962 0.9942 0.9998 0.8187 0.7739 0.8187 0.9991 0.8120 0.6723 0.9962 0.8182 0.9980 0.8091 0.8182 0.8186 0.9998 0.7060 0.8182 
0.9960 0.8186 0.9951 0.8187 1.0000 0.7818 0.7300 0.9951 0.9952 0.9960 0.8178 0.8187 0.7002 0.8187 0.8178 0.8186 0.9997 0.7544 0.9980 0.8186 0.7859 0.6920 0.8187 0.9952 0.8186 0.7843 0.9953 0.9997 0.8186 0.7538 0.9952 
0.7820 0.8042 0.7821 0.8043 0.7818 1.0000 0.7549 0.7821 0.7821 0.7819 0.8041 0.8045 0.7710 0.8045 0.8042 0.8043 0.7818 0.7845 0.7818 0.8043 0.8245 0.6809 0.8045 0.7821 0.8042 0.8150 0.7821 0.7818 0.8043 0.6675 0.7821 
0.7301 0.7486 0.7302 0.7486 0.7300 0.7549 1.0000 0.7302 0.7302 0.7301 0.7484 0.7487 0.8131 0.7487 0.7484 0.7486 0.7300 0.7294 0.7300 0.7486 0.7545 0.6611 0.7487 0.7302 0.7486 0.7544 0.7302 0.7300 0.7486 0.6318 0.7302 
0.9977 0.8182 0.9994 0.8182 0.9951 0.7821 0.7302 1.0000 0.9998 0.9976 0.8174 0.8183 0.7004 0.8183 0.8174 0.8182 0.9951 0.7547 0.9945 0.8182 0.7863 0.6922 0.8183 0.9998 0.8181 0.7846 0.9994 0.9952 0.8182 0.7536 0.9997 
0.9978 0.8182 0.9994 0.8182 0.9952 0.7821 0.7302 0.9998 1.0000 0.9977 0.8174 0.8183 0.7004 0.8183 0.8174 0.8182 0.9951 0.7547 0.9946 0.8182 0.7863 0.6922 0.8183 0.9998 0.8182 0.7846 0.9995 0.9953 0.8182 0.7536 0.9998 
0.9997 0.8184 0.9976 0.8185 0.9960 0.7819 0.7301 0.9976 0.9977 1.0000 0.8176 0.8185 0.7003 0.8185 0.8176 0.8184 0.9960 0.7546 0.9955 0.8184 0.7861 0.6921 0.8185 0.9977 0.8184 0.7845 0.9978 0.9960 0.8184 0.7536 0.9977 
0.8175 0.9942 0.8173 0.9937 0.8178 0.8041 0.7484 0.8174 0.8174 0.8176 1.0000 0.9940 0.7171 0.9946 0.9981 0.9938 0.8178 0.7737 0.8179 0.9940 0.8120 0.6720 0.9946 0.8174 0.9942 0.8088 0.8174 0.8178 0.9938 0.7056 0.8174 
0.8184 0.9957 0.8183 0.9965 0.8187 0.8045 0.7487 0.8183 0.8183 0.8185 0.9940 1.0000 0.7174 0.9984 0.9946 0.9964 0.8187 0.7740 0.8188 0.9962 0.8124 0.6725 0.9982 0.8183 0.9958 0.8092 0.8183 0.8187 0.9964 0.7060 0.8183 
0.7003 0.7172 0.7004 0.7172 0.7002 0.7710 0.8131 0.7004 0.7004 0.7003 0.7171 0.7174 1.0000 0.7174 0.7171 0.7172 0.7002 0.6996 0.7002 0.7172 0.7251 0.6565 0.7174 0.7004 0.7172 0.7218 0.7004 0.7002 0.7172 0.6098 0.7004 
0.8184 0.9964 0.8183 0.9962 0.8187 0.8045 0.7487 0.8183 0.8183 0.8185 0.9946 0.9984 0.7174 1.0000 0.9946 0.9962 0.8187 0.7740 0.8188 0.9964 0.8124 0.6725 0.9998 0.8183 0.9964 0.8092 0.8183 0.8187 0.9962 0.7060 0.8183 
0.8175 0.9940 0.8173 0.9942 0.8178 0.8042 0.7484 0.8174 0.8174 0.8176 0.9981 0.9946 0.7171 0.9946 1.0000 0.9942 0.8178 0.7737 0.8179 0.9942 0.8120 0.6720 0.9945 0.8174 0.9940 0.8088 0.8174 0.8178 0.9942 0.7057 0.8174 
0.8183 0.9980 0.8181 0.9998 0.8186 0.8043 0.7486 0.8182 0.8182 0.8184 0.9938 0.9964 0.7172 0.9962 0.9942 1.0000 0.8186 0.7739 0.8187 0.9991 0.8120 0.6723 0.9961 0.8182 0.9981 0.8091 0.8182 0.8186 1.0000 0.7060 0.8182 
0.9960 0.8186 0.9950 0.8187 0.9997 0.7818 0.7300 0.9951 0.9951 0.9960 0.8178 0.8187 0.7002 0.8187 0.8178 0.8186 1.0000 0.7544 0.9982 0.8186 0.7859 0.6921 0.8187 0.9952 0.8186 0.7843 0.9953 0.9995 0.8186 0.7538 0.9951 
0.7546 0.7738 0.7547 0.7739 0.7544 0.7845 0.7294 0.7547 0.7547 0.7546 0.7737 0.7740 0.6996 0.7740 0.7737 0.7739 0.7544 1.0000 0.7544 0.7739 0.7802 0.6565 0.7740 0.7547 0.7738 0.7812 0.7547 0.7544 0.7739 0.6892 0.7547 
0.9954 0.8187 0.9945 0.8187 0.9980 0.7818 0.7300 0.9945 0.9946 0.9955 0.8179 0.8188 0.7002 0.8188 0.8179 0.8187 0.9982 0.7544 1.0000 0.8187 0.7859 0.6921 0.8188 0.9946 0.8187 0.7843 0.9947 0.9978 0.8187 0.7538 0.9946 
0.8183 0.9989 0.8181 0.9991 0.8186 0.8043 0.7486 0.8182 0.8182 0.8184 0.9940 0.9962 0.7172 0.9964 0.9942 0.9991 0.8186 0.7739 0.8187 1.0000 0.8120 0.6723 0.9964 0.8182 0.9989 0.8090 0.8182 0.8186 0.9991 0.7060 0.8182 
0.7861 0.8120 0.7863 0.8120 0.7859 0.8245 0.7545 0.7863 0.7863 0.7861 0.8120 0.8124 0.7251 0.8124 0.8120 0.8120 0.7859 0.7802 0.7859 0.8120 1.0000 0.6732 0.8124 0.7862 0.8120 0.8620 0.7862 0.7860 0.8120 0.6788 0.7863 
0.6921 0.6723 0.6922 0.6723 0.6920 0.6809 0.6611 0.6922 0.6922 0.6921 0.6720 0.6725 0.6565 0.6725 0.6720 0.6723 0.6921 0.6565 0.6921 0.6723 0.6732 1.0000 0.6725 0.6922 0.6723 0.6763 0.6922 0.6920 0.6723 0.6042 0.6922 
0.8184 0.9964 0.8183 0.9962 0.8187 0.8045 0.7487 0.8183 0.8183 0.8185 0.9946 0.9982 0.7174 0.9998 0.9945 0.9961 0.8187 0.7740 0.8188 0.9964 0.8124 0.6725 1.0000 0.8183 0.9964 0.8092 0.8183 0.8187 0.9961 0.7060 0.8183 
0.9978 0.8182 0.9993 0.8182 0.9952 0.7821 0.7302 0.9998 0.9998 0.9977 0.8174 0.8183 0.7004 0.8183 0.8174 0.8182 0.9952 0.7547 0.9946 0.8182 0.7862 0.6922 0.8183 1.0000 0.8182 0.7846 0.9994 0.9953 0.8182 0.7536 0.9997 
0.8183 0.9999 0.8181 0.9980 0.8186 0.8042 0.7486 0.8181 0.8182 0.8184 0.9942 0.9958 0.7172 0.9964 0.9940 0.9981 0.8186 0.7738 0.8187 0.9989 0.8120 0.6723 0.9964 0.8182 1.0000 0.8090 0.8182 0.8186 0.9981 0.7060 0.8182 
0.7845 0.8090 0.7846 0.8091 0.7843 0.8150 0.7544 0.7846 0.7846 0.7845 0.8088 0.8092 0.7218 0.8092 0.8088 0.8091 0.7843 0.7812 0.7843 0.8090 0.8620 0.6763 0.8092 0.7846 0.8090 1.0000 0.7846 0.7843 0.8091 0.6911 0.7846 
0.9979 0.8182 0.9991 0.8182 0.9953 0.7821 0.7302 0.9994 0.9995 0.9978 0.8174 0.8183 0.7004 0.8183 0.8174 0.8182 0.9953 0.7547 0.9947 0.8182 0.7862 0.6922 0.8183 0.9994 0.8182 0.7846 1.0000 0.9954 0.8182 0.7536 0.9995 
0.9960 0.8186 0.9952 0.8186 0.9997 0.7818 0.7300 0.9952 0.9953 0.9960 0.8178 0.8187 0.7002 0.8187 0.8178 0.8186 0.9995 0.7544 0.9978 0.8186 0.7860 0.6920 0.8187 0.9953 0.8186 0.7843 0.9954 1.0000 0.8186 0.7538 0.9953 
0.8183 0.9980 0.8182 0.9998 0.8186 0.8043 0.7486 0.8182 0.8182 0.8184 0.9938 0.9964 0.7172 0.9962 0.9942 1.0000 0.8186 0.7739 0.8187 0.9991 0.8120 0.6723 0.9961 0.8182 0.9981 0.8091 0.8182 0.8186 1.0000 0.7060 0.8182 
0.7536 0.7060 0.7536 0.7060 0.7538 0.6675 0.6318 0.7536 0.7536 0.7536 0.7056 0.7060 0.6098 0.7060 0.7057 0.7060 0.7538 0.6892 0.7538 0.7060 0.6788 0.6042 0.7060 0.7536 0.7060 0.6911 0.7536 0.7538 0.7060 1.0000 0.7535 
0.9978 0.8182 0.9993 0.8182 0.9952 0.7821 0.7302 0.9997 0.9998 0.9977 0.8174 0.8183 0.7004 0.8183 0.8174 0.8182 0.9951 0.7547 0.9946 0.8182 0.7863 0.6922 0.8183 0.9997 0.8182 0.7846 0.9995 0.9953 0.8182 0.7535 1.0000 
