1:	0.0000 1.0000 0.0000 0.0000 0.0000 0.0000 0.0000 0.0000 	1
2:	0.5000 0.0000 0.0146 0.0058 0.0012 0.4645 0.0000 0.0139 	2
3:	0.7311 0.0000 0.0394 0.1418 0.0215 0.0470 0.0038 0.0154 	6
4:	0.8563 0.0000 0.0000 0.0001 0.0019 0.0112 0.1235 0.0070 	4
5:	0.3304 0.0002 0.1260 0.2575 0.0029 0.0682 0.1955 0.0193 	15
6:	0.2171 0.4299 0.1231 0.0000 0.1250 0.0114 0.0253 0.0682 	8
7:	0.3032 0.1001 0.1476 0.0512 0.1524 0.0953 0.1438 0.0064 	20
8:	0.3895 0.1900 0.2298 0.0476 0.0957 0.0000 0.0354 0.0119 	21
9:	0.3288 0.0714 0.3433 0.0042 0.1432 0.0332 0.0247 0.0512 	14
10:	0.0774 0.0000 0.3342 0.0081 0.0000 0.5476 0.0027 0.0301 	1
11:	0.0449 0.0667 0.0000 0.3784 0.0009 0.3586 0.0143 0.1362 	3
12:	0.0000 0.2000 0.0000 0.8000 0.0000 0.0000 0.0000 0.0000 	5
13:	0.0000 0.5000 0.0000 0.5000 0.0000 0.0000 0.0000 0.0000 	2
14:	0.0000 0.4544 0.1670 0.0029 0.2178 0.0563 0.0000 0.1016 	5
15:	0.1429 0.4651 0.0954 0.0356 0.0006 0.1581 0.0001 0.1023 	7
