1.046094	0.013383	0.087935	0.028526	-0.010380	0.156238	0.007834	0.122986	0.178483	0.139226	-0.002384	-0.007570	-0.002243	0.002008	0.008798	0.000356	0.011660	0.022532	0.036101	0.012152	0.149853	0.009352	-0.010485	-0.011343	-0.006981	-0.001562	0.177100	-0.038236	0.206351	0.095722	0.173073	0.003135	-0.002348	0.093384	-0.080844	0.041031	0.145417	-0.016628	-0.018715	-0.002831	0.017885	-0.000152	-0.006642	-0.023772	-0.047616	0.026157	0.023597	-0.004400	0.001313	0.000132	0.001947	0.000701	0.008399	-0.012669	-0.089774	-0.014953	0.010782	-0.000603	-0.023485	0.106161	-0.005833	-0.045354	-0.048050	-0.016978	0.016192	-0.023065	0.024295	0.006680	-0.004739	0.006158	-0.008627	-0.024289	0.014546	-0.076920	-0.064933	-0.013172	0.162367	-0.059712	-0.050830	-0.035853	0.002471	0.000535	0.109990	0.126648	-0.002664	0.004360	-0.009143	0.004537	0.008423	0.007915	0.008771	0.021708	-0.013237	0.002754	-0.000552	-0.000768	0.004048	0.002199	-0.000856	-0.004818	-0.002241	-0.010875	-0.015390	-0.000998	-0.005722	-0.044172	0.108087	-0.003685	0.019641	0.005000	0.010769	0.007524	-0.053392	0.002253	0.017516	0.013968	-0.002818	0.002879	-0.094724	-0.029043	0.158317	-0.032713	0.002079	-0.010917	0.016564	0.106946	-0.061564	0.005849	-0.099299	-0.012489	-0.085729	-0.099593	-0.089442	-0.096752	0.162953	-0.095030	-0.082784	-0.097205	-0.082166	-0.100953	-0.098557	-0.090291	-0.090549	-0.089921	-0.107201	0.098652	-0.097960	0.005997	-0.024229	-0.003576	-0.044625	-0.042950	0.003910	-0.033107	-0.000396	-0.006123	-0.106547	0.001716	-0.035030	-0.096565	-0.021797	-0.000311	-0.011438	-0.002658	-0.086290	-0.090572	-0.002850	-0.095522	-0.106724	0.019431	0.003922	-0.087462	0.030222	-0.100216	-0.015302	-0.091246	-0.093505	-0.016286	-0.006424	-0.006886	0.002762	0.016646	-0.049005	-0.006180	-0.014108	0.012550	0.005092	-0.084046	-0.086234	0.000424	-0.094439	-0.080202	-0.089833	-0.093570	-0.097126	-0.090358	
0.013383	0.990000	0.019287	0.059110	0.031944	0.003918	0.054972	0.005807	0.007015	0.001561	0.034276	0.043268	0.021505	0.039089	0.043585	0.044339	0.024136	0.058859	-0.001381	0.016205	0.001005	0.040322	0.037448	0.012296	0.019026	0.006501	0.002887	-0.037822	0.012261	0.020737	0.007400	0.053658	0.040101	0.025268	-0.115512	0.041317	0.027297	0.022778	0.033611	0.058510	0.053720	0.027638	0.024101	-0.026340	-0.068431	0.050928	0.016351	0.042945	0.028711	0.011354	0.043906	0.005306	0.058150	0.053962	-0.104078	-0.002269	0.028730	0.030857	-0.014436	-0.019005	0.047392	-0.069846	-0.055212	0.037478	0.023879	0.051604	0.047726	0.009581	0.031462	0.038781	0.045941	0.039936	0.034531	-0.013682	-0.065985	-0.036626	0.000806	-0.070861	-0.063526	-0.066762	0.055718	0.046746	0.023964	-0.003135	0.044283	0.060010	0.033093	0.046281	0.028433	0.039906	0.040669	0.050091	0.032755	0.025094	0.048589	0.019111	0.035837	0.037554	0.047693	0.029965	0.034386	0.041660	0.034989	0.052796	0.035455	-0.064976	-0.003562	0.053864	0.047818	0.055077	0.036235	0.048181	-0.062853	0.002321	0.040936	0.043754	0.048471	0.032675	-0.125677	-0.031068	-0.003934	-0.004947	0.045144	-0.020785	0.040348	0.017774	-0.034768	0.028511	-0.121413	0.035458	-0.123485	-0.122152	-0.116900	-0.130402	-0.002704	-0.120674	-0.127844	-0.118935	-0.123603	-0.131761	-0.114047	-0.118235	-0.129555	-0.110449	-0.135406	-0.012235	-0.133288	0.068565	-0.046477	0.049058	-0.044232	-0.030898	0.032591	-0.024132	0.030058	0.016501	-0.127918	0.036138	-0.057012	-0.126635	-0.001315	0.045108	0.049704	0.039929	-0.107892	-0.132435	0.011429	-0.116305	-0.112006	0.020819	0.039256	-0.117915	0.024231	-0.119325	0.058376	-0.120044	-0.116367	0.031580	0.034782	0.022021	0.048073	0.053133	-0.042401	0.022638	0.053570	0.037261	0.038445	-0.119754	-0.127989	0.052152	-0.116285	-0.117786	-0.129864	-0.107736	-0.121882	-0.131669	
0.087935	0.019287	0.964557	0.014655	0.013452	0.090419	0.017684	0.054709	0.090183	0.082955	0.002482	-0.009581	0.024533	0.002507	0.006158	0.009930	0.001952	0.024331	0.013290	0.029427	0.071592	0.011865	0.014992	0.017020	0.030719	0.017126	0.087371	-0.038174	0.078468	0.136947	0.081843	0.030655	0.027040	0.142531	-0.098746	0.006197	0.083595	0.011613	0.022686	0.012487	0.025997	0.009003	0.003641	-0.025795	-0.053138	0.020023	0.014984	0.019227	0.017495	0.007919	-0.001958	0.015224	0.021696	-0.004808	-0.110614	-0.013443	0.017107	0.021768	-0.042609	0.015347	0.002616	-0.038741	-0.055146	0.004615	0.005067	-0.000703	0.033882	0.020372	0.012578	0.018128	0.008112	-0.004114	0.027303	-0.025608	-0.043061	-0.032082	0.104720	-0.039572	-0.055001	-0.040953	0.010802	0.005613	0.546358	0.095564	0.024663	0.005748	0.018998	0.008390	-0.006024	-0.011474	-0.008119	0.016678	0.000607	-0.004081	0.006535	0.014390	0.005383	0.026529	0.003888	0.000152	0.013354	0.008023	0.012195	-0.001912	0.004246	-0.061388	0.062912	-0.002422	0.023093	-0.001438	-0.008574	0.009353	-0.055245	0.015298	0.010382	0.016024	0.035844	0.013695	-0.087625	-0.023644	0.086070	-0.036580	0.026757	-0.012507	0.026474	0.128846	-0.028554	0.011149	-0.091208	0.005386	-0.099357	-0.111666	-0.099249	-0.110672	0.079914	-0.093946	-0.098420	-0.099155	-0.103203	-0.106343	-0.095228	-0.107427	-0.110350	-0.106118	-0.100907	0.070602	-0.102577	0.023138	-0.052389	0.001998	-0.023855	-0.049713	-0.001561	-0.045479	0.017211	0.019439	-0.091447	0.008560	-0.055993	-0.099309	0.000431	0.004173	0.010171	-0.001288	-0.082439	-0.094728	-0.005613	-0.113538	-0.104738	0.000259	0.008796	-0.103922	0.010990	-0.096022	0.012530	-0.104197	-0.095579	-0.001157	0.008460	-0.003474	0.002268	0.001218	-0.047508	0.005956	0.012167	-0.002303	0.004682	-0.104931	-0.093229	-0.001701	-0.101176	-0.095566	-0.102504	-0.086310	-0.104664	-0.096924	
0.028526	0.059110	0.014655	0.885681	0.062787	0.002786	0.052606	0.015380	0.006006	0.015682	0.036767	0.033964	0.043018	0.041379	0.013521	0.027849	0.015548	0.053076	0.035110	0.024160	0.009293	0.037448	0.036839	0.039665	0.032650	0.007972	0.007509	-0.043523	0.010172	0.013125	-0.005756	0.032367	0.033821	0.004063	-0.106651	0.033985	0.017043	0.059726	0.072483	0.039465	0.034159	0.029673	0.020292	-0.008752	-0.074877	0.041782	0.050165	0.038783	0.046118	0.032875	0.036370	0.016305	0.050156	0.026062	-0.117979	0.004500	0.037994	0.018917	-0.016993	0.001113	0.032333	-0.060425	-0.065859	0.025168	0.014820	0.037042	0.050316	0.031523	0.025849	0.026967	0.023318	0.032514	0.030536	-0.055884	-0.078876	-0.065845	0.005809	-0.068197	-0.066914	-0.067513	0.053124	0.037366	0.003257	-0.002260	0.012603	0.036583	0.042473	0.033838	0.026942	0.019119	0.044367	0.018743	0.049678	0.012200	0.044450	0.052179	0.043207	0.060192	0.047852	0.024087	0.036369	0.043173	0.046964	0.036283	0.050828	-0.057854	0.004919	0.037707	0.054726	0.027360	0.026228	0.022577	-0.067618	0.024451	0.036898	0.021560	0.040875	0.026753	-0.108633	-0.028231	0.002570	-0.009025	0.041067	-0.023364	0.022031	0.018764	-0.029876	0.050412	-0.115164	0.033259	-0.107591	-0.114337	-0.111126	-0.116312	-0.004213	-0.113669	-0.110600	-0.121847	-0.101329	-0.106101	-0.111091	-0.112912	-0.112263	-0.112237	-0.116050	0.007341	-0.110054	0.024230	-0.054177	0.040682	-0.042607	-0.020069	0.043332	-0.039263	0.048023	0.031528	-0.106142	0.043414	-0.052749	-0.103855	-0.000011	0.021675	0.032722	0.025639	-0.084675	-0.121219	0.007636	-0.115934	-0.108017	0.026328	0.047178	-0.108936	0.024802	-0.112739	0.037635	-0.117393	-0.111262	0.032169	0.036487	0.040993	0.032763	0.017390	-0.054238	0.034491	0.039144	0.052970	0.029422	-0.108834	-0.119643	0.041047	-0.120845	-0.108900	-0.107660	-0.116709	-0.104846	-0.100265	
-0.010380	0.031944	0.013452	0.062787	0.949847	-0.004892	0.029249	0.022656	-0.010514	0.006296	0.011248	0.021599	0.047520	0.031027	0.004939	0.020802	0.005854	0.036905	0.031806	-0.000526	0.004948	0.044450	0.039719	0.043438	0.044337	-0.006000	0.005791	-0.055133	0.015051	-0.002193	0.002399	0.023479	0.052937	-0.002458	-0.118299	0.016066	-0.003790	0.506894	0.470226	0.047774	0.031325	0.040461	0.008011	-0.030678	-0.067180	0.027796	0.030995	0.033678	0.022290	0.004046	0.021679	0.027556	0.033024	0.035807	-0.112032	0.008194	0.017299	0.007480	-0.023883	0.016194	0.022808	-0.063679	-0.069498	0.050096	0.022033	0.028431	0.038702	0.030420	0.015214	0.010756	0.006803	0.028981	0.043029	-0.042082	-0.058243	-0.047784	0.005245	-0.062892	-0.065337	-0.062517	0.044777	0.036807	0.009558	0.001007	0.022832	0.022735	0.027255	0.051078	0.031373	0.019377	0.035492	0.018253	0.033388	0.042531	0.036144	0.033376	0.038580	0.016664	0.035302	0.035830	0.023423	0.030692	0.028629	0.027185	0.023478	-0.063336	0.003586	0.020244	0.023269	0.030535	0.017242	0.019262	-0.055610	0.028333	0.021782	0.043554	0.034781	0.032789	-0.117518	-0.029861	-0.003807	-0.035909	0.025159	-0.019691	0.010878	0.008186	-0.039518	0.033944	-0.109918	0.006544	-0.121908	-0.119299	-0.109489	-0.112027	-0.007792	-0.101027	-0.122100	-0.117842	-0.103620	-0.113955	-0.111182	-0.114019	-0.111172	-0.111844	-0.122592	-0.016556	-0.122118	0.038447	-0.038932	0.021919	-0.029428	-0.037730	0.028305	-0.055189	0.032784	0.045785	-0.120389	0.025234	-0.052255	-0.110883	0.003792	0.026407	0.048785	0.016923	-0.103738	-0.117516	-0.008814	-0.118242	-0.108971	0.027293	0.028473	-0.100961	0.020392	-0.103359	0.031712	-0.112655	-0.113142	0.013785	0.013997	0.044699	0.032401	0.034797	-0.036962	0.031636	0.035714	0.007426	0.023852	-0.111863	-0.111338	0.027118	-0.108774	-0.112433	-0.111732	-0.111155	-0.112051	-0.116834	
0.156238	0.003918	0.090419	0.002786	-0.004892	0.974968	0.011912	0.113511	0.160032	0.105695	0.002995	-0.004114	0.000289	0.013964	0.020709	-0.002666	0.010722	0.002410	0.036146	-0.002543	0.111663	-0.001955	0.008256	-0.004261	0.008408	0.013956	0.144748	-0.030206	0.153477	0.077565	0.131901	0.027012	-0.016149	0.078144	-0.085799	-0.003964	0.152534	-0.002915	-0.000874	0.014898	0.037777	0.007947	0.018854	-0.011407	-0.036158	0.005942	0.006075	0.012121	0.007415	0.006214	0.011110	0.008941	0.010179	-0.010221	-0.097108	0.006755	-0.007243	0.003873	-0.021887	0.044580	0.009559	-0.032806	-0.045512	-0.002185	0.003949	0.014893	-0.001637	-0.001100	0.016142	0.001752	0.018974	0.014730	0.004253	-0.056954	-0.052821	-0.009112	0.145116	-0.039130	-0.045346	-0.024960	0.002640	-0.001780	0.104927	0.090967	0.011353	-0.000227	-0.009647	0.004835	0.018561	0.012369	0.022934	0.004289	-0.011755	-0.005359	0.006848	0.007942	0.017342	0.004081	0.012146	0.004054	-0.006222	0.015883	-0.012902	-0.004058	0.010186	-0.042830	0.090354	-0.014783	-0.001319	-0.005518	-0.010948	0.008925	-0.040043	0.014211	0.011246	0.009676	-0.004496	-0.001586	-0.096190	-0.014452	0.134435	-0.024545	0.020508	-0.010521	0.000189	0.097901	-0.022422	-0.008561	-0.098153	-0.009197	-0.091554	-0.078146	-0.085930	-0.094682	0.135705	-0.089008	-0.099282	-0.086736	-0.080114	-0.093793	-0.092145	-0.088938	-0.093264	-0.097991	-0.100190	0.102063	-0.090306	0.023971	-0.024196	-0.012364	-0.029153	-0.044281	0.002722	-0.020878	-0.001903	0.008735	-0.103225	0.003518	-0.031330	-0.096035	-0.005301	-0.006873	0.000467	0.006258	-0.077644	-0.089995	0.011417	-0.082505	-0.095397	0.000022	-0.008487	-0.088410	0.030704	-0.094698	0.002073	-0.104218	-0.102484	-0.002222	0.023935	0.005865	-0.009590	0.001955	-0.027140	0.004714	-0.008843	-0.006149	0.003135	-0.082829	-0.089334	0.006357	-0.099240	-0.086017	-0.104203	-0.089134	-0.094517	-0.090279	
0.007834	0.054972	0.017684	0.052606	0.029249	0.011912	0.967529	-0.018447	0.015106	-0.002386	0.033827	0.033413	0.040640	0.017894	0.011839	0.044151	0.018108	0.022570	-0.003127	0.030630	0.013211	0.042013	0.050070	0.040728	0.040741	0.010047	0.019119	-0.054259	0.009985	0.004909	-0.001499	0.024499	0.049553	0.005562	-0.112999	0.039923	0.008079	0.024415	0.037562	0.034193	0.045379	0.053010	0.076874	-0.037638	-0.061028	0.022407	0.032552	0.024715	0.038417	0.022244	0.023287	0.018718	0.045157	0.032201	-0.116493	0.011119	0.017220	0.007183	-0.022699	-0.007059	0.017654	-0.058427	-0.055027	0.017895	0.025712	0.024303	0.016932	0.023161	0.006519	0.014239	0.001559	0.025067	0.027205	-0.044196	-0.040238	-0.038107	0.003036	-0.056902	-0.064396	-0.062440	0.046705	0.029465	0.013435	0.011877	0.037747	0.491589	0.019619	0.043100	0.028508	0.029930	0.025242	0.016048	0.037992	0.010574	0.043624	0.034051	0.023571	0.048718	0.057850	0.042733	0.048125	0.053280	0.039947	0.022490	0.021756	-0.033316	-0.005584	0.022005	0.034587	0.034576	0.036105	0.056006	-0.064093	0.016760	0.031512	0.032016	0.040760	0.032724	-0.120204	-0.009749	-0.003520	-0.016492	0.046540	0.017818	0.050066	0.014046	-0.040902	0.030855	-0.116992	0.043323	-0.112467	-0.124520	-0.118078	-0.119020	0.009357	-0.102386	-0.121879	-0.106143	-0.115291	-0.122055	-0.115405	-0.126242	-0.122485	-0.113823	-0.116258	-0.012338	-0.119690	0.027382	-0.039465	0.032231	-0.013474	-0.052643	0.022238	-0.029594	0.018282	0.021816	-0.127095	0.056114	-0.053965	-0.130404	0.001803	0.034639	0.045522	0.050734	-0.088305	-0.111234	0.005708	-0.113973	-0.119210	0.017750	0.043371	-0.116960	0.020639	-0.118996	0.017429	-0.120958	-0.114573	0.023177	0.025484	0.055293	0.038936	0.016356	-0.027690	0.022153	0.022754	0.035991	0.028592	-0.108724	-0.120582	0.050042	-0.117148	-0.118795	-0.117649	-0.113955	-0.120333	-0.112092	
0.122986	0.005807	0.054709	0.015380	0.022656	0.113511	-0.018447	0.981756	0.139656	0.191541	0.025456	0.015570	-0.001916	0.008207	-0.015541	0.011541	0.012733	0.003929	0.050506	0.003022	0.184772	0.012748	0.003984	0.015555	-0.012754	-0.008874	0.109238	-0.000244	0.123355	0.075559	0.111402	-0.010702	-0.004386	0.082673	-0.087662	0.002533	0.127432	-0.008286	-0.002001	0.002070	-0.000483	0.017913	-0.007086	-0.023406	-0.001398	0.002948	0.007511	-0.002873	-0.005878	0.036938	-0.005336	-0.006569	0.008356	-0.003594	-0.082178	-0.014546	-0.006437	0.001066	-0.029506	-0.012047	0.018506	-0.024076	-0.023063	-0.006024	0.005668	-0.019736	0.011868	-0.003358	0.007724	0.003970	-0.001615	-0.019854	0.000647	-0.048334	-0.046092	-0.037558	0.107650	-0.020941	-0.022292	-0.017482	0.000309	0.009990	0.073951	0.172028	-0.004121	-0.013430	-0.004792	-0.000589	-0.007799	-0.001710	-0.004519	-0.013426	0.017165	0.002258	0.005424	-0.008703	-0.008827	0.005911	-0.005336	-0.001133	0.001674	0.008738	-0.015501	0.014443	-0.016160	-0.021004	0.150953	-0.000657	-0.005189	-0.013938	0.003426	-0.008343	-0.015534	0.029679	0.015191	0.027248	-0.015889	0.002304	-0.083692	-0.017532	0.112118	-0.025659	0.012037	-0.023382	-0.001580	0.079951	-0.041831	-0.001871	-0.077429	0.006205	-0.082293	-0.089272	-0.077569	-0.085488	0.103471	-0.078407	-0.097451	-0.089319	-0.074326	-0.086078	-0.086460	-0.078903	-0.086121	-0.083676	-0.089386	0.149046	-0.082031	-0.005791	-0.010255	-0.013865	-0.033938	-0.048521	-0.007843	-0.030063	0.001676	0.013722	-0.084658	-0.001537	-0.042741	-0.079386	-0.005608	0.003978	-0.003128	-0.010587	-0.067601	-0.074398	-0.004179	-0.084233	-0.085249	-0.008810	-0.000456	-0.088974	0.020603	-0.089585	-0.019029	-0.086003	-0.085436	-0.003396	0.014272	-0.008362	-0.007569	-0.002291	-0.055687	-0.002822	-0.001402	-0.014703	-0.001454	-0.083673	-0.085048	-0.005535	-0.077083	-0.087965	-0.078761	-0.075925	-0.086271	-0.078866	
0.178483	0.007015	0.090183	0.006006	-0.010514	0.160032	0.015106	0.139656	1.038668	0.144046	0.008223	-0.001477	0.007008	0.006513	-0.004798	-0.005990	0.018283	-0.008255	0.011075	0.010897	0.146850	-0.012255	0.013477	-0.012364	-0.005084	0.025764	0.148503	-0.029984	0.179449	0.074178	0.168259	0.001420	-0.000337	0.076745	-0.078449	0.004964	0.184814	-0.011587	-0.011160	-0.004319	0.012508	0.009081	-0.008408	-0.016453	-0.057188	-0.003328	-0.002218	0.000665	0.010156	0.012657	0.000656	-0.007191	0.006673	-0.011889	-0.101396	-0.014742	0.013672	-0.001757	-0.025331	0.022411	0.010531	-0.044529	-0.038988	-0.017953	0.005699	-0.006077	0.018642	0.001612	0.004491	0.004505	-0.009138	-0.025496	0.009234	-0.038564	-0.032670	-0.023932	0.155727	-0.048966	-0.050020	-0.039603	0.029895	0.001283	0.093381	0.126142	-0.007636	0.006647	-0.001919	-0.003379	0.002847	0.016223	0.010292	-0.008722	-0.015524	-0.003707	-0.001838	0.004871	-0.018815	-0.002619	-0.003286	-0.010534	-0.018630	-0.004195	-0.017192	0.004234	-0.003144	-0.044568	0.115096	0.004101	-0.013164	0.003043	-0.000988	0.002426	-0.040397	0.027585	0.009072	0.035077	-0.015318	-0.001719	-0.088807	-0.046024	0.157413	-0.017694	0.004574	0.002674	0.003994	0.081563	-0.044209	-0.003737	-0.086202	0.002005	-0.087765	-0.104371	-0.077998	-0.077195	0.164998	-0.085054	-0.098794	-0.081248	-0.091888	-0.090586	-0.082965	-0.091837	-0.090001	-0.095405	-0.083903	0.095883	-0.088866	0.041605	-0.025453	-0.017758	-0.027261	-0.047193	-0.014108	-0.034538	0.012093	-0.011169	-0.096080	-0.005000	-0.060374	-0.086391	-0.017982	0.019269	-0.013576	0.001003	-0.069772	-0.083448	-0.011019	-0.085299	-0.085858	0.008241	0.019860	-0.083208	0.021245	-0.097197	-0.001732	-0.099286	-0.096396	-0.002017	0.007613	-0.011930	0.001083	0.002864	-0.043385	-0.001682	0.016951	-0.013578	-0.003898	-0.083581	-0.082365	-0.009023	-0.098794	-0.083781	-0.089473	-0.083710	-0.079849	-0.075103	
0.139226	0.001561	0.082955	0.015682	0.006296	0.105695	-0.002386	0.191541	0.144046	1.020298	0.010499	0.001130	0.005730	0.000994	0.001999	-0.009834	0.022487	-0.001025	0.061452	0.015733	0.191372	-0.008068	-0.002740	-0.003275	-0.014745	0.000392	0.145675	-0.027628	0.159561	0.097067	0.115623	0.022278	0.008933	0.091940	-0.091324	0.004294	0.124460	0.001150	0.010021	-0.006913	0.003452	0.003247	0.013918	-0.009587	-0.057616	0.005468	-0.010747	0.004628	0.005142	0.011801	-0.009503	-0.009168	0.021134	-0.000845	-0.088769	-0.015090	-0.014545	-0.012561	-0.043602	0.012567	-0.007449	-0.054925	-0.058586	-0.026742	0.017877	-0.024215	0.023235	0.011575	-0.004186	-0.000812	-0.003255	-0.030674	0.010484	-0.075956	-0.087623	-0.033891	0.125402	-0.055580	-0.050250	-0.032288	0.003416	-0.000290	0.100232	0.164951	0.016864	-0.000133	0.004859	0.001488	-0.006595	0.004713	-0.000262	-0.006433	-0.007102	-0.004126	0.007091	0.003744	-0.005703	0.006947	0.001234	0.008740	-0.012200	-0.022558	0.005520	-0.020178	0.000622	-0.054852	0.231010	0.010077	0.008286	0.010475	-0.005945	0.003920	-0.055714	0.010881	0.006015	0.006508	-0.009583	0.024098	-0.090895	-0.039118	0.125810	-0.023150	-0.003315	-0.008930	0.018397	0.113124	-0.027539	0.014786	-0.098557	-0.009023	-0.096498	-0.092241	-0.076614	-0.094001	0.128864	-0.079592	-0.090031	-0.081349	-0.105626	-0.103434	-0.087991	-0.095602	-0.083831	-0.091650	-0.093215	0.161959	-0.090749	0.011239	-0.027511	0.001587	-0.029680	-0.047224	0.009147	0.000283	-0.010584	-0.003353	-0.090868	0.000019	-0.043478	-0.083792	-0.020296	0.018247	-0.000052	0.001521	-0.091648	-0.084532	-0.011073	-0.089870	-0.094668	-0.007902	0.010966	-0.086398	0.000769	-0.099638	-0.009788	-0.086467	-0.084193	0.015267	0.019806	-0.016183	0.011852	0.009372	-0.036823	-0.008920	-0.008533	-0.000768	-0.008667	-0.087320	-0.085058	0.017894	-0.088242	-0.084685	-0.086611	-0.085090	-0.084525	-0.080216	
-0.002384	0.034276	0.002482	0.036767	0.011248	0.002995	0.033827	0.025456	0.008223	0.010499	0.964996	0.046849	0.013536	0.057747	0.012590	0.038231	0.015654	0.027884	0.019678	0.003257	0.018946	0.036927	0.045599	0.020300	0.029490	0.001155	0.009901	-0.049207	0.018112	0.016015	0.014540	0.031211	0.037194	0.008983	-0.093499	0.021953	-0.004463	0.019006	0.011366	0.044368	0.048003	0.019731	0.017695	-0.003554	-0.070959	0.034793	0.010529	0.035265	0.024844	0.497487	0.034652	0.032097	0.035335	0.040288	-0.111589	0.016025	0.010649	0.020843	-0.021940	-0.003469	0.042842	-0.057223	-0.070701	0.018381	0.031066	0.030047	0.020554	0.020298	0.036756	0.019769	0.023276	0.007590	0.019622	-0.049119	-0.079786	-0.023883	0.013593	-0.069231	-0.069767	-0.062293	0.012427	0.025473	-0.004289	0.002694	0.031459	0.036812	0.050568	0.037962	0.035867	0.036464	0.043528	0.035931	0.052869	0.013598	0.022997	0.041767	0.031521	0.026009	0.021582	0.040357	0.025692	0.023175	0.025750	0.058395	0.016735	-0.058702	-0.009048	0.020907	0.030286	0.045858	0.026355	0.026425	-0.071064	0.005405	0.037736	0.087426	0.043747	0.035999	-0.110536	-0.041035	0.005288	-0.006158	0.038555	-0.030820	-0.005022	0.009561	-0.026331	0.026289	-0.099388	0.019289	-0.116852	-0.110641	-0.107907	-0.113002	0.004510	-0.108802	-0.102096	-0.108645	-0.110174	-0.106927	-0.104335	-0.104379	-0.115403	-0.098572	-0.104964	0.005393	-0.108680	0.057865	-0.049091	0.019168	-0.041704	-0.041101	0.021464	-0.048794	0.012260	0.019877	-0.118238	0.019311	-0.022616	-0.109635	-0.012559	0.031807	0.019486	0.031278	-0.083983	-0.114501	0.016426	-0.108348	-0.105036	0.026032	0.027413	-0.094004	0.100224	-0.099546	0.033178	-0.109815	-0.111601	0.022667	0.013707	0.024649	0.004960	0.041888	-0.028367	0.012041	0.010016	0.027965	0.019449	-0.109949	-0.113497	0.039433	-0.104984	-0.113095	-0.108677	-0.105873	-0.114088	-0.104307	
-0.007570	0.043268	-0.009581	0.033964	0.021599	-0.004114	0.033413	0.015570	-0.001477	0.001130	0.046849	0.970101	0.037304	0.032478	0.015452	0.037431	0.004854	0.033545	0.005201	0.036187	-0.004204	0.038532	0.027646	0.022946	0.020113	0.013732	-0.001188	-0.043650	-0.003094	-0.003807	-0.019160	0.029408	0.030378	0.005143	-0.113746	0.025296	0.007888	0.034407	0.032415	0.018048	0.041689	0.027239	0.040440	-0.001737	-0.062080	0.043333	0.031328	0.025688	0.046145	0.055589	0.035990	0.034244	0.045485	0.037232	-0.103641	-0.009844	0.022573	0.017532	0.001815	-0.006876	0.504791	-0.062495	-0.051121	0.029894	0.036752	0.023129	0.011761	0.034280	0.028727	0.022290	0.016479	0.015696	0.033704	-0.021818	-0.038124	-0.025663	0.009311	-0.059053	-0.058381	-0.051564	0.029443	0.017071	-0.009126	-0.001629	0.025069	0.042894	0.022911	0.049521	0.026749	0.015532	0.014928	0.009121	0.037480	0.043474	0.033246	0.019504	0.036422	0.029858	0.018075	0.018600	0.022333	0.032134	0.042052	0.029250	0.029701	-0.058653	0.002932	0.036604	0.061730	0.037838	0.047327	0.033419	-0.051555	0.006222	0.047835	0.042330	0.039153	0.036205	-0.110276	0.060359	-0.000679	0.016187	0.037989	-0.025868	0.012905	0.002888	-0.043517	0.047707	-0.106036	0.033313	-0.115569	-0.122840	-0.114699	-0.106856	0.004448	-0.115044	-0.111259	-0.115959	-0.110471	-0.122501	-0.107451	-0.107514	-0.109533	-0.109977	-0.112580	-0.024328	-0.108677	0.021234	-0.049978	0.023176	-0.046780	-0.024773	0.039555	-0.036129	0.011076	0.026416	-0.108227	0.020829	-0.051268	-0.089603	-0.008437	0.039859	0.042282	0.032189	-0.090528	-0.114668	0.011440	-0.117396	-0.100884	-0.000599	0.058154	-0.108337	0.021379	-0.102697	0.039715	-0.105549	-0.101977	0.034453	0.016507	0.024324	0.044230	0.034460	-0.036707	0.025267	0.021830	0.018090	0.027313	-0.110435	-0.111737	0.046930	-0.112721	-0.099443	-0.112102	-0.119588	-0.109163	-0.111285	
-0.002243	0.021505	0.024533	0.043018	0.047520	0.000289	0.040640	-0.001916	0.007008	0.005730	0.013536	0.037304	0.969876	0.020391	-0.007940	0.038329	0.019258	0.032334	-0.005106	0.011176	-0.017535	0.034287	0.041091	0.493859	0.034564	0.042052	-0.008360	-0.049867	0.007671	-0.001567	-0.018589	0.012377	0.036620	0.009028	-0.123115	0.022021	0.000117	0.038879	0.045801	0.034259	0.030994	0.045414	0.019300	-0.026265	-0.059968	0.041314	0.052060	0.037181	0.051528	0.016924	0.036180	0.022548	0.039101	0.041430	-0.121371	-0.001743	0.017502	0.006425	-0.030812	0.186966	0.041766	-0.057132	-0.051276	0.055040	0.034925	0.063587	0.032523	0.031844	0.025566	0.018852	0.037327	0.051937	0.029731	-0.036166	-0.041000	-0.001308	0.002486	-0.059749	-0.067330	-0.067874	0.023950	0.046804	0.007451	-0.002950	0.039849	0.048566	0.028341	0.037381	0.025129	0.023072	0.025525	0.042619	0.022744	0.002975	0.031890	0.024277	0.028726	0.044686	0.034534	0.028733	0.021081	0.017513	0.014645	0.029117	0.040659	-0.055183	0.012346	0.021024	0.047151	0.030550	0.037653	0.044537	-0.059184	0.020581	0.035878	0.022986	0.050927	0.045904	-0.122832	-0.044125	0.001604	0.103934	0.035129	-0.021108	0.013536	0.015805	-0.067311	0.059402	-0.113046	0.043355	-0.116138	-0.127874	-0.123864	-0.118782	0.000721	-0.123778	-0.125204	-0.110490	-0.107751	-0.123303	-0.115667	-0.126566	-0.120122	-0.112201	-0.131237	-0.012931	-0.119715	0.027975	-0.055957	0.039749	-0.027016	-0.054397	0.024425	-0.042117	0.026018	0.025233	-0.114673	0.044032	-0.053028	-0.124565	0.019934	0.042107	0.044393	0.020042	-0.093440	-0.121762	0.011135	-0.122007	-0.112859	0.035556	0.036997	-0.127337	0.030098	-0.124309	0.043135	-0.114660	-0.119213	0.024776	0.025902	0.027789	0.037016	0.028305	-0.037935	0.019531	0.043915	0.018518	0.036563	-0.121457	-0.112311	0.039238	-0.122211	-0.126085	-0.104934	-0.119656	-0.109900	-0.106571	
0.002008	0.039089	0.002507	0.041379	0.031027	0.013964	0.017894	0.008207	0.006513	0.000994	0.057747	0.032478	0.020391	0.950507	-0.003956	0.047955	0.023166	0.020963	0.014864	0.018437	0.010128	0.034407	0.049005	0.017876	0.045127	0.020613	-0.011116	-0.030937	0.008706	-0.005965	-0.003797	0.015336	0.041100	-0.005983	-0.103283	0.022912	0.003126	0.042386	0.031675	0.060505	0.072062	0.052974	0.076779	0.013946	-0.060056	0.027260	0.019080	0.037856	0.015604	0.029380	0.492383	0.032922	0.008985	0.034322	-0.123926	-0.023223	0.036576	0.017231	-0.020299	-0.007710	0.024140	-0.060065	-0.056794	0.046395	0.012106	0.020354	0.047660	0.030432	0.030945	0.021096	0.001359	0.027922	0.024681	-0.066188	-0.078919	-0.058401	0.008469	-0.055143	-0.052924	-0.050665	0.033402	0.037093	-0.002448	-0.004584	0.048165	0.018097	0.036818	0.056782	0.037398	0.021371	0.028955	0.044553	0.041269	0.020081	0.033570	0.042031	0.050803	0.024881	0.026781	0.056847	0.021735	0.033720	0.019737	0.036011	0.032273	-0.050831	-0.004127	0.026660	0.037743	0.044634	0.046384	0.043062	-0.055155	0.008513	0.040620	0.015668	0.013871	0.021675	-0.112183	-0.030904	-0.011848	0.004055	0.047546	-0.026045	0.021370	0.016709	-0.034762	0.013747	-0.117274	0.039532	-0.124302	-0.123759	-0.110948	-0.107832	0.015398	-0.119095	-0.113578	-0.116814	-0.110554	-0.118118	-0.108207	-0.114660	-0.116284	-0.110658	-0.112674	-0.019169	-0.116011	0.024680	-0.065428	0.039353	-0.022651	-0.029329	0.022192	-0.034695	0.029183	0.035625	-0.120706	0.041267	-0.060967	-0.109394	-0.002184	0.061679	0.040294	0.058075	-0.097506	-0.123853	0.014424	-0.113893	-0.117326	-0.001635	0.046004	-0.108618	0.020801	-0.106130	0.038687	-0.120514	-0.119002	0.036805	0.049046	0.036514	0.017751	0.036028	-0.040200	0.043191	0.036175	0.018373	0.035065	-0.117267	-0.113300	0.026572	-0.110844	-0.115054	-0.114250	-0.115754	-0.112855	-0.117961	
0.008798	0.043585	0.006158	0.013521	0.004939	0.020709	0.011839	-0.015541	-0.004798	0.001999	0.012590	0.015452	-0.007940	-0.003956	0.946082	0.087475	0.032085	0.049238	0.065817	0.056649	0.078624	-0.002190	0.005454	0.003247	0.006817	0.019897	0.026836	0.050059	0.006697	0.016365	0.018900	0.007172	0.012731	0.018704	-0.073721	-0.012454	0.006877	-0.013687	0.017843	0.006951	0.012981	0.024514	0.033798	-0.002829	0.047908	0.062260	0.002700	0.089874	-0.003781	0.021544	-0.000920	0.015369	0.106113	-0.001499	-0.090523	0.005119	0.012357	-0.008112	-0.004741	0.015058	0.043523	0.042357	0.033002	0.028767	0.091911	0.046811	-0.003458	0.001625	0.005366	0.011165	-0.005093	0.017408	0.000592	0.041047	0.035750	0.004862	0.034501	0.048987	0.057409	0.039896	0.015281	0.003991	0.019506	0.012360	0.029166	0.013347	-0.002783	0.007983	-0.016789	-0.001401	-0.002198	0.019985	0.030159	0.018981	0.006057	0.032102	0.005339	0.028903	0.005710	0.017426	0.020070	0.028797	0.018246	0.021758	0.014921	0.049991	-0.006368	0.007093	0.010538	-0.006657	0.027624	-0.010424	0.035636	0.030177	0.006934	0.012317	-0.004729	0.011136	-0.077150	0.010750	0.006202	0.006380	0.024827	-0.021357	0.001083	0.021833	-0.002995	0.014345	-0.096300	0.006167	-0.085018	-0.081884	-0.085112	-0.080158	0.018769	-0.080908	-0.095999	-0.082008	-0.095100	-0.087001	-0.084577	-0.078920	-0.088585	-0.075692	-0.087806	0.005027	-0.088263	-0.000654	0.020034	0.006828	0.011135	-0.014786	0.006064	-0.003463	-0.009442	-0.007117	-0.095971	-0.011309	-0.026297	-0.084908	-0.009564	0.010414	0.025706	-0.015736	-0.065177	-0.086616	-0.014174	-0.095656	-0.087589	0.002215	-0.020149	-0.083937	0.008892	-0.079498	-0.004911	-0.087686	-0.083524	0.015181	-0.004318	0.013799	0.008289	0.002631	-0.016309	0.014237	0.004650	-0.004590	-0.005108	-0.089706	-0.093477	0.002067	-0.087012	-0.073597	-0.071330	-0.089046	-0.075709	-0.092661	
0.000356	0.044339	0.009930	0.027849	0.020802	-0.002666	0.044151	0.011541	-0.005990	-0.009834	0.038231	0.037431	0.038329	0.047955	0.087475	0.957765	0.036612	0.029050	0.095814	0.090464	-0.015238	0.055124	0.036712	0.031868	0.027024	0.019301	0.000509	-0.043130	-0.017733	0.000072	-0.011018	0.015199	0.031837	-0.005254	-0.109859	0.039968	-0.003629	0.018175	0.005889	0.024803	0.030250	0.034390	0.024214	-0.026884	-0.061918	0.026921	0.049657	0.507461	0.051543	0.039800	0.033936	0.064407	0.034419	0.013907	-0.112879	0.007262	0.036264	0.012521	-0.022668	-0.018617	0.040231	-0.061586	-0.057511	0.025803	0.018158	0.019381	0.034513	0.025913	0.014257	0.006724	0.014295	0.030241	0.017973	-0.053484	-0.047524	-0.041980	-0.003630	-0.063062	-0.065619	-0.054647	0.034646	0.039051	0.001309	-0.006230	0.014783	0.055631	0.038503	0.035365	0.037336	0.040296	0.040156	0.026221	0.054250	0.018654	0.058027	0.063300	0.052977	0.038758	0.055792	0.021121	0.038275	0.024818	0.024141	0.033061	0.035867	-0.054170	-0.008721	0.005853	0.045559	0.047899	0.025918	0.031973	-0.060592	0.023388	0.030227	0.034838	0.040858	0.046902	-0.117080	-0.042937	0.003220	-0.028726	0.039978	-0.023546	0.025319	0.005659	-0.060505	0.024675	-0.114016	0.037350	-0.116383	-0.110617	-0.124540	-0.114248	-0.009690	-0.116870	-0.115027	-0.114117	-0.108215	-0.110445	-0.106913	-0.109949	-0.118944	-0.104579	-0.109253	-0.024407	-0.106406	0.031978	-0.057269	0.027185	-0.029025	-0.028956	0.008123	-0.046549	0.052363	0.038895	-0.106114	0.021001	-0.062926	-0.112893	0.020664	0.033629	0.056353	0.033654	-0.092783	-0.115430	0.015958	-0.121523	-0.118439	-0.004620	0.028529	-0.119083	0.015390	-0.116718	0.042797	-0.111458	-0.113474	0.027746	0.017590	0.026634	0.050847	0.031254	-0.050661	0.040778	0.022353	0.037837	0.018827	-0.114630	-0.113480	0.023060	-0.109468	-0.107243	-0.114262	-0.111528	-0.118502	-0.115537	
0.011660	0.024136	0.001952	0.015548	0.005854	0.010722	0.018108	0.012733	0.018283	0.022487	0.015654	0.004854	0.019258	0.023166	0.032085	0.036612	0.980532	0.034710	0.057837	0.010567	0.039688	0.025837	-0.000554	0.011616	0.028004	-0.000803	0.007646	0.021305	0.016095	0.002299	0.013046	0.026636	0.032555	-0.005615	-0.087450	0.023408	0.007036	0.015205	0.027848	0.023296	0.026567	0.010519	-0.009094	-0.011054	0.013013	0.046017	0.023325	0.039246	0.028472	0.030563	0.016139	0.009061	0.012305	0.020841	-0.104524	0.020108	0.012592	0.007777	0.007509	0.028134	0.010973	0.010077	0.023099	0.047934	0.019270	0.026539	0.023944	0.016035	0.009348	0.023892	0.021442	0.014861	0.004093	0.029668	0.035154	0.009973	0.001526	0.001980	0.008543	-0.001193	0.020129	0.014839	0.012452	-0.005286	0.004519	0.011492	0.021670	0.030413	0.001182	0.009968	0.011054	0.028955	0.015560	0.029624	-0.007116	0.018302	0.039335	0.026609	0.014190	0.017846	0.023749	0.051865	0.040254	0.015453	0.015885	0.018087	0.019366	0.015527	0.026617	0.009452	0.010011	0.009498	0.012678	0.032776	0.000653	0.036189	0.011997	0.038552	-0.084748	-0.022267	-0.002037	0.015480	0.022747	0.013727	0.032420	0.023472	0.013128	0.037954	-0.094872	0.024389	-0.092232	-0.093508	-0.102685	-0.094731	0.011701	-0.099713	-0.102195	-0.097173	-0.084467	-0.100977	-0.097040	-0.100311	-0.100142	-0.089391	-0.111638	-0.012657	-0.093236	0.016423	-0.003561	0.009515	0.005523	-0.016404	0.024917	-0.028463	0.020668	0.021924	-0.100501	0.023312	-0.039705	-0.100408	0.022861	0.047036	0.011284	0.025165	-0.068136	-0.098105	0.006628	-0.094771	-0.106887	0.007827	0.002012	-0.096078	0.009029	-0.086324	0.030382	-0.086100	-0.091711	0.024952	0.026630	0.021403	0.038668	0.000056	-0.033092	0.022489	0.015269	0.043348	-0.012362	-0.097192	-0.097637	0.016936	-0.089205	-0.095202	-0.097288	-0.105473	-0.100590	-0.094020	
0.022532	0.058859	0.024331	0.053076	0.036905	0.002410	0.022570	0.003929	-0.008255	-0.001025	0.027884	0.033545	0.032334	0.020963	0.049238	0.029050	0.034710	0.975443	0.096804	0.069266	0.022511	0.045090	0.037158	0.032217	0.056674	-0.009157	-0.012548	-0.067402	-0.001099	0.009696	0.000028	0.002694	0.026096	-0.009339	-0.118285	0.026161	0.003024	0.042743	0.038858	0.042360	0.028260	0.028751	0.032116	-0.005185	-0.084630	0.497068	0.014317	0.048998	0.036067	0.030833	0.028717	0.012307	0.028887	0.034739	-0.113757	0.006147	0.036116	0.027593	-0.037063	0.002126	0.036989	-0.079534	-0.070441	0.021807	0.029928	0.028351	0.018831	0.038818	0.030504	0.015421	0.025930	0.033623	0.040760	-0.043820	-0.057109	-0.043754	0.013755	-0.082477	-0.085291	-0.074593	0.038135	0.031409	0.008083	-0.007600	0.035948	0.015245	0.041321	0.065556	0.023523	0.009253	0.019142	0.020369	0.021915	0.026937	0.045024	0.037689	0.053530	0.028897	0.033741	0.049565	0.003531	0.045569	0.033598	0.050757	0.041914	-0.070118	-0.001589	0.060601	0.042793	0.021444	0.024169	0.050896	-0.068343	0.011341	0.028352	0.042543	0.030723	0.042492	-0.109297	-0.042708	-0.003376	-0.036847	0.031330	-0.024404	0.022447	0.024137	-0.038652	0.042747	-0.114707	0.052945	-0.129885	-0.121885	-0.113391	-0.126050	-0.000205	-0.115520	-0.109194	-0.113522	-0.102124	-0.122712	-0.112990	-0.122911	-0.123117	-0.108046	-0.115542	-0.008863	-0.119088	0.028694	-0.051466	0.049494	-0.035742	-0.034688	0.018364	-0.055960	0.018963	0.032341	-0.122256	0.042876	-0.067534	-0.114220	0.002590	0.030296	0.051986	0.025166	-0.085069	-0.114548	0.008437	-0.127379	-0.099678	0.016623	0.037625	-0.119341	0.036232	-0.114422	0.045026	-0.116578	-0.106686	0.043950	0.039928	0.031350	0.035197	0.039178	-0.048858	0.041400	0.035140	0.039057	0.042974	-0.113706	-0.114729	0.033395	-0.118856	-0.122201	-0.108406	-0.117966	-0.111222	-0.118048	
0.036101	-0.001381	0.013290	0.035110	0.031806	0.036146	-0.003127	0.050506	0.011075	0.061452	0.019678	0.005201	-0.005106	0.014864	0.065817	0.095814	0.057837	0.096804	0.962281	0.033869	0.135378	0.008786	0.004922	-0.013960	0.012110	0.016213	0.006272	0.015624	-0.003556	0.005772	0.027676	-0.010045	0.002889	0.005870	-0.098099	0.004823	0.001383	0.007911	0.017811	0.031769	0.003070	0.024498	0.014755	0.018076	0.000968	0.088455	0.000828	0.088600	0.000143	0.012023	0.006727	0.021719	-0.000962	0.007538	-0.095647	0.018867	-0.005487	0.053489	-0.026762	0.007135	0.022597	-0.003036	-0.007630	0.023938	-0.002134	0.008211	-0.001570	0.028904	0.039612	0.031406	0.047813	0.021247	-0.001225	0.076233	0.110584	0.048160	0.000839	0.005514	0.010901	-0.004019	0.003920	0.011030	0.013494	0.032182	0.019679	-0.025560	0.017172	0.020383	0.017578	0.021829	0.010597	-0.012775	0.031609	0.032252	0.013900	-0.009077	0.027128	0.016159	0.026222	0.012673	0.011983	0.030311	-0.008667	0.002354	0.011880	-0.004904	0.053507	0.035989	0.013524	0.031941	0.027490	-0.002295	-0.003678	0.004306	0.021311	0.003065	-0.000409	0.020910	-0.067514	-0.035841	0.035315	0.017642	0.011614	-0.012245	0.034300	0.005675	-0.004665	0.021645	-0.095308	0.017756	-0.091321	-0.095633	-0.096988	-0.103874	0.016394	-0.093488	-0.106067	-0.092331	-0.094746	-0.097135	-0.093934	-0.088115	-0.094699	-0.077361	-0.083259	0.021068	-0.090148	0.014289	-0.005386	0.008791	-0.020051	-0.020020	0.011159	0.001099	0.022897	0.015275	-0.078467	-0.011378	-0.028422	-0.088174	0.027252	0.017605	0.009364	0.008559	-0.072869	-0.083799	-0.032682	-0.100572	-0.098188	-0.010745	-0.011815	-0.105241	-0.009407	-0.091529	-0.011353	-0.087637	-0.075216	0.039487	0.006856	0.039400	0.005674	0.023176	-0.023577	0.034141	-0.007600	0.015956	-0.011594	-0.090122	-0.097724	0.003298	-0.096062	-0.090269	-0.100761	-0.086778	-0.102614	-0.072540	
0.012152	0.016205	0.029427	0.024160	-0.000526	-0.002543	0.030630	0.003022	0.010897	0.015733	0.003257	0.036187	0.011176	0.018437	0.056649	0.090464	0.010567	0.069266	0.033869	0.924321	0.091278	0.006267	0.015631	-0.004098	0.009592	-0.000775	0.004832	-0.029921	0.026022	0.012769	0.008299	0.003342	0.027271	0.001856	-0.069938	0.005692	-0.002520	-0.004587	0.013505	0.008048	0.014274	0.024155	0.010917	-0.018399	-0.041866	0.062063	-0.007503	0.075259	0.011986	-0.003829	0.027212	0.027039	0.028441	0.018856	-0.083447	0.001809	0.018916	-0.000379	-0.006389	0.007658	0.016858	-0.030082	-0.025387	0.024848	0.007377	0.008888	0.005855	0.008956	-0.006324	0.007875	-0.000258	0.015695	0.009939	0.017918	-0.004648	-0.012592	0.013848	-0.030561	-0.029504	-0.031343	0.009584	0.010789	0.024075	0.018200	0.001017	0.036664	-0.002128	0.011527	0.010327	-0.003441	0.012893	-0.008123	0.022758	0.034083	0.046317	0.037608	0.029083	0.002795	0.036026	0.014827	0.024018	0.017516	0.020494	0.008928	0.004532	-0.030956	0.005585	-0.000470	0.019522	0.011058	0.009541	0.019297	-0.042117	0.005773	-0.001247	0.004479	0.022971	0.021574	-0.054237	-0.017593	-0.008404	0.023591	0.031258	0.034030	0.019909	0.018906	0.007374	0.008525	-0.076306	0.010266	-0.056094	-0.070067	-0.076379	-0.065333	0.012562	-0.065689	-0.063690	-0.064490	-0.072849	-0.060857	-0.052471	-0.070768	-0.074977	-0.068405	-0.073924	0.027769	-0.072522	-0.022689	0.001980	0.012678	0.006841	-0.031683	0.010338	-0.021247	0.019108	0.013845	-0.084352	0.006050	-0.034724	-0.063655	0.004698	-0.002628	0.012099	0.013064	-0.072827	-0.070862	0.004442	-0.075789	-0.074209	0.008862	-0.000785	-0.069614	-0.015407	-0.062049	-0.009943	-0.081862	-0.073859	0.006508	0.013819	0.024031	0.011393	0.004321	-0.007627	0.022086	0.002942	0.026221	0.005154	-0.068372	-0.067357	0.010387	-0.052263	-0.074636	-0.072243	-0.056750	-0.067683	-0.073284	
0.149853	0.001005	0.071592	0.009293	0.004948	0.111663	0.013211	0.184772	0.146850	0.191372	0.018946	-0.004204	-0.017535	0.010128	0.078624	-0.015238	0.039688	0.022511	0.135378	0.091278	0.984214	-0.004073	-0.002469	-0.026097	-0.000554	0.002968	0.118460	-0.026710	0.131177	0.074284	0.121321	-0.001375	0.011346	0.072921	-0.077138	-0.006405	0.123016	-0.013230	-0.004165	-0.014067	0.005593	0.005359	0.003055	-0.030089	-0.027321	0.008611	-0.001343	-0.006931	-0.009835	0.022499	0.007628	-0.004885	0.009926	-0.012520	-0.080493	-0.028980	0.012126	-0.007123	-0.029348	-0.001701	-0.009384	-0.039307	-0.043019	-0.007125	-0.004549	0.000925	0.005395	0.012825	-0.014990	-0.015252	-0.008861	-0.009675	0.013173	-0.060565	-0.076181	-0.027996	0.123298	-0.055387	-0.054791	-0.049384	0.005767	0.002536	0.107863	0.165543	-0.005210	0.007194	0.005946	0.010210	-0.009480	0.004283	0.019401	-0.008505	-0.012279	-0.007931	0.005937	-0.001086	-0.004651	0.015437	0.002485	0.007576	0.006255	0.013041	-0.014633	0.002610	-0.011036	-0.045088	0.162333	0.014405	-0.009368	0.008267	-0.007058	-0.006881	-0.044545	-0.014898	0.002919	0.018106	-0.009795	-0.009439	-0.081845	-0.053156	0.113392	-0.024355	0.002926	-0.012482	-0.013610	0.080108	-0.040345	0.006128	-0.080147	-0.009423	-0.092118	-0.083774	-0.092703	-0.076866	0.116515	-0.086501	-0.091119	-0.077957	-0.089979	-0.092829	-0.086533	-0.085864	-0.090899	-0.073419	-0.079702	0.185375	-0.080766	0.009506	-0.027744	-0.003919	-0.025087	-0.039978	-0.005987	-0.036463	-0.003385	0.003442	-0.082216	-0.008675	-0.039329	-0.089758	-0.012700	0.009013	-0.012105	-0.012178	-0.078514	-0.082884	-0.028071	-0.088356	-0.087460	-0.001852	0.002709	-0.081002	0.027165	-0.094902	-0.006456	-0.083507	-0.088116	0.002781	-0.000233	-0.001199	-0.000192	0.012629	-0.036291	0.007600	0.000588	0.001279	-0.004620	-0.091495	-0.089753	0.012569	-0.081230	-0.077466	-0.081843	-0.085721	-0.081332	-0.079891	
