0.000000	0.263257	0.241115	0.249571	0.266035	0.219684	0.259244	0.226469	0.221185	0.226691	0.261116	0.268106	0.262161	0.261938	0.259120	0.261817	0.259191	0.256183	0.255009	0.259143	0.222612	0.257351	0.265536	0.264421	0.263633	0.266821	0.216395	0.259020	0.209987	0.237436	0.219684	0.257337	0.262964	0.239238	0.283418	0.248415	0.226875	0.264723	0.266127	0.258382	0.261030	0.258915	0.265716	0.271763	0.263169	0.257893	0.260400	0.263441	0.261293	0.264277	0.257220	0.262978	0.262112	0.270196	0.290198	0.267426	0.260790	0.260665	0.271776	0.242902	0.269660	0.257431	0.260220	0.270969	0.262246	0.272664	0.258183	0.263142	0.259823	0.258300	0.263100	0.270621	0.259426	0.288494	0.284314	0.271794	0.220619	0.259120	0.257282	0.257050	0.259487	0.259297	0.234778	0.228601	0.260503	0.260770	0.263666	0.264857	0.261823	0.261121	0.262510	0.253958	0.264730	0.259928	0.264864	0.263951	0.263767	0.262759	0.261105	0.264040	0.260141	0.268033	0.268997	0.258277	0.263153	0.258543	0.232657	0.259338	0.252814	0.261093	0.260820	0.257481	0.258114	0.256921	0.260403	0.259267	0.259241	0.261418	0.289555	0.271661	0.222374	0.275224	0.262889	0.263184	0.258373	0.234036	0.281494	0.264821	0.287572	0.264829	0.287111	0.294485	0.285992	0.290545	0.217208	0.289364	0.281973	0.289261	0.287347	0.291088	0.287799	0.286768	0.288048	0.282908	0.291900	0.240107	0.290649	0.257925	0.265097	0.263269	0.278775	0.275920	0.258044	0.268539	0.258942	0.262949	0.291658	0.257371	0.272652	0.289418	0.268254	0.261679	0.263923	0.268184	0.286824	0.288313	0.265734	0.287545	0.293321	0.254149	0.267738	0.282529	0.252866	0.286392	0.266527	0.287663	0.288377	0.262562	0.261943	0.264995	0.259067	0.257263	0.276098	0.265916	0.268688	0.260223	0.260106	0.285340	0.289298	0.266574	0.287836	0.284951	0.286693	0.284547	0.285874	0.286953	
0.263257	0.000000	0.254748	0.239877	0.248089	0.258889	0.242884	0.259356	0.265955	0.259277	0.249535	0.246795	0.252131	0.246388	0.247328	0.246561	0.255163	0.244268	0.262857	0.254540	0.259818	0.242305	0.245148	0.254029	0.253525	0.255544	0.261701	0.260162	0.258384	0.256474	0.261749	0.240211	0.244902	0.257434	0.294647	0.243960	0.259198	0.250538	0.246808	0.240290	0.249290	0.248528	0.253706	0.265231	0.271293	0.247704	0.254462	0.246199	0.251036	0.256088	0.242264	0.260142	0.243344	0.248108	0.294288	0.260940	0.251658	0.247857	0.261158	0.272906	0.249456	0.266782	0.262563	0.247402	0.253156	0.245516	0.247361	0.256141	0.245513	0.242533	0.244615	0.243548	0.247445	0.273849	0.294876	0.276854	0.261231	0.265158	0.265023	0.267067	0.243198	0.239908	0.253717	0.261647	0.244910	0.241278	0.248727	0.247900	0.249700	0.247679	0.247320	0.245844	0.247728	0.250400	0.244353	0.255118	0.253100	0.250000	0.242928	0.250127	0.246083	0.248672	0.249819	0.242454	0.249112	0.266468	0.259866	0.241840	0.244934	0.243008	0.251372	0.240851	0.263618	0.255368	0.245808	0.246916	0.241875	0.246926	0.298599	0.276661	0.264648	0.271215	0.246143	0.260616	0.246665	0.252410	0.276923	0.251849	0.295130	0.247716	0.296370	0.297827	0.293917	0.298079	0.260620	0.294856	0.296229	0.293580	0.298054	0.300909	0.291492	0.294748	0.298731	0.289369	0.302015	0.264470	0.299273	0.236866	0.265847	0.242311	0.281344	0.271001	0.246329	0.268725	0.247626	0.254780	0.298874	0.244762	0.276593	0.297068	0.262103	0.242709	0.241450	0.250293	0.291939	0.300306	0.259061	0.293464	0.292796	0.251310	0.251202	0.291020	0.248213	0.289671	0.242528	0.293894	0.294477	0.249602	0.244423	0.250714	0.242835	0.245435	0.270476	0.252275	0.242844	0.250518	0.245561	0.295015	0.299125	0.243249	0.293545	0.294042	0.298990	0.288021	0.297257	0.299046	
0.241115	0.254748	0.000000	0.248433	0.250809	0.230990	0.252635	0.241773	0.235428	0.235763	0.252714	0.261870	0.253357	0.254917	0.255814	0.254715	0.256547	0.250000	0.255150	0.252041	0.238133	0.253503	0.253208	0.252679	0.248990	0.257801	0.231814	0.253889	0.237540	0.225993	0.239944	0.245018	0.249583	0.225047	0.284600	0.256410	0.242537	0.249291	0.246538	0.251027	0.251028	0.253850	0.258847	0.261030	0.259836	0.252878	0.255610	0.251496	0.251036	0.254467	0.254186	0.255668	0.250639	0.260380	0.292510	0.264441	0.252336	0.247808	0.268447	0.265711	0.258786	0.252210	0.258605	0.259992	0.257859	0.257235	0.250196	0.253438	0.248910	0.248328	0.251205	0.254931	0.247666	0.275208	0.272464	0.269000	0.229466	0.250406	0.255463	0.253528	0.252795	0.254097	0.108231	0.232293	0.247676	0.252849	0.252840	0.255881	0.258036	0.259869	0.260694	0.253099	0.258112	0.259323	0.255698	0.252561	0.258743	0.251168	0.255338	0.256191	0.247927	0.259581	0.256836	0.254536	0.254395	0.259735	0.239736	0.257103	0.249481	0.258450	0.259959	0.250423	0.256333	0.251177	0.253799	0.252716	0.246480	0.248178	0.282718	0.265136	0.237267	0.279012	0.252878	0.258909	0.247752	0.222344	0.266487	0.257915	0.281819	0.255475	0.286771	0.292224	0.284138	0.289311	0.232977	0.282412	0.285197	0.284595	0.289905	0.290048	0.283197	0.287685	0.289974	0.286056	0.287104	0.242715	0.287392	0.248466	0.264240	0.257988	0.270346	0.273084	0.255751	0.269343	0.247674	0.249951	0.282950	0.249951	0.273863	0.283980	0.258725	0.255923	0.249265	0.260080	0.287862	0.286123	0.261724	0.289385	0.288109	0.254712	0.256647	0.283879	0.252400	0.280122	0.251519	0.286386	0.284957	0.255019	0.251352	0.254856	0.254960	0.255960	0.274347	0.254576	0.254796	0.258198	0.251373	0.287002	0.284493	0.258364	0.285459	0.284907	0.286110	0.278752	0.286829	0.284787	
0.249571	0.239877	0.248433	0.000000	0.230241	0.251861	0.234658	0.250127	0.251556	0.248850	0.238914	0.242117	0.238845	0.239980	0.245814	0.244637	0.248034	0.239024	0.239993	0.240443	0.252733	0.238024	0.243176	0.240815	0.241738	0.250072	0.252351	0.251820	0.253041	0.253340	0.260222	0.241052	0.238669	0.254306	0.286295	0.241314	0.253058	0.229196	0.227155	0.239305	0.242090	0.241472	0.247233	0.250294	0.265347	0.243877	0.240161	0.241503	0.236602	0.246034	0.236546	0.245385	0.236291	0.246916	0.290787	0.251769	0.237271	0.241117	0.255455	0.254851	0.246736	0.256697	0.259062	0.246130	0.247772	0.243351	0.240282	0.245835	0.238656	0.238857	0.242230	0.241397	0.241792	0.271105	0.276540	0.276456	0.255148	0.256778	0.257791	0.259794	0.235572	0.239210	0.249975	0.255027	0.245357	0.238167	0.237787	0.241968	0.240596	0.244787	0.238076	0.243153	0.238621	0.243790	0.237974	0.238836	0.242115	0.235549	0.237014	0.243671	0.238519	0.241697	0.239879	0.237893	0.235011	0.257077	0.251979	0.235920	0.232584	0.244523	0.246420	0.242537	0.258139	0.240186	0.238586	0.245616	0.238804	0.241021	0.286680	0.264912	0.253662	0.266910	0.239692	0.257297	0.244055	0.245487	0.264278	0.241334	0.285860	0.239682	0.287050	0.289380	0.284621	0.286726	0.251834	0.285526	0.284518	0.289460	0.284205	0.283848	0.284948	0.284618	0.287644	0.282883	0.289639	0.253058	0.285006	0.239916	0.260816	0.238148	0.268456	0.260105	0.237483	0.264875	0.234358	0.239639	0.285298	0.234580	0.269988	0.281642	0.253656	0.243359	0.239172	0.248735	0.279140	0.290190	0.252183	0.287400	0.287175	0.242331	0.241032	0.282345	0.243157	0.283328	0.238674	0.288068	0.286048	0.240955	0.236663	0.238739	0.239525	0.245665	0.267093	0.242866	0.243230	0.236626	0.239833	0.285700	0.290277	0.242445	0.288195	0.284131	0.284435	0.285225	0.283491	0.281128	
0.266035	0.248089	0.250809	0.230241	0.000000	0.255855	0.245093	0.249073	0.260311	0.254929	0.251714	0.248358	0.242641	0.242418	0.252403	0.248032	0.253592	0.242936	0.249394	0.252820	0.253162	0.239474	0.242302	0.243057	0.238006	0.256153	0.253304	0.257480	0.253296	0.257251	0.256498	0.242046	0.238413	0.257091	0.289276	0.248339	0.260345	0.111469	0.124191	0.239628	0.245466	0.237843	0.252553	0.258102	0.264155	0.246717	0.249608	0.247225	0.244938	0.252704	0.243235	0.247498	0.245105	0.245016	0.291800	0.255215	0.248415	0.248002	0.264244	0.255658	0.250025	0.259864	0.260010	0.245795	0.251215	0.250614	0.242386	0.247689	0.245113	0.245579	0.249459	0.246264	0.241240	0.270155	0.283328	0.278153	0.256176	0.258488	0.258369	0.260351	0.237444	0.243000	0.251291	0.256428	0.244827	0.246976	0.243972	0.241795	0.242124	0.249419	0.242836	0.247831	0.243939	0.240827	0.241248	0.246192	0.244784	0.249876	0.246292	0.242669	0.243799	0.248798	0.250698	0.246083	0.247011	0.258928	0.252152	0.245591	0.242901	0.242574	0.247253	0.245621	0.254673	0.244571	0.246938	0.243601	0.243955	0.241838	0.291065	0.267726	0.258696	0.275229	0.249048	0.264320	0.250025	0.250921	0.267708	0.245874	0.286751	0.248844	0.293357	0.292749	0.284781	0.287001	0.255756	0.283761	0.288591	0.289235	0.288545	0.290565	0.286726	0.289238	0.288948	0.284874	0.293238	0.260410	0.291795	0.239417	0.263450	0.245261	0.268817	0.264615	0.244817	0.271896	0.241866	0.238379	0.292186	0.243826	0.270303	0.285813	0.256709	0.245052	0.238548	0.253813	0.291744	0.290195	0.264625	0.288469	0.286999	0.244754	0.248354	0.281611	0.247035	0.281838	0.243548	0.287432	0.287648	0.245872	0.245889	0.235811	0.242207	0.244032	0.265568	0.245444	0.244339	0.252152	0.246882	0.287984	0.289600	0.245760	0.285956	0.288267	0.287527	0.285473	0.287046	0.289674	
0.219684	0.258889	0.230990	0.251861	0.255855	0.000000	0.252616	0.226510	0.218703	0.230685	0.257496	0.260874	0.258999	0.254003	0.248522	0.258456	0.257097	0.257015	0.246082	0.258362	0.225526	0.255182	0.255945	0.260217	0.254215	0.257624	0.219335	0.253625	0.221166	0.239625	0.226608	0.247079	0.262150	0.238979	0.279976	0.257040	0.224015	0.255911	0.255463	0.253440	0.246856	0.250645	0.253117	0.258197	0.259020	0.256075	0.260948	0.254369	0.252994	0.257770	0.250050	0.252459	0.253604	0.262718	0.286378	0.256704	0.259966	0.254263	0.263738	0.253655	0.259578	0.253300	0.257247	0.261393	0.256813	0.254910	0.261950	0.261254	0.250802	0.254136	0.249751	0.252012	0.255890	0.284586	0.280156	0.262287	0.223081	0.252764	0.254715	0.251645	0.256654	0.254093	0.227368	0.234964	0.254351	0.255368	0.258790	0.257349	0.252550	0.253227	0.250498	0.253051	0.258898	0.258873	0.254191	0.256261	0.255468	0.254726	0.251629	0.254092	0.251821	0.255319	0.261073	0.257405	0.254522	0.257410	0.231981	0.261274	0.252624	0.257829	0.263380	0.251459	0.254474	0.250193	0.254518	0.257813	0.256229	0.256505	0.287127	0.262251	0.222852	0.272651	0.251455	0.263081	0.257017	0.228606	0.266163	0.263599	0.285554	0.260953	0.283401	0.283213	0.280154	0.284707	0.221055	0.281376	0.284857	0.281780	0.283271	0.285257	0.283066	0.283002	0.285356	0.280838	0.287547	0.234887	0.282475	0.247749	0.259714	0.260787	0.269490	0.275661	0.253813	0.263532	0.251610	0.252368	0.288085	0.255618	0.270033	0.284073	0.259843	0.258687	0.255252	0.257312	0.278532	0.284558	0.259513	0.280622	0.285401	0.255577	0.265932	0.280661	0.247497	0.280554	0.255382	0.286972	0.288043	0.254324	0.248458	0.256134	0.257376	0.258068	0.268158	0.258232	0.261146	0.260622	0.254417	0.283091	0.284607	0.258984	0.284824	0.281645	0.287618	0.279021	0.282835	0.280968	
0.259244	0.242884	0.252635	0.234658	0.245093	0.252616	0.000000	0.261902	0.254323	0.259039	0.247023	0.244657	0.246400	0.250247	0.254591	0.243599	0.252620	0.251233	0.261383	0.248763	0.256451	0.240710	0.240631	0.245053	0.245214	0.257307	0.253047	0.259705	0.256568	0.260208	0.259889	0.246721	0.240308	0.260708	0.291696	0.243744	0.260912	0.245966	0.242733	0.245718	0.243374	0.239124	0.236161	0.264522	0.263215	0.251447	0.250262	0.249481	0.246749	0.251457	0.243946	0.251575	0.243502	0.249399	0.296151	0.258028	0.251769	0.252751	0.259907	0.266377	0.254504	0.259219	0.258248	0.252381	0.250305	0.250716	0.255560	0.250815	0.252442	0.249096	0.254601	0.245458	0.245552	0.278611	0.280129	0.277757	0.254877	0.258068	0.260874	0.262521	0.243426	0.247185	0.251072	0.254187	0.245721	0.120535	0.250690	0.245277	0.246963	0.248067	0.250618	0.250883	0.245997	0.251793	0.241961	0.246726	0.253808	0.245051	0.238866	0.246107	0.241972	0.244967	0.248184	0.249048	0.251614	0.253980	0.259881	0.247934	0.244882	0.247637	0.248339	0.237724	0.258138	0.248433	0.247444	0.248560	0.242541	0.244775	0.295575	0.261598	0.262084	0.279441	0.243749	0.249878	0.244514	0.252499	0.276404	0.250347	0.292396	0.242880	0.292720	0.297601	0.290648	0.293573	0.255705	0.285657	0.291827	0.287217	0.293091	0.295195	0.291057	0.294476	0.294986	0.289822	0.293728	0.262059	0.292042	0.243329	0.263944	0.247470	0.269022	0.272294	0.248273	0.268034	0.246994	0.248994	0.297158	0.236909	0.272069	0.295549	0.258860	0.243845	0.241866	0.246733	0.281397	0.292913	0.258478	0.290509	0.293552	0.252206	0.246989	0.288835	0.248916	0.289839	0.249803	0.293135	0.291465	0.248527	0.248343	0.241147	0.244837	0.252517	0.270404	0.254229	0.253860	0.247093	0.247384	0.289962	0.293982	0.243499	0.290955	0.293695	0.292501	0.287880	0.292157	0.290625	
0.226469	0.259356	0.241773	0.250127	0.249073	0.226510	0.261902	0.000000	0.222737	0.207672	0.251624	0.254425	0.258362	0.252563	0.253581	0.258311	0.255010	0.254933	0.241192	0.250286	0.204713	0.251853	0.256261	0.254094	0.260703	0.258425	0.227094	0.243969	0.224488	0.238376	0.230296	0.257887	0.258065	0.234528	0.280106	0.254453	0.227572	0.255721	0.255749	0.254827	0.256603	0.247392	0.261217	0.260415	0.247541	0.257169	0.257112	0.260102	0.256852	0.248972	0.253600	0.260993	0.257352	0.262215	0.281333	0.260632	0.260125	0.253697	0.264172	0.267409	0.257807	0.246554	0.246432	0.265690	0.256916	0.266680	0.256121	0.262170	0.251594	0.250153	0.255480	0.264567	0.255022	0.271985	0.273322	0.268928	0.231377	0.243168	0.243562	0.244247	0.257983	0.250790	0.235836	0.213418	0.255203	0.261926	0.257354	0.261256	0.257274	0.256305	0.259047	0.259408	0.252634	0.258267	0.255276	0.258624	0.263251	0.257543	0.261205	0.256970	0.252849	0.257944	0.260842	0.250891	0.258875	0.248871	0.211207	0.254775	0.257898	0.259956	0.256485	0.257317	0.241740	0.247128	0.252040	0.251690	0.260231	0.254831	0.280247	0.266584	0.225772	0.271396	0.253167	0.261030	0.256884	0.235587	0.267793	0.259446	0.275614	0.256646	0.280462	0.283380	0.274667	0.280847	0.226855	0.274865	0.280345	0.279762	0.278601	0.280287	0.278332	0.277203	0.281779	0.275343	0.283447	0.217504	0.279231	0.254496	0.254708	0.261869	0.266754	0.275557	0.260178	0.265040	0.252826	0.250374	0.281304	0.254727	0.268451	0.274902	0.261587	0.254800	0.256805	0.260202	0.277466	0.278030	0.262598	0.279383	0.280532	0.257580	0.261771	0.276918	0.246148	0.277173	0.263374	0.279800	0.281931	0.253928	0.249196	0.256746	0.257673	0.257624	0.278071	0.259832	0.261005	0.262186	0.254385	0.280215	0.282940	0.263211	0.276492	0.280956	0.274474	0.273759	0.280205	0.278163	
0.221185	0.265955	0.235428	0.251556	0.260311	0.218703	0.254323	0.222737	0.000000	0.223898	0.257718	0.260985	0.258696	0.257812	0.263659	0.263085	0.255921	0.265177	0.258866	0.257827	0.221581	0.263808	0.258450	0.264181	0.261441	0.256809	0.220634	0.256659	0.216273	0.243525	0.220995	0.256606	0.258505	0.242403	0.282072	0.257665	0.218275	0.258408	0.260650	0.259479	0.258096	0.253415	0.262944	0.261439	0.266521	0.263780	0.263662	0.261063	0.254972	0.255372	0.256641	0.262639	0.259939	0.267028	0.291125	0.267970	0.257852	0.258946	0.266252	0.263179	0.260349	0.259054	0.257673	0.268606	0.259784	0.264345	0.258781	0.261817	0.253798	0.253398	0.262082	0.266337	0.256865	0.276281	0.280117	0.273793	0.221027	0.258956	0.260461	0.259570	0.252893	0.255366	0.232960	0.227097	0.261774	0.258004	0.261131	0.261594	0.260729	0.255378	0.259891	0.261508	0.268251	0.263858	0.258942	0.258929	0.268440	0.260521	0.259691	0.263477	0.260356	0.262089	0.269691	0.259471	0.261549	0.259014	0.225881	0.261277	0.259344	0.261221	0.259813	0.259478	0.256860	0.249558	0.258363	0.254978	0.260762	0.259476	0.286194	0.275947	0.223956	0.269846	0.260644	0.262668	0.258867	0.236768	0.277650	0.263828	0.284018	0.263009	0.285858	0.291679	0.281044	0.282584	0.215819	0.284250	0.285049	0.283949	0.290439	0.287923	0.282342	0.284813	0.285971	0.281884	0.286068	0.236803	0.286489	0.245432	0.264939	0.264551	0.273200	0.283479	0.262434	0.274543	0.253037	0.260510	0.286668	0.259475	0.283443	0.282100	0.267148	0.255036	0.262632	0.262655	0.281290	0.284519	0.266830	0.282526	0.285800	0.257546	0.258342	0.279863	0.254224	0.284180	0.260281	0.288582	0.286896	0.258113	0.256568	0.264916	0.257729	0.261184	0.280528	0.262323	0.258506	0.263950	0.257742	0.285000	0.284869	0.267016	0.285814	0.285686	0.285187	0.280288	0.280420	0.280384	
0.226691	0.259277	0.235763	0.248850	0.254929	0.230685	0.259039	0.207672	0.223898	0.000000	0.257671	0.264448	0.258096	0.259962	0.255246	0.262945	0.255267	0.260737	0.246922	0.252020	0.208069	0.260536	0.260043	0.260221	0.266501	0.258078	0.221079	0.252495	0.222808	0.236047	0.233724	0.251551	0.254977	0.236673	0.284235	0.258437	0.229566	0.253170	0.252963	0.260228	0.258957	0.255078	0.253683	0.262369	0.264399	0.258218	0.265940	0.261097	0.258231	0.256714	0.257925	0.260458	0.253854	0.258911	0.285585	0.263976	0.264780	0.262256	0.268175	0.262186	0.269571	0.257466	0.259994	0.271685	0.254749	0.268362	0.258065	0.258542	0.259067	0.256547	0.259640	0.267022	0.255336	0.282485	0.289559	0.274256	0.225667	0.255713	0.254292	0.254178	0.257561	0.257504	0.230578	0.211535	0.253801	0.259139	0.257357	0.262640	0.260494	0.256209	0.261029	0.259582	0.261992	0.261999	0.256905	0.257874	0.264087	0.261365	0.260579	0.254043	0.261215	0.267132	0.257713	0.261532	0.260572	0.259585	0.195587	0.256614	0.255789	0.257183	0.263873	0.254749	0.257431	0.252642	0.255777	0.260921	0.261735	0.250941	0.285323	0.277392	0.229330	0.270142	0.260434	0.260371	0.253174	0.227758	0.269656	0.257630	0.284645	0.262090	0.286922	0.287822	0.278697	0.284117	0.224080	0.279804	0.281774	0.281010	0.289310	0.289761	0.280865	0.283034	0.281972	0.280180	0.286166	0.218118	0.284742	0.250896	0.262615	0.259325	0.274844	0.276534	0.252876	0.257544	0.260463	0.257944	0.282878	0.255807	0.270830	0.280298	0.263460	0.251525	0.257070	0.261365	0.284799	0.283204	0.267128	0.281936	0.285473	0.259094	0.259742	0.278951	0.258220	0.281416	0.262608	0.283672	0.281505	0.250300	0.252693	0.262443	0.253556	0.257966	0.269503	0.262535	0.262263	0.260930	0.259566	0.284048	0.283685	0.256002	0.281066	0.282938	0.280836	0.279339	0.280700	0.279890	
0.261116	0.249535	0.252714	0.238914	0.251714	0.257496	0.247023	0.251624	0.257718	0.257671	0.000000	0.244449	0.253476	0.243442	0.252129	0.245807	0.254275	0.250049	0.253976	0.256821	0.253202	0.245252	0.243489	0.250172	0.247858	0.258995	0.255164	0.259900	0.254768	0.254504	0.257085	0.246341	0.245252	0.255234	0.281562	0.249926	0.265017	0.248315	0.250760	0.243576	0.243838	0.247033	0.255756	0.257914	0.266796	0.247529	0.257927	0.246397	0.249335	0.126294	0.244058	0.252875	0.246344	0.247239	0.292938	0.257521	0.253236	0.247959	0.262687	0.266575	0.247701	0.259403	0.262963	0.253282	0.250328	0.247281	0.252492	0.250932	0.244308	0.246436	0.248796	0.251520	0.246711	0.266777	0.287504	0.270243	0.257216	0.260376	0.262435	0.263705	0.252816	0.244810	0.254459	0.259562	0.246890	0.245337	0.242344	0.248173	0.247232	0.246157	0.245483	0.246233	0.246734	0.254950	0.250424	0.246473	0.249620	0.249653	0.248514	0.243252	0.249342	0.251660	0.251263	0.237128	0.253873	0.261655	0.260757	0.247849	0.245484	0.245654	0.250889	0.247664	0.262885	0.250712	0.245002	0.235422	0.243403	0.245916	0.290937	0.273725	0.258762	0.268313	0.249769	0.266100	0.258429	0.253451	0.265183	0.251134	0.283632	0.250100	0.291409	0.290494	0.286344	0.289739	0.257819	0.286952	0.284968	0.287664	0.293011	0.290959	0.285601	0.286040	0.291696	0.281794	0.288815	0.257009	0.287021	0.237714	0.266919	0.251602	0.277754	0.279588	0.251118	0.271846	0.249388	0.251388	0.291367	0.248045	0.266486	0.287236	0.263398	0.247800	0.248997	0.249464	0.279603	0.290520	0.258828	0.288305	0.288107	0.248767	0.251741	0.280171	0.227353	0.281085	0.246964	0.288569	0.289198	0.245210	0.250540	0.248079	0.251276	0.247794	0.269604	0.255166	0.254767	0.248199	0.246374	0.288359	0.291559	0.245623	0.285743	0.288627	0.287762	0.284541	0.287956	0.284674	
0.268106	0.246795	0.261870	0.242117	0.248358	0.260874	0.244657	0.254425	0.260985	0.264448	0.244449	0.000000	0.249633	0.248919	0.253362	0.244988	0.258850	0.247428	0.258817	0.249718	0.260041	0.241085	0.246056	0.249287	0.251576	0.253571	0.260733	0.256064	0.263116	0.262320	0.267645	0.246663	0.248235	0.259603	0.290858	0.247475	0.260082	0.243156	0.245016	0.250832	0.246134	0.244285	0.244548	0.256296	0.265730	0.246769	0.252451	0.250221	0.242080	0.243790	0.245156	0.253223	0.244305	0.249178	0.291317	0.262987	0.252763	0.249262	0.259488	0.262498	0.126698	0.260138	0.257478	0.249135	0.249192	0.250711	0.256794	0.250638	0.245419	0.245038	0.249877	0.249068	0.247298	0.266240	0.277796	0.272409	0.256092	0.257310	0.257631	0.259956	0.247848	0.251548	0.260904	0.259850	0.247627	0.243689	0.247846	0.245031	0.251549	0.252797	0.252976	0.255346	0.249261	0.245847	0.247103	0.253951	0.248882	0.250920	0.250227	0.252065	0.245732	0.250613	0.246698	0.245843	0.247039	0.261196	0.258242	0.244979	0.239403	0.247208	0.244135	0.247045	0.254665	0.253558	0.245906	0.246201	0.245543	0.247266	0.291574	0.243709	0.263169	0.259156	0.245555	0.262570	0.249546	0.257699	0.273161	0.246673	0.287252	0.246962	0.293176	0.296158	0.290044	0.288300	0.257375	0.289943	0.287825	0.290955	0.294551	0.295443	0.288360	0.288026	0.291278	0.286255	0.293308	0.267801	0.289042	0.249011	0.268019	0.248151	0.270096	0.271078	0.244752	0.269029	0.251517	0.247171	0.290638	0.245671	0.273900	0.283175	0.262481	0.244325	0.242038	0.251928	0.287132	0.293630	0.260522	0.290323	0.287756	0.255214	0.242073	0.287293	0.251396	0.282946	0.246594	0.287688	0.285886	0.244561	0.251745	0.248448	0.242906	0.250417	0.275421	0.252719	0.252312	0.252173	0.249264	0.291477	0.291737	0.243516	0.288368	0.286493	0.290735	0.289862	0.287459	0.290336	
0.262161	0.252131	0.253357	0.238845	0.242641	0.258999	0.246400	0.258362	0.258696	0.258096	0.253476	0.249633	0.000000	0.249779	0.259466	0.245229	0.254367	0.246050	0.257657	0.252575	0.265606	0.241863	0.244732	0.121010	0.250740	0.245637	0.260698	0.260117	0.256314	0.262225	0.264466	0.250722	0.245190	0.258757	0.292929	0.249430	0.262838	0.241167	0.239111	0.243905	0.248236	0.242927	0.254140	0.264517	0.266205	0.246387	0.246474	0.245824	0.241635	0.252064	0.244022	0.255609	0.246066	0.248081	0.297203	0.261169	0.251081	0.253674	0.265328	0.209507	0.250074	0.260780	0.257202	0.244438	0.251897	0.239540	0.249633	0.247764	0.246702	0.246604	0.244068	0.241647	0.247245	0.275208	0.281795	0.264224	0.258279	0.259299	0.262140	0.264756	0.250544	0.241900	0.256451	0.259956	0.241591	0.244149	0.249167	0.248243	0.248675	0.249419	0.248326	0.244084	0.251109	0.254745	0.248199	0.251219	0.248881	0.243759	0.246121	0.246250	0.249671	0.251534	0.255011	0.243693	0.245503	0.262010	0.254576	0.249678	0.242454	0.248021	0.245753	0.239845	0.259931	0.246984	0.247482	0.251357	0.240323	0.242385	0.295870	0.277439	0.259167	0.241868	0.245935	0.267914	0.251543	0.249602	0.282870	0.245166	0.289495	0.244728	0.294182	0.297975	0.293734	0.293927	0.255524	0.293637	0.293721	0.291302	0.291912	0.297051	0.290001	0.295053	0.293779	0.286910	0.298967	0.263606	0.293315	0.242202	0.273723	0.243883	0.272454	0.274510	0.247943	0.272879	0.246496	0.250562	0.292844	0.238072	0.275684	0.292519	0.250754	0.242602	0.244338	0.255450	0.287337	0.294699	0.258261	0.292341	0.291860	0.243290	0.248158	0.292372	0.247304	0.291789	0.242252	0.291692	0.292326	0.246419	0.246063	0.248545	0.242159	0.249362	0.268025	0.252523	0.243211	0.251335	0.244060	0.293511	0.291418	0.249216	0.293580	0.295098	0.287187	0.289910	0.288878	0.289132	
0.261938	0.246388	0.254917	0.239980	0.242418	0.254003	0.250247	0.252563	0.257812	0.259962	0.243442	0.248919	0.249779	0.000000	0.256538	0.242502	0.250240	0.250148	0.256089	0.248798	0.255819	0.242642	0.241020	0.250099	0.244334	0.251866	0.260956	0.253033	0.254618	0.261291	0.259727	0.247351	0.245002	0.262050	0.287594	0.249453	0.261579	0.237628	0.242209	0.237941	0.235999	0.237978	0.238931	0.255140	0.265271	0.249138	0.254091	0.247537	0.250248	0.249975	0.118299	0.247112	0.253874	0.246926	0.296772	0.265496	0.245660	0.250000	0.266109	0.264723	0.252159	0.260318	0.260632	0.248696	0.254337	0.252707	0.245602	0.248077	0.243109	0.246316	0.253555	0.248521	0.245039	0.282106	0.290029	0.276933	0.257129	0.256770	0.256608	0.259352	0.244387	0.242850	0.255078	0.261187	0.240695	0.248742	0.245159	0.242752	0.244157	0.249390	0.246593	0.243859	0.242999	0.253091	0.245131	0.244391	0.244288	0.248378	0.246003	0.242474	0.244383	0.247025	0.251218	0.242973	0.248439	0.255367	0.256547	0.247268	0.242481	0.244065	0.243820	0.240863	0.258962	0.248515	0.244502	0.250843	0.249975	0.245378	0.291717	0.267770	0.265810	0.260942	0.242462	0.265093	0.246678	0.252146	0.264909	0.252352	0.290972	0.243802	0.294354	0.296061	0.287659	0.289487	0.252586	0.290962	0.289971	0.291801	0.292147	0.292920	0.287330	0.290557	0.291376	0.285186	0.292909	0.264414	0.290200	0.244361	0.269863	0.243796	0.269181	0.267746	0.244879	0.266713	0.241688	0.243802	0.291906	0.240935	0.278863	0.287457	0.259313	0.236878	0.242347	0.242228	0.286488	0.294135	0.255916	0.289885	0.292603	0.254731	0.244900	0.285543	0.248721	0.284419	0.244438	0.292291	0.293325	0.242841	0.241311	0.242622	0.248447	0.248029	0.268840	0.246123	0.246295	0.251836	0.242171	0.292559	0.291879	0.248280	0.289576	0.291646	0.290287	0.288800	0.289204	0.291972	
0.259120	0.247328	0.255814	0.245814	0.252403	0.248522	0.254591	0.253581	0.263659	0.255246	0.252129	0.253362	0.259466	0.256538	0.000000	0.234554	0.252805	0.244888	0.244619	0.237995	0.236850	0.253451	0.254878	0.255933	0.252063	0.252396	0.253580	0.231324	0.256342	0.252902	0.256228	0.250000	0.250736	0.252783	0.276075	0.259496	0.256962	0.255326	0.249186	0.249536	0.255738	0.249458	0.250687	0.257176	0.237521	0.241923	0.257902	0.233851	0.253545	0.248093	0.251277	0.253787	0.228084	0.256374	0.283596	0.252162	0.252119	0.254314	0.255584	0.254472	0.251871	0.232934	0.238965	0.252418	0.235322	0.243566	0.257346	0.253072	0.253515	0.252665	0.258730	0.251397	0.250467	0.253830	0.260972	0.259950	0.247289	0.231264	0.231183	0.234377	0.251017	0.249527	0.248783	0.250874	0.244500	0.254540	0.255263	0.259953	0.259562	0.259430	0.261295	0.249234	0.246676	0.251410	0.255419	0.250587	0.260669	0.247133	0.255531	0.249720	0.248019	0.251994	0.255761	0.245922	0.249338	0.231389	0.256742	0.257848	0.249259	0.259062	0.250954	0.258110	0.233457	0.246771	0.256118	0.249532	0.254308	0.252961	0.281592	0.253509	0.257857	0.260782	0.251762	0.265787	0.254979	0.250664	0.257594	0.251796	0.279118	0.251495	0.279949	0.283307	0.276054	0.277680	0.250274	0.278198	0.279975	0.277091	0.285738	0.283302	0.278730	0.277090	0.284125	0.274054	0.282115	0.256502	0.280082	0.255389	0.247510	0.250857	0.256869	0.258594	0.252018	0.254750	0.254993	0.261534	0.284666	0.257695	0.265085	0.277847	0.258387	0.250425	0.245046	0.263947	0.271713	0.282140	0.263733	0.281898	0.279806	0.250236	0.265426	0.275629	0.254025	0.274121	0.255655	0.280532	0.278411	0.252503	0.253648	0.246305	0.253068	0.258029	0.262611	0.252768	0.251243	0.261107	0.253729	0.283247	0.286052	0.257700	0.278887	0.277212	0.277560	0.279190	0.273838	0.281998	
0.261817	0.246561	0.254715	0.244637	0.248032	0.258456	0.243599	0.258311	0.263085	0.262945	0.245807	0.244988	0.245229	0.242502	0.234554	0.000000	0.249067	0.251106	0.233449	0.226951	0.263517	0.238844	0.245159	0.246521	0.248296	0.256753	0.259757	0.257783	0.264700	0.262164	0.263732	0.249226	0.247098	0.261283	0.290028	0.245750	0.265376	0.244335	0.250493	0.248454	0.248551	0.245595	0.257689	0.267331	0.266819	0.248937	0.246679	0.117791	0.241018	0.248203	0.242808	0.243735	0.246034	0.255888	0.294289	0.256992	0.246774	0.250123	0.264128	0.268768	0.248312	0.262776	0.262013	0.251123	0.254256	0.255949	0.248798	0.250419	0.248261	0.251302	0.251283	0.249532	0.250394	0.278161	0.290521	0.274849	0.258743	0.261757	0.262220	0.260472	0.247122	0.244562	0.256742	0.262047	0.247349	0.239866	0.248280	0.248264	0.246847	0.245191	0.245192	0.248756	0.242372	0.253089	0.239198	0.241049	0.244193	0.246712	0.238273	0.246805	0.247455	0.255306	0.252746	0.244622	0.249331	0.260027	0.261976	0.251291	0.243956	0.242364	0.250714	0.246909	0.261255	0.248983	0.248739	0.248268	0.243323	0.242098	0.294070	0.272355	0.260374	0.276121	0.249794	0.267674	0.248783	0.255035	0.272177	0.250569	0.289466	0.246499	0.292193	0.291335	0.292803	0.291802	0.261379	0.290858	0.290397	0.291402	0.293764	0.292654	0.287956	0.289329	0.294955	0.284002	0.291042	0.265711	0.290155	0.245579	0.272838	0.245029	0.274709	0.272369	0.252192	0.273824	0.240197	0.245300	0.290514	0.247962	0.277278	0.290655	0.253465	0.245383	0.239654	0.248922	0.285471	0.292869	0.255006	0.292496	0.293011	0.258375	0.251231	0.289542	0.250909	0.288839	0.243974	0.292617	0.290501	0.247060	0.250568	0.245921	0.241179	0.249975	0.277676	0.246971	0.250345	0.243358	0.250418	0.291795	0.292586	0.253020	0.289091	0.288683	0.291803	0.287959	0.291123	0.291133	
0.259191	0.255163	0.256547	0.248034	0.253592	0.257097	0.252620	0.255010	0.255921	0.255267	0.254275	0.258850	0.254367	0.250240	0.252805	0.249067	0.000000	0.249574	0.248119	0.251978	0.250938	0.245526	0.254975	0.253875	0.250482	0.257104	0.255966	0.242881	0.254545	0.260235	0.257749	0.247412	0.246169	0.262247	0.282824	0.247750	0.258054	0.248141	0.245631	0.250292	0.250000	0.252718	0.263054	0.261067	0.247186	0.248289	0.250587	0.247123	0.246492	0.251040	0.247980	0.256439	0.256460	0.255475	0.287977	0.254417	0.252306	0.251709	0.252199	0.256520	0.260165	0.241367	0.242137	0.248352	0.256002	0.251973	0.251594	0.255365	0.251023	0.246558	0.249626	0.251307	0.254701	0.261418	0.261839	0.261032	0.256244	0.241757	0.239923	0.246331	0.251022	0.247865	0.253095	0.257408	0.254807	0.250961	0.251489	0.253109	0.256488	0.254924	0.255667	0.251056	0.252974	0.248497	0.258162	0.253535	0.247087	0.250027	0.254200	0.251430	0.245485	0.246538	0.246120	0.250027	0.252087	0.242397	0.254144	0.246812	0.249437	0.254159	0.254603	0.255198	0.243269	0.244099	0.257366	0.248044	0.252647	0.242022	0.282309	0.259751	0.262163	0.260576	0.249057	0.255820	0.248664	0.249246	0.254376	0.248445	0.281978	0.248723	0.284984	0.285074	0.283732	0.283616	0.252311	0.281924	0.284607	0.282727	0.283868	0.287281	0.282420	0.284218	0.286452	0.279944	0.288951	0.264343	0.283378	0.248736	0.253023	0.254686	0.262629	0.265302	0.247625	0.263796	0.246596	0.246687	0.286665	0.246517	0.269650	0.284149	0.251835	0.242260	0.252503	0.252333	0.277761	0.286098	0.256379	0.284064	0.286924	0.251715	0.257611	0.279233	0.253831	0.276743	0.247844	0.280700	0.282495	0.249812	0.248504	0.251527	0.241254	0.258639	0.267828	0.250188	0.253982	0.248714	0.258849	0.284498	0.284989	0.255933	0.280743	0.282976	0.283470	0.284174	0.286585	0.282992	
0.256183	0.244268	0.250000	0.239024	0.242936	0.257015	0.251233	0.254933	0.265177	0.260737	0.250049	0.247428	0.246050	0.250148	0.244888	0.251106	0.249574	0.000000	0.232763	0.236256	0.253036	0.240781	0.244189	0.244709	0.240481	0.261823	0.262116	0.264182	0.261072	0.257496	0.261670	0.250823	0.245290	0.261078	0.291921	0.248093	0.260925	0.241561	0.242111	0.242730	0.250685	0.243617	0.245405	0.258497	0.272776	0.124510	0.252665	0.243570	0.244495	0.252677	0.243241	0.252967	0.247125	0.250473	0.294077	0.256291	0.242232	0.246650	0.264433	0.257671	0.252328	0.268803	0.263780	0.253034	0.249494	0.251570	0.251370	0.246388	0.241550	0.246031	0.245081	0.246464	0.244075	0.274603	0.279369	0.275025	0.255194	0.266869	0.267599	0.266353	0.245025	0.244704	0.253050	0.259862	0.245276	0.253147	0.247379	0.240063	0.249900	0.254330	0.251378	0.248554	0.250570	0.247997	0.241052	0.245324	0.243600	0.246495	0.246197	0.241815	0.249176	0.243992	0.249457	0.239031	0.244739	0.265803	0.257023	0.239398	0.240977	0.250964	0.249797	0.239383	0.262244	0.249507	0.247212	0.246295	0.243441	0.242732	0.289821	0.271562	0.259089	0.275556	0.248996	0.260944	0.249773	0.251617	0.267318	0.247384	0.291008	0.237109	0.297728	0.298440	0.290750	0.294284	0.256990	0.291372	0.289450	0.291218	0.289476	0.295974	0.289303	0.293989	0.296260	0.286226	0.293232	0.262648	0.293526	0.246337	0.267524	0.241978	0.275447	0.270002	0.248411	0.272903	0.248897	0.245998	0.295396	0.241555	0.277921	0.291304	0.255536	0.247430	0.241836	0.254275	0.284112	0.291716	0.262117	0.293738	0.287773	0.248688	0.249092	0.290512	0.246128	0.288557	0.242817	0.293900	0.290478	0.239980	0.244442	0.245560	0.246290	0.248748	0.276536	0.245023	0.245276	0.247578	0.241146	0.292221	0.294305	0.245200	0.291037	0.293849	0.289466	0.290617	0.290222	0.291252	
0.255009	0.262857	0.255150	0.239993	0.249394	0.246082	0.261383	0.241192	0.258866	0.246922	0.253976	0.258817	0.257657	0.256089	0.244619	0.233449	0.248119	0.232763	0.000000	0.246330	0.222512	0.253156	0.258689	0.261715	0.256731	0.257163	0.257257	0.244086	0.261788	0.259480	0.255458	0.259103	0.253850	0.258954	0.285462	0.256517	0.261432	0.252070	0.250390	0.248488	0.255625	0.247748	0.254821	0.249193	0.252741	0.238003	0.263947	0.235640	0.257626	0.258983	0.255713	0.250345	0.262104	0.256240	0.285840	0.259306	0.260327	0.246309	0.263843	0.261510	0.259447	0.248726	0.248105	0.252238	0.263372	0.259722	0.263767	0.255455	0.248647	0.248510	0.246183	0.249524	0.257024	0.253433	0.257204	0.257432	0.262411	0.249905	0.246549	0.249912	0.256978	0.254113	0.254380	0.250443	0.251832	0.265175	0.256055	0.258531	0.258551	0.254116	0.257158	0.261776	0.252777	0.246225	0.251625	0.262218	0.252658	0.258059	0.246648	0.252804	0.258179	0.255035	0.261858	0.251795	0.255120	0.248559	0.240919	0.249346	0.251440	0.255486	0.254794	0.256788	0.250423	0.254386	0.245999	0.260703	0.256771	0.250435	0.275080	0.271209	0.250405	0.273219	0.254857	0.260214	0.252162	0.256249	0.265278	0.257700	0.283180	0.252071	0.283951	0.288960	0.283375	0.287538	0.254977	0.284083	0.288223	0.287935	0.289247	0.292329	0.284430	0.279643	0.285639	0.276980	0.281976	0.249914	0.280909	0.253415	0.263195	0.256585	0.274900	0.273907	0.255730	0.260496	0.244371	0.253749	0.281343	0.257004	0.272853	0.283645	0.247406	0.253543	0.255323	0.257325	0.289755	0.280830	0.269387	0.285639	0.286137	0.258514	0.259003	0.286617	0.255790	0.277321	0.263522	0.283386	0.277601	0.244383	0.251955	0.249652	0.254243	0.254555	0.265349	0.250434	0.259144	0.253918	0.258025	0.278372	0.290028	0.261171	0.282209	0.282361	0.289395	0.281710	0.289125	0.275764	
0.259143	0.254540	0.252041	0.240443	0.252820	0.258362	0.248763	0.250286	0.257827	0.252020	0.256821	0.249718	0.252575	0.248798	0.237995	0.226951	0.251978	0.236256	0.246330	0.000000	0.231128	0.251442	0.249472	0.257722	0.255214	0.252747	0.254101	0.247745	0.250603	0.256652	0.257935	0.250998	0.241904	0.259005	0.281183	0.252512	0.260790	0.251898	0.243163	0.254469	0.250986	0.247778	0.257936	0.254531	0.255345	0.238999	0.259974	0.234423	0.251876	0.258387	0.244757	0.252410	0.244309	0.252460	0.282683	0.253775	0.250394	0.257009	0.256757	0.253680	0.256997	0.246607	0.246571	0.250871	0.251188	0.251657	0.255241	0.254261	0.254124	0.247824	0.256562	0.247490	0.252508	0.262042	0.269952	0.269736	0.253555	0.246482	0.244891	0.247634	0.249324	0.250716	0.251140	0.257069	0.251880	0.243354	0.252885	0.253443	0.249643	0.258420	0.255121	0.260519	0.251632	0.243095	0.237373	0.241148	0.247240	0.250928	0.242105	0.248404	0.239921	0.252569	0.254421	0.246973	0.251878	0.246774	0.255079	0.250994	0.248262	0.250461	0.250725	0.246650	0.250500	0.249351	0.254429	0.256011	0.247560	0.247240	0.273107	0.262756	0.260710	0.261487	0.244360	0.249918	0.249640	0.247649	0.248805	0.254440	0.279752	0.248708	0.281816	0.277545	0.277569	0.272530	0.252627	0.275182	0.276954	0.275237	0.279591	0.275931	0.269884	0.274996	0.281650	0.273945	0.281819	0.251231	0.279399	0.257757	0.253313	0.250924	0.267079	0.262073	0.248170	0.265120	0.248874	0.250561	0.281626	0.247536	0.265575	0.270946	0.252453	0.251619	0.245357	0.253933	0.282698	0.279591	0.255874	0.280086	0.278038	0.252298	0.255981	0.277714	0.260704	0.271766	0.256266	0.280483	0.277091	0.247442	0.245837	0.248652	0.252893	0.252853	0.262422	0.249115	0.254448	0.248441	0.253776	0.279249	0.278625	0.252706	0.269363	0.281708	0.277162	0.269439	0.277363	0.276537	
0.222612	0.259818	0.238133	0.252733	0.253162	0.225526	0.256451	0.204713	0.221581	0.208069	0.253202	0.260041	0.265606	0.255819	0.236850	0.263517	0.250938	0.253036	0.222512	0.231128	0.000000	0.257501	0.257848	0.267440	0.259591	0.260043	0.223269	0.253710	0.222931	0.240943	0.227411	0.254593	0.251926	0.240579	0.279053	0.259259	0.226153	0.258497	0.255098	0.259387	0.257520	0.253931	0.260937	0.261914	0.256251	0.259075	0.262378	0.261608	0.259867	0.253509	0.252564	0.260166	0.254803	0.265169	0.284033	0.272647	0.254529	0.259756	0.264180	0.267364	0.263509	0.253416	0.256026	0.264658	0.260059	0.259603	0.261457	0.256184	0.259766	0.258529	0.259861	0.259417	0.252006	0.281057	0.284698	0.271664	0.225158	0.256832	0.256390	0.258191	0.257541	0.255535	0.226129	0.208659	0.258161	0.257231	0.259197	0.259861	0.261211	0.258017	0.254702	0.260177	0.261777	0.257764	0.255411	0.261044	0.260607	0.255232	0.256340	0.254779	0.251194	0.260243	0.263963	0.255125	0.262409	0.256259	0.212563	0.253838	0.260147	0.256451	0.261836	0.257793	0.255559	0.259598	0.255245	0.255573	0.261465	0.260266	0.281288	0.275707	0.227216	0.272016	0.259420	0.267792	0.260462	0.234040	0.273737	0.258652	0.279586	0.260931	0.284908	0.282558	0.282321	0.281129	0.225568	0.282342	0.282012	0.278936	0.286668	0.286155	0.279522	0.281384	0.283673	0.274870	0.283011	0.208337	0.280730	0.253090	0.261189	0.258372	0.274480	0.270343	0.258626	0.265326	0.258313	0.254520	0.282360	0.257199	0.272379	0.281919	0.259709	0.252860	0.258386	0.263189	0.284450	0.281776	0.269192	0.280172	0.283188	0.257616	0.258505	0.277716	0.250765	0.281614	0.257606	0.282429	0.281873	0.254482	0.257157	0.260433	0.255395	0.256005	0.273384	0.255332	0.258125	0.257791	0.257315	0.283689	0.283854	0.258879	0.277222	0.276929	0.280941	0.278044	0.281826	0.278685	
0.257351	0.242305	0.253503	0.238024	0.239474	0.255182	0.240710	0.251853	0.263808	0.260536	0.245252	0.241085	0.241863	0.242642	0.253451	0.238844	0.245526	0.240781	0.253156	0.251442	0.257501	0.000000	0.240439	0.240830	0.240576	0.238347	0.250025	0.251178	0.258636	0.257698	0.262077	0.237141	0.246934	0.257839	0.287859	0.247376	0.258251	0.238869	0.239430	0.237247	0.241599	0.240814	0.250503	0.254810	0.263767	0.245203	0.248406	0.240012	0.243145	0.243689	0.242605	0.248634	0.245844	0.243101	0.291109	0.256725	0.246053	0.245023	0.259654	0.251078	0.243222	0.257556	0.258224	0.251275	0.249899	0.248209	0.245058	0.247347	0.239865	0.242261	0.245277	0.246881	0.240020	0.270270	0.275862	0.268735	0.261781	0.256502	0.261299	0.258313	0.238859	0.242224	0.253943	0.257686	0.239612	0.240759	0.239490	0.243372	0.246649	0.247781	0.242666	0.252378	0.241042	0.243809	0.242600	0.242512	0.246083	0.243611	0.241703	0.250051	0.238183	0.246959	0.240421	0.242170	0.244791	0.256400	0.253600	0.237204	0.240463	0.240994	0.246087	0.238849	0.258277	0.239312	0.240600	0.244938	0.243099	0.235578	0.289896	0.231799	0.259194	0.267500	0.243499	0.261830	0.250354	0.257959	0.264167	0.239866	0.281499	0.239349	0.288546	0.287815	0.288413	0.286278	0.259792	0.282893	0.284981	0.287481	0.285669	0.288950	0.282895	0.288695	0.286550	0.283252	0.285335	0.262112	0.285942	0.241113	0.266153	0.243459	0.266552	0.267617	0.242506	0.268441	0.238902	0.239360	0.290979	0.244244	0.270751	0.284557	0.259825	0.239639	0.242329	0.248070	0.272108	0.285827	0.252559	0.283643	0.283486	0.247579	0.249435	0.283963	0.245614	0.285903	0.243256	0.285857	0.285457	0.238573	0.236174	0.238678	0.239725	0.246267	0.268403	0.244260	0.247884	0.242140	0.244331	0.287769	0.286553	0.245276	0.289463	0.288124	0.287356	0.282937	0.287131	0.284641	
