0.000000	0.285825	0.295718	0.287004	0.286302	0.295510	0.296994	0.291012	0.291564	0.294730	0.293447	0.289395	0.288103	0.292022	0.288810	0.288746	0.287162	0.293217	0.292512	0.291264	0.294480	0.297276	0.286394	0.294123	0.292085	0.290746	0.314879	0.298025	0.287933	0.290369	0.289629	0.295243	0.285646	0.296456	0.328463	0.287658	0.294494	0.292569	0.293497	0.293644	0.295383	0.287363	0.297449	0.282774	0.290867	0.293367	0.289863	0.287971	0.295411	0.286488	0.291400	0.294918	0.292662	0.294267	0.291949	0.293522	0.292046	0.293936	0.293775	0.292442	0.303317	0.292112	0.288074	0.295317	0.287151	0.298582	0.286859	0.287680	0.290995	0.295492	0.285879	0.292225	0.292847	0.286237	0.289395	0.291142	
0.285825	0.000000	0.282944	0.283358	0.281393	0.281876	0.290472	0.284666	0.283801	0.282016	0.287051	0.290104	0.281675	0.276104	0.291372	0.280862	0.282149	0.281985	0.277384	0.275475	0.287439	0.288642	0.291655	0.283646	0.276890	0.282784	0.327698	0.284394	0.285103	0.285431	0.278045	0.287996	0.285035	0.285357	0.339411	0.277181	0.284440	0.284495	0.287942	0.278822	0.280972	0.281361	0.283259	0.276755	0.280537	0.278149	0.283497	0.286312	0.285028	0.272775	0.279923	0.286326	0.278123	0.279507	0.279625	0.281130	0.274823	0.286167	0.278777	0.280834	0.287257	0.282532	0.275990	0.285430	0.285256	0.282000	0.274217	0.281723	0.278716	0.282628	0.275264	0.281723	0.284040	0.281698	0.278409	0.278962	
0.295718	0.282944	0.000000	0.289285	0.287691	0.288554	0.295969	0.286489	0.290437	0.294073	0.286787	0.290754	0.295504	0.289507	0.291564	0.282469	0.285315	0.294103	0.289057	0.287193	0.294882	0.287470	0.296933	0.292679	0.286127	0.290954	0.328567	0.292833	0.295324	0.294889	0.289090	0.295197	0.289344	0.293559	0.347192	0.282836	0.290858	0.293259	0.293451	0.282305	0.288019	0.286861	0.289126	0.284933	0.289074	0.291011	0.289762	0.294228	0.286488	0.285899	0.287460	0.287764	0.287104	0.289416	0.285986	0.288179	0.285973	0.287855	0.289421	0.289798	0.287266	0.290977	0.291370	0.300093	0.288565	0.286772	0.286816	0.290254	0.282711	0.286668	0.282933	0.286662	0.284323	0.283506	0.284779	0.284200	
0.287004	0.283358	0.289285	0.000000	0.284680	0.285127	0.287397	0.285147	0.286222	0.282250	0.279371	0.291441	0.278225	0.279932	0.289373	0.278434	0.276766	0.282342	0.284361	0.279826	0.284040	0.279729	0.292100	0.286276	0.284085	0.285446	0.323379	0.288572	0.275752	0.287282	0.282060	0.295048	0.285252	0.287611	0.339305	0.281990	0.286114	0.291908	0.282010	0.287668	0.280552	0.285029	0.286121	0.278492	0.275910	0.286872	0.285042	0.282291	0.285998	0.281841	0.285056	0.284385	0.287146	0.276903	0.280066	0.283820	0.283120	0.288931	0.286422	0.278413	0.288009	0.286091	0.282911	0.280971	0.286338	0.283580	0.278973	0.287260	0.279548	0.288993	0.287716	0.286933	0.288197	0.280176	0.281937	0.276678	
0.286302	0.281393	0.287691	0.284680	0.000000	0.285752	0.287940	0.289887	0.279097	0.285140	0.288494	0.289933	0.280824	0.281550	0.288579	0.286945	0.279320	0.287276	0.291652	0.278244	0.279903	0.283656	0.291126	0.286298	0.283086	0.279076	0.323742	0.280582	0.281344	0.280090	0.277620	0.295410	0.279776	0.281938	0.342824	0.283531	0.278188	0.287991	0.285350	0.283938	0.286502	0.282375	0.284856	0.283032	0.282815	0.283519	0.283620	0.280763	0.285003	0.282422	0.287717	0.289275	0.281274	0.283412	0.279300	0.283596	0.278337	0.285084	0.278933	0.289608	0.290320	0.281971	0.279756	0.282358	0.286858	0.283833	0.279668	0.286878	0.276189	0.284973	0.282315	0.286500	0.287408	0.285347	0.281049	0.279505	
0.295510	0.281876	0.288554	0.285127	0.285752	0.000000	0.286127	0.289768	0.282590	0.280255	0.286072	0.288894	0.282421	0.283771	0.290297	0.289241	0.281494	0.287231	0.287693	0.282270	0.287657	0.283263	0.290427	0.288062	0.283626	0.283919	0.324658	0.285853	0.287911	0.277831	0.286572	0.288747	0.285130	0.288697	0.336800	0.284644	0.285004	0.287541	0.283408	0.276694	0.286236	0.277933	0.285840	0.293531	0.284609	0.288350	0.277202	0.287733	0.288353	0.283523	0.287716	0.289180	0.283797	0.284579	0.281383	0.282923	0.282509	0.289922	0.286603	0.285353	0.294613	0.284098	0.286557	0.290615	0.292464	0.276866	0.278053	0.280097	0.284314	0.282680	0.286279	0.292081	0.290026	0.287043	0.279399	0.290170	
0.296994	0.290472	0.295969	0.287397	0.287940	0.286127	0.000000	0.292757	0.279762	0.290369	0.290150	0.296030	0.293147	0.286792	0.291514	0.284165	0.283969	0.251923	0.292016	0.287157	0.286811	0.289662	0.298018	0.289361	0.280664	0.283179	0.325558	0.283258	0.291469	0.288519	0.281293	0.289632	0.286949	0.287535	0.350068	0.291727	0.290987	0.290066	0.290635	0.288612	0.289064	0.284351	0.291159	0.287695	0.289762	0.293165	0.284278	0.291436	0.285640	0.286915	0.291390	0.290228	0.293485	0.287270	0.287789	0.287877	0.281708	0.295078	0.285390	0.292095	0.291879	0.292693	0.294525	0.289566	0.288157	0.289321	0.281237	0.289485	0.280984	0.288807	0.283025	0.288937	0.289317	0.288345	0.285827	0.292900	
0.291012	0.284666	0.286489	0.285147	0.289887	0.289768	0.292757	0.000000	0.288593	0.282400	0.291318	0.285885	0.283870	0.292090	0.282698	0.289133	0.285935	0.294917	0.290687	0.279392	0.292199	0.285492	0.294849	0.291883	0.282826	0.288496	0.324396	0.286302	0.285330	0.290875	0.293471	0.294483	0.283725	0.288402	0.341421	0.286329	0.289960	0.290968	0.291609	0.286836	0.291756	0.291422	0.285764	0.284381	0.284846	0.291016	0.282691	0.287774	0.282238	0.289423	0.283301	0.291761	0.288926	0.284250	0.291277	0.284747	0.285627	0.294190	0.281066	0.286575	0.289875	0.286095	0.283618	0.285923	0.289178	0.286025	0.286634	0.291219	0.283492	0.292068	0.287363	0.294174	0.288182	0.279548	0.282894	0.284490	
0.291564	0.283801	0.290437	0.286222	0.279097	0.282590	0.279762	0.288593	0.000000	0.284097	0.282656	0.295793	0.289690	0.282588	0.290005	0.280755	0.274365	0.285462	0.283506	0.281863	0.286781	0.284673	0.290361	0.282088	0.281779	0.283326	0.319935	0.286477	0.284705	0.280549	0.285189	0.289075	0.280344	0.285053	0.345711	0.286932	0.282248	0.287085	0.284870	0.279648	0.285474	0.285484	0.278445	0.280882	0.287318	0.286760	0.281185	0.282984	0.282777	0.279870	0.279543	0.282359	0.285458	0.286184	0.279462	0.278393	0.282596	0.279000	0.280306	0.283219	0.286601	0.284571	0.281862	0.284126	0.281715	0.289012	0.280491	0.287171	0.278701	0.286930	0.283647	0.283520	0.278922	0.275213	0.274159	0.281290	
0.294730	0.282016	0.294073	0.282250	0.285140	0.280255	0.290369	0.282400	0.284097	0.000000	0.232612	0.295770	0.288868	0.288295	0.293212	0.285269	0.281553	0.282421	0.281657	0.287918	0.285348	0.284774	0.294758	0.288997	0.278276	0.287083	0.323022	0.285665	0.282436	0.292505	0.291103	0.286015	0.281460	0.287834	0.346351	0.285486	0.284266	0.283740	0.290827	0.289321	0.283978	0.288016	0.288770	0.281195	0.288580	0.288416	0.286461	0.284687	0.285617	0.280445	0.286044	0.289351	0.291518	0.292611	0.280136	0.277684	0.284972	0.287254	0.288529	0.288030	0.294376	0.289485	0.281281	0.289357	0.289082	0.284657	0.287279	0.285067	0.282761	0.283574	0.288437	0.292453	0.282281	0.281295	0.287055	0.282359	
0.293447	0.287051	0.286787	0.279371	0.288494	0.286072	0.290150	0.291318	0.282656	0.232612	0.000000	0.266652	0.290240	0.288104	0.288081	0.282870	0.280414	0.296327	0.290745	0.284402	0.287272	0.293644	0.295926	0.283659	0.287002	0.289092	0.321760	0.285174	0.283587	0.294194	0.288722	0.288398	0.285137	0.289948	0.344298	0.290676	0.285517	0.284752	0.286787	0.288891	0.288747	0.286695	0.292132	0.281586	0.285569	0.292262	0.286121	0.287099	0.291990	0.283970	0.285506	0.292178	0.286556	0.286691	0.284968	0.285751	0.289712	0.286721	0.285493	0.283304	0.292867	0.285450	0.285630	0.294465	0.292963	0.284738	0.285150	0.289110	0.285218	0.286771	0.280065	0.291382	0.285194	0.286834	0.285875	0.284757	
0.289395	0.290104	0.290754	0.291441	0.289933	0.288894	0.296030	0.285885	0.295793	0.295770	0.266652	0.000000	0.300217	0.288509	0.298255	0.286163	0.285468	0.293667	0.298530	0.293737	0.297423	0.291852	0.295813	0.295779	0.294473	0.295820	0.304381	0.294605	0.290032	0.295069	0.294393	0.289886	0.298954	0.295018	0.318884	0.298480	0.291621	0.293846	0.301339	0.295086	0.294676	0.288701	0.296083	0.286179	0.293607	0.295519	0.298954	0.295025	0.297824	0.290477	0.293348	0.292776	0.299150	0.291873	0.292143	0.291988	0.287287	0.296652	0.289736	0.295054	0.298512	0.291146	0.289403	0.293128	0.295174	0.291368	0.298147	0.294644	0.291021	0.293856	0.294532	0.293811	0.296545	0.293474	0.298324	0.292096	
0.288103	0.281675	0.295504	0.278225	0.280824	0.282421	0.293147	0.283870	0.289690	0.288868	0.290240	0.300217	0.000000	0.287517	0.282135	0.277508	0.275310	0.289433	0.287947	0.280272	0.285702	0.280784	0.288342	0.279106	0.281007	0.285690	0.322048	0.280558	0.283375	0.285203	0.285265	0.288966	0.286602	0.285320	0.341423	0.283716	0.285828	0.282983	0.283899	0.285294	0.286306	0.287336	0.281106	0.280066	0.286249	0.291049	0.283632	0.283403	0.282197	0.282647	0.286704	0.287197	0.287463	0.278816	0.280228	0.283349	0.279300	0.295570	0.289261	0.283136	0.287255	0.285185	0.284165	0.279665	0.281447	0.285714	0.279450	0.287943	0.280354	0.284160	0.281465	0.283647	0.290376	0.284372	0.284253	0.287054	
0.292022	0.276104	0.289507	0.279932	0.281550	0.283771	0.286792	0.292090	0.282588	0.288295	0.288104	0.288509	0.287517	0.000000	0.289098	0.277103	0.280414	0.284585	0.288902	0.278835	0.290692	0.292572	0.285781	0.283262	0.280738	0.285824	0.319637	0.284326	0.291588	0.289252	0.283214	0.280738	0.282786	0.288993	0.341318	0.283804	0.284657	0.282738	0.289027	0.280786	0.281646	0.279299	0.286034	0.279147	0.285506	0.283276	0.278874	0.287600	0.290556	0.287008	0.277479	0.287913	0.282427	0.281013	0.285331	0.286058	0.276968	0.287275	0.279712	0.290957	0.288702	0.282958	0.283483	0.295323	0.288153	0.287676	0.284089	0.280391	0.283415	0.284202	0.280893	0.283979	0.289071	0.286463	0.285365	0.282240	
0.288810	0.291372	0.291564	0.289373	0.288579	0.290297	0.291514	0.282698	0.290005	0.293212	0.288081	0.298255	0.282135	0.289098	0.000000	0.281045	0.280318	0.289563	0.286175	0.285605	0.292422	0.287684	0.290371	0.284609	0.286101	0.286151	0.313269	0.286258	0.287521	0.292640	0.285469	0.293123	0.282760	0.289380	0.344211	0.287809	0.289222	0.287889	0.289387	0.290852	0.289910	0.290603	0.287588	0.277868	0.285812	0.290710	0.282249	0.289725	0.281612	0.282417	0.288467	0.288282	0.284991	0.286883	0.290642	0.288931	0.286046	0.289246	0.284775	0.288915	0.286775	0.284470	0.288057	0.285617	0.290586	0.288709	0.289167	0.292493	0.281279	0.286405	0.290356	0.290276	0.290092	0.287524	0.281565	0.289893	
0.288746	0.280862	0.282469	0.278434	0.286945	0.289241	0.284165	0.289133	0.280755	0.285269	0.282870	0.286163	0.277508	0.277103	0.281045	0.000000	0.278128	0.282193	0.282516	0.278038	0.286261	0.285286	0.293693	0.284174	0.286653	0.282222	0.314940	0.285950	0.273448	0.282902	0.280633	0.283551	0.285629	0.284874	0.337827	0.287777	0.279689	0.281468	0.284823	0.283942	0.286725	0.283411	0.282560	0.279527	0.286980	0.285273	0.276978	0.287717	0.282534	0.283096	0.286894	0.287080	0.286777	0.281143	0.281293	0.279024	0.277821	0.289758	0.289895	0.286251	0.293501	0.283146	0.280330	0.284398	0.278562	0.277158	0.279592	0.286373	0.281202	0.281030	0.279604	0.287230	0.279575	0.283878	0.287952	0.286708	
0.287162	0.282149	0.285315	0.276766	0.279320	0.281494	0.283969	0.285935	0.274365	0.281553	0.280414	0.285468	0.275310	0.280414	0.280318	0.278128	0.000000	0.283064	0.278136	0.274005	0.284420	0.283658	0.284756	0.277868	0.278808	0.283288	0.321956	0.286653	0.276741	0.281533	0.284094	0.285070	0.274053	0.280102	0.337258	0.283424	0.282962	0.285436	0.276035	0.285520	0.285146	0.281660	0.284368	0.281298	0.280359	0.284613	0.278288	0.283274	0.285285	0.276404	0.282947	0.278615	0.279299	0.284321	0.276500	0.282583	0.278399	0.282441	0.283563	0.278245	0.288545	0.277782	0.277844	0.287494	0.287523	0.278308	0.280318	0.278973	0.277276	0.279709	0.283808	0.284512	0.282318	0.278144	0.281549	0.285349	
0.293217	0.281985	0.294103	0.282342	0.287276	0.287231	0.251923	0.294917	0.285462	0.282421	0.296327	0.293667	0.289433	0.284585	0.289563	0.282193	0.283064	0.000000	0.290739	0.279093	0.293075	0.281900	0.300775	0.286614	0.288682	0.284767	0.323297	0.288783	0.285176	0.286421	0.284447	0.289061	0.290249	0.287095	0.338261	0.283578	0.285739	0.281632	0.285860	0.289303	0.285084	0.282776	0.286708	0.277569	0.287759	0.289102	0.285169	0.291513	0.285579	0.283960	0.287742	0.295394	0.292197	0.294886	0.281218	0.287503	0.282071	0.292009	0.288612	0.289187	0.295355	0.287046	0.286923	0.290676	0.287733	0.282566	0.283562	0.292625	0.280167	0.288275	0.293120	0.292050	0.287249	0.290978	0.285241	0.284128	
0.292512	0.277384	0.289057	0.284361	0.291652	0.287693	0.292016	0.290687	0.283506	0.281657	0.290745	0.298530	0.287947	0.288902	0.286175	0.282516	0.278136	0.290739	0.000000	0.285156	0.287980	0.289060	0.292111	0.282861	0.281805	0.284243	0.325058	0.284920	0.291831	0.287199	0.288291	0.295387	0.286589	0.286066	0.341206	0.291110	0.285378	0.291624	0.289839	0.285763	0.284160	0.282393	0.287495	0.282012	0.290422	0.290388	0.283603	0.280593	0.286059	0.286355	0.291092	0.291943	0.288447	0.284653	0.287194	0.283174	0.283384	0.294531	0.287104	0.286492	0.291542	0.282814	0.281099	0.284912	0.290237	0.291627	0.288889	0.283795	0.282562	0.283881	0.284047	0.291523	0.282417	0.283100	0.282882	0.280750	
0.291264	0.275475	0.287193	0.279826	0.278244	0.282270	0.287157	0.279392	0.281863	0.287918	0.284402	0.293737	0.280272	0.278835	0.285605	0.278038	0.274005	0.279093	0.285156	0.000000	0.288184	0.282377	0.280784	0.281333	0.275502	0.276050	0.323713	0.279893	0.281638	0.282994	0.277400	0.282261	0.279644	0.282649	0.342441	0.281868	0.281109	0.283438	0.279803	0.277849	0.281475	0.284312	0.279403	0.274023	0.279729	0.284134	0.281120	0.286679	0.281534	0.278906	0.279052	0.283950	0.276757	0.277783	0.280021	0.275782	0.276236	0.286444	0.280319	0.281492	0.279121	0.275502	0.275290	0.290843	0.273702	0.279002	0.273582	0.284309	0.270888	0.276811	0.283904	0.287655	0.278854	0.278544	0.272379	0.277190	
0.294480	0.287439	0.294882	0.284040	0.279903	0.287657	0.286811	0.292199	0.286781	0.285348	0.287272	0.297423	0.285702	0.290692	0.292422	0.286261	0.284420	0.293075	0.287980	0.288184	0.000000	0.282138	0.291118	0.283892	0.282479	0.286865	0.295398	0.288170	0.286151	0.287228	0.285902	0.288420	0.284306	0.286159	0.341312	0.289945	0.288920	0.287740	0.286815	0.286768	0.290470	0.281329	0.285977	0.287479	0.284143	0.285829	0.288975	0.289361	0.289250	0.283476	0.283980	0.288300	0.281195	0.282838	0.285451	0.282071	0.289400	0.288568	0.283370	0.283004	0.287944	0.282515	0.287478	0.286913	0.290933	0.282296	0.284198	0.286912	0.277440	0.286066	0.285253	0.289953	0.285987	0.280969	0.285120	0.287829	
0.297276	0.288642	0.287470	0.279729	0.283656	0.283263	0.289662	0.285492	0.284673	0.284774	0.293644	0.291852	0.280784	0.292572	0.287684	0.285286	0.283658	0.281900	0.289060	0.282377	0.282138	0.000000	0.292761	0.279870	0.285410	0.283259	0.300132	0.292135	0.277242	0.285567	0.287544	0.290535	0.280584	0.284508	0.339595	0.282264	0.284729	0.289184	0.285507	0.276556	0.286543	0.277997	0.279555	0.283742	0.279652	0.285462	0.285178	0.284227	0.279793	0.285356	0.285764	0.286146	0.284454	0.279674	0.286086	0.283068	0.284181	0.296825	0.285043	0.284665	0.285555	0.287347	0.281144	0.290284	0.284075	0.278899	0.288365	0.285690	0.284427	0.280815	0.286415	0.292938	0.282465	0.283621	0.285138	0.285101	
0.286394	0.291655	0.296933	0.292100	0.291126	0.290427	0.298018	0.294849	0.290361	0.294758	0.295926	0.295813	0.288342	0.285781	0.290371	0.293693	0.284756	0.300775	0.292111	0.280784	0.291118	0.292761	0.000000	0.287843	0.286194	0.288756	0.312918	0.289516	0.286765	0.284672	0.279800	0.291909	0.292371	0.297872	0.345745	0.285461	0.281729	0.290980	0.291149	0.286049	0.296217	0.290083	0.288045	0.283113	0.296167	0.291108	0.285241	0.283037	0.290052	0.288570	0.287456	0.289821	0.285660	0.292143	0.287833	0.284006	0.288456	0.289920	0.289454	0.290377	0.295885	0.291748	0.281430	0.292095	0.290525	0.287839	0.282254	0.288007	0.281596	0.285903	0.294544	0.291393	0.291257	0.284492	0.285309	0.283189	
0.294123	0.283646	0.292679	0.286276	0.286298	0.288062	0.289361	0.291883	0.282088	0.288997	0.283659	0.295779	0.279106	0.283262	0.284609	0.284174	0.277868	0.286614	0.282861	0.281333	0.283892	0.279870	0.287843	0.000000	0.277924	0.286812	0.307896	0.280793	0.279457	0.283677	0.281504	0.289782	0.282318	0.287016	0.342577	0.288066	0.284828	0.286529	0.283922	0.278599	0.286688	0.287220	0.284226	0.284101	0.281996	0.287062	0.283017	0.291799	0.281404	0.280148	0.285553	0.287203	0.281978	0.280944	0.287791	0.278912	0.284752	0.291001	0.278232	0.285702	0.284843	0.287064	0.281768	0.288344	0.285458	0.290846	0.288252	0.284168	0.277535	0.288174	0.280949	0.290623	0.284294	0.280241	0.281928	0.283375	
0.292085	0.276890	0.286127	0.284085	0.283086	0.283626	0.280664	0.282826	0.281779	0.278276	0.287002	0.294473	0.281007	0.280738	0.286101	0.286653	0.278808	0.288682	0.281805	0.275502	0.282479	0.285410	0.286194	0.277924	0.000000	0.288738	0.305851	0.287298	0.287427	0.284341	0.283514	0.291095	0.277481	0.283885	0.348035	0.285945	0.287254	0.288960	0.277655	0.279836	0.284551	0.283130	0.281328	0.281266	0.287231	0.284210	0.284078	0.280531	0.278293	0.278250	0.280433	0.285530	0.283909	0.280477	0.271897	0.281724	0.279254	0.289004	0.287261	0.283821	0.285519	0.279803	0.286077	0.287691	0.292160	0.283858	0.276927	0.285714	0.275685	0.280755	0.281568	0.279708	0.279877	0.278659	0.278199	0.284994	
0.290746	0.282784	0.290954	0.285446	0.279076	0.283919	0.283179	0.288496	0.283326	0.287083	0.289092	0.295820	0.285690	0.285824	0.286151	0.282222	0.283288	0.284767	0.284243	0.276050	0.286865	0.283259	0.288756	0.286812	0.288738	0.000000	0.319009	0.283557	0.282696	0.288627	0.280756	0.290959	0.284318	0.284040	0.339894	0.277395	0.280638	0.290545	0.289254	0.283483	0.281840	0.276956	0.282631	0.283174	0.290887	0.278207	0.278304	0.288141	0.295085	0.277988	0.285813	0.284756	0.282151	0.280830	0.283542	0.284757	0.286022	0.289209	0.288839	0.283186	0.290256	0.280092	0.278640	0.284791	0.289211	0.286749	0.281001	0.282932	0.281413	0.277570	0.274678	0.292660	0.282371	0.282609	0.276536	0.288427	
0.314879	0.327698	0.328567	0.323379	0.323742	0.324658	0.325558	0.324396	0.319935	0.323022	0.321760	0.304381	0.322048	0.319637	0.313269	0.314940	0.321956	0.323297	0.325058	0.323713	0.295398	0.300132	0.312918	0.307896	0.305851	0.319009	0.000000	0.316658	0.322099	0.321416	0.330847	0.330857	0.322612	0.319598	0.205939	0.323558	0.318845	0.318413	0.319881	0.323282	0.325869	0.314597	0.328368	0.321970	0.318549	0.331610	0.327770	0.327336	0.318212	0.321043	0.320020	0.335496	0.321358	0.324145	0.324360	0.327489	0.317881	0.324311	0.318891	0.318017	0.324822	0.326162	0.317129	0.321992	0.319488	0.329381	0.319804	0.317518	0.323181	0.327025	0.317888	0.320404	0.320026	0.322762	0.319920	0.314286	
0.298025	0.284394	0.292833	0.288572	0.280582	0.285853	0.283258	0.286302	0.286477	0.285665	0.285174	0.294605	0.280558	0.284326	0.286258	0.285950	0.286653	0.288783	0.284920	0.279893	0.288170	0.292135	0.289516	0.280793	0.287298	0.283557	0.316658	0.000000	0.281980	0.288025	0.280095	0.296000	0.290876	0.290870	0.332487	0.283893	0.286951	0.293548	0.286422	0.291746	0.291627	0.283811	0.288051	0.280362	0.281805	0.283344	0.286825	0.283816	0.287201	0.285377	0.281705	0.289455	0.285576	0.282338	0.281503	0.284751	0.287687	0.286823	0.290397	0.288093	0.287781	0.285232	0.280985	0.290102	0.284075	0.288811	0.289963	0.287015	0.279718	0.287187	0.290503	0.287029	0.288286	0.280762	0.286741	0.286524	
0.287933	0.285103	0.295324	0.275752	0.281344	0.287911	0.291469	0.285330	0.284705	0.282436	0.283587	0.290032	0.283375	0.291588	0.287521	0.273448	0.276741	0.285176	0.291831	0.281638	0.286151	0.277242	0.286765	0.279457	0.287427	0.282696	0.322099	0.281980	0.000000	0.281321	0.283506	0.286132	0.278073	0.286436	0.335983	0.286842	0.287733	0.285384	0.278145	0.290758	0.285812	0.281667	0.289022	0.279907	0.286851	0.288564	0.288428	0.284185	0.288502	0.283048	0.279920	0.293006	0.281956	0.278193	0.277841	0.282027	0.279812	0.288648	0.288761	0.282685	0.291548	0.287353	0.283175	0.288064	0.281320	0.288221	0.280790	0.292787	0.286466	0.282981	0.279813	0.290328	0.284742	0.283552	0.277934	0.280824	
0.290369	0.285431	0.294889	0.287282	0.280090	0.277831	0.288519	0.290875	0.280549	0.292505	0.294194	0.295069	0.285203	0.289252	0.292640	0.282902	0.281533	0.286421	0.287199	0.282994	0.287228	0.285567	0.284672	0.283677	0.284341	0.288627	0.321416	0.288025	0.281321	0.000000	0.282114	0.288964	0.286688	0.282302	0.336620	0.289080	0.283886	0.288241	0.283751	0.285768	0.289138	0.280465	0.280923	0.280585	0.283554	0.280630	0.282776	0.285661	0.283257	0.288327	0.284456	0.289964	0.286699	0.287417	0.288230	0.277909	0.282582	0.287499	0.287042	0.288255	0.290906	0.291997	0.285714	0.289594	0.286970	0.286198	0.286819	0.287955	0.276376	0.282691	0.288774	0.289305	0.286316	0.283796	0.281140	0.285875	
0.289629	0.278045	0.289090	0.282060	0.277620	0.286572	0.281293	0.293471	0.285189	0.291103	0.288722	0.294393	0.285265	0.283214	0.285469	0.280633	0.284094	0.284447	0.288291	0.277400	0.285902	0.287544	0.279800	0.281504	0.283514	0.280756	0.330847	0.280095	0.283506	0.282114	0.000000	0.286221	0.280431	0.284214	0.340196	0.282363	0.282806	0.283343	0.279517	0.283603	0.287043	0.279813	0.289102	0.281656	0.279666	0.278064	0.287524	0.283493	0.283328	0.278844	0.276491	0.277710	0.283370	0.281593	0.285952	0.288140	0.284128	0.286618	0.286267	0.292883	0.291497	0.287682	0.282190	0.286244	0.286579	0.282846	0.280936	0.280052	0.278187	0.283095	0.287737	0.289042	0.285727	0.280052	0.280522	0.278987	
0.295243	0.287996	0.295197	0.295048	0.295410	0.288747	0.289632	0.294483	0.289075	0.286015	0.288398	0.289886	0.288966	0.280738	0.293123	0.283551	0.285070	0.289061	0.295387	0.282261	0.288420	0.290535	0.291909	0.289782	0.291095	0.290959	0.330857	0.296000	0.286132	0.288964	0.286221	0.000000	0.282490	0.284704	0.345123	0.291635	0.294077	0.163743	0.289849	0.287815	0.290644	0.288371	0.286429	0.282750	0.286083	0.289592	0.288535	0.292111	0.297938	0.285357	0.286409	0.288950	0.291764	0.282875	0.288723	0.282908	0.281231	0.293483	0.285689	0.289186	0.291366	0.282248	0.286273	0.289848	0.289159	0.287826	0.288143	0.283183	0.277873	0.287578	0.291269	0.293158	0.286093	0.289562	0.284952	0.287786	
0.285646	0.285035	0.289344	0.285252	0.279776	0.285130	0.286949	0.283725	0.280344	0.281460	0.285137	0.298954	0.286602	0.282786	0.282760	0.285629	0.274053	0.290249	0.286589	0.279644	0.284306	0.280584	0.292371	0.282318	0.277481	0.284318	0.322612	0.290876	0.278073	0.286688	0.280431	0.282490	0.000000	0.281231	0.338928	0.284610	0.288742	0.284320	0.287425	0.283183	0.284683	0.283850	0.288582	0.276819	0.283111	0.284159	0.283186	0.288636	0.290611	0.282137	0.279664	0.282344	0.282472	0.286076	0.281476	0.275277	0.280927	0.289683	0.289674	0.285423	0.285140	0.287835	0.281713	0.278942	0.284340	0.286354	0.275868	0.290202	0.275512	0.282671	0.284760	0.290098	0.283790	0.279468	0.284855	0.283456	
0.296456	0.285357	0.293559	0.287611	0.281938	0.288697	0.287535	0.288402	0.285053	0.287834	0.289948	0.295018	0.285320	0.288993	0.289380	0.284874	0.280102	0.287095	0.286066	0.282649	0.286159	0.284508	0.297872	0.287016	0.283885	0.284040	0.319598	0.290870	0.286436	0.282302	0.284214	0.284704	0.281231	0.000000	0.343046	0.280499	0.284063	0.290451	0.284125	0.284658	0.285799	0.279563	0.289744	0.283619	0.293785	0.289575	0.286272	0.287645	0.284183	0.280506	0.287494	0.287124	0.288683	0.280289	0.286897	0.283032	0.282934	0.287347	0.282919	0.283980	0.285482	0.279780	0.287913	0.286841	0.285860	0.284633	0.279814	0.290295	0.276195	0.284528	0.284137	0.289713	0.284374	0.281100	0.282626	0.283910	
0.328463	0.339411	0.347192	0.339305	0.342824	0.336800	0.350068	0.341421	0.345711	0.346351	0.344298	0.318884	0.341423	0.341318	0.344211	0.337827	0.337258	0.338261	0.341206	0.342441	0.341312	0.339595	0.345745	0.342577	0.348035	0.339894	0.205939	0.332487	0.335983	0.336620	0.340196	0.345123	0.338928	0.343046	0.000000	0.331828	0.331861	0.342209	0.344198	0.340994	0.343660	0.335808	0.339024	0.335133	0.341879	0.340707	0.336851	0.339871	0.341485	0.337830	0.338694	0.336404	0.344804	0.342017	0.338658	0.339626	0.337549	0.346454	0.343836	0.338555	0.344097	0.342335	0.335438	0.337169	0.337978	0.341615	0.342485	0.338380	0.336321	0.353378	0.339270	0.339085	0.339886	0.335173	0.339880	0.332723	
0.287658	0.277181	0.282836	0.281990	0.283531	0.284644	0.291727	0.286329	0.286932	0.285486	0.290676	0.298480	0.283716	0.283804	0.287809	0.287777	0.283424	0.283578	0.291110	0.281868	0.289945	0.282264	0.285461	0.288066	0.285945	0.277395	0.323558	0.283893	0.286842	0.289080	0.282363	0.291635	0.284610	0.280499	0.331828	0.000000	0.287243	0.289159	0.281861	0.281290	0.280992	0.283017	0.284658	0.281979	0.282590	0.282840	0.282031	0.287610	0.293440	0.280303	0.279757	0.284733	0.285296	0.288408	0.286294	0.282241	0.280862	0.289147	0.287598	0.284183	0.281828	0.285156	0.286211	0.289416	0.277527	0.282968	0.283329	0.283737	0.276890	0.293032	0.284611	0.289909	0.285665	0.280687	0.284529	0.282757	
0.294494	0.284440	0.290858	0.286114	0.278188	0.285004	0.290987	0.289960	0.282248	0.284266	0.285517	0.291621	0.285828	0.284657	0.289222	0.279689	0.282962	0.285739	0.285378	0.281109	0.288920	0.284729	0.281729	0.284828	0.287254	0.280638	0.318845	0.286951	0.287733	0.283886	0.282806	0.294077	0.288742	0.284063	0.331861	0.287243	0.000000	0.290434	0.291678	0.285864	0.289574	0.284328	0.285852	0.276354	0.287856	0.290571	0.285562	0.288468	0.288778	0.289143	0.286775	0.285601	0.284294	0.278639	0.282931	0.281151	0.285714	0.286447	0.286221	0.287519	0.291181	0.287587	0.282122	0.294409	0.283423	0.281841	0.282705	0.291953	0.279104	0.287914	0.282330	0.290677	0.291390	0.283468	0.284888	0.281744	
0.292569	0.284495	0.293259	0.291908	0.287991	0.287541	0.290066	0.290968	0.287085	0.283740	0.284752	0.293846	0.282983	0.282738	0.287889	0.281468	0.285436	0.281632	0.291624	0.283438	0.287740	0.289184	0.290980	0.286529	0.288960	0.290545	0.318413	0.293548	0.285384	0.288241	0.283343	0.163743	0.284320	0.290451	0.342209	0.289159	0.290434	0.000000	0.287862	0.284584	0.290087	0.286822	0.291931	0.283194	0.283281	0.291481	0.291010	0.290736	0.295839	0.282316	0.281701	0.290967	0.288551	0.284769	0.286994	0.281341	0.285137	0.290978	0.287642	0.289525	0.292875	0.279180	0.288688	0.292691	0.292347	0.284302	0.282826	0.288297	0.280495	0.284058	0.287207	0.291595	0.286797	0.285469	0.283104	0.285714	
0.293497	0.287942	0.293451	0.282010	0.285350	0.283408	0.290635	0.291609	0.284870	0.290827	0.286787	0.301339	0.283899	0.289027	0.289387	0.284823	0.276035	0.285860	0.289839	0.279803	0.286815	0.285507	0.291149	0.283922	0.277655	0.289254	0.319881	0.286422	0.278145	0.283751	0.279517	0.289849	0.287425	0.284125	0.344198	0.281861	0.291678	0.287862	0.000000	0.277925	0.293153	0.285446	0.279048	0.283980	0.286989	0.284471	0.285615	0.286352	0.280113	0.287708	0.279257	0.287961	0.284409	0.286899	0.277759	0.280955	0.280404	0.288673	0.291580	0.282444	0.283071	0.284306	0.285569	0.287112	0.284544	0.291649	0.281862	0.291319	0.283112	0.279108	0.283298	0.286366	0.283321	0.280732	0.277705	0.290226	
0.293644	0.278822	0.282305	0.287668	0.283938	0.276694	0.288612	0.286836	0.279648	0.289321	0.288891	0.295086	0.285294	0.280786	0.290852	0.283942	0.285520	0.289303	0.285763	0.277849	0.286768	0.276556	0.286049	0.278599	0.279836	0.283483	0.323282	0.291746	0.290758	0.285768	0.283603	0.287815	0.283183	0.284658	0.340994	0.281290	0.285864	0.284584	0.277925	0.000000	0.288681	0.285274	0.279352	0.278311	0.283223	0.280923	0.282790	0.287419	0.285554	0.285825	0.279528	0.287081	0.278425	0.280867	0.282808	0.287720	0.286208	0.292145	0.279690	0.289175	0.286009	0.283248	0.277230	0.287723	0.285055	0.283359	0.281091	0.278228	0.274285	0.284063	0.280385	0.281180	0.285274	0.286883	0.281305	0.281242	
0.295383	0.280972	0.288019	0.280552	0.286502	0.286236	0.289064	0.291756	0.285474	0.283978	0.288747	0.294676	0.286306	0.281646	0.289910	0.286725	0.285146	0.285084	0.284160	0.281475	0.290470	0.286543	0.296217	0.286688	0.284551	0.281840	0.325869	0.291627	0.285812	0.289138	0.287043	0.290644	0.284683	0.285799	0.343660	0.280992	0.289574	0.290087	0.293153	0.288681	0.000000	0.287067	0.289381	0.286092	0.284085	0.296628	0.283658	0.288063	0.283101	0.282545	0.290816	0.283348	0.288711	0.283001	0.285517	0.281957	0.280679	0.290239	0.286011	0.287608	0.290011	0.289784	0.288338	0.287278	0.285982	0.287510	0.276664	0.290553	0.279566	0.285479	0.282367	0.285518	0.275738	0.283902	0.290738	0.284921	
0.287363	0.281361	0.286861	0.285029	0.282375	0.277933	0.284351	0.291422	0.285484	0.288016	0.286695	0.288701	0.287336	0.279299	0.290603	0.283411	0.281660	0.282776	0.282393	0.284312	0.281329	0.277997	0.290083	0.287220	0.283130	0.276956	0.314597	0.283811	0.281667	0.280465	0.279813	0.288371	0.283850	0.279563	0.335808	0.283017	0.284328	0.286822	0.285446	0.285274	0.287067	0.000000	0.288081	0.273624	0.278045	0.286307	0.284580	0.290175	0.285060	0.282650	0.284185	0.286232	0.283480	0.283399	0.285640	0.281134	0.273247	0.286696	0.285901	0.282089	0.291039	0.278005	0.285532	0.283630	0.283489	0.282329	0.281372	0.286300	0.280440	0.286075	0.285025	0.286962	0.284070	0.281350	0.277306	0.288369	
0.297449	0.283259	0.289126	0.286121	0.284856	0.285840	0.291159	0.285764	0.278445	0.288770	0.292132	0.296083	0.281106	0.286034	0.287588	0.282560	0.284368	0.286708	0.287495	0.279403	0.285977	0.279555	0.288045	0.284226	0.281328	0.282631	0.328368	0.288051	0.289022	0.280923	0.289102	0.286429	0.288582	0.289744	0.339024	0.284658	0.285852	0.291931	0.279048	0.279352	0.289381	0.288081	0.000000	0.283522	0.287211	0.288453	0.286767	0.287148	0.281969	0.281068	0.282451	0.288848	0.289746	0.280362	0.283748	0.278979	0.285826	0.283479	0.285014	0.286034	0.287332	0.285984	0.280616	0.291463	0.286797	0.278774	0.283476	0.286352	0.279323	0.281786	0.280492	0.284286	0.281363	0.288005	0.281647	0.284900	
0.282774	0.276755	0.284933	0.278492	0.283032	0.293531	0.287695	0.284381	0.280882	0.281195	0.281586	0.286179	0.280066	0.279147	0.277868	0.279527	0.281298	0.277569	0.282012	0.274023	0.287479	0.283742	0.283113	0.284101	0.281266	0.283174	0.321970	0.280362	0.279907	0.280585	0.281656	0.282750	0.276819	0.283619	0.335133	0.281979	0.276354	0.283194	0.283980	0.278311	0.286092	0.273624	0.283522	0.000000	0.280685	0.278930	0.282584	0.283955	0.283493	0.281785	0.279329	0.286035	0.285245	0.277257	0.282618	0.274341	0.274410	0.283364	0.274240	0.277355	0.280244	0.277697	0.276232	0.284787	0.287634	0.280907	0.279888	0.286227	0.276475	0.281982	0.283240	0.282517	0.280735	0.282241	0.280954	0.283875	
0.290867	0.280537	0.289074	0.275910	0.282815	0.284609	0.289762	0.284846	0.287318	0.288580	0.285569	0.293607	0.286249	0.285506	0.285812	0.286980	0.280359	0.287759	0.290422	0.279729	0.284143	0.279652	0.296167	0.281996	0.287231	0.290887	0.318549	0.281805	0.286851	0.283554	0.279666	0.286083	0.283111	0.293785	0.341879	0.282590	0.287856	0.283281	0.286989	0.283223	0.284085	0.278045	0.287211	0.280685	0.000000	0.289840	0.285977	0.283667	0.283055	0.279233	0.282356	0.283711	0.286198	0.281907	0.286161	0.285121	0.280732	0.292728	0.285876	0.289797	0.292131	0.281531	0.283921	0.285910	0.293521	0.281757	0.284639	0.290945	0.280334	0.282045	0.283270	0.293326	0.283120	0.280350	0.283867	0.283941	
0.293367	0.278149	0.291011	0.286872	0.283519	0.288350	0.293165	0.291016	0.286760	0.288416	0.292262	0.295519	0.291049	0.283276	0.290710	0.285273	0.284613	0.289102	0.290388	0.284134	0.285829	0.285462	0.291108	0.287062	0.284210	0.278207	0.331610	0.283344	0.288564	0.280630	0.278064	0.289592	0.284159	0.289575	0.340707	0.282840	0.290571	0.291481	0.284471	0.280923	0.296628	0.286307	0.288453	0.278930	0.289840	0.000000	0.281607	0.290440	0.285043	0.286855	0.287652	0.283829	0.285740	0.281837	0.288057	0.281233	0.284440	0.290017	0.284448	0.286016	0.291047	0.282083	0.277554	0.290713	0.287234	0.284776	0.284438	0.288975	0.284379	0.280300	0.287356	0.287297	0.283370	0.280007	0.280631	0.285248	
0.289863	0.283497	0.289762	0.285042	0.283620	0.277202	0.284278	0.282691	0.281185	0.286461	0.286121	0.298954	0.283632	0.278874	0.282249	0.276978	0.278288	0.285169	0.283603	0.281120	0.288975	0.285178	0.285241	0.283017	0.284078	0.278304	0.327770	0.286825	0.288428	0.282776	0.287524	0.288535	0.283186	0.286272	0.336851	0.282031	0.285562	0.291010	0.285615	0.282790	0.283658	0.284580	0.286767	0.282584	0.285977	0.281607	0.000000	0.291594	0.281822	0.274897	0.275223	0.280886	0.284584	0.283059	0.285576	0.277568	0.278839	0.286800	0.288280	0.281410	0.294616	0.284773	0.281485	0.286198	0.284221	0.280133	0.282707	0.283618	0.281054	0.286534	0.279047	0.286204	0.278025	0.277307	0.279957	0.285116	
0.287971	0.286312	0.294228	0.282291	0.280763	0.287733	0.291436	0.287774	0.282984	0.284687	0.287099	0.295025	0.283403	0.287600	0.289725	0.287717	0.283274	0.291513	0.280593	0.286679	0.289361	0.284227	0.283037	0.291799	0.280531	0.288141	0.327336	0.283816	0.284185	0.285661	0.283493	0.292111	0.288636	0.287645	0.339871	0.287610	0.288468	0.290736	0.286352	0.287419	0.288063	0.290175	0.287148	0.283955	0.283667	0.290440	0.291594	0.000000	0.288234	0.280340	0.278869	0.289175	0.288168	0.289080	0.281791	0.289449	0.287849	0.293265	0.282033	0.290184	0.289228	0.286484	0.287299	0.283820	0.283395	0.288480	0.285751	0.287195	0.281234	0.291641	0.291019	0.286755	0.290806	0.287097	0.285626	0.291713	
0.295411	0.285028	0.286488	0.285998	0.285003	0.288353	0.285640	0.282238	0.282777	0.285617	0.291990	0.297824	0.282197	0.290556	0.281612	0.282534	0.285285	0.285579	0.286059	0.281534	0.289250	0.279793	0.290052	0.281404	0.278293	0.295085	0.318212	0.287201	0.288502	0.283257	0.283328	0.297938	0.290611	0.284183	0.341485	0.293440	0.288778	0.295839	0.280113	0.285554	0.283101	0.285060	0.281969	0.283493	0.283055	0.285043	0.281822	0.288234	0.000000	0.286385	0.280742	0.287137	0.281345	0.282191	0.283296	0.289051	0.280874	0.291390	0.284349	0.287495	0.294520	0.287736	0.286461	0.288877	0.286576	0.286075	0.283449	0.286132	0.283320	0.287165	0.283550	0.287728	0.283680	0.279889	0.278361	0.285467	
0.286488	0.272775	0.285899	0.281841	0.282422	0.283523	0.286915	0.289423	0.279870	0.280445	0.283970	0.290477	0.282647	0.287008	0.282417	0.283096	0.276404	0.283960	0.286355	0.278906	0.283476	0.285356	0.288570	0.280148	0.278250	0.277988	0.321043	0.285377	0.283048	0.288327	0.278844	0.285357	0.282137	0.280506	0.337830	0.280303	0.289143	0.282316	0.287708	0.285825	0.282545	0.282650	0.281068	0.281785	0.279233	0.286855	0.274897	0.280340	0.286385	0.000000	0.277073	0.285541	0.282942	0.282941	0.279441	0.283791	0.278069	0.283761	0.287106	0.280499	0.286605	0.283750	0.281263	0.285862	0.278171	0.279742	0.285445	0.283022	0.286085	0.279912	0.281925	0.284806	0.287083	0.281880	0.277773	0.291710	
0.291400	0.279923	0.287460	0.285056	0.287717	0.287716	0.291390	0.283301	0.279543	0.286044	0.285506	0.293348	0.286704	0.277479	0.288467	0.286894	0.282947	0.287742	0.291092	0.279052	0.283980	0.285764	0.287456	0.285553	0.280433	0.285813	0.320020	0.281705	0.279920	0.284456	0.276491	0.286409	0.279664	0.287494	0.338694	0.279757	0.286775	0.281701	0.279257	0.279528	0.290816	0.284185	0.282451	0.279329	0.282356	0.287652	0.275223	0.278869	0.280742	0.277073	0.000000	0.289987	0.286929	0.279289	0.286242	0.279190	0.277939	0.291461	0.281159	0.278669	0.290776	0.281490	0.279703	0.288039	0.287166	0.283773	0.282511	0.287569	0.276835	0.282548	0.284291	0.281874	0.288276	0.284228	0.281596	0.284669	
0.294918	0.286326	0.287764	0.284385	0.289275	0.289180	0.290228	0.291761	0.282359	0.289351	0.292178	0.292776	0.287197	0.287913	0.288282	0.287080	0.278615	0.295394	0.291943	0.283950	0.288300	0.286146	0.289821	0.287203	0.285530	0.284756	0.335496	0.289455	0.293006	0.289964	0.277710	0.288950	0.282344	0.287124	0.336404	0.284733	0.285601	0.290967	0.287961	0.287081	0.283348	0.286232	0.288848	0.286035	0.283711	0.283829	0.280886	0.289175	0.287137	0.285541	0.289987	0.000000	0.287938	0.289159	0.286399	0.285033	0.281394	0.298907	0.289704	0.288232	0.295848	0.287295	0.290312	0.290845	0.292912	0.284199	0.282585	0.292314	0.283483	0.288576	0.278552	0.294900	0.288029	0.277186	0.282974	0.284420	
0.292662	0.278123	0.287104	0.287146	0.281274	0.283797	0.293485	0.288926	0.285458	0.291518	0.286556	0.299150	0.287463	0.282427	0.284991	0.286777	0.279299	0.292197	0.288447	0.276757	0.281195	0.284454	0.285660	0.281978	0.283909	0.282151	0.321358	0.285576	0.281956	0.286699	0.283370	0.291764	0.282472	0.288683	0.344804	0.285296	0.284294	0.288551	0.284409	0.278425	0.288711	0.283480	0.289746	0.285245	0.286198	0.285740	0.284584	0.288168	0.281345	0.282942	0.286929	0.287938	0.000000	0.286569	0.286038	0.284140	0.283624	0.292459	0.284124	0.283833	0.291414	0.282583	0.285445	0.293692	0.292026	0.283836	0.283754	0.289055	0.277100	0.286954	0.286558	0.288500	0.284701	0.288804	0.277851	0.277542	
0.294267	0.279507	0.289416	0.276903	0.283412	0.284579	0.287270	0.284250	0.286184	0.292611	0.286691	0.291873	0.278816	0.281013	0.286883	0.281143	0.284321	0.294886	0.284653	0.277783	0.282838	0.279674	0.292143	0.280944	0.280477	0.280830	0.324145	0.282338	0.278193	0.287417	0.281593	0.282875	0.286076	0.280289	0.342017	0.288408	0.278639	0.284769	0.286899	0.280867	0.283001	0.283399	0.280362	0.277257	0.281907	0.281837	0.283059	0.289080	0.282191	0.282941	0.279289	0.289159	0.286569	0.000000	0.280911	0.280169	0.275971	0.290274	0.278673	0.289071	0.292296	0.284682	0.283006	0.281571	0.287387	0.282271	0.280571	0.281825	0.277442	0.283188	0.282498	0.282714	0.278309	0.276457	0.282842	0.284124	
0.291949	0.279625	0.285986	0.280066	0.279300	0.281383	0.287789	0.291277	0.279462	0.280136	0.284968	0.292143	0.280228	0.285331	0.290642	0.281293	0.276500	0.281218	0.287194	0.280021	0.285451	0.286086	0.287833	0.287791	0.271897	0.283542	0.324360	0.281503	0.277841	0.288230	0.285952	0.288723	0.281476	0.286897	0.338658	0.286294	0.282931	0.286994	0.277759	0.282808	0.285517	0.285640	0.283748	0.282618	0.286161	0.288057	0.285576	0.281791	0.283296	0.279441	0.286242	0.286399	0.286038	0.280911	0.000000	0.276195	0.280565	0.280123	0.283634	0.287577	0.286012	0.279538	0.279838	0.288684	0.283590	0.283941	0.283540	0.288820	0.279112	0.285111	0.277865	0.288085	0.281860	0.281035	0.276835	0.287201	
0.293522	0.281130	0.288179	0.283820	0.283596	0.282923	0.287877	0.284747	0.278393	0.277684	0.285751	0.291988	0.283349	0.286058	0.288931	0.279024	0.282583	0.287503	0.283174	0.275782	0.282071	0.283068	0.284006	0.278912	0.281724	0.284757	0.327489	0.284751	0.282027	0.277909	0.288140	0.282908	0.275277	0.283032	0.339626	0.282241	0.281151	0.281341	0.280955	0.287720	0.281957	0.281134	0.278979	0.274341	0.285121	0.281233	0.277568	0.289449	0.289051	0.283791	0.279190	0.285033	0.284140	0.280169	0.276195	0.000000	0.281329	0.286799	0.283293	0.280853	0.284554	0.284282	0.276927	0.283912	0.284116	0.277425	0.281803	0.280518	0.280107	0.278842	0.277018	0.286670	0.279166	0.277975	0.283777	0.280500	
0.292046	0.274823	0.285973	0.283120	0.278337	0.282509	0.281708	0.285627	0.282596	0.284972	0.289712	0.287287	0.279300	0.276968	0.286046	0.277821	0.278399	0.282071	0.283384	0.276236	0.289400	0.284181	0.288456	0.284752	0.279254	0.286022	0.317881	0.287687	0.279812	0.282582	0.284128	0.281231	0.280927	0.282934	0.337549	0.280862	0.285714	0.285137	0.280404	0.286208	0.280679	0.273247	0.285826	0.274410	0.280732	0.284440	0.278839	0.287849	0.280874	0.278069	0.277939	0.281394	0.283624	0.275971	0.280565	0.281329	0.000000	0.287867	0.277822	0.288929	0.286732	0.271421	0.282926	0.279449	0.287823	0.283634	0.278135	0.288768	0.280132	0.281738	0.281652	0.286237	0.289054	0.278435	0.280272	0.278418	
0.293936	0.286167	0.287855	0.288931	0.285084	0.289922	0.295078	0.294190	0.279000	0.287254	0.286721	0.296652	0.295570	0.287275	0.289246	0.289758	0.282441	0.292009	0.294531	0.286444	0.288568	0.296825	0.289920	0.291001	0.289004	0.289209	0.324311	0.286823	0.288648	0.287499	0.286618	0.293483	0.289683	0.287347	0.346454	0.289147	0.286447	0.290978	0.288673	0.292145	0.290239	0.286696	0.283479	0.283364	0.292728	0.290017	0.286800	0.293265	0.291390	0.283761	0.291461	0.298907	0.292459	0.290274	0.280123	0.286799	0.287867	0.000000	0.288030	0.291168	0.288782	0.292845	0.288678	0.293038	0.290180	0.289474	0.287825	0.287620	0.287318	0.287642	0.285926	0.291980	0.289210	0.284464	0.285486	0.292749	
