0.000000	0.285372	0.284728	0.279581	0.278985	0.280721	0.305455	0.289734	0.289758	0.285389	0.287742	0.289039	0.282131	0.292425	0.286759	0.285149	0.280150	0.287202	0.282892	0.283115	0.291482	0.287276	0.284617	0.291048	0.282127	0.284848	0.274506	0.280858	0.286122	0.291954	0.308135	0.289613	0.283501	0.287326	0.291575	0.289555	0.289539	0.283281	0.290784	0.284788	0.329459	0.284760	0.290249	0.289887	0.289421	0.286976	0.288418	0.290880	0.281194	0.289471	0.287263	0.287624	0.290049	0.288009	0.293767	0.278317	0.285927	0.286761	0.284546	0.288633	0.289871	0.284336	0.280976	0.331690	0.288124	0.286411	0.284105	0.286384	0.288655	0.288504	0.289220	0.290210	0.286659	0.289270	0.290687	0.277330	0.286137	0.286052	0.284934	0.282344	0.280186	0.285799	0.284387	0.285390	0.286665	0.284184	0.289289	0.286801	0.285289	0.275384	0.286463	
0.285372	0.000000	0.280043	0.278539	0.278766	0.281072	0.302461	0.274345	0.284815	0.276919	0.279160	0.278019	0.274460	0.291246	0.284718	0.279432	0.269351	0.278691	0.278399	0.277896	0.277560	0.270449	0.269101	0.291882	0.284987	0.283699	0.282261	0.275286	0.277016	0.274993	0.313354	0.280177	0.276529	0.285102	0.273927	0.281256	0.277683	0.279418	0.272151	0.284115	0.338147	0.280281	0.278114	0.277738	0.274050	0.277921	0.284389	0.276358	0.275621	0.280978	0.273335	0.284001	0.283251	0.272991	0.275112	0.272271	0.273985	0.271118	0.284689	0.275627	0.274890	0.279459	0.269039	0.339065	0.286254	0.274910	0.274307	0.277019	0.272032	0.270190	0.282792	0.267012	0.274860	0.275973	0.279117	0.273439	0.279857	0.272045	0.275383	0.281556	0.277738	0.281320	0.277844	0.275905	0.276814	0.268141	0.270282	0.275507	0.280525	0.272486	0.273289	
0.284728	0.280043	0.000000	0.279232	0.284104	0.281799	0.295121	0.285701	0.283425	0.276522	0.287750	0.285080	0.275868	0.284244	0.292010	0.285155	0.282565	0.282902	0.279922	0.280416	0.284350	0.285363	0.284813	0.291745	0.283943	0.282445	0.282594	0.287372	0.277013	0.282511	0.325597	0.282884	0.284955	0.283576	0.284607	0.285177	0.286945	0.283758	0.271473	0.283815	0.342654	0.274698	0.280754	0.274298	0.284279	0.282373	0.282630	0.280004	0.282166	0.285903	0.277130	0.283951	0.285911	0.291420	0.281413	0.275695	0.283398	0.285908	0.279541	0.281480	0.284243	0.282520	0.275400	0.342072	0.277916	0.286323	0.287168	0.282200	0.270822	0.287494	0.279947	0.289613	0.282150	0.280035	0.286979	0.282601	0.288195	0.279137	0.283711	0.275442	0.282687	0.287556	0.285340	0.283561	0.284119	0.276326	0.283196	0.283386	0.277788	0.279568	0.280754	
0.279581	0.278539	0.279232	0.000000	0.274451	0.287334	0.296291	0.274326	0.284420	0.270326	0.286362	0.291419	0.274161	0.286702	0.287214	0.275369	0.275101	0.280067	0.277576	0.273726	0.282045	0.278811	0.274686	0.283654	0.274887	0.273876	0.283839	0.279813	0.279926	0.276322	0.310022	0.278236	0.275562	0.280999	0.277321	0.279414	0.284744	0.282318	0.277773	0.278388	0.337665	0.274530	0.280310	0.276677	0.278659	0.281129	0.276442	0.283771	0.280710	0.281776	0.277044	0.279763	0.282080	0.280755	0.276028	0.272896	0.271992	0.278510	0.280274	0.275366	0.280239	0.284109	0.276159	0.344043	0.272784	0.283714	0.279490	0.281540	0.265817	0.282283	0.282595	0.281842	0.271757	0.279741	0.281478	0.275838	0.279313	0.281913	0.277807	0.269657	0.281391	0.282972	0.286388	0.275646	0.287112	0.274933	0.280401	0.286485	0.280800	0.274148	0.273411	
0.278985	0.278766	0.284104	0.274451	0.000000	0.141504	0.210857	0.278280	0.281603	0.279442	0.278381	0.281600	0.278436	0.289636	0.289450	0.279865	0.283649	0.280582	0.276631	0.279062	0.279490	0.279961	0.270950	0.284851	0.279527	0.279968	0.282056	0.273580	0.281362	0.280470	0.323977	0.278782	0.279573	0.278589	0.282338	0.279636	0.286352	0.274819	0.280494	0.279637	0.342028	0.280631	0.283842	0.281374	0.273085	0.282909	0.284578	0.282466	0.273682	0.283591	0.279892	0.276123	0.286498	0.281671	0.281526	0.281368	0.279326	0.280116	0.275523	0.275454	0.279360	0.277492	0.274347	0.342945	0.283257	0.276588	0.278546	0.279130	0.275526	0.275975	0.278340	0.274779	0.283164	0.284759	0.278584	0.270214	0.277457	0.280863	0.276091	0.280363	0.278387	0.281119	0.284234	0.278984	0.274987	0.279749	0.283823	0.286668	0.278762	0.272931	0.277753	
0.280721	0.281072	0.281799	0.287334	0.141504	0.000000	0.207194	0.284769	0.282509	0.285163	0.281239	0.280011	0.280504	0.288658	0.288732	0.279800	0.279821	0.280461	0.280154	0.281965	0.284155	0.285753	0.275034	0.294412	0.280066	0.282037	0.283750	0.284058	0.287755	0.286639	0.329193	0.283433	0.285032	0.278999	0.284358	0.285873	0.287851	0.281053	0.281247	0.284651	0.337998	0.286052	0.289289	0.282561	0.278200	0.283851	0.292672	0.283900	0.281544	0.281379	0.281071	0.279393	0.287870	0.285661	0.283496	0.282124	0.283763	0.281215	0.276600	0.281230	0.281816	0.283563	0.279634	0.339208	0.279362	0.280850	0.282631	0.283312	0.277512	0.280771	0.281964	0.278757	0.287848	0.286448	0.285104	0.278681	0.281816	0.284020	0.273771	0.287181	0.280445	0.285662	0.286586	0.280776	0.282426	0.285806	0.287431	0.291469	0.281517	0.275515	0.280490	
0.305455	0.302461	0.295121	0.296291	0.210857	0.207194	0.000000	0.299584	0.302230	0.299802	0.305949	0.300811	0.299232	0.302602	0.306726	0.296002	0.296354	0.302247	0.298152	0.291274	0.301860	0.298997	0.295253	0.300823	0.302175	0.302897	0.292458	0.295564	0.300141	0.299690	0.310255	0.300412	0.304176	0.298186	0.305275	0.303945	0.304207	0.301578	0.297555	0.302643	0.299149	0.286237	0.292032	0.290102	0.299531	0.294504	0.308126	0.301285	0.294351	0.302102	0.293803	0.294915	0.304936	0.300455	0.302510	0.298474	0.300736	0.300343	0.295318	0.285269	0.296433	0.300213	0.295747	0.303317	0.299034	0.299632	0.303790	0.301560	0.294326	0.301430	0.295050	0.296617	0.301139	0.304489	0.297062	0.295541	0.290822	0.303644	0.299335	0.301431	0.288920	0.288917	0.288475	0.296244	0.299332	0.296333	0.302713	0.305947	0.292469	0.297602	0.296207	
0.289734	0.274345	0.285701	0.274326	0.278280	0.284769	0.299584	0.000000	0.281346	0.275653	0.268977	0.273829	0.270957	0.287141	0.284045	0.285701	0.273226	0.282042	0.283575	0.282083	0.282628	0.277394	0.277912	0.285182	0.274782	0.279920	0.284099	0.271000	0.279207	0.275738	0.319416	0.279504	0.281222	0.281492	0.283148	0.286315	0.289876	0.290088	0.273980	0.281939	0.337805	0.281379	0.281612	0.276268	0.280011	0.278430	0.285047	0.281205	0.281953	0.282748	0.279953	0.279783	0.283437	0.279572	0.280619	0.285108	0.280525	0.280922	0.278361	0.289140	0.279789	0.280280	0.281918	0.343345	0.283477	0.275680	0.278034	0.278957	0.277778	0.283024	0.277337	0.278118	0.280680	0.285301	0.279498	0.280014	0.289552	0.288865	0.275856	0.269645	0.276364	0.278555	0.275726	0.281258	0.278218	0.278216	0.290109	0.283770	0.284759	0.275477	0.282583	
0.289758	0.284815	0.283425	0.284420	0.281603	0.282509	0.302230	0.281346	0.000000	0.284055	0.280807	0.280295	0.280357	0.291861	0.289353	0.284330	0.277325	0.277238	0.280004	0.279121	0.248345	0.284122	0.283606	0.289055	0.280987	0.283925	0.282949	0.284370	0.282355	0.281738	0.322080	0.279683	0.284298	0.286130	0.281129	0.290096	0.286044	0.281443	0.284954	0.282400	0.348462	0.281746	0.278235	0.276389	0.289036	0.284136	0.288683	0.286209	0.284750	0.284684	0.278845	0.277235	0.250967	0.287338	0.285001	0.278697	0.284147	0.280120	0.284128	0.283278	0.282047	0.278414	0.284658	0.348276	0.285434	0.287225	0.277254	0.278761	0.275192	0.279720	0.283840	0.283679	0.281917	0.285345	0.284451	0.281377	0.280871	0.280156	0.282338	0.277822	0.284738	0.283400	0.284908	0.276618	0.284221	0.274496	0.282498	0.286857	0.281816	0.275487	0.286324	
0.285389	0.276919	0.276522	0.270326	0.279442	0.285163	0.299802	0.275653	0.284055	0.000000	0.285829	0.283855	0.271978	0.279019	0.281512	0.278616	0.275648	0.276722	0.283593	0.276383	0.286385	0.284422	0.272373	0.285958	0.280714	0.279301	0.284940	0.277956	0.274619	0.277758	0.317214	0.276818	0.276343	0.279570	0.281624	0.282320	0.282263	0.281524	0.279968	0.280803	0.339574	0.288592	0.282512	0.286021	0.277908	0.282149	0.284259	0.287112	0.276546	0.280799	0.285866	0.284849	0.287987	0.285637	0.278036	0.276304	0.276303	0.281763	0.277999	0.276202	0.277823	0.282152	0.276005	0.345311	0.283478	0.284099	0.281916	0.284455	0.279416	0.284982	0.281821	0.278139	0.274887	0.283598	0.269942	0.274375	0.279231	0.278691	0.276325	0.278899	0.281766	0.286094	0.286796	0.275478	0.281092	0.278404	0.285102	0.274669	0.274759	0.270452	0.274597	
0.287742	0.279160	0.287750	0.286362	0.278381	0.281239	0.305949	0.268977	0.280807	0.285829	0.000000	0.143619	0.277982	0.285802	0.280429	0.285342	0.279486	0.281101	0.275335	0.276541	0.282586	0.280117	0.277611	0.282734	0.282786	0.284629	0.283337	0.282265	0.278632	0.276837	0.317980	0.281964	0.280475	0.285355	0.282058	0.285058	0.286006	0.279671	0.279542	0.279004	0.344498	0.286962	0.284728	0.286671	0.286541	0.284226	0.282237	0.279421	0.283066	0.278341	0.284450	0.286159	0.282597	0.277381	0.275471	0.275178	0.283241	0.283096	0.279053	0.285039	0.286929	0.277083	0.276213	0.345148	0.279861	0.280939	0.279644	0.284496	0.276674	0.277484	0.283979	0.279397	0.273958	0.281718	0.282169	0.271749	0.283326	0.282015	0.281572	0.282545	0.280202	0.282693	0.283021	0.272800	0.282044	0.280801	0.283179	0.274820	0.274389	0.276983	0.280075	
0.289039	0.278019	0.285080	0.291419	0.281600	0.280011	0.300811	0.273829	0.280295	0.283855	0.143619	0.000000	0.279945	0.288566	0.289436	0.285765	0.279798	0.282937	0.275570	0.277951	0.282276	0.277076	0.275185	0.280661	0.284792	0.283112	0.283602	0.281749	0.275161	0.276668	0.325530	0.284246	0.282351	0.285755	0.279360	0.286234	0.288866	0.280616	0.280342	0.275347	0.348213	0.281860	0.283651	0.281898	0.280157	0.283717	0.283738	0.280947	0.282535	0.278045	0.283190	0.283215	0.281202	0.277807	0.278193	0.277126	0.282366	0.279289	0.281561	0.279309	0.278345	0.275002	0.275450	0.348781	0.276437	0.278131	0.276244	0.277591	0.271334	0.277111	0.274912	0.279375	0.276946	0.282584	0.280744	0.271584	0.283068	0.280737	0.273913	0.283642	0.277477	0.279662	0.278619	0.275557	0.284169	0.276757	0.280397	0.276263	0.275057	0.274106	0.281529	
0.282131	0.274460	0.275868	0.274161	0.278436	0.280504	0.299232	0.270957	0.280357	0.271978	0.277982	0.279945	0.000000	0.230127	0.282990	0.281495	0.277802	0.281869	0.279125	0.269494	0.280998	0.273019	0.275186	0.275399	0.280839	0.284887	0.280738	0.272672	0.274580	0.276753	0.315639	0.279703	0.275666	0.282580	0.278479	0.279228	0.279141	0.270059	0.274617	0.282213	0.344636	0.282810	0.281302	0.282521	0.276787	0.277042	0.279368	0.277154	0.264981	0.281283	0.274779	0.275074	0.276360	0.278880	0.279488	0.270291	0.275035	0.275992	0.281483	0.275457	0.278149	0.271306	0.273121	0.345750	0.274242	0.273119	0.278481	0.270723	0.268629	0.280394	0.276573	0.279529	0.278439	0.279312	0.275369	0.272515	0.280927	0.284010	0.278305	0.277422	0.278619	0.277744	0.283005	0.276121	0.275292	0.273588	0.277617	0.277831	0.275011	0.275202	0.276250	
0.292425	0.291246	0.284244	0.286702	0.289636	0.288658	0.302602	0.287141	0.291861	0.279019	0.285802	0.288566	0.230127	0.000000	0.269239	0.288533	0.286675	0.287527	0.283951	0.279965	0.289691	0.281839	0.284259	0.291257	0.290822	0.293646	0.286819	0.290385	0.288276	0.282945	0.326829	0.284675	0.281869	0.295468	0.287017	0.290486	0.284666	0.282726	0.285165	0.285392	0.346743	0.291384	0.290393	0.292198	0.289544	0.286161	0.292734	0.294133	0.283523	0.292993	0.290545	0.286327	0.294970	0.292134	0.291296	0.280596	0.284421	0.281915	0.287037	0.283918	0.293749	0.285702	0.281924	0.347208	0.286569	0.283886	0.286904	0.288055	0.286155	0.288897	0.286359	0.290738	0.287135	0.291081	0.284434	0.280650	0.291467	0.285365	0.284063	0.283490	0.286887	0.293779	0.296389	0.283511	0.285397	0.281102	0.291755	0.286965	0.281659	0.281387	0.287053	
0.286759	0.284718	0.292010	0.287214	0.289450	0.288732	0.306726	0.284045	0.289353	0.281512	0.280429	0.289436	0.282990	0.269239	0.000000	0.285826	0.284632	0.290340	0.285890	0.280462	0.286651	0.287194	0.287717	0.286861	0.287501	0.285874	0.285549	0.288916	0.283574	0.286893	0.295959	0.283873	0.285330	0.289801	0.291606	0.291413	0.294275	0.291416	0.286048	0.289742	0.317314	0.289771	0.293144	0.285650	0.282431	0.287738	0.294974	0.296015	0.287011	0.288857	0.291736	0.281072	0.283899	0.288713	0.295409	0.282939	0.285826	0.287922	0.290619	0.287441	0.295457	0.285073	0.283161	0.315341	0.287025	0.285907	0.287303	0.290160	0.285394	0.284799	0.290236	0.286327	0.290017	0.294979	0.285873	0.288329	0.292946	0.289729	0.287038	0.289573	0.291031	0.294065	0.291681	0.288219	0.282599	0.285954	0.286591	0.289048	0.287070	0.284416	0.286830	
0.285149	0.279432	0.285155	0.275369	0.279865	0.279800	0.296002	0.285701	0.284330	0.278616	0.285342	0.285765	0.281495	0.288533	0.285826	0.000000	0.281239	0.279080	0.276432	0.278291	0.280875	0.279465	0.272574	0.286628	0.285548	0.283849	0.279474	0.277515	0.281139	0.284261	0.318019	0.280007	0.277074	0.285992	0.281081	0.282798	0.286492	0.282634	0.281063	0.282313	0.342626	0.286780	0.285180	0.281680	0.284015	0.281106	0.280635	0.283774	0.281629	0.284013	0.284938	0.283937	0.282317	0.277838	0.282697	0.276097	0.282738	0.282344	0.281921	0.281634	0.278609	0.282652	0.278868	0.348892	0.284006	0.282285	0.273450	0.284525	0.275545	0.282023	0.287599	0.281588	0.276406	0.281883	0.276666	0.280892	0.277748	0.275936	0.278112	0.270174	0.279217	0.283489	0.281700	0.275831	0.278969	0.279155	0.279831	0.287168	0.279024	0.274116	0.283720	
0.280150	0.269351	0.282565	0.275101	0.283649	0.279821	0.296354	0.273226	0.277325	0.275648	0.279486	0.279798	0.277802	0.286675	0.284632	0.281239	0.000000	0.274312	0.274043	0.270161	0.278996	0.279268	0.269649	0.280125	0.282994	0.284978	0.276138	0.278272	0.277090	0.273607	0.321471	0.276476	0.278649	0.277146	0.276108	0.283474	0.277386	0.277290	0.277660	0.276639	0.342439	0.282586	0.275889	0.274792	0.277398	0.273613	0.282047	0.283811	0.276818	0.277689	0.274117	0.277591	0.282405	0.286906	0.275501	0.269272	0.284056	0.276025	0.276741	0.283400	0.282327	0.275979	0.276415	0.343504	0.277453	0.273763	0.277252	0.274505	0.271814	0.274185	0.279136	0.274666	0.275980	0.278392	0.280133	0.272560	0.283317	0.271862	0.277867	0.275208	0.272639	0.277573	0.280232	0.270022	0.279936	0.265898	0.276886	0.279429	0.274564	0.271417	0.274589	
0.287202	0.278691	0.282902	0.280067	0.280582	0.280461	0.302247	0.282042	0.277238	0.276722	0.281101	0.282937	0.281869	0.287527	0.290340	0.279080	0.274312	0.000000	0.272991	0.278175	0.282569	0.283713	0.274284	0.282158	0.285364	0.289946	0.281774	0.279512	0.279801	0.278285	0.315656	0.276086	0.279023	0.283933	0.277047	0.282694	0.283462	0.284564	0.285113	0.284231	0.343009	0.286051	0.281854	0.278023	0.283414	0.282074	0.280266	0.288286	0.282611	0.285463	0.280829	0.279149	0.284172	0.278165	0.283984	0.270969	0.281755	0.283419	0.278066	0.278713	0.275703	0.276106	0.277402	0.344044	0.286521	0.276513	0.279210	0.286957	0.278747	0.280511	0.285575	0.275874	0.284913	0.281415	0.279549	0.280478	0.279542	0.278500	0.280815	0.277744	0.280919	0.288788	0.287259	0.277245	0.277367	0.283166	0.284175	0.287558	0.280169	0.276453	0.280362	
0.282892	0.278399	0.279922	0.277576	0.276631	0.280154	0.298152	0.283575	0.280004	0.283593	0.275335	0.275570	0.279125	0.283951	0.285890	0.276432	0.274043	0.272991	0.000000	0.280987	0.277157	0.282729	0.273383	0.285189	0.282789	0.285486	0.276255	0.276806	0.282785	0.274662	0.318236	0.278997	0.279772	0.281449	0.275329	0.282187	0.282024	0.285337	0.281617	0.282576	0.337561	0.285037	0.284947	0.279754	0.270550	0.278949	0.278844	0.286156	0.283448	0.285157	0.281261	0.281098	0.281633	0.283300	0.276760	0.267818	0.280920	0.278409	0.279788	0.277368	0.282165	0.280692	0.279656	0.341567	0.280778	0.276028	0.279009	0.287913	0.273019	0.277430	0.281096	0.277653	0.278621	0.281854	0.281165	0.277709	0.279119	0.276673	0.275604	0.280214	0.282762	0.284317	0.283833	0.275011	0.278759	0.278286	0.281514	0.278588	0.278197	0.279964	0.277896	
0.283115	0.277896	0.280416	0.273726	0.279062	0.281965	0.291274	0.282083	0.279121	0.276383	0.276541	0.277951	0.269494	0.279965	0.280462	0.278291	0.270161	0.278175	0.280987	0.000000	0.279909	0.276285	0.271957	0.283224	0.282494	0.281924	0.282577	0.274809	0.274133	0.274816	0.318013	0.275367	0.271772	0.275481	0.274625	0.287357	0.283409	0.269854	0.279463	0.281239	0.342193	0.283697	0.283027	0.286522	0.276525	0.273259	0.286426	0.282340	0.270644	0.281839	0.277982	0.275516	0.280245	0.280407	0.275932	0.269058	0.276243	0.285044	0.278667	0.279263	0.283311	0.271496	0.278307	0.342347	0.275731	0.280386	0.274883	0.277067	0.276381	0.282277	0.275856	0.274853	0.275705	0.274769	0.282181	0.275233	0.281515	0.278484	0.276271	0.273727	0.273946	0.276486	0.281067	0.271553	0.282314	0.272101	0.276541	0.277553	0.274892	0.277000	0.278457	
0.291482	0.277560	0.284350	0.282045	0.279490	0.284155	0.301860	0.282628	0.248345	0.286385	0.282586	0.282276	0.280998	0.289691	0.286651	0.280875	0.278996	0.282569	0.277157	0.279909	0.000000	0.284951	0.277437	0.286986	0.284535	0.281895	0.284781	0.288549	0.279804	0.277851	0.324640	0.279180	0.281043	0.288780	0.284736	0.285268	0.284799	0.288194	0.288813	0.279874	0.338527	0.282821	0.283576	0.284615	0.280211	0.287888	0.289831	0.288225	0.288633	0.283034	0.277544	0.284821	0.139391	0.291652	0.284096	0.276090	0.282128	0.281736	0.280437	0.284325	0.280879	0.282399	0.281877	0.335732	0.293296	0.281874	0.283107	0.288041	0.280976	0.282313	0.280043	0.288216	0.283133	0.281594	0.280161	0.279752	0.281294	0.280004	0.281646	0.283141	0.287471	0.292371	0.291994	0.279141	0.277634	0.285057	0.286850	0.280049	0.281060	0.275357	0.279236	
0.287276	0.270449	0.285363	0.278811	0.279961	0.285753	0.298997	0.277394	0.284122	0.284422	0.280117	0.277076	0.273019	0.281839	0.287194	0.279465	0.279268	0.283713	0.282729	0.276285	0.284951	0.000000	0.278839	0.285957	0.275367	0.280312	0.289534	0.275537	0.281656	0.277626	0.328756	0.281370	0.280184	0.288486	0.286657	0.282864	0.285689	0.281349	0.277485	0.278463	0.343441	0.289978	0.285714	0.286398	0.273494	0.287617	0.284372	0.284594	0.283938	0.284692	0.278758	0.279870	0.287143	0.135578	0.282258	0.280519	0.278909	0.276555	0.285227	0.276637	0.286298	0.279580	0.276830	0.343932	0.282383	0.279897	0.276440	0.277278	0.271896	0.281058	0.287231	0.281429	0.283593	0.281866	0.276667	0.273642	0.282315	0.281222	0.280366	0.277914	0.281539	0.282166	0.284177	0.277841	0.286659	0.277005	0.284651	0.281721	0.277984	0.277172	0.275117	
0.284617	0.269101	0.284813	0.274686	0.270950	0.275034	0.295253	0.277912	0.283606	0.272373	0.277611	0.275185	0.275186	0.284259	0.287717	0.272574	0.269649	0.274284	0.273383	0.271957	0.277437	0.278839	0.000000	0.282419	0.281799	0.279253	0.274734	0.271242	0.276903	0.268684	0.316030	0.280075	0.276121	0.280805	0.273172	0.281644	0.275184	0.276517	0.273222	0.277715	0.346055	0.282882	0.283250	0.281938	0.282221	0.276058	0.279947	0.274126	0.276391	0.277841	0.277369	0.277137	0.278639	0.279989	0.277930	0.270156	0.273764	0.278094	0.277877	0.272880	0.279692	0.277891	0.270610	0.345108	0.280078	0.274058	0.274609	0.275681	0.272897	0.270222	0.281606	0.275083	0.281392	0.273601	0.274829	0.270686	0.277856	0.271425	0.273397	0.264125	0.279431	0.283863	0.281780	0.274184	0.276102	0.275944	0.280863	0.279542	0.277640	0.268696	0.266461	
0.291048	0.291882	0.291745	0.283654	0.284851	0.294412	0.300823	0.285182	0.289055	0.285958	0.282734	0.280661	0.275399	0.291257	0.286861	0.286628	0.280125	0.282158	0.285189	0.283224	0.286986	0.285957	0.282419	0.000000	0.282688	0.282854	0.282508	0.284717	0.275933	0.281197	0.308489	0.285779	0.284583	0.286076	0.280344	0.288752	0.292199	0.292105	0.282280	0.282715	0.343628	0.286248	0.289255	0.282437	0.285337	0.291207	0.290400	0.286711	0.287126	0.286688	0.287268	0.282975	0.287172	0.291106	0.284196	0.280732	0.289467	0.287246	0.291901	0.287396	0.283022	0.282532	0.283398	0.346088	0.280468	0.282864	0.278834	0.286115	0.280036	0.285908	0.288865	0.283144	0.280421	0.284240	0.284976	0.276399	0.285956	0.287784	0.278765	0.278975	0.284488	0.282060	0.290473	0.283257	0.284603	0.283438	0.290595	0.286418	0.281547	0.281469	0.286918	
0.282127	0.284987	0.283943	0.274887	0.279527	0.280066	0.302175	0.274782	0.280987	0.280714	0.282786	0.284792	0.280839	0.290822	0.287501	0.285548	0.282994	0.285364	0.282789	0.282494	0.284535	0.275367	0.281799	0.282688	0.000000	0.130687	0.279819	0.280427	0.278368	0.279947	0.299542	0.283514	0.277655	0.287247	0.277510	0.287534	0.283223	0.283729	0.276607	0.281943	0.341881	0.284612	0.287937	0.280895	0.274427	0.282141	0.280967	0.281642	0.280534	0.286043	0.277563	0.279329	0.283494	0.284472	0.279183	0.278166	0.283650	0.281502	0.280284	0.281721	0.285181	0.281378	0.280329	0.347221	0.279346	0.278293	0.277016	0.281607	0.280057	0.287115	0.287781	0.284331	0.281828	0.286055	0.283177	0.279064	0.284433	0.282676	0.280585	0.282792	0.283750	0.285539	0.288730	0.280792	0.283450	0.278167	0.285664	0.283241	0.277236	0.278785	0.280993	
0.284848	0.283699	0.282445	0.273876	0.279968	0.282037	0.302897	0.279920	0.283925	0.279301	0.284629	0.283112	0.284887	0.293646	0.285874	0.283849	0.284978	0.289946	0.285486	0.281924	0.281895	0.280312	0.279253	0.282854	0.130687	0.000000	0.283013	0.278109	0.283920	0.284471	0.297546	0.285573	0.280197	0.282759	0.276284	0.290072	0.287719	0.281128	0.272227	0.283971	0.342515	0.281974	0.285145	0.279717	0.278672	0.282835	0.284423	0.280669	0.282301	0.284032	0.278901	0.278921	0.279644	0.284268	0.280333	0.280510	0.280357	0.278417	0.279533	0.287567	0.283883	0.283756	0.279906	0.347566	0.278369	0.277768	0.277475	0.280940	0.279835	0.284058	0.288404	0.285146	0.285346	0.284580	0.278635	0.278568	0.281391	0.284393	0.278266	0.280418	0.280526	0.283943	0.285675	0.284824	0.281704	0.279732	0.287323	0.284391	0.276531	0.276329	0.278411	
0.274506	0.282261	0.282594	0.283839	0.282056	0.283750	0.292458	0.284099	0.282949	0.284940	0.283337	0.283602	0.280738	0.286819	0.285549	0.279474	0.276138	0.281774	0.276255	0.282577	0.284781	0.289534	0.274734	0.282508	0.279819	0.283013	0.000000	0.277140	0.284890	0.275895	0.304263	0.279984	0.279837	0.280355	0.272479	0.287904	0.279337	0.281797	0.279088	0.284043	0.341513	0.276665	0.281538	0.275194	0.278649	0.277757	0.287430	0.279433	0.278097	0.286293	0.288391	0.280764	0.285785	0.287373	0.282084	0.279695	0.285617	0.278560	0.280242	0.278274	0.279779	0.280714	0.274018	0.337619	0.281920	0.282661	0.278618	0.278751	0.277308	0.275956	0.280381	0.280808	0.279915	0.290807	0.289802	0.276110	0.285591	0.280681	0.278687	0.275084	0.280301	0.280292	0.276818	0.280827	0.272666	0.280520	0.282709	0.281157	0.283214	0.280093	0.280522	
0.280858	0.275286	0.287372	0.279813	0.273580	0.284058	0.295564	0.271000	0.284370	0.277956	0.282265	0.281749	0.272672	0.290385	0.288916	0.277515	0.278272	0.279512	0.276806	0.274809	0.288549	0.275537	0.271242	0.284717	0.280427	0.278109	0.277140	0.000000	0.275066	0.270387	0.307064	0.276807	0.276999	0.274787	0.278964	0.282589	0.282291	0.274688	0.274145	0.277753	0.335281	0.283973	0.281844	0.282199	0.276157	0.278378	0.279356	0.279375	0.277833	0.277591	0.275829	0.278957	0.285202	0.276825	0.274148	0.273289	0.277222	0.280359	0.282238	0.280674	0.277788	0.273891	0.274722	0.340672	0.281655	0.272816	0.273597	0.277956	0.272298	0.279619	0.279550	0.276023	0.279246	0.277999	0.281283	0.271460	0.278135	0.287706	0.277689	0.272839	0.274057	0.279761	0.281196	0.274567	0.280298	0.275124	0.281528	0.276624	0.279010	0.274317	0.279643	
0.286122	0.277016	0.277013	0.279926	0.281362	0.287755	0.300141	0.279207	0.282355	0.274619	0.278632	0.275161	0.274580	0.288276	0.283574	0.281139	0.277090	0.279801	0.282785	0.274133	0.279804	0.281656	0.276903	0.275933	0.278368	0.283920	0.284890	0.275066	0.000000	0.274460	0.303804	0.283650	0.283593	0.278980	0.279907	0.278542	0.287207	0.283899	0.273573	0.284141	0.342697	0.281184	0.283338	0.279286	0.281477	0.282614	0.284101	0.282536	0.280617	0.277802	0.283749	0.274872	0.278058	0.284207	0.284010	0.273728	0.282774	0.279606	0.283183	0.277370	0.277724	0.273106	0.273401	0.341827	0.276249	0.273155	0.279500	0.273228	0.272059	0.279532	0.284862	0.279728	0.284161	0.282994	0.274462	0.275015	0.281997	0.280366	0.271977	0.281255	0.280000	0.287852	0.284232	0.277587	0.273887	0.279158	0.276569	0.283791	0.277537	0.270841	0.282103	
0.291954	0.274993	0.282511	0.276322	0.280470	0.286639	0.299690	0.275738	0.281738	0.277758	0.276837	0.276668	0.276753	0.282945	0.286893	0.284261	0.273607	0.278285	0.274662	0.274816	0.277851	0.277626	0.268684	0.281197	0.279947	0.284471	0.275895	0.270387	0.274460	0.000000	0.307588	0.277803	0.279986	0.284707	0.280164	0.288286	0.284997	0.285940	0.277435	0.279492	0.341410	0.281020	0.279648	0.276634	0.276799	0.283032	0.288287	0.282954	0.283058	0.282026	0.277646	0.278827	0.284625	0.282439	0.271364	0.275009	0.271140	0.274375	0.278740	0.279315	0.282437	0.276478	0.277544	0.343558	0.282607	0.280000	0.271588	0.277986	0.277689	0.282330	0.281197	0.285676	0.276156	0.274730	0.280907	0.270138	0.281571	0.277327	0.280491	0.273605	0.270780	0.276098	0.278602	0.277390	0.277833	0.268514	0.285258	0.273946	0.278561	0.273669	0.280720	
0.308135	0.313354	0.325597	0.310022	0.323977	0.329193	0.310255	0.319416	0.322080	0.317214	0.317980	0.325530	0.315639	0.326829	0.295959	0.318019	0.321471	0.315656	0.318236	0.318013	0.324640	0.328756	0.316030	0.308489	0.299542	0.297546	0.304263	0.307064	0.303804	0.307588	0.000000	0.312629	0.321514	0.322702	0.323700	0.324533	0.325246	0.317589	0.316805	0.309790	0.209917	0.316867	0.318961	0.322669	0.313973	0.321911	0.328811	0.329316	0.315979	0.311839	0.317487	0.310286	0.320041	0.327754	0.323394	0.309103	0.314878	0.325138	0.316649	0.323289	0.309568	0.317979	0.322188	0.228394	0.322935	0.320771	0.325462	0.313619	0.317468	0.310198	0.315789	0.322101	0.320950	0.319904	0.317251	0.317444	0.317511	0.319973	0.321683	0.315256	0.316380	0.316432	0.315762	0.316746	0.321941	0.313471	0.316346	0.317927	0.319008	0.315519	0.314242	
0.289613	0.280177	0.282884	0.278236	0.278782	0.283433	0.300412	0.279504	0.279683	0.276818	0.281964	0.284246	0.279703	0.284675	0.283873	0.280007	0.276476	0.276086	0.278997	0.275367	0.279180	0.281370	0.280075	0.285779	0.283514	0.285573	0.279984	0.276807	0.283650	0.277803	0.312629	0.000000	0.278148	0.278173	0.274909	0.281298	0.287324	0.285676	0.279592	0.283234	0.337579	0.281153	0.282424	0.278398	0.278782	0.286936	0.280390	0.284435	0.282605	0.280022	0.281621	0.279641	0.277002	0.284557	0.284428	0.274497	0.286229	0.274630	0.278511	0.278198	0.286512	0.279175	0.279266	0.338604	0.276984	0.279899	0.278444	0.280845	0.277020	0.283205	0.281004	0.282623	0.279703	0.280036	0.282214	0.275699	0.285319	0.278076	0.284554	0.282746	0.276798	0.278636	0.279187	0.273844	0.283900	0.275812	0.287541	0.281608	0.277403	0.275144	0.278256	
0.283501	0.276529	0.284955	0.275562	0.279573	0.285032	0.304176	0.281222	0.284298	0.276343	0.280475	0.282351	0.275666	0.281869	0.285330	0.277074	0.278649	0.279023	0.279772	0.271772	0.281043	0.280184	0.276121	0.284583	0.277655	0.280197	0.279837	0.276999	0.283593	0.279986	0.321514	0.278148	0.000000	0.278468	0.283815	0.274932	0.286994	0.277861	0.280990	0.283064	0.333799	0.284390	0.283830	0.284360	0.282599	0.282420	0.275984	0.285917	0.276272	0.283461	0.282505	0.284317	0.283204	0.284657	0.282480	0.273997	0.277579	0.279635	0.285676	0.283280	0.281351	0.279663	0.277563	0.338824	0.286825	0.280746	0.279844	0.281759	0.274534	0.276850	0.278097	0.274474	0.279152	0.281311	0.284855	0.283798	0.283388	0.275978	0.281519	0.278716	0.281053	0.288014	0.281689	0.274257	0.283089	0.273694	0.280940	0.274416	0.287525	0.273239	0.270763	
0.287326	0.285102	0.283576	0.280999	0.278589	0.278999	0.298186	0.281492	0.286130	0.279570	0.285355	0.285755	0.282580	0.295468	0.289801	0.285992	0.277146	0.283933	0.281449	0.275481	0.288780	0.288486	0.280805	0.286076	0.287247	0.282759	0.280355	0.274787	0.278980	0.284707	0.322702	0.278173	0.278468	0.000000	0.284587	0.281497	0.287394	0.288358	0.284736	0.277436	0.340492	0.287417	0.289735	0.284089	0.284290	0.285180	0.284971	0.284554	0.288612	0.282140	0.284132	0.282346	0.284890	0.291332	0.276468	0.281567	0.283388	0.281766	0.286203	0.283830	0.282889	0.284131	0.281140	0.342047	0.286255	0.280452	0.278679	0.285310	0.273983	0.282249	0.282598	0.281703	0.281992	0.290814	0.282130	0.276614	0.287393	0.289271	0.275601	0.276207	0.280800	0.286774	0.285250	0.275899	0.281390	0.288389	0.283154	0.283852	0.282907	0.275504	0.286668	
0.291575	0.273927	0.284607	0.277321	0.282338	0.284358	0.305275	0.283148	0.281129	0.281624	0.282058	0.279360	0.278479	0.287017	0.291606	0.281081	0.276108	0.277047	0.275329	0.274625	0.284736	0.286657	0.273172	0.280344	0.277510	0.276284	0.272479	0.278964	0.279907	0.280164	0.323700	0.274909	0.283815	0.284587	0.000000	0.279401	0.279479	0.280214	0.285918	0.280128	0.342174	0.283353	0.283653	0.280763	0.279036	0.277348	0.277560	0.289137	0.275290	0.278136	0.276274	0.280648	0.282935	0.286182	0.281292	0.273183	0.278721	0.275289	0.285519	0.278207	0.279197	0.278128	0.275387	0.344431	0.280104	0.280971	0.276767	0.280665	0.275135	0.281106	0.274373	0.277985	0.285446	0.282615	0.282878	0.277689	0.281765	0.280390	0.274676	0.275592	0.272281	0.275497	0.280694	0.278339	0.280449	0.278142	0.286665	0.286698	0.275119	0.278851	0.272312	
0.289555	0.281256	0.285177	0.279414	0.279636	0.285873	0.303945	0.286315	0.290096	0.282320	0.285058	0.286234	0.279228	0.290486	0.291413	0.282798	0.283474	0.282694	0.282187	0.287357	0.285268	0.282864	0.281644	0.288752	0.287534	0.290072	0.287904	0.282589	0.278542	0.288286	0.324533	0.281298	0.274932	0.281497	0.279401	0.000000	0.291786	0.288770	0.279197	0.282999	0.345497	0.283727	0.280401	0.279066	0.283680	0.287690	0.138353	0.279260	0.283560	0.285676	0.276714	0.284765	0.284100	0.286275	0.283884	0.275016	0.284336	0.279577	0.284032	0.282070	0.280936	0.285016	0.275743	0.342361	0.282944	0.277773	0.279593	0.285481	0.271306	0.281366	0.283938	0.280284	0.279853	0.276297	0.280443	0.279864	0.286494	0.287162	0.286567	0.283266	0.282894	0.288720	0.284753	0.273463	0.280989	0.279170	0.286422	0.284340	0.285586	0.279597	0.284200	
0.289539	0.277683	0.286945	0.284744	0.286352	0.287851	0.304207	0.289876	0.286044	0.282263	0.286006	0.288866	0.279141	0.284666	0.294275	0.286492	0.277386	0.283462	0.282024	0.283409	0.284799	0.285689	0.275184	0.292199	0.283223	0.287719	0.279337	0.282291	0.287207	0.284997	0.325246	0.287324	0.286994	0.287394	0.279479	0.291786	0.000000	0.286782	0.284003	0.285138	0.348226	0.287816	0.288411	0.284461	0.281671	0.158566	0.285664	0.285034	0.282914	0.283087	0.282462	0.284237	0.284676	0.285369	0.281960	0.276295	0.282497	0.286129	0.279975	0.289625	0.292297	0.285867	0.278096	0.348637	0.288846	0.283131	0.280144	0.282523	0.279840	0.274283	0.281194	0.282823	0.288025	0.287709	0.283355	0.281447	0.285739	0.287843	0.280424	0.283521	0.278658	0.283105	0.281938	0.275497	0.286124	0.280011	0.289250	0.287037	0.284702	0.277958	0.279491	
0.283281	0.279418	0.283758	0.282318	0.274819	0.281053	0.301578	0.290088	0.281443	0.281524	0.279671	0.280616	0.270059	0.282726	0.291416	0.282634	0.277290	0.284564	0.285337	0.269854	0.288194	0.281349	0.276517	0.292105	0.283729	0.281128	0.281797	0.274688	0.283899	0.285940	0.317589	0.285676	0.277861	0.288358	0.280214	0.288770	0.286782	0.000000	0.276923	0.279212	0.346203	0.282392	0.285539	0.287903	0.284293	0.280634	0.290060	0.285362	0.138547	0.288098	0.279368	0.281721	0.291498	0.284409	0.285980	0.277910	0.284325	0.279287	0.288978	0.284438	0.285676	0.282960	0.277564	0.350260	0.284500	0.278710	0.285225	0.281832	0.273244	0.284113	0.283653	0.282751	0.288210	0.279534	0.289109	0.282291	0.287468	0.286972	0.281439	0.274328	0.282484	0.286729	0.285430	0.274705	0.276293	0.285436	0.284627	0.282482	0.279728	0.278823	0.276656	
0.290784	0.272151	0.271473	0.277773	0.280494	0.281247	0.297555	0.273980	0.284954	0.279968	0.279542	0.280342	0.274617	0.285165	0.286048	0.281063	0.277660	0.285113	0.281617	0.279463	0.288813	0.277485	0.273222	0.282280	0.276607	0.272227	0.279088	0.274145	0.273573	0.277435	0.316805	0.279592	0.280990	0.284736	0.285918	0.279197	0.284003	0.276923	0.000000	0.277680	0.339326	0.279467	0.279448	0.272953	0.271429	0.281943	0.280225	0.130100	0.274533	0.277365	0.282297	0.277675	0.290947	0.280079	0.282748	0.271137	0.283398	0.267928	0.277234	0.283041	0.284394	0.279498	0.274013	0.338488	0.275730	0.272387	0.277472	0.278219	0.275178	0.278630	0.286505	0.280427	0.276912	0.279430	0.279529	0.272687	0.280742	0.278850	0.277951	0.274171	0.279884	0.281305	0.280786	0.273659	0.278678	0.271469	0.281267	0.280773	0.274501	0.267952	0.278038	
0.284788	0.284115	0.283815	0.278388	0.279637	0.284651	0.302643	0.281939	0.282400	0.280803	0.279004	0.275347	0.282213	0.285392	0.289742	0.282313	0.276639	0.284231	0.282576	0.281239	0.279874	0.278463	0.277715	0.282715	0.281943	0.283971	0.284043	0.277753	0.284141	0.279492	0.309790	0.283234	0.283064	0.277436	0.280128	0.282999	0.285138	0.279212	0.277680	0.000000	0.339013	0.280719	0.277856	0.279378	0.275924	0.281146	0.288013	0.281993	0.276169	0.135048	0.277554	0.283429	0.286421	0.283687	0.282536	0.276659	0.286168	0.269838	0.276531	0.282196	0.285676	0.283917	0.279426	0.342097	0.276429	0.281363	0.276535	0.284216	0.276302	0.285207	0.279833	0.281164	0.278337	0.284104	0.279629	0.277565	0.283502	0.286015	0.278403	0.279039	0.277622	0.280392	0.281774	0.276132	0.280317	0.276060	0.285374	0.285325	0.282033	0.281430	0.279057	
0.329459	0.338147	0.342654	0.337665	0.342028	0.337998	0.299149	0.337805	0.348462	0.339574	0.344498	0.348213	0.344636	0.346743	0.317314	0.342626	0.342439	0.343009	0.337561	0.342193	0.338527	0.343441	0.346055	0.343628	0.341881	0.342515	0.341513	0.335281	0.342697	0.341410	0.209917	0.337579	0.333799	0.340492	0.342174	0.345497	0.348226	0.346203	0.339326	0.339013	0.000000	0.339233	0.339492	0.340315	0.331081	0.344998	0.348706	0.342815	0.337186	0.340593	0.338043	0.338857	0.341120	0.340135	0.338018	0.336144	0.337976	0.342036	0.336149	0.341320	0.341125	0.343179	0.343493	0.134600	0.342131	0.339536	0.342206	0.334937	0.336894	0.339676	0.344755	0.343064	0.343320	0.345328	0.339615	0.334908	0.342812	0.344613	0.339786	0.346215	0.346230	0.344518	0.339848	0.341294	0.346308	0.332038	0.344831	0.338849	0.334659	0.342217	0.335515	
0.284760	0.280281	0.274698	0.274530	0.280631	0.286052	0.286237	0.281379	0.281746	0.288592	0.286962	0.281860	0.282810	0.291384	0.289771	0.286780	0.282586	0.286051	0.285037	0.283697	0.282821	0.289978	0.282882	0.286248	0.284612	0.281974	0.276665	0.283973	0.281184	0.281020	0.316867	0.281153	0.284390	0.287417	0.283353	0.283727	0.287816	0.282392	0.279467	0.280719	0.339233	0.000000	0.134677	0.133012	0.278881	0.285228	0.282740	0.288836	0.282409	0.281275	0.279741	0.284973	0.284434	0.289770	0.284113	0.279975	0.286710	0.276580	0.276641	0.284077	0.290100	0.278599	0.282800	0.338965	0.284076	0.279066	0.281904	0.283723	0.269945	0.278758	0.287149	0.283587	0.281849	0.281179	0.286625	0.280732	0.286252	0.276237	0.283044	0.286487	0.288893	0.291456	0.291494	0.281887	0.285001	0.280911	0.285702	0.288563	0.280092	0.276332	0.280070	
0.290249	0.278114	0.280754	0.280310	0.283842	0.289289	0.292032	0.281612	0.278235	0.282512	0.284728	0.283651	0.281302	0.290393	0.293144	0.285180	0.275889	0.281854	0.284947	0.283027	0.283576	0.285714	0.283250	0.289255	0.287937	0.285145	0.281538	0.281844	0.283338	0.279648	0.318961	0.282424	0.283830	0.289735	0.283653	0.280401	0.288411	0.285539	0.279448	0.277856	0.339492	0.134677	0.000000	0.129414	0.278874	0.291743	0.280579	0.290595	0.286658	0.279788	0.283221	0.286306	0.284849	0.287620	0.284412	0.279330	0.283490	0.280271	0.282467	0.278986	0.287172	0.281530	0.280865	0.337391	0.280952	0.283039	0.285006	0.286567	0.274301	0.286121	0.285052	0.277783	0.283658	0.276911	0.285952	0.277258	0.284787	0.278296	0.287871	0.282213	0.280256	0.282561	0.282785	0.279549	0.281183	0.283223	0.286916	0.283411	0.278780	0.277423	0.278326	
0.289887	0.277738	0.274298	0.276677	0.281374	0.282561	0.290102	0.276268	0.276389	0.286021	0.286671	0.281898	0.282521	0.292198	0.285650	0.281680	0.274792	0.278023	0.279754	0.286522	0.284615	0.286398	0.281938	0.282437	0.280895	0.279717	0.275194	0.282199	0.279286	0.276634	0.322669	0.278398	0.284360	0.284089	0.280763	0.279066	0.284461	0.287903	0.272953	0.279378	0.340315	0.133012	0.129414	0.000000	0.278331	0.285436	0.279352	0.283465	0.285547	0.279422	0.284981	0.281851	0.281831	0.283005	0.278929	0.274168	0.280482	0.275210	0.273295	0.280689	0.283462	0.275776	0.277928	0.339542	0.279668	0.276822	0.279524	0.281157	0.267712	0.277663	0.281118	0.281118	0.274138	0.275982	0.283463	0.274028	0.284412	0.274811	0.284511	0.277743	0.284320	0.282224	0.285636	0.275516	0.282352	0.280619	0.286237	0.276473	0.278835	0.272356	0.275009	
0.289421	0.274050	0.284279	0.278659	0.273085	0.278200	0.299531	0.280011	0.289036	0.277908	0.286541	0.280157	0.276787	0.289544	0.282431	0.284015	0.277398	0.283414	0.270550	0.276525	0.280211	0.273494	0.282221	0.285337	0.274427	0.278672	0.278649	0.276157	0.281477	0.276799	0.313973	0.278782	0.282599	0.284290	0.279036	0.283680	0.281671	0.284293	0.271429	0.275924	0.331081	0.278881	0.278874	0.278331	0.000000	0.282216	0.283036	0.278318	0.281967	0.282908	0.280936	0.277297	0.283447	0.278747	0.281355	0.270285	0.281725	0.280991	0.280405	0.278857	0.280225	0.275900	0.277464	0.334344	0.279819	0.276885	0.275609	0.279582	0.277737	0.276313	0.278137	0.277889	0.276605	0.279592	0.279086	0.276590	0.286815	0.277328	0.276569	0.279076	0.283284	0.282613	0.284596	0.277242	0.280051	0.278457	0.282872	0.278848	0.278828	0.274846	0.271124	
0.286976	0.277921	0.282373	0.281129	0.282909	0.283851	0.294504	0.278430	0.284136	0.282149	0.284226	0.283717	0.277042	0.286161	0.287738	0.281106	0.273613	0.282074	0.278949	0.273259	0.287888	0.287617	0.276058	0.291207	0.282141	0.282835	0.277757	0.278378	0.282614	0.283032	0.321911	0.286936	0.282420	0.285180	0.277348	0.287690	0.158566	0.280634	0.281943	0.281146	0.344998	0.285228	0.291743	0.285436	0.282216	0.000000	0.286652	0.283004	0.282305	0.280063	0.279159	0.284131	0.285479	0.289361	0.281656	0.275062	0.280629	0.283112	0.282510	0.284528	0.285095	0.279352	0.277005	0.345178	0.284830	0.282711	0.282236	0.280939	0.275853	0.276841	0.281456	0.278362	0.281017	0.284757	0.278254	0.280688	0.282500	0.283307	0.280308	0.278560	0.275568	0.279597	0.275262	0.275671	0.285511	0.284451	0.286748	0.282288	0.283127	0.274897	0.274960	
0.288418	0.284389	0.282630	0.276442	0.284578	0.292672	0.308126	0.285047	0.288683	0.284259	0.282237	0.283738	0.279368	0.292734	0.294974	0.280635	0.282047	0.280266	0.278844	0.286426	0.289831	0.284372	0.279947	0.290400	0.280967	0.284423	0.287430	0.279356	0.284101	0.288287	0.328811	0.280390	0.275984	0.284971	0.277560	0.138353	0.285664	0.290060	0.280225	0.288013	0.348706	0.282740	0.280579	0.279352	0.283036	0.286652	0.000000	0.279426	0.285702	0.286307	0.280505	0.287805	0.288809	0.289026	0.287270	0.278811	0.281709	0.280025	0.284895	0.281554	0.279709	0.286805	0.277634	0.351039	0.281020	0.272323	0.277623	0.285053	0.271783	0.280480	0.283310	0.282597	0.279870	0.278979	0.279691	0.280581	0.286115	0.282658	0.285816	0.280599	0.277885	0.288208	0.283906	0.274738	0.279843	0.276562	0.283692	0.283777	0.282366	0.284378	0.283901	
0.290880	0.276358	0.280004	0.283771	0.282466	0.283900	0.301285	0.281205	0.286209	0.287112	0.279421	0.280947	0.277154	0.294133	0.296015	0.283774	0.283811	0.288286	0.286156	0.282340	0.288225	0.284594	0.274126	0.286711	0.281642	0.280669	0.279433	0.279375	0.282536	0.282954	0.329316	0.284435	0.285917	0.284554	0.289137	0.279260	0.285034	0.285362	0.130100	0.281993	0.342815	0.288836	0.290595	0.283465	0.278318	0.283004	0.279426	0.000000	0.283616	0.278683	0.283326	0.282264	0.288067	0.281674	0.284457	0.275615	0.283295	0.275474	0.284224	0.284662	0.289047	0.287355	0.276598	0.345348	0.282970	0.278387	0.282501	0.281487	0.280456	0.283647	0.287094	0.285817	0.282944	0.288310	0.285312	0.277300	0.284281	0.289183	0.281414	0.279701	0.284529	0.286469	0.280247	0.274962	0.284997	0.276006	0.279599	0.283581	0.279737	0.278831	0.283982	
