
Using the parameter settings in the file: 
''1763185553/clumpp.paramfile''

Parameter settings
----------------------- Main parameters -------------------------
DATATYPE = 0
INDFILE = 1763185553/ClumppIndFile
POPFILE = 
OUTFILE = 1763185553/ClumppIndFile.output
MISCFILE = 1763185553/ClumppIndFile.misc
K = 10
C = 80
R = 50
M = 3
W = 0
S = 2
- Additional options for the Greedy and LargeKGreedy algorithms -
GREEDY_OPTION = 2
REPEATS = 2000
PERMUTATIONFILE = 
----------------------- Optional outputs ------------------------
PRINT_PERMUTED_DATA = 0
PERMUTED_DATAFILE = 
PRINT_EVERY_PERM = 0
EVERY_PERMFILE = 
PRINT_RANDOM_INPUTORDER = 0
RANDOM_INPUTORDERFILE = 
----------------------- Advanced options ------------------------
OVERRIDE_WARNINGS = 0
ORDER_BY_RUN = 1


In total, 2000 configurations of runs and clusters will be tested.

Results
------------------------------
The highest value of H' is: 0.38025036436622

The list of permutations of the clusters that produces that
H' value is (runs are listed sequentially on separate rows)

1 2 3 4 5 6 7 8 9 10 
10 8 6 4 1 3 5 2 7 9 
6 8 7 3 10 5 1 4 9 2 
3 5 1 7 8 4 2 10 9 6 
1 2 6 3 9 7 4 10 8 5 
8 4 7 3 2 1 6 5 9 10 
2 4 5 8 1 3 10 9 6 7 
10 6 5 7 8 2 1 9 4 3 
8 1 4 5 6 3 10 9 2 7 
9 2 1 8 10 3 6 4 7 5 
10 8 1 3 9 5 7 4 2 6 
5 4 8 1 6 9 10 2 7 3 
10 3 7 5 6 2 1 8 4 9 
1 2 6 10 4 5 7 9 3 8 
1 5 6 9 10 8 7 2 3 4 
5 6 7 4 1 10 2 8 9 3 
5 4 8 6 10 3 1 9 2 7 
9 6 4 7 1 8 2 10 5 3 
6 5 10 7 9 8 3 2 4 1 
2 10 7 8 5 4 9 6 3 1 
9 3 8 6 2 1 10 7 4 5 
3 7 8 2 9 5 6 4 1 10 
8 10 9 6 4 7 3 2 5 1 
1 10 7 9 8 2 3 6 5 4 
8 10 5 6 2 1 3 7 4 9 
6 1 10 9 8 3 7 5 2 4 
7 8 10 4 6 1 2 3 5 9 
3 6 8 7 9 5 10 1 2 4 
9 10 3 6 5 7 1 8 4 2 
1 10 5 2 9 8 7 3 6 4 
7 3 6 10 2 1 9 5 4 8 
5 2 1 8 4 6 3 9 7 10 
6 7 3 9 8 10 1 4 2 5 
7 1 4 10 6 3 8 2 9 5 
3 1 7 10 5 8 9 6 2 4 
10 6 9 4 5 2 7 1 3 8 
10 3 6 4 9 5 2 8 1 7 
2 7 3 5 1 4 9 10 8 6 
4 10 2 9 3 7 5 8 6 1 
9 10 5 2 1 8 4 6 3 7 
10 8 3 5 4 9 6 2 1 7 
1 5 6 8 2 7 3 4 9 10 
3 9 10 8 7 1 5 2 4 6 
8 6 2 5 1 4 3 10 7 9 
3 7 1 5 9 4 10 2 6 8 
8 3 1 9 10 6 2 4 7 5 
8 7 6 3 4 1 9 2 5 10 
2 8 6 10 7 5 4 3 9 1 
10 8 7 1 2 9 3 6 5 4 
1 7 4 6 5 10 2 3 8 9 

The pairwise G' values for each pair of runs where the clusters
of each run are permuted according to the list of permutations above

1.0000 0.4002 0.4061 0.4068 0.4217 0.3363 0.3915 0.3663 0.4034 0.4416 0.3933 0.3109 0.3565 0.3336 0.3592 0.3439 0.4175 0.3567 0.4411 0.3539 0.3300 0.3659 0.3409 0.4164 0.3557 0.3651 0.3303 0.4584 0.4183 0.4311 0.4412 0.3941 0.3843 0.3621 0.3537 0.3493 0.3904 0.3322 0.3178 0.3836 0.4876 0.3897 0.3917 0.3037 0.3452 0.3587 0.3508 0.3673 0.3983 0.3593 
0.4002 1.0000 0.3374 0.4228 0.3812 0.4124 0.4503 0.4362 0.4243 0.4177 0.4402 0.3198 0.4571 0.3941 0.4054 0.4029 0.4342 0.3199 0.4207 0.4101 0.3880 0.3226 0.3547 0.4372 0.4519 0.4094 0.4522 0.4133 0.3957 0.4593 0.3886 0.4107 0.3959 0.4224 0.4000 0.3785 0.3507 0.4245 0.3832 0.3871 0.4038 0.3854 0.4258 0.4120 0.4102 0.3562 0.4438 0.4279 0.4122 0.4798 
0.4061 0.3374 1.0000 0.4316 0.3824 0.3826 0.3883 0.3390 0.3611 0.3863 0.3684 0.3311 0.4411 0.2896 0.3615 0.3162 0.3670 0.3955 0.4425 0.3925 0.3634 0.3496 0.4074 0.3496 0.4005 0.4022 0.3557 0.3962 0.4425 0.4226 0.3577 0.3366 0.4010 0.3849 0.3353 0.3697 0.3504 0.3272 0.3348 0.3666 0.3998 0.3139 0.3720 0.3604 0.3473 0.3126 0.3324 0.4066 0.3581 0.3037 
0.4068 0.4228 0.4316 1.0000 0.3920 0.3747 0.4516 0.3565 0.3840 0.4353 0.3969 0.3064 0.4077 0.3740 0.3661 0.4046 0.3611 0.3613 0.4197 0.3739 0.3413 0.3018 0.3872 0.4119 0.4497 0.3592 0.3589 0.4901 0.4042 0.4258 0.4314 0.4332 0.3923 0.4350 0.3790 0.3660 0.3280 0.3527 0.3437 0.3949 0.3715 0.3523 0.3815 0.3322 0.3694 0.3709 0.3867 0.4197 0.3514 0.4067 
0.4217 0.3812 0.3824 0.3920 1.0000 0.3430 0.4807 0.3261 0.4024 0.3627 0.3994 0.3692 0.3518 0.2663 0.4583 0.4256 0.4395 0.4138 0.3858 0.4728 0.4374 0.3450 0.3562 0.4084 0.3534 0.3596 0.3712 0.3663 0.3254 0.4098 0.3690 0.4011 0.3303 0.3336 0.3731 0.3004 0.4364 0.3937 0.3275 0.2918 0.5009 0.3430 0.4748 0.3820 0.3609 0.3144 0.3351 0.3628 0.3898 0.2964 
0.3363 0.4124 0.3826 0.3747 0.3430 1.0000 0.3709 0.3940 0.4291 0.4069 0.4319 0.2824 0.4329 0.4182 0.3327 0.3043 0.3894 0.3718 0.3988 0.3626 0.3194 0.2978 0.3758 0.3596 0.4557 0.3997 0.4704 0.3958 0.4506 0.4644 0.4042 0.4076 0.4405 0.4327 0.3375 0.3989 0.3321 0.3463 0.3796 0.4086 0.3521 0.3592 0.3709 0.3253 0.4651 0.3916 0.4221 0.4124 0.3814 0.3547 
0.3915 0.4503 0.3883 0.4516 0.4807 0.3709 1.0000 0.3910 0.4458 0.3792 0.4202 0.3582 0.3970 0.3454 0.4379 0.4380 0.3733 0.3288 0.3871 0.4327 0.4441 0.3168 0.3669 0.4361 0.3857 0.3553 0.4172 0.3619 0.3778 0.4703 0.4258 0.4586 0.3712 0.3900 0.4420 0.3387 0.3706 0.3757 0.3718 0.3657 0.4336 0.3028 0.4615 0.3631 0.3662 0.3059 0.4656 0.3234 0.3725 0.3867 
0.3663 0.4362 0.3390 0.3565 0.3261 0.3940 0.3910 1.0000 0.4414 0.3860 0.3705 0.2794 0.4492 0.4274 0.3538 0.3847 0.3993 0.3216 0.4588 0.3780 0.3464 0.3296 0.3762 0.3692 0.3982 0.3670 0.4574 0.3581 0.3716 0.4522 0.4107 0.4059 0.3715 0.4417 0.3824 0.3581 0.3190 0.3119 0.4557 0.3662 0.4065 0.3391 0.3316 0.3378 0.4144 0.3618 0.4001 0.3410 0.3740 0.3684 
0.4034 0.4243 0.3611 0.3840 0.4024 0.4291 0.4458 0.4414 1.0000 0.3876 0.4487 0.3424 0.4109 0.3871 0.4150 0.3767 0.3901 0.3746 0.4309 0.3757 0.3990 0.3353 0.3965 0.4330 0.4331 0.4294 0.4591 0.3758 0.3955 0.4985 0.4155 0.4294 0.3409 0.4099 0.4239 0.3790 0.3429 0.3188 0.4822 0.4081 0.4151 0.3970 0.4033 0.3753 0.4071 0.3701 0.4942 0.3833 0.3819 0.3699 
0.4416 0.4177 0.3863 0.4353 0.3627 0.4069 0.3792 0.3860 0.3876 1.0000 0.3882 0.2809 0.4548 0.3762 0.3235 0.4029 0.3917 0.3449 0.4227 0.4152 0.3251 0.3299 0.3824 0.4033 0.4953 0.4145 0.3799 0.4692 0.4661 0.4856 0.3935 0.4364 0.4443 0.4081 0.3765 0.3838 0.3621 0.3664 0.3694 0.3705 0.4410 0.3741 0.3775 0.3402 0.3894 0.4058 0.3708 0.4454 0.4010 0.4224 
0.3933 0.4402 0.3684 0.3969 0.3994 0.4319 0.4202 0.3705 0.4487 0.3882 1.0000 0.3403 0.4197 0.3815 0.4133 0.3268 0.3677 0.4005 0.4537 0.3914 0.3632 0.4003 0.3643 0.4206 0.4476 0.3776 0.4907 0.4027 0.3925 0.4628 0.3821 0.3634 0.4146 0.4099 0.3425 0.3691 0.3299 0.3602 0.3865 0.4110 0.4069 0.3831 0.4626 0.3689 0.4112 0.3308 0.3676 0.4703 0.3665 0.3797 
0.3109 0.3198 0.3311 0.3064 0.3692 0.2824 0.3582 0.2794 0.3424 0.2809 0.3403 1.0000 0.2911 0.2682 0.3607 0.3588 0.3388 0.3804 0.3334 0.3353 0.3236 0.3286 0.3117 0.3051 0.3399 0.3023 0.3318 0.3079 0.2836 0.3084 0.3373 0.3304 0.3137 0.3551 0.3823 0.3053 0.2720 0.2880 0.3096 0.2458 0.3453 0.3361 0.2904 0.3833 0.3055 0.2723 0.3030 0.3719 0.2963 0.3310 
0.3565 0.4571 0.4411 0.4077 0.3518 0.4329 0.3970 0.4492 0.4109 0.4548 0.4197 0.2911 1.0000 0.3706 0.3644 0.3837 0.3819 0.3499 0.5020 0.4534 0.3612 0.2916 0.3829 0.4349 0.4501 0.4522 0.4139 0.4247 0.4234 0.4566 0.3872 0.4208 0.4007 0.3847 0.3267 0.3372 0.3703 0.3051 0.4354 0.3958 0.4121 0.3437 0.3636 0.3292 0.4117 0.3676 0.4038 0.4502 0.3484 0.4000 
0.3336 0.3941 0.2896 0.3740 0.2663 0.4182 0.3454 0.4274 0.3871 0.3762 0.3815 0.2682 0.3706 1.0000 0.3140 0.3315 0.3747 0.3096 0.3805 0.3488 0.3253 0.2946 0.3418 0.3583 0.3838 0.3672 0.3479 0.3460 0.4042 0.4245 0.3910 0.3938 0.3993 0.5176 0.3294 0.3954 0.2941 0.2817 0.3908 0.4246 0.3093 0.3781 0.3081 0.2806 0.4400 0.3735 0.4143 0.3812 0.3819 0.4335 
0.3592 0.4054 0.3615 0.3661 0.4583 0.3327 0.4379 0.3538 0.4150 0.3235 0.4133 0.3607 0.3644 0.3140 1.0000 0.3897 0.4185 0.3778 0.3554 0.4527 0.5259 0.3461 0.3499 0.4371 0.3093 0.3796 0.3734 0.3521 0.3205 0.3833 0.3316 0.3518 0.3238 0.3708 0.3772 0.2867 0.4327 0.3595 0.3900 0.3322 0.4845 0.3348 0.3977 0.4192 0.3423 0.2917 0.3285 0.3762 0.3711 0.3076 
0.3439 0.4029 0.3162 0.4046 0.4256 0.3043 0.4380 0.3847 0.3767 0.4029 0.3268 0.3588 0.3837 0.3315 0.3897 1.0000 0.3777 0.3846 0.3428 0.4507 0.3838 0.3450 0.4045 0.4150 0.3681 0.3600 0.3750 0.3490 0.3326 0.3798 0.3279 0.4542 0.3196 0.3773 0.4441 0.3236 0.3696 0.3751 0.3491 0.3027 0.4407 0.3678 0.3818 0.4817 0.3312 0.3565 0.3558 0.3703 0.3084 0.3712 
0.4175 0.4342 0.3670 0.3611 0.4395 0.3894 0.3733 0.3993 0.3901 0.3917 0.3677 0.3388 0.3819 0.3747 0.4185 0.3777 1.0000 0.3628 0.4385 0.4344 0.4377 0.2963 0.3474 0.4066 0.3517 0.4198 0.3831 0.4113 0.3899 0.4359 0.4445 0.3710 0.4232 0.4160 0.3621 0.3626 0.3967 0.3458 0.4087 0.3434 0.4401 0.3814 0.3454 0.3560 0.4398 0.3635 0.3415 0.4461 0.5088 0.3985 
0.3567 0.3199 0.3955 0.3613 0.4138 0.3718 0.3288 0.3216 0.3746 0.3449 0.4005 0.3804 0.3499 0.3096 0.3778 0.3846 0.3628 1.0000 0.3542 0.3728 0.3590 0.3441 0.3702 0.3641 0.3643 0.3833 0.3401 0.3591 0.3914 0.3493 0.3197 0.3459 0.3924 0.3566 0.3407 0.3499 0.3922 0.3429 0.3315 0.3531 0.4005 0.3459 0.3800 0.4390 0.3939 0.3951 0.2821 0.4356 0.3312 0.2834 
0.4411 0.4207 0.4425 0.4197 0.3858 0.3988 0.3871 0.4588 0.4309 0.4227 0.4537 0.3334 0.5020 0.3805 0.3554 0.3428 0.4385 0.3542 1.0000 0.3867 0.3416 0.3625 0.3813 0.3717 0.4650 0.4003 0.4527 0.4569 0.4032 0.4782 0.4189 0.3953 0.3833 0.4047 0.3630 0.3489 0.3192 0.3290 0.4152 0.3864 0.3914 0.3759 0.3875 0.3404 0.4477 0.3349 0.4100 0.4748 0.3861 0.3890 
0.3539 0.4101 0.3925 0.3739 0.4728 0.3626 0.4327 0.3780 0.3757 0.4152 0.3914 0.3353 0.4534 0.3488 0.4527 0.4507 0.4344 0.3728 0.3867 1.0000 0.5048 0.2741 0.3576 0.3907 0.3734 0.3953 0.3570 0.3334 0.3966 0.4224 0.3535 0.3852 0.3837 0.3779 0.3789 0.3459 0.4697 0.3391 0.3698 0.3212 0.5085 0.3258 0.3986 0.3621 0.3177 0.3172 0.3409 0.3832 0.3596 0.3475 
0.3300 0.3880 0.3634 0.3413 0.4374 0.3194 0.4441 0.3464 0.3990 0.3251 0.3632 0.3236 0.3612 0.3253 0.5259 0.3838 0.4377 0.3590 0.3416 0.5048 1.0000 0.2729 0.3337 0.4391 0.3077 0.3828 0.3303 0.3128 0.3213 0.3836 0.3257 0.3502 0.3242 0.3552 0.3853 0.2858 0.4931 0.3560 0.3934 0.3124 0.4635 0.3105 0.4131 0.3840 0.3142 0.2989 0.2968 0.3317 0.3665 0.3053 
0.3659 0.3226 0.3496 0.3018 0.3450 0.2978 0.3168 0.3296 0.3353 0.3299 0.4003 0.3286 0.2916 0.2946 0.3461 0.3450 0.2963 0.3441 0.3625 0.2741 0.2729 1.0000 0.4096 0.3601 0.3487 0.3101 0.3752 0.3673 0.3291 0.3363 0.3033 0.3070 0.3163 0.3860 0.3695 0.2823 0.2685 0.3455 0.2946 0.3375 0.3418 0.3490 0.3690 0.4016 0.3843 0.2712 0.2977 0.3557 0.3712 0.3410 
0.3409 0.3547 0.4074 0.3872 0.3562 0.3758 0.3669 0.3762 0.3965 0.3824 0.3643 0.3117 0.3829 0.3418 0.3499 0.4045 0.3474 0.3702 0.3813 0.3576 0.3337 0.4096 1.0000 0.4204 0.4176 0.4062 0.3500 0.4008 0.4053 0.4093 0.3598 0.3648 0.3770 0.4163 0.4426 0.3792 0.3380 0.3422 0.3967 0.4277 0.3638 0.4032 0.4579 0.3929 0.3919 0.3243 0.3912 0.4222 0.3095 0.3706 
0.4164 0.4372 0.3496 0.4119 0.4084 0.3596 0.4361 0.3692 0.4330 0.4033 0.4206 0.3051 0.4349 0.3583 0.4371 0.4150 0.4066 0.3641 0.3717 0.3907 0.4391 0.3601 0.4204 1.0000 0.3769 0.4020 0.3575 0.4006 0.3794 0.4165 0.3819 0.4224 0.3554 0.3761 0.3856 0.3070 0.4235 0.3811 0.3798 0.3816 0.4692 0.3620 0.4366 0.4257 0.3976 0.3695 0.3593 0.3903 0.4445 0.4025 
0.3557 0.4519 0.4005 0.4497 0.3534 0.4557 0.3857 0.3982 0.4331 0.4953 0.4476 0.3399 0.4501 0.3838 0.3093 0.3681 0.3517 0.3643 0.4650 0.3734 0.3077 0.3487 0.4176 0.3769 1.0000 0.4206 0.4876 0.4226 0.3974 0.5105 0.3796 0.4316 0.4124 0.4764 0.3662 0.4253 0.2838 0.3626 0.4134 0.4098 0.3624 0.4084 0.3889 0.3522 0.4370 0.4233 0.4294 0.5053 0.3377 0.4375 
0.3651 0.4094 0.4022 0.3592 0.3596 0.3997 0.3553 0.3670 0.4294 0.4145 0.3776 0.3023 0.4522 0.3672 0.3796 0.3600 0.4198 0.3833 0.4003 0.3953 0.3828 0.3101 0.4062 0.4020 0.4206 1.0000 0.3556 0.4088 0.4273 0.4383 0.3518 0.4238 0.4092 0.3862 0.3567 0.4272 0.4159 0.3174 0.4452 0.4355 0.4246 0.3849 0.4379 0.3436 0.3791 0.3745 0.3809 0.4635 0.3976 0.4015 
0.3303 0.4522 0.3557 0.3589 0.3712 0.4704 0.4172 0.4574 0.4591 0.3799 0.4907 0.3318 0.4139 0.3479 0.3734 0.3750 0.3831 0.3401 0.4527 0.3570 0.3303 0.3752 0.3500 0.3575 0.4876 0.3556 1.0000 0.3667 0.3720 0.4924 0.3674 0.4044 0.3581 0.4090 0.3723 0.3759 0.2907 0.3236 0.4121 0.3616 0.3847 0.3515 0.3943 0.3706 0.4061 0.3375 0.4197 0.4064 0.3671 0.3528 
0.4584 0.4133 0.3962 0.4901 0.3663 0.3958 0.3619 0.3581 0.3758 0.4692 0.4027 0.3079 0.4247 0.3460 0.3521 0.3490 0.4113 0.3591 0.4569 0.3334 0.3128 0.3673 0.4008 0.4006 0.4226 0.4088 0.3667 1.0000 0.3780 0.4401 0.4659 0.3504 0.3871 0.4391 0.3621 0.3250 0.3380 0.3931 0.3632 0.3525 0.3972 0.4025 0.3948 0.3362 0.4072 0.3654 0.3553 0.4427 0.3628 0.4303 
0.4183 0.3957 0.4425 0.4042 0.3254 0.4506 0.3778 0.3716 0.3955 0.4661 0.3925 0.2836 0.4234 0.4042 0.3205 0.3326 0.3899 0.3914 0.4032 0.3966 0.3213 0.3291 0.4053 0.3794 0.3974 0.4273 0.3720 0.3780 1.0000 0.4646 0.4270 0.3998 0.4778 0.4055 0.3833 0.4542 0.3871 0.3121 0.3369 0.4050 0.4186 0.3393 0.4144 0.3362 0.4142 0.3481 0.4006 0.4283 0.4010 0.3727 
0.4311 0.4593 0.4226 0.4258 0.4098 0.4644 0.4703 0.4522 0.4985 0.4856 0.4628 0.3084 0.4566 0.4245 0.3833 0.3798 0.4359 0.3493 0.4782 0.4224 0.3836 0.3363 0.4093 0.4165 0.5105 0.4383 0.4924 0.4401 0.4646 1.0000 0.4245 0.4529 0.4346 0.4857 0.4025 0.4176 0.3890 0.3455 0.4005 0.4201 0.4747 0.3458 0.4448 0.3753 0.4187 0.3510 0.4332 0.4170 0.4072 0.4345 
0.4412 0.3886 0.3577 0.4314 0.3690 0.4042 0.4258 0.4107 0.4155 0.3935 0.3821 0.3373 0.3872 0.3910 0.3316 0.3279 0.4445 0.3197 0.4189 0.3535 0.3257 0.3033 0.3598 0.3819 0.3796 0.3518 0.3674 0.4659 0.4270 0.4245 1.0000 0.3841 0.4086 0.4557 0.3433 0.3473 0.3314 0.3329 0.3939 0.3498 0.4233 0.3142 0.3694 0.2763 0.4044 0.3574 0.4124 0.3966 0.3614 0.3916 
0.3941 0.4107 0.3366 0.4332 0.4011 0.4076 0.4586 0.4059 0.4294 0.4364 0.3634 0.3304 0.4208 0.3938 0.3518 0.4542 0.3710 0.3459 0.3953 0.3852 0.3502 0.3070 0.3648 0.4224 0.4316 0.4238 0.4044 0.3504 0.3998 0.4529 0.3841 1.0000 0.3716 0.4356 0.4227 0.4035 0.3465 0.3367 0.3687 0.4252 0.4113 0.3721 0.3821 0.3390 0.4128 0.3646 0.4998 0.3778 0.3933 0.3672 
0.3843 0.3959 0.4010 0.3923 0.3303 0.4405 0.3712 0.3715 0.3409 0.4443 0.4146 0.3137 0.4007 0.3993 0.3238 0.3196 0.4232 0.3924 0.3833 0.3837 0.3242 0.3163 0.3770 0.3554 0.4124 0.4092 0.3581 0.3871 0.4778 0.4346 0.4086 0.3716 1.0000 0.4507 0.3298 0.4561 0.3290 0.3424 0.3967 0.4263 0.3972 0.3748 0.3752 0.3325 0.4806 0.3797 0.3603 0.4554 0.4348 0.3994 
0.3621 0.4224 0.3849 0.4350 0.3336 0.4327 0.3900 0.4417 0.4099 0.4081 0.4099 0.3551 0.3847 0.5176 0.3708 0.3773 0.4160 0.3566 0.4047 0.3779 0.3552 0.3860 0.4163 0.3761 0.4764 0.3862 0.4090 0.4391 0.4055 0.4857 0.4557 0.4356 0.4507 1.0000 0.3856 0.4061 0.3412 0.3684 0.4316 0.4242 0.3906 0.4021 0.3833 0.3660 0.4484 0.3422 0.4417 0.4041 0.3702 0.4467 
0.3537 0.4000 0.3353 0.3790 0.3731 0.3375 0.4420 0.3824 0.4239 0.3765 0.3425 0.3823 0.3267 0.3294 0.3772 0.4441 0.3621 0.3407 0.3630 0.3789 0.3853 0.3695 0.4426 0.3856 0.3662 0.3567 0.3723 0.3621 0.3833 0.4025 0.3433 0.4227 0.3298 0.3856 1.0000 0.3324 0.3332 0.3236 0.3437 0.3250 0.4092 0.3476 0.4071 0.4477 0.3197 0.3186 0.3635 0.3333 0.2961 0.4395 
0.3493 0.3785 0.3697 0.3660 0.3004 0.3989 0.3387 0.3581 0.3790 0.3838 0.3691 0.3053 0.3372 0.3954 0.2867 0.3236 0.3626 0.3499 0.3489 0.3459 0.2858 0.2823 0.3792 0.3070 0.4253 0.4272 0.3759 0.3250 0.4542 0.4176 0.3473 0.4035 0.4561 0.4061 0.3324 1.0000 0.3367 0.2824 0.4128 0.4455 0.3567 0.4256 0.3489 0.3120 0.4126 0.3606 0.3842 0.4553 0.3475 0.3867 
0.3904 0.3507 0.3504 0.3280 0.4364 0.3321 0.3706 0.3190 0.3429 0.3621 0.3299 0.2720 0.3703 0.2941 0.4327 0.3696 0.3967 0.3922 0.3192 0.4697 0.4931 0.2685 0.3380 0.4235 0.2838 0.4159 0.2907 0.3380 0.3871 0.3890 0.3314 0.3465 0.3290 0.3412 0.3332 0.3367 1.0000 0.3230 0.3369 0.3075 0.5168 0.3431 0.4063 0.3369 0.3052 0.2995 0.2877 0.3313 0.3558 0.2868 
0.3322 0.4245 0.3272 0.3527 0.3937 0.3463 0.3757 0.3119 0.3188 0.3664 0.3602 0.2880 0.3051 0.2817 0.3595 0.3751 0.3458 0.3429 0.3290 0.3391 0.3560 0.3455 0.3422 0.3811 0.3626 0.3174 0.3236 0.3931 0.3121 0.3455 0.3329 0.3367 0.3424 0.3684 0.3236 0.2824 0.3230 1.0000 0.3042 0.2809 0.3775 0.3311 0.4147 0.3792 0.3759 0.2773 0.3029 0.3541 0.3149 0.3301 
0.3178 0.3832 0.3348 0.3437 0.3275 0.3796 0.3718 0.4557 0.4822 0.3694 0.3865 0.3096 0.4354 0.3908 0.3900 0.3491 0.4087 0.3315 0.4152 0.3698 0.3934 0.2946 0.3967 0.3798 0.4134 0.4452 0.4121 0.3632 0.3369 0.4005 0.3939 0.3687 0.3967 0.4316 0.3437 0.4128 0.3369 0.3042 1.0000 0.3990 0.3908 0.4023 0.3372 0.3224 0.4384 0.3688 0.4405 0.3957 0.3914 0.3714 
0.3836 0.3871 0.3666 0.3949 0.2918 0.4086 0.3657 0.3662 0.4081 0.3705 0.4110 0.2458 0.3958 0.4246 0.3322 0.3027 0.3434 0.3531 0.3864 0.3212 0.3124 0.3375 0.4277 0.3816 0.4098 0.4355 0.3616 0.3525 0.4050 0.4201 0.3498 0.4252 0.4263 0.4242 0.3250 0.4455 0.3075 0.2809 0.3990 1.0000 0.3158 0.3763 0.3665 0.2772 0.4576 0.3661 0.4230 0.4175 0.4186 0.3741 
0.4876 0.4038 0.3998 0.3715 0.5009 0.3521 0.4336 0.4065 0.4151 0.4410 0.4069 0.3453 0.4121 0.3093 0.4845 0.4407 0.4401 0.4005 0.3914 0.5085 0.4635 0.3418 0.3638 0.4692 0.3624 0.4246 0.3847 0.3972 0.4186 0.4747 0.4233 0.4113 0.3972 0.3906 0.4092 0.3567 0.5168 0.3775 0.3908 0.3158 1.0000 0.3510 0.4213 0.4330 0.3519 0.3864 0.3280 0.3771 0.3804 0.3115 
0.3897 0.3854 0.3139 0.3523 0.3430 0.3592 0.3028 0.3391 0.3970 0.3741 0.3831 0.3361 0.3437 0.3781 0.3348 0.3678 0.3814 0.3459 0.3759 0.3258 0.3105 0.3490 0.4032 0.3620 0.4084 0.3849 0.3515 0.4025 0.3393 0.3458 0.3142 0.3721 0.3748 0.4021 0.3476 0.4256 0.3431 0.3311 0.4023 0.3763 0.3510 1.0000 0.3629 0.3762 0.4132 0.3503 0.3322 0.4371 0.3711 0.4054 
0.3917 0.4258 0.3720 0.3815 0.4748 0.3709 0.4615 0.3316 0.4033 0.3775 0.4626 0.2904 0.3636 0.3081 0.3977 0.3818 0.3454 0.3800 0.3875 0.3986 0.4131 0.3690 0.4579 0.4366 0.3889 0.4379 0.3943 0.3948 0.4144 0.4448 0.3694 0.3821 0.3752 0.3833 0.4071 0.3489 0.4063 0.4147 0.3372 0.3665 0.4213 0.3629 1.0000 0.3982 0.3513 0.2800 0.3528 0.3938 0.3333 0.3569 
0.3037 0.4120 0.3604 0.3322 0.3820 0.3253 0.3631 0.3378 0.3753 0.3402 0.3689 0.3833 0.3292 0.2806 0.4192 0.4817 0.3560 0.4390 0.3404 0.3621 0.3840 0.4016 0.3929 0.4257 0.3522 0.3436 0.3706 0.3362 0.3362 0.3753 0.2763 0.3390 0.3325 0.3660 0.4477 0.3120 0.3369 0.3792 0.3224 0.2772 0.4330 0.3762 0.3982 1.0000 0.3459 0.3591 0.2968 0.3540 0.3127 0.3548 
0.3452 0.4102 0.3473 0.3694 0.3609 0.4651 0.3662 0.4144 0.4071 0.3894 0.4112 0.3055 0.4117 0.4400 0.3423 0.3312 0.4398 0.3939 0.4477 0.3177 0.3142 0.3843 0.3919 0.3976 0.4370 0.3791 0.4061 0.4072 0.4142 0.4187 0.4044 0.4128 0.4806 0.4484 0.3197 0.4126 0.3052 0.3759 0.4384 0.4576 0.3519 0.4132 0.3513 0.3459 1.0000 0.3843 0.4107 0.4817 0.4783 0.3708 
0.3587 0.3562 0.3126 0.3709 0.3144 0.3916 0.3059 0.3618 0.3701 0.4058 0.3308 0.2723 0.3676 0.3735 0.2917 0.3565 0.3635 0.3951 0.3349 0.3172 0.2989 0.2712 0.3243 0.3695 0.4233 0.3745 0.3375 0.3654 0.3481 0.3510 0.3574 0.3646 0.3797 0.3422 0.3186 0.3606 0.2995 0.2773 0.3688 0.3661 0.3864 0.3503 0.2800 0.3591 0.3843 1.0000 0.3480 0.3978 0.3681 0.3186 
0.3508 0.4438 0.3324 0.3867 0.3351 0.4221 0.4656 0.4001 0.4942 0.3708 0.3676 0.3030 0.4038 0.4143 0.3285 0.3558 0.3415 0.2821 0.4100 0.3409 0.2968 0.2977 0.3912 0.3593 0.4294 0.3809 0.4197 0.3553 0.4006 0.4332 0.4124 0.4998 0.3603 0.4417 0.3635 0.3842 0.2877 0.3029 0.4405 0.4230 0.3280 0.3322 0.3528 0.2968 0.4107 0.3480 1.0000 0.3579 0.3432 0.3907 
0.3673 0.4279 0.4066 0.4197 0.3628 0.4124 0.3234 0.3410 0.3833 0.4454 0.4703 0.3719 0.4502 0.3812 0.3762 0.3703 0.4461 0.4356 0.4748 0.3832 0.3317 0.3557 0.4222 0.3903 0.5053 0.4635 0.4064 0.4427 0.4283 0.4170 0.3966 0.3778 0.4554 0.4041 0.3333 0.4553 0.3313 0.3541 0.3957 0.4175 0.3771 0.4371 0.3938 0.3540 0.4817 0.3978 0.3579 1.0000 0.3985 0.4174 
0.3983 0.4122 0.3581 0.3514 0.3898 0.3814 0.3725 0.3740 0.3819 0.4010 0.3665 0.2963 0.3484 0.3819 0.3711 0.3084 0.5088 0.3312 0.3861 0.3596 0.3665 0.3712 0.3095 0.4445 0.3377 0.3976 0.3671 0.3628 0.4010 0.4072 0.3614 0.3933 0.4348 0.3702 0.2961 0.3475 0.3558 0.3149 0.3914 0.4186 0.3804 0.3711 0.3333 0.3127 0.4783 0.3681 0.3432 0.3985 1.0000 0.3526 
0.3593 0.4798 0.3037 0.4067 0.2964 0.3547 0.3867 0.3684 0.3699 0.4224 0.3797 0.3310 0.4000 0.4335 0.3076 0.3712 0.3985 0.2834 0.3890 0.3475 0.3053 0.3410 0.3706 0.4025 0.4375 0.4015 0.3528 0.4303 0.3727 0.4345 0.3916 0.3672 0.3994 0.4467 0.4395 0.3867 0.2868 0.3301 0.3714 0.3741 0.3115 0.4054 0.3569 0.3548 0.3708 0.3186 0.3907 0.4174 0.3526 1.0000 
