1:	0.0452 0.0000 0.1054 0.0003 0.0056 0.0126 0.1526 0.1102 0.0002 0.0471 0.1857 0.0049 0.0528 0.0054 0.0130 0.0348 0.0983 0.0248 0.1002 0.0008 	23
2:	0.1616 0.0000 0.0035 0.0256 0.0053 0.0004 0.0838 0.1668 0.0085 0.0922 0.1395 0.0044 0.0035 0.0045 0.0507 0.1018 0.0755 0.0119 0.0347 0.0256 	13
3:	0.1919 0.0000 0.0000 0.0000 0.0325 0.0000 0.0009 0.0020 0.0000 0.0041 0.2873 0.0039 0.0049 0.0098 0.0259 0.2536 0.1043 0.0767 0.0019 0.0000 	5
4:	0.2445 0.0827 0.0020 0.0594 0.0019 0.0197 0.0021 0.0007 0.0853 0.0023 0.1193 0.0066 0.0032 0.1453 0.0422 0.0467 0.0966 0.0107 0.0011 0.0275 	15
5:	0.1719 0.0569 0.0067 0.1477 0.0087 0.0047 0.0021 0.0153 0.0558 0.0023 0.1357 0.0055 0.0052 0.0035 0.0210 0.0750 0.1140 0.0234 0.0035 0.1410 	18
6:	0.0338 0.0898 0.0054 0.1346 0.0027 0.1667 0.0384 0.0638 0.1795 0.0007 0.0276 0.0004 0.0015 0.0100 0.0707 0.0492 0.0430 0.0025 0.0039 0.0759 	24
7:	0.1248 0.0023 0.2247 0.0522 0.0040 0.0182 0.0025 0.0011 0.0000 0.0042 0.0825 0.0077 0.0113 0.0177 0.0145 0.1182 0.1254 0.1302 0.0000 0.0585 	9
8:	0.0274 0.0000 0.0909 0.0000 0.1845 0.0000 0.0000 0.0002 0.0000 0.0004 0.1575 0.1832 0.0950 0.0008 0.0018 0.0146 0.1009 0.1426 0.0001 0.0000 	11
9:	0.0000 0.3366 0.0000 0.1111 0.0000 0.0000 0.0000 0.0000 0.1555 0.0000 0.0000 0.0000 0.0000 0.0000 0.1111 0.0000 0.1111 0.0000 0.0000 0.1746 	1
10:	0.3367 0.0032 0.0196 0.0005 0.0162 0.0123 0.0054 0.0012 0.0002 0.0069 0.2212 0.0103 0.0050 0.0147 0.0187 0.0949 0.1882 0.0412 0.0036 0.0001 	17
11:	0.0000 0.1323 0.0870 0.4041 0.0000 0.0000 0.0000 0.0582 0.1544 0.0000 0.0000 0.0000 0.0000 0.0000 0.0160 0.0000 0.0000 0.0000 0.0000 0.1480 	1
12:	0.1155 0.0000 0.0419 0.0115 0.0029 0.2593 0.0218 0.1704 0.0000 0.0063 0.1154 0.0037 0.0337 0.0289 0.0355 0.0529 0.0585 0.0135 0.0178 0.0105 	8
13:	0.0000 0.6488 0.0000 0.1432 0.0000 0.0000 0.0000 0.0000 0.0513 0.0000 0.0000 0.0000 0.0000 0.0000 0.1068 0.0000 0.0258 0.0000 0.0000 0.0240 	5
14:	0.1976 0.0110 0.0000 0.2910 0.0066 0.0000 0.0025 0.0040 0.0911 0.0050 0.1818 0.0056 0.0000 0.0188 0.0743 0.0231 0.0581 0.0000 0.0000 0.0293 	2
15:	0.0000 0.1473 0.0000 0.0495 0.0000 0.5000 0.0000 0.0000 0.1280 0.0000 0.0000 0.0000 0.0000 0.0000 0.1454 0.0000 0.0000 0.0000 0.0000 0.0298 	2
16:	0.4177 0.0000 0.0186 0.0000 0.0101 0.0103 0.0203 0.0000 0.0000 0.0000 0.2220 0.0314 0.0324 0.0000 0.0000 0.0626 0.1365 0.0265 0.0117 0.0000 	2
17:	0.0000 0.0000 0.0352 0.0000 0.0000 0.4648 0.5000 0.0000 0.0000 0.0000 0.0000 0.0000 0.0000 0.0000 0.0000 0.0000 0.0000 0.0000 0.0000 0.0000 	2
18:	0.2830 0.0000 0.0035 0.0000 0.0038 0.0000 0.0000 0.0000 0.0000 0.0147 0.3217 0.0030 0.0177 0.0301 0.0042 0.0678 0.1940 0.0563 0.0001 0.0000 	3
19:	0.1250 0.0000 0.0720 0.0209 0.0407 0.0757 0.0000 0.0000 0.0095 0.0000 0.0655 0.0373 0.0000 0.0316 0.0110 0.4405 0.0387 0.0309 0.0006 0.0000 	3
