1:	0.3236 0.0003 0.1066 0.2849 0.0133 0.0162 0.0670 0.0824 0.0011 0.0523 0.0523 	23
2:	0.4163 0.0206 0.0046 0.2566 0.0113 0.0020 0.0202 0.0528 0.0467 0.0913 0.0776 	13
3:	0.6981 0.0000 0.0001 0.0153 0.0675 0.0009 0.0299 0.0198 0.0000 0.0243 0.1441 	5
4:	0.4829 0.1822 0.0043 0.0031 0.0102 0.0274 0.0200 0.0411 0.0819 0.0265 0.1206 	15
5:	0.4442 0.1754 0.0078 0.0055 0.0149 0.0173 0.0150 0.0190 0.2172 0.0127 0.0709 	18
6:	0.1116 0.2585 0.0131 0.0609 0.0080 0.1633 0.0043 0.0321 0.2713 0.0037 0.0733 	24
7:	0.4357 0.0353 0.2261 0.0078 0.0206 0.0181 0.0233 0.0182 0.0835 0.0154 0.1160 	9
8:	0.3361 0.0013 0.0911 0.0048 0.2099 0.0114 0.1222 0.0521 0.0005 0.0695 0.1011 	11
9:	0.0000 0.5024 0.0000 0.0000 0.0000 0.0208 0.0000 0.0023 0.3662 0.0000 0.1083 	1
10:	0.7529 0.0044 0.0232 0.0061 0.0287 0.0145 0.0169 0.0214 0.0009 0.0250 0.1060 	17
11:	0.0000 0.4608 0.0882 0.0000 0.0000 0.0129 0.0000 0.0133 0.3639 0.0000 0.0608 	1
12:	0.3152 0.0040 0.0622 0.1945 0.0074 0.2465 0.0401 0.0382 0.0219 0.0126 0.0575 	8
13:	0.0000 0.7639 0.0000 0.0000 0.0000 0.0095 0.0000 0.0051 0.1773 0.0000 0.0441 	5
14:	0.3825 0.2913 0.0000 0.0047 0.0116 0.0001 0.0056 0.0215 0.1679 0.0197 0.0952 	2
15:	0.0173 0.3078 0.0144 0.0000 0.0010 0.4634 0.0001 0.0068 0.1323 0.0002 0.0565 	2
16:	0.7494 0.0000 0.0244 0.0129 0.0259 0.0165 0.0461 0.0249 0.0000 0.0140 0.0856 	2
17:	0.0100 0.0046 0.0678 0.3056 0.0013 0.4022 0.0053 0.1991 0.0038 0.0000 0.0004 	2
18:	0.7729 0.0000 0.0049 0.0001 0.0130 0.0035 0.0364 0.0162 0.0000 0.0293 0.1235 	3
19:	0.4393 0.0138 0.0754 0.0129 0.1086 0.0879 0.0167 0.0279 0.0250 0.0327 0.1598 	3
