
Using the parameter settings in the file: 
''1763240293/clumpp.paramfile''

Parameter settings
----------------------- Main parameters -------------------------
DATATYPE = 0
INDFILE = 1763240293/ClumppIndFile
POPFILE = 
OUTFILE = 1763240293/ClumppIndFile.output
MISCFILE = 1763240293/ClumppIndFile.misc
K = 11
C = 164
R = 48
M = 3
W = 0
S = 2
- Additional options for the Greedy and LargeKGreedy algorithms -
GREEDY_OPTION = 2
REPEATS = 2000
PERMUTATIONFILE = 
----------------------- Optional outputs ------------------------
PRINT_PERMUTED_DATA = 0
PERMUTED_DATAFILE = 
PRINT_EVERY_PERM = 0
EVERY_PERMFILE = 
PRINT_RANDOM_INPUTORDER = 0
RANDOM_INPUTORDERFILE = 
----------------------- Advanced options ------------------------
OVERRIDE_WARNINGS = 0
ORDER_BY_RUN = 1


In total, 2000 configurations of runs and clusters will be tested.

Results
------------------------------
The highest value of H' is: 0.59874270186157

The list of permutations of the clusters that produces that
H' value is (runs are listed sequentially on separate rows)

1 2 3 4 5 6 7 8 9 10 11 
8 1 3 10 4 2 11 5 7 6 9 
9 1 2 3 5 8 4 6 7 11 10 
6 10 7 9 4 5 3 1 11 8 2 
10 1 4 7 8 6 9 11 2 5 3 
10 3 4 2 8 6 1 5 11 7 9 
2 6 3 4 10 9 8 7 11 5 1 
2 4 6 9 3 11 8 7 1 5 10 
2 5 9 10 7 8 11 3 6 1 4 
10 8 9 11 3 2 7 1 4 5 6 
1 11 8 6 7 3 4 2 5 10 9 
11 7 3 2 4 8 9 5 6 1 10 
11 5 7 9 10 6 2 1 4 3 8 
9 4 3 11 1 6 2 5 7 10 8 
3 10 4 11 8 5 2 7 1 6 9 
10 2 1 3 5 6 11 7 4 8 9 
11 7 3 6 4 9 10 1 8 2 5 
11 7 2 9 5 1 6 3 10 8 4 
3 9 2 5 6 10 11 7 1 4 8 
2 9 6 7 8 4 3 10 1 5 11 
8 10 6 11 2 4 9 5 7 3 1 
1 3 7 2 8 11 4 6 5 10 9 
6 7 5 8 2 10 1 11 3 4 9 
5 10 6 1 3 8 7 4 11 9 2 
4 2 5 9 10 6 8 3 7 1 11 
4 5 7 8 3 10 9 6 1 2 11 
5 10 4 9 3 6 1 11 7 8 2 
10 11 8 6 2 3 9 5 1 4 7 
6 11 10 1 3 4 8 7 9 5 2 
2 5 10 8 4 9 7 1 6 3 11 
2 9 4 11 7 5 3 6 10 8 1 
3 8 11 9 6 10 7 5 1 4 2 
3 4 5 1 11 8 7 2 10 9 6 
3 5 8 1 6 9 11 2 4 7 10 
6 8 1 9 7 11 2 3 5 4 10 
8 9 11 1 3 4 2 7 5 10 6 
6 11 7 5 4 3 1 8 10 9 2 
3 2 8 10 5 1 4 7 6 11 9 
9 2 6 3 4 11 10 1 7 5 8 
3 5 2 1 8 7 10 6 11 4 9 
10 6 11 1 7 9 2 5 8 3 4 
6 4 8 1 3 10 5 2 11 7 9 
9 4 7 10 11 6 2 5 8 1 3 
7 2 10 9 3 4 1 6 11 8 5 
10 8 1 2 6 9 7 3 4 11 5 
8 10 9 1 7 4 3 11 6 2 5 
8 5 9 3 1 7 6 10 4 11 2 
6 3 4 2 1 7 10 8 11 9 5 

The pairwise G' values for each pair of runs where the clusters
of each run are permuted according to the list of permutations above

1.0000 0.5526 0.6761 0.5321 0.4889 0.5015 0.6552 0.4707 0.5141 0.5931 0.5915 0.5488 0.4962 0.5638 0.6170 0.5891 0.5957 0.5113 0.5280 0.5532 0.5423 0.5249 0.5345 0.6382 0.5181 0.5501 0.4801 0.4808 0.4650 0.5670 0.5831 0.5579 0.5536 0.5611 0.5602 0.4931 0.6216 0.6094 0.5056 0.5328 0.5090 0.4989 0.5285 0.5578 0.5123 0.5559 0.6071 0.6281 
0.5526 1.0000 0.6030 0.5941 0.5314 0.5718 0.5552 0.5825 0.6019 0.7071 0.5961 0.5069 0.6469 0.5344 0.6241 0.6084 0.5230 0.6468 0.6159 0.5293 0.5100 0.5892 0.5966 0.6562 0.5905 0.6190 0.6276 0.5769 0.5568 0.5629 0.5498 0.5523 0.5523 0.6588 0.5693 0.5006 0.5120 0.6157 0.4750 0.5720 0.4963 0.5128 0.5978 0.5147 0.5137 0.5195 0.5060 0.5203 
0.6761 0.6030 1.0000 0.6726 0.5753 0.6027 0.6525 0.5838 0.6293 0.6935 0.7537 0.6656 0.6160 0.6307 0.7191 0.5926 0.6800 0.6414 0.6564 0.6540 0.6475 0.6536 0.6729 0.6881 0.6223 0.6563 0.6126 0.5932 0.5812 0.7120 0.6569 0.6146 0.6371 0.6021 0.6114 0.6250 0.6102 0.6630 0.5792 0.6268 0.6266 0.5739 0.6358 0.6326 0.5946 0.6754 0.5192 0.6455 
0.5321 0.5941 0.6726 1.0000 0.6952 0.6044 0.5604 0.6518 0.5777 0.5788 0.7053 0.6838 0.6520 0.6557 0.6429 0.6820 0.6519 0.7434 0.8159 0.6100 0.6209 0.8734 0.8109 0.5760 0.7067 0.7199 0.6882 0.6582 0.6710 0.6543 0.6663 0.7683 0.6180 0.5851 0.5822 0.6134 0.5683 0.5603 0.5090 0.7123 0.6353 0.5224 0.5563 0.6189 0.6170 0.6601 0.5386 0.6578 
0.4889 0.5314 0.5753 0.6952 1.0000 0.6031 0.5104 0.6977 0.5365 0.5121 0.6245 0.6456 0.5967 0.6024 0.5923 0.6420 0.6069 0.6509 0.6881 0.6340 0.5925 0.7192 0.6707 0.5413 0.7013 0.6356 0.6262 0.7055 0.6748 0.6157 0.5978 0.6940 0.6091 0.5045 0.5353 0.5682 0.5235 0.5087 0.4688 0.6734 0.5812 0.4940 0.5102 0.6680 0.5438 0.7325 0.4988 0.6058 
0.5015 0.5718 0.6027 0.6044 0.6031 1.0000 0.5434 0.5871 0.6329 0.5859 0.6587 0.6584 0.5603 0.7080 0.6334 0.5255 0.5949 0.6162 0.6201 0.6738 0.6302 0.6280 0.6205 0.5922 0.6809 0.5653 0.6075 0.5589 0.5856 0.6489 0.6179 0.5707 0.6465 0.4672 0.6052 0.5976 0.5079 0.5283 0.4987 0.5857 0.6627 0.5002 0.5716 0.6074 0.6474 0.6930 0.4116 0.6374 
0.6552 0.5552 0.6525 0.5604 0.5104 0.5434 1.0000 0.4881 0.5236 0.6131 0.6149 0.5812 0.5658 0.6078 0.5751 0.6337 0.6389 0.5215 0.5858 0.5759 0.5545 0.5323 0.5459 0.6561 0.5287 0.5654 0.5262 0.4932 0.4731 0.5660 0.6624 0.5770 0.6027 0.5434 0.5695 0.4995 0.6326 0.5316 0.5608 0.5253 0.5227 0.5209 0.5623 0.6117 0.5617 0.5618 0.5455 0.6001 
0.4707 0.5825 0.5838 0.6518 0.6977 0.5871 0.4881 1.0000 0.5838 0.5290 0.6026 0.5895 0.6046 0.5386 0.5796 0.5711 0.5646 0.6484 0.6293 0.5875 0.5964 0.6611 0.6285 0.5492 0.6613 0.5858 0.6214 0.7566 0.6169 0.6066 0.5446 0.6443 0.5788 0.5167 0.5095 0.5432 0.4780 0.5109 0.4541 0.6370 0.5344 0.4639 0.5460 0.6206 0.5171 0.6327 0.4655 0.5378 
0.5141 0.6019 0.6293 0.5777 0.5365 0.6329 0.5236 0.5838 1.0000 0.6648 0.6642 0.5933 0.5701 0.6161 0.6875 0.5274 0.5641 0.6222 0.5714 0.6044 0.5736 0.6047 0.5794 0.6135 0.5958 0.5875 0.6219 0.5597 0.5675 0.6514 0.5867 0.5327 0.5918 0.5439 0.6053 0.5648 0.5359 0.6300 0.5525 0.5663 0.5949 0.5440 0.6699 0.5683 0.5836 0.6138 0.4052 0.5596 
0.5931 0.7071 0.6935 0.5788 0.5121 0.5859 0.6131 0.5290 0.6648 1.0000 0.6972 0.5945 0.6152 0.6186 0.7294 0.5873 0.6004 0.6172 0.6096 0.5965 0.5771 0.5737 0.5887 0.7216 0.5579 0.6215 0.6297 0.5397 0.5446 0.6430 0.6254 0.5237 0.6011 0.6302 0.6476 0.5568 0.5599 0.7077 0.5610 0.5578 0.5742 0.5933 0.6783 0.5654 0.5873 0.6045 0.4609 0.5821 
0.5915 0.5961 0.7537 0.7053 0.6245 0.6587 0.6149 0.6026 0.6642 0.6972 1.0000 0.7094 0.6235 0.7171 0.7494 0.6003 0.7007 0.7081 0.6914 0.7113 0.6758 0.7015 0.6912 0.6588 0.6207 0.6580 0.6807 0.6210 0.6413 0.7339 0.7323 0.6369 0.6788 0.5484 0.6253 0.6520 0.5714 0.6129 0.5720 0.6231 0.6474 0.5539 0.6341 0.6544 0.6631 0.7349 0.4724 0.6620 
0.5488 0.5069 0.6656 0.6838 0.6456 0.6584 0.5812 0.5895 0.5933 0.5945 0.7094 1.0000 0.5533 0.7150 0.6915 0.6094 0.6783 0.6221 0.6737 0.6670 0.6506 0.6991 0.6594 0.5887 0.6338 0.5984 0.6077 0.5990 0.6049 0.6656 0.6841 0.6583 0.6336 0.4835 0.6030 0.6541 0.5704 0.5564 0.5135 0.6463 0.6666 0.5411 0.5611 0.6601 0.6373 0.7172 0.4772 0.6997 
0.4962 0.6469 0.6160 0.6520 0.5967 0.5603 0.5658 0.6046 0.5701 0.6152 0.6235 0.5533 1.0000 0.5691 0.5769 0.6040 0.5730 0.6736 0.7025 0.5668 0.5594 0.6406 0.6538 0.6447 0.6431 0.6548 0.7153 0.6295 0.6375 0.6311 0.5677 0.6049 0.6060 0.5551 0.5244 0.5733 0.5286 0.5484 0.5121 0.6630 0.5444 0.5078 0.6048 0.5842 0.5571 0.5642 0.4457 0.5453 
0.5638 0.5344 0.6307 0.6557 0.6024 0.7080 0.6078 0.5386 0.6161 0.6186 0.7171 0.7150 0.5691 1.0000 0.6641 0.5981 0.6572 0.6499 0.6613 0.6429 0.6095 0.6720 0.6475 0.6200 0.6150 0.6184 0.6615 0.5456 0.5987 0.6530 0.6934 0.6380 0.6488 0.4861 0.6137 0.5964 0.5424 0.5532 0.5599 0.6291 0.6993 0.5097 0.5803 0.6333 0.7278 0.6920 0.4618 0.7207 
0.6170 0.6241 0.7191 0.6429 0.5923 0.6334 0.5751 0.5796 0.6875 0.7294 0.7494 0.6915 0.5769 0.6641 1.0000 0.5836 0.6360 0.6667 0.6295 0.6783 0.6380 0.6740 0.6530 0.6949 0.6269 0.6258 0.6425 0.5902 0.6158 0.6973 0.6550 0.5986 0.6204 0.5893 0.6875 0.6279 0.6179 0.6903 0.5618 0.6403 0.6403 0.5941 0.6548 0.6066 0.5984 0.7052 0.4843 0.6801 
0.5891 0.6084 0.5926 0.6820 0.6420 0.5255 0.6337 0.5711 0.5274 0.5873 0.6003 0.6094 0.6040 0.5981 0.5836 1.0000 0.6211 0.6044 0.6957 0.5509 0.5346 0.6512 0.6553 0.5781 0.6087 0.7001 0.5796 0.5789 0.5677 0.5755 0.6625 0.6914 0.5640 0.6134 0.5838 0.5184 0.5995 0.5607 0.4939 0.6288 0.5329 0.5448 0.5215 0.6134 0.5328 0.5689 0.6196 0.6344 
0.5957 0.5230 0.6800 0.6519 0.6069 0.5949 0.6389 0.5646 0.5641 0.6004 0.7007 0.6783 0.5730 0.6572 0.6360 0.6211 1.0000 0.5835 0.6430 0.6516 0.6431 0.6327 0.6393 0.5977 0.6088 0.6183 0.5621 0.5756 0.5586 0.6595 0.7157 0.6631 0.6396 0.5086 0.5710 0.6286 0.5523 0.5510 0.5196 0.6190 0.6525 0.5111 0.5689 0.6655 0.6507 0.6753 0.5335 0.6542 
0.5113 0.6468 0.6414 0.7434 0.6509 0.6162 0.5215 0.6484 0.6222 0.6172 0.7081 0.6221 0.6736 0.6499 0.6667 0.6044 0.5835 1.0000 0.7150 0.6101 0.5911 0.7674 0.7208 0.6159 0.6831 0.6416 0.7548 0.6787 0.6789 0.6554 0.5884 0.6910 0.6197 0.5517 0.5997 0.6001 0.4987 0.5639 0.5104 0.6932 0.6099 0.4951 0.5790 0.5781 0.6143 0.6423 0.4835 0.5832 
0.5280 0.6159 0.6564 0.8159 0.6881 0.6201 0.5858 0.6293 0.5714 0.6096 0.6914 0.6737 0.7025 0.6613 0.6295 0.6957 0.6430 0.7150 1.0000 0.5972 0.6126 0.7731 0.7817 0.6170 0.7025 0.7236 0.6909 0.6378 0.6779 0.6594 0.6734 0.7085 0.6235 0.5729 0.5978 0.6014 0.5580 0.5613 0.5251 0.6813 0.6117 0.5229 0.5659 0.6144 0.6235 0.6435 0.5188 0.6597 
0.5532 0.5293 0.6540 0.6100 0.6340 0.6738 0.5759 0.5875 0.6044 0.5965 0.7113 0.6670 0.5668 0.6429 0.6783 0.5509 0.6516 0.6101 0.5972 1.0000 0.7080 0.6433 0.6208 0.6050 0.6602 0.6037 0.6002 0.5968 0.6338 0.7016 0.6698 0.6365 0.7171 0.4979 0.5907 0.6103 0.5478 0.5614 0.5132 0.6297 0.6333 0.5361 0.5959 0.6783 0.5775 0.7336 0.4577 0.6269 
0.5423 0.5100 0.6475 0.6209 0.5925 0.6302 0.5545 0.5964 0.5736 0.5771 0.6758 0.6506 0.5594 0.6095 0.6380 0.5346 0.6431 0.5911 0.6126 0.7080 1.0000 0.6236 0.6106 0.6025 0.6293 0.5738 0.5582 0.5780 0.6276 0.7285 0.6351 0.6155 0.7231 0.4879 0.5583 0.6029 0.5219 0.5589 0.4993 0.5905 0.5890 0.5001 0.5807 0.6584 0.5854 0.6767 0.4400 0.6134 
0.5249 0.5892 0.6536 0.8734 0.7192 0.6280 0.5323 0.6611 0.6047 0.5737 0.7015 0.6991 0.6406 0.6720 0.6740 0.6512 0.6327 0.7674 0.7731 0.6433 0.6236 1.0000 0.7858 0.5809 0.7300 0.6996 0.7286 0.6717 0.7068 0.6674 0.6421 0.7604 0.6174 0.5684 0.5870 0.6270 0.5704 0.5647 0.5115 0.7458 0.6615 0.5119 0.5656 0.6187 0.6144 0.6839 0.5250 0.6505 
0.5345 0.5966 0.6729 0.8109 0.6707 0.6205 0.5459 0.6285 0.5794 0.5887 0.6912 0.6594 0.6538 0.6475 0.6530 0.6553 0.6393 0.7208 0.7817 0.6208 0.6106 0.7858 1.0000 0.5842 0.7279 0.7477 0.6741 0.6285 0.6614 0.6599 0.6391 0.7101 0.6224 0.5906 0.6211 0.6098 0.5350 0.5622 0.5193 0.7387 0.6401 0.5365 0.5626 0.6118 0.5809 0.6666 0.5213 0.6617 
0.6382 0.6562 0.6881 0.5760 0.5413 0.5922 0.6561 0.5492 0.6135 0.7216 0.6588 0.5887 0.6447 0.6200 0.6949 0.5781 0.5977 0.6159 0.6170 0.6050 0.6025 0.5809 0.5842 1.0000 0.5794 0.5880 0.6251 0.5578 0.5602 0.7008 0.5808 0.5525 0.6485 0.5721 0.6214 0.5943 0.6211 0.6834 0.5816 0.5816 0.5754 0.5428 0.6580 0.6352 0.5891 0.5991 0.4902 0.6356 
0.5181 0.5905 0.6223 0.7067 0.7013 0.6809 0.5287 0.6613 0.5958 0.5579 0.6207 0.6338 0.6431 0.6150 0.6269 0.6087 0.6088 0.6831 0.7025 0.6602 0.6293 0.7300 0.7279 0.5794 1.0000 0.6636 0.6451 0.6557 0.6409 0.6615 0.5838 0.6918 0.6398 0.5714 0.5709 0.5778 0.5168 0.5396 0.4727 0.7299 0.6267 0.4974 0.5648 0.6185 0.5644 0.6826 0.4829 0.6110 
0.5501 0.6190 0.6563 0.7199 0.6356 0.5653 0.5654 0.5858 0.5875 0.6215 0.6580 0.5984 0.6548 0.6184 0.6258 0.7001 0.6183 0.6416 0.7236 0.6037 0.5738 0.6996 0.7477 0.5880 0.6636 1.0000 0.6421 0.5913 0.6194 0.6563 0.6651 0.6811 0.5953 0.6581 0.5865 0.5778 0.5609 0.6128 0.5300 0.6718 0.5993 0.5610 0.5861 0.6309 0.5560 0.6095 0.5212 0.6428 
0.4801 0.6276 0.6126 0.6882 0.6262 0.6075 0.5262 0.6214 0.6219 0.6297 0.6807 0.6077 0.7153 0.6615 0.6425 0.5796 0.5621 0.7548 0.6909 0.6002 0.5582 0.7286 0.6741 0.6251 0.6451 0.6421 1.0000 0.6390 0.6722 0.6339 0.5782 0.6132 0.5881 0.5304 0.5642 0.5591 0.5011 0.5507 0.5488 0.7092 0.6051 0.4858 0.6225 0.5576 0.6170 0.6173 0.4436 0.5571 
0.4808 0.5769 0.5932 0.6582 0.7055 0.5589 0.4932 0.7566 0.5597 0.5397 0.6210 0.5990 0.6295 0.5456 0.5902 0.5789 0.5756 0.6787 0.6378 0.5968 0.5780 0.6717 0.6285 0.5578 0.6557 0.5913 0.6390 1.0000 0.6393 0.6126 0.5563 0.6701 0.5793 0.5223 0.5201 0.5627 0.4930 0.5180 0.4670 0.6467 0.5356 0.4810 0.5569 0.6222 0.5228 0.6331 0.4848 0.5388 
0.4650 0.5568 0.5812 0.6710 0.6748 0.5856 0.4731 0.6169 0.5675 0.5446 0.6413 0.6049 0.6375 0.5987 0.6158 0.5677 0.5586 0.6789 0.6779 0.6338 0.6276 0.7068 0.6614 0.5602 0.6409 0.6194 0.6722 0.6393 1.0000 0.6467 0.5631 0.6194 0.6225 0.4991 0.5374 0.5996 0.5139 0.5232 0.4876 0.6374 0.5648 0.5048 0.5308 0.5672 0.5519 0.6283 0.4447 0.5712 
0.5670 0.5629 0.7120 0.6543 0.6157 0.6489 0.5660 0.6066 0.6514 0.6430 0.7339 0.6656 0.6311 0.6530 0.6973 0.5755 0.6595 0.6554 0.6594 0.7016 0.7285 0.6674 0.6599 0.7008 0.6615 0.6563 0.6339 0.6126 0.6467 1.0000 0.6275 0.6318 0.6990 0.5450 0.6037 0.6761 0.5705 0.6554 0.5696 0.6426 0.6459 0.5499 0.6546 0.7149 0.6194 0.6826 0.4509 0.6632 
0.5831 0.5498 0.6569 0.6663 0.5978 0.6179 0.6624 0.5446 0.5867 0.6254 0.7323 0.6841 0.5677 0.6934 0.6550 0.6625 0.7157 0.5884 0.6734 0.6698 0.6351 0.6421 0.6391 0.5808 0.5838 0.6651 0.5782 0.5563 0.5631 0.6275 1.0000 0.6689 0.6423 0.5206 0.6079 0.5772 0.5739 0.5585 0.5455 0.5930 0.5954 0.5473 0.5962 0.6512 0.6213 0.6646 0.5172 0.6738 
0.5579 0.5523 0.6146 0.7683 0.6940 0.5707 0.5770 0.6443 0.5327 0.5237 0.6369 0.6583 0.6049 0.6380 0.5986 0.6914 0.6631 0.6910 0.7085 0.6365 0.6155 0.7604 0.7101 0.5525 0.6918 0.6811 0.6132 0.6701 0.6194 0.6318 0.6689 1.0000 0.6255 0.5554 0.5569 0.5778 0.5501 0.5295 0.4861 0.7261 0.5930 0.4988 0.5376 0.6676 0.5706 0.6315 0.5953 0.6555 
0.5536 0.5523 0.6371 0.6180 0.6091 0.6465 0.6027 0.5788 0.5918 0.6011 0.6788 0.6336 0.6060 0.6488 0.6204 0.5640 0.6396 0.6197 0.6235 0.7171 0.7231 0.6174 0.6224 0.6485 0.6398 0.5953 0.5881 0.5793 0.6225 0.6990 0.6423 0.6255 1.0000 0.5013 0.5959 0.6042 0.5393 0.5693 0.5093 0.5895 0.5965 0.4995 0.6001 0.6893 0.6179 0.6827 0.4598 0.6175 
0.5611 0.6588 0.6021 0.5851 0.5045 0.4672 0.5434 0.5167 0.5439 0.6302 0.5484 0.4835 0.5551 0.4861 0.5893 0.6134 0.5086 0.5517 0.5729 0.4979 0.4879 0.5684 0.5906 0.5721 0.5714 0.6581 0.5304 0.5223 0.4991 0.5450 0.5206 0.5554 0.5013 1.0000 0.5363 0.4751 0.5634 0.6539 0.5233 0.5616 0.4844 0.5680 0.5772 0.4992 0.4539 0.4953 0.5344 0.5325 
0.5602 0.5693 0.6114 0.5822 0.5353 0.6052 0.5695 0.5095 0.6053 0.6476 0.6253 0.6030 0.5244 0.6137 0.6875 0.5838 0.5710 0.5997 0.5978 0.5907 0.5583 0.5870 0.6211 0.6214 0.5709 0.5865 0.5642 0.5201 0.5374 0.6037 0.6079 0.5569 0.5959 0.5363 1.0000 0.5560 0.5758 0.5940 0.5059 0.5594 0.5972 0.6152 0.5723 0.5639 0.5653 0.6134 0.4900 0.6318 
0.4931 0.5006 0.6250 0.6134 0.5682 0.5976 0.4995 0.5432 0.5648 0.5568 0.6520 0.6541 0.5733 0.5964 0.6279 0.5184 0.6286 0.6001 0.6014 0.6103 0.6029 0.6270 0.6098 0.5943 0.5778 0.5778 0.5591 0.5627 0.5996 0.6761 0.5772 0.5778 0.6042 0.4751 0.5560 1.0000 0.5544 0.5754 0.4988 0.5683 0.6642 0.5328 0.5628 0.6305 0.6195 0.6183 0.4805 0.6192 
0.6216 0.5120 0.6102 0.5683 0.5235 0.5079 0.6326 0.4780 0.5359 0.5599 0.5714 0.5704 0.5286 0.5424 0.6179 0.5995 0.5523 0.4987 0.5580 0.5478 0.5219 0.5704 0.5350 0.6211 0.5168 0.5609 0.5011 0.4930 0.5139 0.5705 0.5739 0.5501 0.5393 0.5634 0.5758 0.5544 1.0000 0.6111 0.5283 0.5124 0.5311 0.5657 0.5484 0.5773 0.5099 0.5482 0.5604 0.6243 
0.6094 0.6157 0.6630 0.5603 0.5087 0.5283 0.5316 0.5109 0.6300 0.7077 0.6129 0.5564 0.5484 0.5532 0.6903 0.5607 0.5510 0.5639 0.5613 0.5614 0.5589 0.5647 0.5622 0.6834 0.5396 0.6128 0.5507 0.5180 0.5232 0.6554 0.5585 0.5295 0.5693 0.6539 0.5940 0.5754 0.6111 1.0000 0.6044 0.5476 0.5494 0.6014 0.6835 0.5820 0.5207 0.5656 0.4936 0.5958 
0.5056 0.4750 0.5792 0.5090 0.4688 0.4987 0.5608 0.4541 0.5525 0.5610 0.5720 0.5135 0.5121 0.5599 0.5618 0.4939 0.5196 0.5104 0.5251 0.5132 0.4993 0.5115 0.5193 0.5816 0.4727 0.5300 0.5488 0.4670 0.4876 0.5696 0.5455 0.4861 0.5093 0.5233 0.5059 0.4988 0.5283 0.6044 1.0000 0.5285 0.5024 0.5799 0.6561 0.5200 0.5011 0.5229 0.4296 0.5450 
0.5328 0.5720 0.6268 0.7123 0.6734 0.5857 0.5253 0.6370 0.5663 0.5578 0.6231 0.6463 0.6630 0.6291 0.6403 0.6288 0.6190 0.6932 0.6813 0.6297 0.5905 0.7458 0.7387 0.5816 0.7299 0.6718 0.7092 0.6467 0.6374 0.6426 0.5930 0.7261 0.5895 0.5616 0.5594 0.5683 0.5124 0.5476 0.5285 1.0000 0.6257 0.5265 0.5893 0.6038 0.5429 0.6476 0.5062 0.6234 
0.5090 0.4963 0.6266 0.6353 0.5812 0.6627 0.5227 0.5344 0.5949 0.5742 0.6474 0.6666 0.5444 0.6993 0.6403 0.5329 0.6525 0.6099 0.6117 0.6333 0.5890 0.6615 0.6401 0.5754 0.6267 0.5993 0.6051 0.5356 0.5648 0.6459 0.5954 0.5930 0.5965 0.4844 0.5972 0.6642 0.5311 0.5494 0.5024 0.6257 1.0000 0.5101 0.5542 0.6014 0.7017 0.6693 0.4560 0.6612 
0.4989 0.5128 0.5739 0.5224 0.4940 0.5002 0.5209 0.4639 0.5440 0.5933 0.5539 0.5411 0.5078 0.5097 0.5941 0.5448 0.5111 0.4951 0.5229 0.5361 0.5001 0.5119 0.5365 0.5428 0.4974 0.5610 0.4858 0.4810 0.5048 0.5499 0.5473 0.4988 0.4995 0.5680 0.6152 0.5328 0.5657 0.6014 0.5799 0.5265 0.5101 1.0000 0.5867 0.5352 0.4662 0.5282 0.4451 0.5570 
0.5285 0.5978 0.6358 0.5563 0.5102 0.5716 0.5623 0.5460 0.6699 0.6783 0.6341 0.5611 0.6048 0.5803 0.6548 0.5215 0.5689 0.5790 0.5659 0.5959 0.5807 0.5656 0.5626 0.6580 0.5648 0.5861 0.6225 0.5569 0.5308 0.6546 0.5962 0.5376 0.6001 0.5772 0.5723 0.5628 0.5484 0.6835 0.6561 0.5893 0.5542 0.5867 1.0000 0.5859 0.5492 0.5783 0.4236 0.5513 
0.5578 0.5147 0.6326 0.6189 0.6680 0.6074 0.6117 0.6206 0.5683 0.5654 0.6544 0.6601 0.5842 0.6333 0.6066 0.6134 0.6655 0.5781 0.6144 0.6783 0.6584 0.6187 0.6118 0.6352 0.6185 0.6309 0.5576 0.6222 0.5672 0.7149 0.6512 0.6676 0.6893 0.4992 0.5639 0.6305 0.5773 0.5820 0.5200 0.6038 0.6014 0.5352 0.5859 1.0000 0.5802 0.6713 0.4829 0.6557 
0.5123 0.5137 0.5946 0.6170 0.5438 0.6474 0.5617 0.5171 0.5836 0.5873 0.6631 0.6373 0.5571 0.7278 0.5984 0.5328 0.6507 0.6143 0.6235 0.5775 0.5854 0.6144 0.5809 0.5891 0.5644 0.5560 0.6170 0.5228 0.5519 0.6194 0.6213 0.5706 0.6179 0.4539 0.5653 0.6195 0.5099 0.5207 0.5011 0.5429 0.7017 0.4662 0.5492 0.5802 1.0000 0.6111 0.4477 0.6425 
0.5559 0.5195 0.6754 0.6601 0.7325 0.6930 0.5618 0.6327 0.6138 0.6045 0.7349 0.7172 0.5642 0.6920 0.7052 0.5689 0.6753 0.6423 0.6435 0.7336 0.6767 0.6839 0.6666 0.5991 0.6826 0.6095 0.6173 0.6331 0.6283 0.6826 0.6646 0.6315 0.6827 0.4953 0.6134 0.6183 0.5482 0.5656 0.5229 0.6476 0.6693 0.5282 0.5783 0.6713 0.6111 1.0000 0.4524 0.6626 
0.6071 0.5060 0.5192 0.5386 0.4988 0.4116 0.5455 0.4655 0.4052 0.4609 0.4724 0.4772 0.4457 0.4618 0.4843 0.6196 0.5335 0.4835 0.5188 0.4577 0.4400 0.5250 0.5213 0.4902 0.4829 0.5212 0.4436 0.4848 0.4447 0.4509 0.5172 0.5953 0.4598 0.5344 0.4900 0.4805 0.5604 0.4936 0.4296 0.5062 0.4560 0.4451 0.4236 0.4829 0.4477 0.4524 1.0000 0.5316 
0.6281 0.5203 0.6455 0.6578 0.6058 0.6374 0.6001 0.5378 0.5596 0.5821 0.6620 0.6997 0.5453 0.7207 0.6801 0.6344 0.6542 0.5832 0.6597 0.6269 0.6134 0.6505 0.6617 0.6356 0.6110 0.6428 0.5571 0.5388 0.5712 0.6632 0.6738 0.6555 0.6175 0.5325 0.6318 0.6192 0.6243 0.5958 0.5450 0.6234 0.6612 0.5570 0.5513 0.6557 0.6425 0.6626 0.5316 1.0000 
