1:	0.0902 0.2328 0.0170 0.0031 0.3663 0.1108 0.0524 0.0566 0.0708 	9
2:	0.2778 0.0960 0.0000 0.0000 0.4329 0.0000 0.0000 0.1111 0.0822 	3
3:	0.0657 0.0326 0.2500 0.2500 0.2126 0.0011 0.0171 0.0043 0.1667 	4
4:	0.0789 0.0000 0.2751 0.1774 0.0009 0.1351 0.1883 0.0368 0.1076 	2
5:	0.1135 0.2050 0.1220 0.0092 0.1659 0.1254 0.1477 0.0645 0.0468 	17
6:	0.1979 0.0161 0.0855 0.0128 0.0387 0.2964 0.1692 0.0651 0.1184 	12
7:	0.0856 0.1263 0.0000 0.0000 0.0712 0.2446 0.1905 0.1175 0.1644 	3
8:	0.3805 0.0000 0.0897 0.0000 0.0000 0.1723 0.0818 0.0000 0.2757 	2
9:	0.6667 0.0000 0.0000 0.0000 0.0000 0.0000 0.1667 0.0000 0.1667 	1
10:	0.0568 0.0249 0.2500 0.0000 0.1791 0.1437 0.1816 0.0459 0.1179 	4
11:	0.1948 0.1633 0.2496 0.0000 0.0562 0.1146 0.1009 0.0194 0.1012 	14
12:	0.0452 0.3937 0.0325 0.0000 0.1319 0.1166 0.0954 0.0835 0.1012 	9
13:	0.0127 0.3284 0.1072 0.0030 0.3490 0.0350 0.0796 0.0248 0.0602 	14
14:	0.0464 0.1945 0.0000 0.0000 0.2338 0.0000 0.3966 0.0198 0.1091 	2
15:	0.0073 0.0265 0.1111 0.3934 0.0184 0.1615 0.1783 0.0271 0.0764 	9
