1.0000	0.3942	0.4028	0.3826	0.4395	0.3633	0.3540	0.3467	0.3712	0.3864	0.4030	0.3830	0.4521	0.4055	0.3585	0.4197	0.4603	0.4052	0.4212	0.4165	0.4578	0.4058	0.3705	0.4870	0.4196	0.4058	0.3954	0.4445	0.3703	0.4317	0.4022	0.4416	0.4003	0.3823	0.3919	0.3963	0.4129	0.4085	0.4187	0.3887	0.3444	0.3789	0.4639	0.3862	0.4052	0.4001	0.4569	0.4109	0.3882	0.4092
0.3942	1.0000	0.4667	0.4579	0.4669	0.4764	0.4008	0.4442	0.5040	0.5006	0.4549	0.4738	0.4503	0.4884	0.4302	0.3850	0.3976	0.4795	0.5253	0.4659	0.5016	0.4662	0.4990	0.4242	0.4337	0.4956	0.4562	0.5368	0.4528	0.5131	0.5273	0.4589	0.4643	0.5009	0.5066	0.4805	0.4793	0.4751	0.5018	0.4362	0.3801	0.4941	0.4916	0.4634	0.4578	0.4922	0.4547	0.5016	0.4195	0.4850
0.4028	0.4667	1.0000	0.4957	0.4431	0.4388	0.4105	0.4527	0.4404	0.4647	0.3815	0.4580	0.4687	0.4568	0.4800	0.4577	0.4373	0.4933	0.4286	0.4676	0.4921	0.4481	0.4805	0.4809	0.4196	0.4754	0.4631	0.5014	0.4420	0.5184	0.4991	0.4560	0.4378	0.4430	0.5258	0.5010	0.4651	0.4894	0.4670	0.4566	0.3241	0.4986	0.4980	0.4734	0.5135	0.4625	0.5134	0.4537	0.4916	0.4951
0.3826	0.4579	0.4957	1.0000	0.4514	0.3929	0.4528	0.4524	0.4351	0.4524	0.4083	0.4654	0.4308	0.4515	0.4622	0.4746	0.4337	0.4951	0.4443	0.5098	0.4406	0.4713	0.4643	0.4134	0.4952	0.4476	0.4924	0.4555	0.4928	0.4979	0.5206	0.5132	0.4941	0.4399	0.4922	0.4659	0.4596	0.4866	0.4655	0.3802	0.3142	0.4568	0.4903	0.4790	0.4519	0.5075	0.4476	0.4609	0.4462	0.4766
0.4395	0.4669	0.4431	0.4514	1.0000	0.4547	0.4279	0.4491	0.4707	0.5143	0.3778	0.4437	0.4609	0.5577	0.4918	0.3627	0.4166	0.4366	0.4919	0.4263	0.4808	0.5049	0.4807	0.3821	0.5084	0.4571	0.4232	0.4468	0.4382	0.4619	0.4912	0.4586	0.4658	0.4386	0.4365	0.4734	0.5379	0.4795	0.5280	0.3999	0.3096	0.4339	0.4687	0.4532	0.5011	0.5429	0.5156	0.4870	0.4760	0.4595
0.3633	0.4764	0.4388	0.3929	0.4547	1.0000	0.5293	0.4492	0.4756	0.4480	0.3511	0.4264	0.4029	0.4742	0.4392	0.3829	0.3770	0.4249	0.4460	0.4229	0.4443	0.4535	0.4351	0.3688	0.4348	0.3982	0.4702	0.4171	0.4313	0.4618	0.4063	0.4458	0.4730	0.4390	0.4637	0.4173	0.4740	0.4100	0.4520	0.4353	0.3489	0.4515	0.4500	0.4472	0.4956	0.4884	0.4966	0.5194	0.4547	0.4646
0.3540	0.4008	0.4105	0.4528	0.4279	0.5293	1.0000	0.4162	0.4504	0.4607	0.3436	0.4186	0.3977	0.4721	0.4357	0.3973	0.3923	0.3974	0.4141	0.4240	0.4155	0.4509	0.4320	0.3494	0.4885	0.4012	0.4420	0.4037	0.4418	0.4352	0.4277	0.4491	0.4888	0.4217	0.4303	0.3984	0.4508	0.4355	0.4255	0.3761	0.3120	0.4361	0.4370	0.4264	0.4828	0.5016	0.4325	0.4733	0.4482	0.4420
0.3467	0.4442	0.4527	0.4524	0.4491	0.4492	0.4162	1.0000	0.4295	0.4162	0.3773	0.4269	0.4089	0.4724	0.4903	0.3889	0.4212	0.4507	0.4210	0.5164	0.4075	0.4298	0.4449	0.3897	0.4416	0.4115	0.4429	0.4573	0.4401	0.4534	0.4423	0.4852	0.4255	0.4221	0.5019	0.4097	0.4537	0.4287	0.4814	0.4969	0.3329	0.4189	0.4374	0.4904	0.4477	0.4367	0.4914	0.4685	0.4029	0.4680
0.3712	0.5040	0.4404	0.4351	0.4707	0.4756	0.4504	0.4295	1.0000	0.5135	0.3686	0.5288	0.4942	0.5418	0.4948	0.3826	0.4365	0.4278	0.4943	0.4548	0.4771	0.4357	0.5584	0.4430	0.5145	0.4825	0.5100	0.4593	0.4725	0.5269	0.4960	0.5052	0.4616	0.4686	0.4359	0.4547	0.5105	0.5609	0.4260	0.3817	0.3563	0.4830	0.4369	0.4519	0.5295	0.4703	0.4745	0.5189	0.4396	0.5004
0.3864	0.5006	0.4647	0.4524	0.5143	0.4480	0.4607	0.4162	0.5135	1.0000	0.3975	0.4980	0.5196	0.5233	0.5055	0.4070	0.4407	0.4514	0.5867	0.4565	0.5222	0.5353	0.4948	0.4138	0.5099	0.4628	0.5429	0.4859	0.4254	0.4662	0.5093	0.4966	0.4731	0.4804	0.4297	0.4929	0.5549	0.4982	0.4848	0.4005	0.3128	0.4443	0.4649	0.4477	0.6169	0.5912	0.4818	0.4946	0.4834	0.4982
0.4030	0.4549	0.3815	0.4083	0.3778	0.3511	0.3436	0.3773	0.3686	0.3975	1.0000	0.4146	0.3957	0.3800	0.3501	0.3728	0.4349	0.3756	0.4089	0.4233	0.4102	0.3892	0.3896	0.4300	0.4081	0.4249	0.3906	0.4484	0.3504	0.4388	0.4237	0.3804	0.3763	0.4054	0.4116	0.4416	0.3803	0.3682	0.3782	0.3725	0.3706	0.3900	0.3971	0.3490	0.3673	0.4151	0.3712	0.3860	0.3244	0.3988
0.3830	0.4738	0.4580	0.4654	0.4437	0.4264	0.4186	0.4269	0.5288	0.4980	0.4146	1.0000	0.4778	0.5081	0.4668	0.4113	0.4364	0.4726	0.4878	0.5054	0.4840	0.5083	0.5699	0.4341	0.5049	0.4810	0.4597	0.5168	0.5331	0.5129	0.5641	0.4806	0.4766	0.4549	0.4950	0.4933	0.4884	0.4908	0.4567	0.4214	0.3835	0.4282	0.4548	0.4845	0.4672	0.4854	0.4796	0.4682	0.4393	0.5225
0.4521	0.4503	0.4687	0.4308	0.4609	0.4029	0.3977	0.4089	0.4942	0.5196	0.3957	0.4778	1.0000	0.4862	0.4371	0.4276	0.4445	0.4154	0.4945	0.4643	0.4946	0.4761	0.4674	0.4215	0.5159	0.5444	0.5588	0.5470	0.4671	0.5236	0.4710	0.5414	0.4857	0.4785	0.4517	0.4923	0.4815	0.4983	0.4750	0.4354	0.3332	0.4396	0.4753	0.4911	0.4781	0.4682	0.5227	0.4653	0.4245	0.4786
0.4055	0.4884	0.4568	0.4515	0.5577	0.4742	0.4721	0.4724	0.5418	0.5233	0.3800	0.5081	0.4862	1.0000	0.5307	0.3877	0.4546	0.4304	0.4749	0.4981	0.5329	0.5055	0.5445	0.4223	0.5087	0.4981	0.4632	0.5234	0.4876	0.5344	0.5000	0.5543	0.4443	0.4648	0.4841	0.5080	0.5803	0.5137	0.4599	0.4405	0.3607	0.4508	0.4936	0.5057	0.5461	0.5440	0.5251	0.5603	0.4790	0.5499
0.3585	0.4302	0.4800	0.4622	0.4918	0.4392	0.4357	0.4903	0.4948	0.5055	0.3501	0.4668	0.4371	0.5307	1.0000	0.4264	0.4804	0.4640	0.4570	0.4949	0.4860	0.4808	0.4725	0.4125	0.4439	0.4253	0.4547	0.4564	0.4867	0.4789	0.4684	0.4927	0.4408	0.4511	0.4547	0.4870	0.5329	0.4795	0.4640	0.4142	0.3056	0.4397	0.4268	0.4538	0.5694	0.5651	0.5216	0.4971	0.5538	0.5038
0.4197	0.3850	0.4577	0.4746	0.3627	0.3829	0.3973	0.3889	0.3826	0.4070	0.3728	0.4113	0.4276	0.3877	0.4264	1.0000	0.5027	0.4050	0.3730	0.4057	0.4215	0.4211	0.3831	0.4664	0.4044	0.3702	0.4572	0.4267	0.4410	0.4620	0.4168	0.4399	0.4465	0.4033	0.4366	0.4054	0.4292	0.4219	0.4128	0.3540	0.3634	0.3566	0.4092	0.4400	0.4565	0.4602	0.4503	0.4158	0.4664	0.4381
0.4603	0.3976	0.4373	0.4337	0.4166	0.3770	0.3923	0.4212	0.4365	0.4407	0.4349	0.4364	0.4445	0.4546	0.4804	0.5027	1.0000	0.4430	0.4373	0.4475	0.4489	0.4483	0.4194	0.4680	0.4696	0.4132	0.4711	0.4271	0.4199	0.4928	0.4193	0.4697	0.4410	0.4211	0.4159	0.4163	0.4638	0.4365	0.4087	0.3930	0.3575	0.3548	0.4110	0.4132	0.4614	0.4609	0.4538	0.4208	0.4424	0.4554
0.4052	0.4795	0.4933	0.4951	0.4366	0.4249	0.3974	0.4507	0.4278	0.4514	0.3756	0.4726	0.4154	0.4304	0.4640	0.4050	0.4430	1.0000	0.4538	0.5167	0.4397	0.4544	0.4421	0.3937	0.4411	0.4424	0.4392	0.5082	0.4482	0.4758	0.4536	0.4501	0.4702	0.5036	0.5584	0.5089	0.4556	0.4152	0.5093	0.4703	0.3191	0.4206	0.4873	0.4740	0.4862	0.4607	0.4817	0.4326	0.4331	0.5426
0.4212	0.5253	0.4286	0.4443	0.4919	0.4460	0.4141	0.4210	0.4943	0.5867	0.4089	0.4878	0.4945	0.4749	0.4570	0.3730	0.4373	0.4538	1.0000	0.4408	0.5720	0.5153	0.4885	0.4364	0.5347	0.4808	0.5157	0.5197	0.4232	0.4851	0.4924	0.5031	0.4575	0.4275	0.4407	0.4767	0.5148	0.4768	0.4518	0.4081	0.3617	0.4479	0.4719	0.4508	0.5167	0.5167	0.5009	0.4758	0.4421	0.4557
0.4165	0.4659	0.4676	0.5098	0.4263	0.4229	0.4240	0.5164	0.4548	0.4565	0.4233	0.5054	0.4643	0.4981	0.4949	0.4057	0.4475	0.5167	0.4408	1.0000	0.5115	0.5276	0.4687	0.4215	0.4646	0.4921	0.4418	0.5048	0.4684	0.5157	0.4826	0.5552	0.4868	0.4439	0.5051	0.4651	0.4632	0.4705	0.4843	0.4827	0.3153	0.4220	0.5174	0.5131	0.4847	0.4683	0.4913	0.5677	0.4270	0.5633
0.4578	0.5016	0.4921	0.4406	0.4808	0.4443	0.4155	0.4075	0.4771	0.5222	0.4102	0.4840	0.4946	0.5329	0.4860	0.4215	0.4489	0.4397	0.5720	0.5115	1.0000	0.5409	0.4884	0.5230	0.5020	0.5047	0.4662	0.5051	0.4386	0.5272	0.5047	0.5467	0.4564	0.4534	0.4326	0.4856	0.5754	0.5060	0.4324	0.4286	0.3427	0.4741	0.4695	0.4804	0.5200	0.5037	0.5344	0.5152	0.4891	0.4897
0.4058	0.4662	0.4481	0.4713	0.5049	0.4535	0.4509	0.4298	0.4357	0.5353	0.3892	0.5083	0.4761	0.5055	0.4808	0.4211	0.4483	0.4544	0.5153	0.5276	0.5409	1.0000	0.4682	0.4210	0.4670	0.4753	0.4833	0.4751	0.4329	0.4807	0.5210	0.5112	0.4840	0.4303	0.4279	0.5054	0.4977	0.4516	0.5017	0.4459	0.3266	0.3840	0.5151	0.4890	0.4974	0.5523	0.5074	0.4888	0.4635	0.4844
0.3705	0.4990	0.4805	0.4643	0.4807	0.4351	0.4320	0.4449	0.5584	0.4948	0.3896	0.5699	0.4674	0.5445	0.4725	0.3831	0.4194	0.4421	0.4885	0.4687	0.4884	0.4682	1.0000	0.4639	0.4667	0.5382	0.4647	0.4892	0.5354	0.5086	0.4940	0.4935	0.4520	0.4592	0.5071	0.4558	0.5232	0.5361	0.4606	0.4255	0.3387	0.4669	0.4973	0.4699	0.4650	0.4842	0.4662	0.4768	0.4400	0.4854
0.4870	0.4242	0.4809	0.4134	0.3821	0.3688	0.3494	0.3897	0.4430	0.4138	0.4300	0.4341	0.4215	0.4223	0.4125	0.4664	0.4680	0.3937	0.4364	0.4215	0.5230	0.4210	0.4639	1.0000	0.3951	0.4577	0.3936	0.4394	0.4048	0.4818	0.4668	0.4224	0.3676	0.3770	0.3923	0.4161	0.4277	0.4952	0.3942	0.3916	0.3899	0.4370	0.4206	0.3958	0.4381	0.4053	0.4484	0.4125	0.4106	0.4336
0.4196	0.4337	0.4196	0.4952	0.5084	0.4348	0.4885	0.4416	0.5145	0.5099	0.4081	0.5049	0.5159	0.5087	0.4439	0.4044	0.4696	0.4411	0.5347	0.4646	0.5020	0.4670	0.4667	0.3951	1.0000	0.4696	0.5221	0.4641	0.4661	0.4845	0.4744	0.5320	0.5393	0.4708	0.4300	0.4458	0.5053	0.4747	0.4164	0.3686	0.3173	0.4645	0.4310	0.4622	0.4781	0.4804	0.4896	0.5110	0.4447	0.4965
0.4058	0.4956	0.4754	0.4476	0.4571	0.3982	0.4012	0.4115	0.4825	0.4628	0.4249	0.4810	0.5444	0.4981	0.4253	0.3702	0.4132	0.4424	0.4808	0.4921	0.5047	0.4753	0.5382	0.4577	0.4696	1.0000	0.4453	0.5154	0.5101	0.5049	0.5227	0.4774	0.4715	0.4713	0.4495	0.4872	0.4662	0.4977	0.4342	0.4687	0.3368	0.4750	0.5599	0.4826	0.4503	0.4546	0.4642	0.4854	0.3994	0.4811
0.3954	0.4562	0.4631	0.4924	0.4232	0.4702	0.4420	0.4429	0.5100	0.5429	0.3906	0.4597	0.5588	0.4632	0.4547	0.4572	0.4711	0.4392	0.5157	0.4418	0.4662	0.4833	0.4647	0.3936	0.5221	0.4453	1.0000	0.4851	0.4687	0.5121	0.4493	0.5455	0.5230	0.4784	0.4822	0.4886	0.5187	0.4920	0.4489	0.4009	0.3329	0.4585	0.4588	0.4692	0.5082	0.4844	0.5070	0.4807	0.4552	0.4789
0.4445	0.5368	0.5014	0.4555	0.4468	0.4171	0.4037	0.4573	0.4593	0.4859	0.4484	0.5168	0.5470	0.5234	0.4564	0.4267	0.4271	0.5082	0.5197	0.5048	0.5051	0.4751	0.4892	0.4394	0.4641	0.5154	0.4851	1.0000	0.4406	0.4804	0.4850	0.5173	0.4609	0.4874	0.6166	0.5471	0.4842	0.4842	0.5254	0.4762	0.4233	0.4648	0.5477	0.5336	0.4948	0.4845	0.5054	0.4819	0.4232	0.4986
0.3703	0.4528	0.4420	0.4928	0.4382	0.4313	0.4418	0.4401	0.4725	0.4254	0.3504	0.5331	0.4671	0.4876	0.4867	0.4410	0.4199	0.4482	0.4232	0.4684	0.4386	0.4329	0.5354	0.4048	0.4661	0.5101	0.4687	0.4406	1.0000	0.5319	0.5119	0.4716	0.5106	0.4231	0.4904	0.4494	0.4702	0.4814	0.4580	0.4032	0.3336	0.4506	0.4933	0.4945	0.4611	0.5128	0.4610	0.4722	0.4640	0.4883
0.4317	0.5131	0.5184	0.4979	0.4619	0.4618	0.4352	0.4534	0.5269	0.4662	0.4388	0.5129	0.5236	0.5344	0.4789	0.4620	0.4928	0.4758	0.4851	0.5157	0.5272	0.4807	0.5086	0.4818	0.4845	0.5049	0.5121	0.4804	0.5319	1.0000	0.5364	0.4871	0.4702	0.4767	0.4827	0.5147	0.4934	0.5086	0.4734	0.4437	0.3511	0.4664	0.4870	0.4840	0.4797	0.5020	0.5338	0.4920	0.4583	0.5762
0.4022	0.5273	0.4991	0.5206	0.4912	0.4063	0.4277	0.4423	0.4960	0.5093	0.4237	0.5641	0.4710	0.5000	0.4684	0.4168	0.4193	0.4536	0.4924	0.4826	0.5047	0.5210	0.4940	0.4668	0.4744	0.5227	0.4493	0.4850	0.5119	0.5364	1.0000	0.4700	0.4559	0.4701	0.4419	0.5328	0.4949	0.5154	0.4856	0.4222	0.3834	0.4577	0.4970	0.4826	0.4926	0.5061	0.4747	0.4602	0.4563	0.4759
0.4416	0.4589	0.4560	0.5132	0.4586	0.4458	0.4491	0.4852	0.5052	0.4966	0.3804	0.4806	0.5414	0.5543	0.4927	0.4399	0.4697	0.4501	0.5031	0.5552	0.5467	0.5112	0.4935	0.4224	0.5320	0.4774	0.5455	0.5173	0.4716	0.4871	0.4700	1.0000	0.4912	0.4596	0.4815	0.4624	0.5652	0.4909	0.4314	0.4309	0.3543	0.4282	0.5201	0.4854	0.5453	0.5086	0.5377	0.5298	0.4401	0.5078
0.4003	0.4643	0.4378	0.4941	0.4658	0.4730	0.4888	0.4255	0.4616	0.4731	0.3763	0.4766	0.4857	0.4443	0.4408	0.4465	0.4410	0.4702	0.4575	0.4868	0.4564	0.4840	0.4520	0.3676	0.5393	0.4715	0.5230	0.4609	0.5106	0.4702	0.4559	0.4912	1.0000	0.5268	0.5041	0.4867	0.4542	0.4608	0.4550	0.4080	0.3152	0.4219	0.5085	0.5101	0.4779	0.5011	0.4729	0.5128	0.4664	0.4621
0.3823	0.5009	0.4430	0.4399	0.4386	0.4390	0.4217	0.4221	0.4686	0.4804	0.4054	0.4549	0.4785	0.4648	0.4511	0.4033	0.4211	0.5036	0.4275	0.4439	0.4534	0.4303	0.4592	0.3770	0.4708	0.4713	0.4784	0.4874	0.4231	0.4767	0.4701	0.4596	0.5268	1.0000	0.4676	0.4630	0.4689	0.4442	0.5125	0.4518	0.3216	0.4274	0.4696	0.4794	0.4711	0.4672	0.4208	0.4567	0.4783	0.5129
0.3919	0.5066	0.5258	0.4922	0.4365	0.4637	0.4303	0.5019	0.4359	0.4297	0.4116	0.4950	0.4517	0.4841	0.4547	0.4366	0.4159	0.5584	0.4407	0.5051	0.4326	0.4279	0.5071	0.3923	0.4300	0.4495	0.4822	0.6166	0.4904	0.4827	0.4419	0.4815	0.5041	0.4676	1.0000	0.4876	0.4669	0.4366	0.4904	0.4649	0.3810	0.4460	0.4916	0.5242	0.4741	0.4857	0.4722	0.4855	0.4322	0.5081
0.3963	0.4805	0.5010	0.4659	0.4734	0.4173	0.3984	0.4097	0.4547	0.4929	0.4416	0.4933	0.4923	0.5080	0.4870	0.4054	0.4163	0.5089	0.4767	0.4651	0.4856	0.5054	0.4558	0.4161	0.4458	0.4872	0.4886	0.5471	0.4494	0.5147	0.5328	0.4624	0.4867	0.4630	0.4876	1.0000	0.4675	0.4679	0.4602	0.4225	0.3444	0.4381	0.4853	0.4733	0.4978	0.4900	0.5351	0.4575	0.4648	0.5332
0.4129	0.4793	0.4651	0.4596	0.5379	0.4740	0.4508	0.4537	0.5105	0.5549	0.3803	0.4884	0.4815	0.5803	0.5329	0.4292	0.4638	0.4556	0.5148	0.4632	0.5754	0.4977	0.5232	0.4277	0.5053	0.4662	0.5187	0.4842	0.4702	0.4934	0.4949	0.5652	0.4542	0.4689	0.4669	0.4675	1.0000	0.4734	0.4772	0.4145	0.3687	0.4472	0.4726	0.4832	0.6024	0.5230	0.5184	0.5147	0.5153	0.5051
0.4085	0.4751	0.4894	0.4866	0.4795	0.4100	0.4355	0.4287	0.5609	0.4982	0.3682	0.4908	0.4983	0.5137	0.4795	0.4219	0.4365	0.4152	0.4768	0.4705	0.5060	0.4516	0.5361	0.4952	0.4747	0.4977	0.4920	0.4842	0.4814	0.5086	0.5154	0.4909	0.4608	0.4442	0.4366	0.4679	0.4734	1.0000	0.4522	0.3820	0.3397	0.4678	0.4847	0.4682	0.4886	0.4800	0.5190	0.4676	0.4793	0.4473
0.4187	0.5018	0.4670	0.4655	0.5280	0.4520	0.4255	0.4814	0.4260	0.4848	0.3782	0.4567	0.4750	0.4599	0.4640	0.4128	0.4087	0.5093	0.4518	0.4843	0.4324	0.5017	0.4606	0.3942	0.4164	0.4342	0.4489	0.5254	0.4580	0.4734	0.4856	0.4314	0.4550	0.5125	0.4904	0.4602	0.4772	0.4522	1.0000	0.5023	0.3472	0.4605	0.4946	0.5318	0.4741	0.4918	0.4842	0.4629	0.4605	0.5163
0.3887	0.4362	0.4566	0.3802	0.3999	0.4353	0.3761	0.4969	0.3817	0.4005	0.3725	0.4214	0.4354	0.4405	0.4142	0.3540	0.3930	0.4703	0.4081	0.4827	0.4286	0.4459	0.4255	0.3916	0.3686	0.4687	0.4009	0.4762	0.4032	0.4437	0.4222	0.4309	0.4080	0.4518	0.4649	0.4225	0.4145	0.3820	0.5023	1.0000	0.3064	0.4150	0.4693	0.5179	0.4384	0.4293	0.4558	0.4150	0.3866	0.4684
0.3444	0.3801	0.3241	0.3142	0.3096	0.3489	0.3120	0.3329	0.3563	0.3128	0.3706	0.3835	0.3332	0.3607	0.3056	0.3634	0.3575	0.3191	0.3617	0.3153	0.3427	0.3266	0.3387	0.3899	0.3173	0.3368	0.3329	0.4233	0.3336	0.3511	0.3834	0.3543	0.3152	0.3216	0.3810	0.3444	0.3687	0.3397	0.3472	0.3064	1.0000	0.3243	0.3323	0.3794	0.3273	0.3271	0.3370	0.3354	0.2957	0.3246
0.3789	0.4941	0.4986	0.4568	0.4339	0.4515	0.4361	0.4189	0.4830	0.4443	0.3900	0.4282	0.4396	0.4508	0.4397	0.3566	0.3548	0.4206	0.4479	0.4220	0.4741	0.3840	0.4669	0.4370	0.4645	0.4750	0.4585	0.4648	0.4506	0.4664	0.4577	0.4282	0.4219	0.4274	0.4460	0.4381	0.4472	0.4678	0.4605	0.4150	0.3243	1.0000	0.4394	0.4322	0.4351	0.4372	0.4431	0.4993	0.4490	0.4719
0.4639	0.4916	0.4980	0.4903	0.4687	0.4500	0.4370	0.4374	0.4369	0.4649	0.3971	0.4548	0.4753	0.4936	0.4268	0.4092	0.4110	0.4873	0.4719	0.5174	0.4695	0.5151	0.4973	0.4206	0.4310	0.5599	0.4588	0.5477	0.4933	0.4870	0.4970	0.5201	0.5085	0.4696	0.4916	0.4853	0.4726	0.4847	0.4946	0.4693	0.3323	0.4394	1.0000	0.4857	0.4819	0.5082	0.5166	0.4908	0.4246	0.4495
0.3862	0.4634	0.4734	0.4790	0.4532	0.4472	0.4264	0.4904	0.4519	0.4477	0.3490	0.4845	0.4911	0.5057	0.4538	0.4400	0.4132	0.4740	0.4508	0.5131	0.4804	0.4890	0.4699	0.3958	0.4622	0.4826	0.4692	0.5336	0.4945	0.4840	0.4826	0.4854	0.5101	0.4794	0.5242	0.4733	0.4832	0.4682	0.5318	0.5179	0.3794	0.4322	0.4857	1.0000	0.4749	0.4804	0.4742	0.4756	0.4456	0.4879
0.4052	0.4578	0.5135	0.4519	0.5011	0.4956	0.4828	0.4477	0.5295	0.6169	0.3673	0.4672	0.4781	0.5461	0.5694	0.4565	0.4614	0.4862	0.5167	0.4847	0.5200	0.4974	0.4650	0.4381	0.4781	0.4503	0.5082	0.4948	0.4611	0.4797	0.4926	0.5453	0.4779	0.4711	0.4741	0.4978	0.6024	0.4886	0.4741	0.4384	0.3273	0.4351	0.4819	0.4749	1.0000	0.5915	0.5083	0.5350	0.5511	0.5345
0.4001	0.4922	0.4625	0.5075	0.5429	0.4884	0.5016	0.4367	0.4703	0.5912	0.4151	0.4854	0.4682	0.5440	0.5651	0.4602	0.4609	0.4607	0.5167	0.4683	0.5037	0.5523	0.4842	0.4053	0.4804	0.4546	0.4844	0.4845	0.5128	0.5020	0.5061	0.5086	0.5011	0.4672	0.4857	0.4900	0.5230	0.4800	0.4918	0.4293	0.3271	0.4372	0.5082	0.4804	0.5915	1.0000	0.4899	0.4809	0.5208	0.4691
0.4569	0.4547	0.5134	0.4476	0.5156	0.4966	0.4325	0.4914	0.4745	0.4818	0.3712	0.4796	0.5227	0.5251	0.5216	0.4503	0.4538	0.4817	0.5009	0.4913	0.5344	0.5074	0.4662	0.4484	0.4896	0.4642	0.5070	0.5054	0.4610	0.5338	0.4747	0.5377	0.4729	0.4208	0.4722	0.5351	0.5184	0.5190	0.4842	0.4558	0.3370	0.4431	0.5166	0.4742	0.5083	0.4899	1.0000	0.4970	0.4733	0.4955
0.4109	0.5016	0.4537	0.4609	0.4870	0.5194	0.4733	0.4685	0.5189	0.4946	0.3860	0.4682	0.4653	0.5603	0.4971	0.4158	0.4208	0.4326	0.4758	0.5677	0.5152	0.4888	0.4768	0.4125	0.5110	0.4854	0.4807	0.4819	0.4722	0.4920	0.4602	0.5298	0.5128	0.4567	0.4855	0.4575	0.5147	0.4676	0.4629	0.4150	0.3354	0.4993	0.4908	0.4756	0.5350	0.4809	0.4970	1.0000	0.4974	0.5426
0.3882	0.4195	0.4916	0.4462	0.4760	0.4547	0.4482	0.4029	0.4396	0.4834	0.3244	0.4393	0.4245	0.4790	0.5538	0.4664	0.4424	0.4331	0.4421	0.4270	0.4891	0.4635	0.4400	0.4106	0.4447	0.3994	0.4552	0.4232	0.4640	0.4583	0.4563	0.4401	0.4664	0.4783	0.4322	0.4648	0.5153	0.4793	0.4605	0.3866	0.2957	0.4490	0.4246	0.4456	0.5511	0.5208	0.4733	0.4974	1.0000	0.4378
0.4092	0.4850	0.4951	0.4766	0.4595	0.4646	0.4420	0.4680	0.5004	0.4982	0.3988	0.5225	0.4786	0.5499	0.5038	0.4381	0.4554	0.5426	0.4557	0.5633	0.4897	0.4844	0.4854	0.4336	0.4965	0.4811	0.4789	0.4986	0.4883	0.5762	0.4759	0.5078	0.4621	0.5129	0.5081	0.5332	0.5051	0.4473	0.5163	0.4684	0.3246	0.4719	0.4495	0.4879	0.5345	0.4691	0.4955	0.5426	0.4378	1.0000
