0.8671482 0.1783318 0.1797363 -0.2118083 0.1565966 0.1636765 0.0430578 0.0584914 0.0541255 0.0653208 0.0859077 0.0528440 0.0746570 -0.2952518 0.0545797 -0.2990343 -0.0767240 0.0738015 -0.2463067 -0.0723037 0.1812320 -0.3130395 0.1653759 -0.2919841 0.0288225 0.0226387 0.0367241 -0.2481500 0.1488036 0.1762426 0.1750153 0.1920608 0.1677601 0.1198412 0.0578213 0.0478145 0.0789691 0.1868822 -0.2920815 0.1817065 0.1843261 0.1736192 -0.3122988 0.0564771 -0.2819569 0.0368423 0.1101884 0.1681336 0.1720256 -0.2943286 0.1791459 0.0682787 0.0526043 0.0308876 0.0604517 -0.2913319 0.1630952 -0.1837160 0.1732497 0.1683077 0.1780526 0.0695229 0.0656603 0.1472251 0.0195380 -0.3101260 -0.2435305 -0.2795726 0.0455730 -0.2459491 0.1895665 -0.0872248 0.0169624 0.1678081 -0.2341291 -0.1893178 0.1264895 0.1827330 0.1644312 -0.3033380 0.0192871 0.1671477 0.1452574 -0.2616481 0.0604850 -0.3166000 -0.3354086 0.0662640 -0.2718524 -0.1099773 -0.0961945 0.0912691 0.1582299 0.0821283 0.1750382 0.1806743 0.0805553 0.1728572 -0.2595563 0.0667527 -0.3138858 -0.3206849 0.1794745 -0.2779684 -0.2337431 0.1735084 -0.0060062 -0.3189948 -0.2855894 -0.2665990 -0.2677567 -0.2789042 -0.2756239 -0.3435236
0.1783318 0.8113118 0.1787268 -0.2218351 0.1734844 0.1900875 0.0443773 0.1120830 0.0145991 0.0053786 0.0990208 0.0078258 0.1061126 -0.2961908 -0.0081083 -0.2945860 -0.1027909 0.0166430 -0.2575506 -0.0835859 0.2163261 -0.3016312 0.1949621 -0.2898181 0.0423282 0.0091000 0.0541222 -0.2603759 0.1926220 0.2091881 0.2071984 0.2034825 0.1941889 0.0117110 0.0432160 0.0469780 0.0228177 0.2142037 -0.2859669 0.2065173 0.2084320 0.1862238 -0.3070880 0.0025379 -0.2831647 0.0480457 0.1201786 0.2033012 0.1975849 -0.2937964 0.2014650 0.0189505 0.0077615 0.0435701 0.0263516 -0.2927487 0.1780065 -0.1846241 0.1998894 0.1935568 0.1981017 0.0154904 0.0187794 0.1692249 0.0356144 -0.3030559 -0.2481994 -0.2787183 0.0505324 -0.2619049 0.1892884 -0.0910903 -0.0057000 0.1937404 -0.2532839 -0.1908097 0.1752318 0.2006693 0.1970309 -0.2962509 0.0287343 0.1946907 0.1716498 -0.2590848 0.0255425 -0.3107336 -0.3290035 0.0063914 -0.2865926 -0.1274851 -0.1284329 0.0957585 0.2110158 0.0852489 0.1917922 0.2005596 0.1110719 0.1891359 -0.2765708 0.0085525 -0.3059288 -0.3149523 0.1818272 -0.2905546 -0.2535059 0.2027190 -0.0608232 -0.3141766 -0.2840658 -0.2840038 -0.2835730 -0.2843047 -0.2987077 -0.3340887
0.1797363 0.1787268 0.8161765 -0.2521142 0.1751994 0.1940392 0.0792781 0.0893975 0.0270224 0.0169165 0.0976390 0.0153918 0.1113356 -0.3001049 0.0076684 -0.3026493 -0.0970243 0.0222129 -0.2942498 -0.0857591 0.2092985 -0.3112259 0.2039648 -0.2978614 0.0774290 0.0036133 0.0775466 -0.2902997 0.1974322 0.1931954 0.1927122 0.2209081 0.2098456 0.0319393 0.0104428 0.1041988 0.0346370 0.2271687 -0.2854145 0.1956038 0.2329101 0.1959747 -0.3125226 0.0273733 -0.2908244 0.0737078 0.1317905 0.2078577 0.1963523 -0.2990363 0.2137819 0.0226894 0.0202121 0.0522117 0.0262383 -0.2995543 0.2038773 -0.1928018 0.1892248 0.1965450 0.1898524 0.0127069 0.0201900 0.1645115 0.0610803 -0.3126260 -0.2512372 -0.2823161 0.0666188 -0.2994268 0.2102919 -0.0820041 -0.0138983 0.2018496 -0.2855047 -0.2071390 0.1664042 0.2129421 0.1972159 -0.3046648 0.0637996 0.2075213 0.1621017 -0.2704398 0.0195031 -0.3139949 -0.3361197 0.0081928 -0.3137654 -0.1271602 -0.1429975 0.0984597 0.1937314 0.0909261 0.1946004 0.2117759 0.0988046 0.2019806 -0.3056561 0.0377492 -0.3189490 -0.3199728 0.2141591 -0.3235952 -0.2804152 0.2108285 -0.0586862 -0.3274872 -0.2858253 -0.3151740 -0.3074287 -0.3120051 -0.3209594 -0.3402174
-0.2118083 -0.2218351 -0.2521142 1.8948869 -0.1880071 -0.2507251 -0.2509907 -0.2695311 -0.2562930 -0.2455718 -0.2734078 -0.2437617 -0.2616113 0.1143090 -0.1788987 0.1485350 0.3256847 -0.2430357 1.1673461 0.2773407 -0.2610155 0.1845997 -0.2622784 0.1340806 -0.2114773 0.2307168 -0.2360541 1.1545250 -0.2688200 -0.2665309 -0.2698136 -0.2798114 -0.2521809 -0.2595751 -0.2522347 -0.2604164 -0.2248609 -0.2758117 0.1040053 -0.2625852 -0.2665379 -0.2704858 0.1220506 -0.2358075 0.1092093 -0.2469704 -0.2749614 -0.2801751 -0.2777469 0.1316695 -0.2661249 -0.2429505 -0.2546314 -0.2400379 -0.2442085 0.1424097 -0.2302997 0.4506042 -0.2812528 -0.2671962 -0.2665628 -0.2455392 -0.2535986 -0.2785877 -0.2464778 0.1299210 0.1189183 0.2007271 -0.2539352 1.1514392 -0.2719874 0.2050493 0.0885965 -0.2093496 1.0604064 0.5499697 -0.2738864 -0.2707593 -0.2567388 0.1598608 -0.1921284 -0.2620713 -0.2261697 0.2247051 -0.2414822 0.1804748 0.2158351 -0.2428231 1.2453296 0.3006562 0.4519480 -0.2816660 -0.2674451 -0.2603163 -0.2740692 -0.2677522 -0.2729803 -0.2699243 1.2150313 -0.2386917 0.2475274 0.2015005 -0.2555115 1.2804817 1.0190138 -0.2497983 0.1197811 0.2368731 0.2816801 1.2388242 1.2434719 1.2328293 1.2700795 0.1826483
0.1565966 0.1734844 0.1751994 -0.1880071 0.8351194 0.1719519 0.0607118 0.0710460 0.0112796 0.0107908 0.0849645 0.0044506 0.0911409 -0.2758102 0.0018831 -0.2789563 -0.0678339 0.0141441 -0.2201461 -0.0454566 0.1818088 -0.2868848 0.1744961 -0.2759472 0.0572060 0.0418914 0.0639388 -0.2143936 0.1719348 0.1808112 0.1668027 0.1854147 0.1700478 0.0115361 0.0018998 0.0650959 0.0136818 0.2382357 -0.2658306 0.1835423 0.1680602 0.1759401 -0.2926487 0.0125420 -0.2777034 0.0653450 0.1010524 0.1795405 0.1963625 -0.2776739 0.1773316 0.0104101 0.0143642 0.0577576 0.0188351 -0.2790852 0.1575517 -0.1706662 0.1727498 0.1858800 0.1786570 0.0059832 0.0130046 0.1481261 0.0556289 -0.2939424 -0.2248859 -0.2570239 0.0530223 -0.2226934 0.1674228 -0.0732789 0.0002732 0.1787121 -0.2241444 -0.1623713 0.1322754 0.1875605 0.1637012 -0.2892014 0.0414342 0.1640112 0.1365511 -0.2398902 0.0004989 -0.2996887 -0.3124741 0.0088527 -0.2381734 -0.0818823 -0.0792120 0.0861793 0.1826831 0.0770100 0.1861791 0.1759620 0.0843494 0.1720857 -0.2333430 0.0085969 -0.2867154 -0.3023926 0.1588412 -0.2493923 -0.2085319 0.1946996 -0.0396712 -0.3019456 -0.2659441 -0.2424014 -0.2366512 -0.2417210 -0.2468943 -0.3189297
0.1636765 0.1900875 0.1940392 -0.2507251 0.1719519 0.7931136 0.0410053 0.1102837 0.0106015 0.0232678 0.0991504 0.0202623 0.1085071 -0.2862546 -0.0061984 -0.2933009 -0.1047858 0.0221539 -0.2883119 -0.0904305 0.2119729 -0.3072797 0.1953094 -0.2895880 0.0345500 -0.0009691 0.0412356 -0.2854245 0.2075514 0.1889723 0.2290985 0.2284730 0.2009910 0.0154359 0.0239879 0.0494678 0.0241246 0.2229561 -0.2690235 0.1792304 0.2084906 0.2053869 -0.3051477 0.0117712 -0.2837948 0.0367932 0.1201061 0.1931562 0.2086803 -0.2894568 0.2170705 0.0077486 0.0286775 0.0222490 0.0165104 -0.2927346 0.1968295 -0.1898231 0.2054343 0.2388644 0.2131604 0.0064806 0.0114546 0.1792054 0.0314935 -0.3032288 -0.2410698 -0.2710631 0.0424923 -0.2969688 0.2211195 -0.0813268 -0.0089021 0.2090064 -0.2864335 -0.2092625 0.1569795 0.2012714 0.1907932 -0.2982357 0.0282950 0.2044667 0.1630272 -0.2619011 0.0141858 -0.3115308 -0.3325467 0.0228929 -0.3102812 -0.1371732 -0.1418396 0.1081256 0.1927188 0.1134352 0.2344466 0.2154982 0.1262115 0.2138294 -0.3080865 0.0019270 -0.3035947 -0.3128953 0.2019212 -0.3154897 -0.2807624 0.2067034 -0.0519860 -0.3195138 -0.2775963 -0.3118453 -0.3078492 -0.3164916 -0.3161240 -0.3340620
0.0430578 0.0443773 0.0792781 -0.2509907 0.0607118 0.0410053 1.0166333 0.1486568 0.1522842 0.1501510 0.1325897 0.1749670 0.1443170 -0.2937278 0.1225227 -0.3102036 -0.0477481 0.1577201 -0.3175796 -0.0466056 0.0220569 -0.3236825 0.0575624 -0.2992646 0.4366899 -0.0030434 0.4482471 -0.3124618 0.0416204 0.0389559 0.0453697 0.0360176 0.0241814 0.1613624 0.1668321 0.4432804 0.1620472 0.0344717 -0.3039187 0.0625917 0.0563896 0.0561203 -0.3142232 0.1456641 -0.3046227 0.4500725 0.1038809 0.0473504 0.0560564 -0.3053409 0.0399329 0.1593494 0.1597675 0.4261678 0.1593171 -0.3011645 0.0473520 -0.2011988 0.0698200 0.0371815 0.0574626 0.1349662 0.1407912 0.0656669 0.4678044 -0.3017853 -0.2214753 -0.2834479 0.4376338 -0.3071647 0.0238952 -0.1525386 -0.0027611 0.0321185 -0.3179774 -0.1836460 0.1009681 0.0517653 0.0357778 -0.3162666 0.3819571 0.0411961 0.0408439 -0.2770055 0.1518159 -0.3259704 -0.3518744 0.1625269 -0.3433911 -0.0293282 -0.0996777 0.1484179 0.0511102 0.1352453 0.0692303 0.0454768 0.1511700 0.0648898 -0.3340075 0.1323025 -0.3315155 -0.3365505 0.0593308 -0.3383959 -0.2997773 0.0378658 0.0424064 -0.3385787 -0.3042766 -0.3377860 -0.3397082 -0.3399981 -0.3446430 -0.3457493
0.0584914 0.1120830 0.0893975 -0.2695311 0.0710460 0.1102837 0.1486568 0.9699187 0.0870109 0.0898429 0.3623745 0.0994896 0.3642452 -0.2892037 0.0592300 -0.3029121 -0.1590992 0.1001877 -0.3045008 -0.1894031 0.0998540 -0.3175445 0.1228449 -0.2982625 0.1201811 -0.1280739 0.1262681 -0.3013836 0.0958944 0.1143796 0.1250290 0.1125805 0.1284024 0.1126615 0.0919966 0.1318341 0.0806037 0.1150751 -0.3003932 0.1173930 0.1055958 0.1161654 -0.3189609 0.0930544 -0.2936802 0.1300969 0.3102072 0.1325025 0.0885484 -0.3052946 0.1179948 0.0828760 0.0971500 0.1160091 0.0944987 -0.3011806 0.0908704 -0.2061760 0.1201437 0.1168262 0.1084576 0.0925582 0.0941435 0.1989945 0.1377792 -0.3087090 -0.2578807 -0.2850313 0.1559146 -0.3097119 0.1067573 -0.1616013 -0.0487515 0.0774054 -0.3027951 -0.2262758 0.2185310 0.1221270 0.0967827 -0.3065000 0.1081081 0.0988590 0.1467359 -0.2688082 0.0800244 -0.3244215 -0.3415267 0.0992226 -0.3338785 -0.2003890 -0.2218882 0.3495699 0.1133993 0.3284361 0.1251228 0.1124661 0.3764322 0.1208684 -0.3242073 0.0891290 -0.3177914 -0.3252556 0.1139099 -0.3315674 -0.2997629 0.0743604 -0.0128643 -0.3349729 -0.3001734 -0.3312900 -0.3310199 -0.3286398 -0.3326523 -0.3360594
0.0541255 0.0145991 0.0270224 -0.2562930 0.0112796 0.0106015 0.1522842 0.0870109 1.0199953 0.4570509 0.0523948 0.4155181 0.0836053 -0.2994214 0.3511070 -0.3090139 -0.0333902 0.4027923 -0.3292700 -0.1558537 0.0095910 -0.3372534 0.0079692 -0.3131219 0.1246233 -0.0664885 0.1440178 -0.3233589 0.0122998 0.0220830 0.0167098 0.0287622 -0.0032868 0.4495014 0.4344621 0.1296155 0.4139730 0.0177444 -0.3080757 0.0100351 0.0207598 0.0389296 -0.3252462 0.3867187 -0.3001921 0.1202373 0.0676500 0.0268621 0.0201618 -0.3075307 0.0306894 0.3940565 0.4291824 0.1611690 0.3834326 -0.3103532 0.0029643 -0.2190678 0.0177636 0.0090885 0.0139082 0.4578134 0.4565015 0.0358210 0.1230423 -0.3169620 -0.2471770 -0.2966565 0.1538749 -0.3210377 0.0182096 -0.1734281 0.0951706 -0.0157269 -0.3277405 -0.2322277 0.0453928 0.0052489 0.0124740 -0.3291158 0.1083169 -0.0035340 0.0102059 -0.2822149 0.4274356 -0.3272362 -0.3527786 0.4236016 -0.3502748 -0.1342539 -0.1433793 0.0814202 0.0219127 0.0795837 0.0209045 0.0126045 0.0793935 0.0196968 -0.3430396 0.4158460 -0.3341943 -0.3327655 0.0204580 -0.3506990 -0.3161790 0.0051365 0.2261104 -0.3473584 -0.3166842 -0.3498186 -0.3455836 -0.3463254 -0.3563798 -0.3559213
0.0653208 0.0053786 0.0169165 -0.2455718 0.0107908 0.0232678 0.1501510 0.0898429 0.4570509 1.0072848 0.0582285 0.4209442 0.0731575 -0.3006313 0.3625519 -0.3097802 -0.0288030 0.3975840 -0.3264819 -0.1574977 0.0193946 -0.3352302 -0.0047127 -0.3173068 0.0861681 -0.0683163 0.1302159 -0.3199899 0.0144532 0.0097178 0.0128165 0.0316898 -0.0126144 0.4081045 0.4178586 0.1293494 0.4307168 0.0255458 -0.3027206 0.0143113 0.0295210 0.0207979 -0.3222510 0.4000813 -0.2997153 0.1240765 0.0522837 0.0238113 0.0233679 -0.3018153 0.0214851 0.4019829 0.3976515 0.1210420 0.3901430 -0.3052124 0.0031078 -0.2267127 0.0128158 0.0082108 0.0125930 0.4535447 0.4485000 0.0347476 0.1121944 -0.3169918 -0.2458649 -0.2996628 0.1264829 -0.3144735 0.0369192 -0.1684219 0.1031109 -0.0016312 -0.3146956 -0.2224173 0.0507816 0.0069256 0.0079423 -0.3230854 0.1206136 0.0104740 0.0134886 -0.2798929 0.4210573 -0.3261294 -0.3497902 0.4171789 -0.3454451 -0.1408882 -0.1385332 0.1001797 0.0136248 0.0707412 0.0057505 0.0327913 0.0790053 0.0283787 -0.3396789 0.3897346 -0.3316942 -0.3323642 0.0370394 -0.3435659 -0.3086573 0.0063810 0.2342369 -0.3444086 -0.3076411 -0.3438241 -0.3415762 -0.3409049 -0.3492385 -0.3522885
0.0859077 0.0990208 0.0976390 -0.2734078 0.0849645 0.0991504 0.1325897 0.3623745 0.0523948 0.0582285 0.9338194 0.0730952 0.3566025 -0.2796358 0.0424892 -0.2992163 -0.1548923 0.0748421 -0.3101985 -0.1831333 0.1325411 -0.3173542 0.1303031 -0.3013981 0.1172588 -0.1205508 0.1247074 -0.3039031 0.1207846 0.1260787 0.1515067 0.1079312 0.1311768 0.0689507 0.0675363 0.1252597 0.0579671 0.1321149 -0.2970688 0.1292499 0.1116957 0.1291527 -0.3121482 0.0506562 -0.2931590 0.1248536 0.3120550 0.1236274 0.1182492 -0.2970381 0.1302074 0.0641996 0.0680563 0.1120741 0.0743499 -0.2986664 0.1160710 -0.2108968 0.1432866 0.1078767 0.1354114 0.0612039 0.0623152 0.1840554 0.1325420 -0.3042205 -0.2540887 -0.2861012 0.1152895 -0.3111109 0.1060300 -0.1469266 -0.0656278 0.1077921 -0.2983005 -0.2135129 0.2591462 0.1406684 0.1385738 -0.2954878 0.1056548 0.1202040 0.1627334 -0.2614093 0.0295152 -0.3185575 -0.3381388 0.0600508 -0.3373814 -0.2103041 -0.2266509 0.3439194 0.1252891 0.3608572 0.1460585 0.1328725 0.3652926 0.1514812 -0.3236045 0.0508728 -0.3174487 -0.3236425 0.1217014 -0.3321306 -0.2940157 0.0880363 -0.0497044 -0.3323989 -0.2938609 -0.3304478 -0.3260421 -0.3297968 -0.3368782 -0.3316242
0.0528440 0.0078258 0.0153918 -0.2437617 0.0044506 0.0202623 0.1749670 0.0994896 0.4155181 0.4209442 0.0730952 0.9688378 0.0846593 -0.2982439 0.3234455 -0.3068866 -0.0265804 0.3950171 -0.3152359 -0.1421307 0.0128732 -0.3312347 0.0166063 -0.3102188 0.1340262 -0.0649297 0.1256448 -0.3071119 0.0265523 0.0152530 0.0189566 0.0090800 0.0015427 0.4000434 0.4053196 0.1275093 0.4119366 0.0198071 -0.2992071 0.0071543 0.0154178 0.0379321 -0.3187599 0.3983551 -0.2946758 0.1333927 0.0557818 0.0389346 0.0138788 -0.2995531 0.0200530 0.3796833 0.3807551 0.1463120 0.3558057 -0.3068638 0.0019664 -0.2166591 0.0389226 -0.0090031 0.0057446 0.4540557 0.4386902 0.0265629 0.1326224 -0.3124441 -0.2392741 -0.2933961 0.1504595 -0.3070206 0.0126250 -0.1738372 0.0875469 0.0037276 -0.3126478 -0.2156566 0.0476829 -0.0084915 0.0045323 -0.3211512 0.1106106 -0.0025386 0.0054383 -0.2796731 0.4140792 -0.3193457 -0.3497261 0.4154571 -0.3374875 -0.1199352 -0.1406101 0.0895566 0.0221377 0.0975815 0.0149430 0.0230701 0.0691769 0.0222963 -0.3264525 0.4022259 -0.3246352 -0.3363880 0.0106793 -0.3374849 -0.2980584 -0.0095613 0.2333696 -0.3414586 -0.3099148 -0.3327441 -0.3317302 -0.3287578 -0.3402136 -0.3513346
0.0746570 0.1061126 0.1113356 -0.2616113 0.0911409 0.1085071 0.1443170 0.3642452 0.0836053 0.0731575 0.3566025 0.0846593 0.9467013 -0.2921137 0.0496911 -0.3060064 -0.1569137 0.0865399 -0.3053515 -0.1842578 0.1160827 -0.3236727 0.1023199 -0.3091816 0.1177376 -0.1227533 0.1284401 -0.3073071 0.1066980 0.1237183 0.1216878 0.1045605 0.1103584 0.0914136 0.0850348 0.1374838 0.0731062 0.0976931 -0.3071069 0.1171497 0.0996017 0.1328347 -0.3191817 0.0800192 -0.2994459 0.1564776 0.2913117 0.1178565 0.1119689 -0.3066641 0.1171480 0.0930690 0.0846569 0.1484167 0.0753103 -0.3107462 0.1050427 -0.2136620 0.1260562 0.1160224 0.1159966 0.0611440 0.0836515 0.2034400 0.1432637 -0.3100757 -0.2662850 -0.2896125 0.1562166 -0.3105521 0.0969346 -0.1536628 -0.0584797 0.0881377 -0.3000582 -0.2203269 0.2558872 0.1281769 0.1146742 -0.3103549 0.1025774 0.1093695 0.1459314 -0.2747416 0.0562568 -0.3320359 -0.3431240 0.0663259 -0.3282069 -0.2058110 -0.2201336 0.3528881 0.1239119 0.3425856 0.1295974 0.1275776 0.3644630 0.1408843 -0.3250727 0.0947768 -0.3202269 -0.3274740 0.1279956 -0.3286877 -0.2951489 0.0853977 -0.0100298 -0.3428296 -0.2989509 -0.3267342 -0.3270398 -0.3287654 -0.3321632 -0.3434910
-0.2952518 -0.2961908 -0.3001049 0.1143090 -0.2758102 -0.2862546 -0.2937278 -0.2892037 -0.2994214 -0.3006313 -0.2796358 -0.2982439 -0.2921137 2.0251462 -0.2683780 1.0493276 0.0337973 -0.3036105 0.1777203 0.1589214 -0.3044882 1.0800517 -0.3039083 1.0156152 -0.2756858 -0.0818358 -0.2781621 0.1583612 -0.3024423 -0.3033398 -0.3004193 -0.3155967 -0.2890460 -0.3168208 -0.3101221 -0.2908564 -0.3056300 -0.3138396 1.0052700 -0.3009970 -0.3123264 -0.3054791 1.0686125 -0.2944009 1.0249157 -0.2867831 -0.2925153 -0.3143755 -0.3050217 1.0041775 -0.3054652 -0.3077145 -0.3011876 -0.2861573 -0.2914142 1.0171613 -0.2838694 0.3680794 -0.3153485 -0.3041845 -0.3005812 -0.3161177 -0.3102418 -0.3082852 -0.2754130 1.0707812 0.8169507 0.8675849 -0.2879470 0.1935737 -0.3079343 0.2542212 -0.1427866 -0.2894396 0.2100552 0.2640184 -0.3052441 -0.3090734 -0.2884281 1.0515029 -0.2315019 -0.2945204 -0.2631654 0.7991103 -0.3078344 1.1012400 1.1599216 -0.3105370 0.2254977 0.2374989 0.1671461 -0.2956529 -0.3120932 -0.2887872 -0.3105619 -0.3112406 -0.2956298 -0.3105263 0.1935244 -0.3082234 1.0098407 1.0949730 -0.2957179 0.2304446 0.2148903 -0.3066111 -0.2213175 1.0619805 0.8304680 0.2287969 0.2047766 0.2245857 0.2242646 1.1951631
0.0545797 -0.0081083 0.0076684 -0.1788987 0.0018831 -0.0061984 0.1225227 0.0592300 0.3511070 0.3625519 0.0424892 0.3234455 0.0496911 -0.2683780 0.9634801 -0.2589955 0.0084847 0.3553034 -0.2438623 -0.0982463 -0.0059487 -0.2909366 -0.0034763 -0.2747903 0.1136175 -0.0196561 0.1316590 -0.2393481 -0.0064394 0.0084846 -0.0059580 -0.0104012 -0.0178194 0.3587787 0.3439201 0.1329855 0.3549692 -0.0078268 -0.2671386 0.0005641 -0.0038568 -0.0097651 -0.2809640 0.3309613 -0.2597827 0.1252691 0.0392359 0.0028690 -0.0157259 -0.2600516 0.0048245 0.3294605 0.3474896 0.1313614 0.3286895 -0.2627384 -0.0009059 -0.1767618 0.0072911 -0.0013952 -0.0033737 0.3667353 0.3611968 0.0018200 0.1169944 -0.2725068 -0.2005886 -0.2549415 0.1257272 -0.2296733 -0.0013561 -0.1360339 0.0917238 -0.0070601 -0.2495650 -0.1702193 0.0083311 -0.0154758 0.0016953 -0.2817314 0.1138810 -0.0141695 0.0056157 -0.2371012 0.3581565 -0.2835074 -0.3080587 0.3488817 -0.2711571 -0.0797810 -0.0831261 0.0539655 -0.0033522 0.0551464 -0.0013404 0.0082900 0.0431186 0.0122322 -0.2443641 0.3540029 -0.2901349 -0.2892112 0.0097541 -0.2617075 -0.2358186 -0.0160131 0.2506491 -0.2997490 -0.2700557 -0.2740114 -0.2687201 -0.2669806 -0.2792816 -0.3081774
-0.2990343 -0.2945860 -0.3026493 0.1485350 -0.2789563 -0.2933009 -0.3102036 -0.3029121 -0.3090139 -0.3097802 -0.2992163 -0.3068866 -0.3060064 1.0493276 -0.2589955 1.9884008 0.0527132 -0.2997821 0.2221544 0.1669724 -0.3086098 1.0770352 -0.3100129 0.9738191 -0.2806326 -0.0694914 -0.2839003 0.1993255 -0.3071542 -0.3065919 -0.3096440 -0.3163961 -0.2893015 -0.3200429 -0.3088855 -0.3058322 -0.3126177 -0.3112839 1.0245645 -0.3040765 -0.3110690 -0.3064034 1.1103122 -0.2967766 1.0050040 -0.2871386 -0.3039573 -0.3143727 -0.3068877 1.0295212 -0.3080953 -0.3060420 -0.3081513 -0.2894633 -0.2963554 1.0052422 -0.2848727 0.3925942 -0.3189956 -0.3069266 -0.3086557 -0.3133762 -0.3159914 -0.3094532 -0.2901888 1.0451279 0.8092270 0.8437446 -0.2996430 0.2276602 -0.3107735 0.2689716 -0.1403261 -0.2876521 0.2574346 0.2756188 -0.3135827 -0.3199403 -0.2891618 1.0565971 -0.2417768 -0.3016251 -0.2680228 0.7985085 -0.3031197 1.1138172 1.1607363 -0.3097173 0.2685585 0.2527322 0.1929190 -0.3145207 -0.3128723 -0.2990468 -0.3156170 -0.3090918 -0.3088659 -0.3130027 0.2493824 -0.3005589 1.0019153 1.1252532 -0.3026996 0.2745058 0.2544231 -0.3050346 -0.2005016 1.0924629 0.8430650 0.2685901 0.2473308 0.2596443 0.2727360 1.2018371
-0.0767240 -0.1027909 -0.0970243 0.3256847 -0.0678339 -0.1047858 -0.0477481 -0.1590992 -0.0333902 -0.0288030 -0.1548923 -0.0265804 -0.1569137 0.0337973 0.0084847 0.0527132 1.2810370 -0.0007462 0.3297628 0.1742411 -0.1296814 0.0547049 -0.1203687 0.0487265 -0.0398935 0.1749170 -0.0372875 0.3557531 -0.1174208 -0.1222520 -0.1239422 -0.1182777 -0.1142234 -0.0342781 -0.0165783 -0.0350261 -0.0202341 -0.1180390 0.0351269 -0.1151622 -0.1138249 -0.1201088 0.0237639 -0.0201337 0.0355327 -0.0455397 -0.1526952 -0.1207819 -0.1141183 0.0318303 -0.1119952 -0.0332548 -0.0351793 -0.0415819 -0.0241215 0.0460059 -0.0955411 0.1752398 -0.1215517 -0.1142409 -0.1224356 -0.0310177 -0.0266033 -0.1445164 -0.0567268 0.0444345 0.0581189 0.0718621 -0.0527229 0.3482799 -0.1095566 0.1149697 0.1452492 -0.0892167 0.3245613 0.2320381 -0.1409035 -0.1188277 -0.1134874 0.0419163 -0.0160288 -0.1116944 -0.1113936 0.0830356 -0.0180574 0.0652614 0.0593367 -0.0217715 0.3899035 0.1982004 0.2593808 -0.1626772 -0.1232181 -0.1549665 -0.1251130 -0.1198631 -0.1664273 -0.1243303 0.3742469 -0.0219928 0.0987845 0.0595348 -0.1100442 0.3866777 0.3223138 -0.1120055 0.0785218 0.0799200 0.0922819 0.3718849 0.3759869 0.3628896 0.3638493 0.0616486
0.0738015 0.0166430 0.0222129 -0.2430357 0.0141441 0.0221539 0.1577201 0.1001877 0.4027923 0.3975840 0.0748421 0.3950171 0.0865399 -0.3036105 0.3553034 -0.2997821 -0.0007462 1.0157874 -0.3135479 -0.1499199 0.0052767 -0.3282296 0.0107970 -0.3128508 0.1099289 -0.0664816 0.1191515 -0.3114893 0.0110153 0.0194983 0.0170941 0.0193422 -0.0100233 0.4028263 0.4325238 0.1298321 0.4003698 0.0279524 -0.3036887 0.0076493 0.0150261 0.0146328 -0.3191369 0.3981058 -0.2865770 0.1371152 0.0512372 0.0258516 0.0401817 -0.3012936 0.0281204 0.4009063 0.3929193 0.1470778 0.3716013 -0.3063294 -0.0002133 -0.2096282 0.0188680 0.0030085 0.0157729 0.4047995 0.4134674 0.0388989 0.1367606 -0.3139490 -0.2368430 -0.2935221 0.1413604 -0.3119493 0.0176549 -0.1727406 0.0900433 0.0094855 -0.3102975 -0.2269569 0.0463197 0.0137178 0.0187050 -0.3135039 0.1231859 0.0035131 0.0196957 -0.2799756 0.4073651 -0.3228534 -0.3460298 0.3990664 -0.3363984 -0.1220670 -0.1399380 0.0886691 0.0216075 0.0803102 0.0190283 0.0138182 0.0524063 0.0236340 -0.3317473 0.3854387 -0.3270425 -0.3349189 0.0222639 -0.3432214 -0.3024583 -0.0120110 0.2101589 -0.3431101 -0.3089402 -0.3313346 -0.3376253 -0.3326988 -0.3403405 -0.3504571
-0.2463067 -0.2575506 -0.2942498 1.1673461 -0.2201461 -0.2883119 -0.3175796 -0.3045008 -0.3292700 -0.3264819 -0.3101985 -0.3152359 -0.3053515 0.1777203 -0.2438623 0.2221544 0.3297628 -0.3135479 2.2651691 0.3302418 -0.2997763 0.2744832 -0.2882728 0.2431362 -0.2672827 0.2387383 -0.2949194 1.3346024 -0.3052293 -0.2960482 -0.3014258 -0.3085917 -0.2880128 -0.3393179 -0.3293064 -0.3145046 -0.3225112 -0.3022768 0.1769645 -0.3017726 -0.3066201 -0.3024742 0.2165375 -0.3139999 0.1728031 -0.3021197 -0.3101289 -0.3183627 -0.3074591 0.2106404 -0.3084072 -0.3245948 -0.3208409 -0.3053784 -0.3168777 0.2266198 -0.2651942 0.5063330 -0.3096356 -0.3026893 -0.3002392 -0.3216889 -0.3311566 -0.3066578 -0.2947822 0.2053557 0.1635221 0.2801011 -0.3098190 1.3677806 -0.3008581 0.2499944 0.0739851 -0.2405436 1.2286270 0.6567541 -0.3117429 -0.3021675 -0.2830051 0.2497264 -0.2434962 -0.2933148 -0.2535905 0.3118634 -0.3224535 0.2750009 0.3166230 -0.3186261 1.4710242 0.3150388 0.4927808 -0.3145322 -0.2965882 -0.2965280 -0.3075157 -0.3044052 -0.3085107 -0.3059946 1.4490910 -0.3125016 0.3388134 0.2965290 -0.2900170 1.4806074 1.1809537 -0.2721175 0.0729961 0.3619519 0.3985983 1.4613405 1.4187073 1.4273713 1.4626967 0.2931013
-0.0723037 -0.0835859 -0.0857591 0.2773407 -0.0454566 -0.0904305 -0.0466056 -0.1894031 -0.1558537 -0.1574977 -0.1831333 -0.1421307 -0.1842578 0.1589214 -0.0982463 0.1669724 0.1742411 -0.1499199 0.3302418 1.4639364 -0.1132397 0.2141129 -0.0913390 0.1834973 -0.0145477 0.2699401 -0.0254574 0.2916819 -0.1023849 -0.1149325 -0.1181720 -0.1070626 -0.0928193 -0.1622400 -0.1507196 -0.0313525 -0.1518459 -0.1024582 0.1487801 -0.1049175 -0.0928113 -0.1127430 0.1579634 -0.1378237 0.1386667 -0.0471839 -0.1695677 -0.1164207 -0.0988956 0.1536285 -0.0977649 -0.1469721 -0.1455888 -0.0389858 -0.1454814 0.1821979 -0.0837538 0.1846618 -0.1051524 -0.1008064 -0.1136817 -0.1552071 -0.1539216 -0.1388023 -0.0420507 0.1638839 0.1493768 0.1535490 -0.0463242 0.3153408 -0.1063403 0.1328973 0.0607641 -0.0842366 0.2826059 0.1931474 -0.1547922 -0.1124255 -0.1106967 0.1665106 -0.0128781 -0.0904889 -0.1033689 0.1428821 -0.1296180 0.1784922 0.2014599 -0.1486996 0.3276858 0.4822122 0.3587583 -0.1926192 -0.1166442 -0.1855760 -0.1091160 -0.1082772 -0.1876101 -0.1106047 0.3096827 -0.1424808 0.1767188 0.1918297 -0.1074753 0.3319114 0.2964313 -0.1010051 -0.0354760 0.2027372 0.1608496 0.3334546 0.3061245 0.3200855 0.3142341 0.1987721
0.1812320 0.2163261 0.2092985 -0.2610155 0.1818088 0.2119729 0.0220569 0.0998540 0.0095910 0.0193946 0.1325411 0.0128732 0.1160827 -0.3044882 -0.0059487 -0.3086098 -0.1296814 0.0052767 -0.2997763 -0.1132397 0.8977872 -0.3132159 0.2208063 -0.3006876 0.0241638 -0.0310436 0.0357003 -0.2968497 0.2217237 0.2400230 0.2161430 0.2322683 0.2137898 0.0169355 0.0009279 0.0359247 0.0200450 0.2342289 -0.2966687 0.2274290 0.2238970 0.2188427 -0.3243616 -0.0009805 -0.3033404 0.0331770 0.1533523 0.2578721 0.2175528 -0.3049884 0.2346365 0.0241029 0.0068075 0.0362062 0.0186765 -0.3098803 0.2138636 -0.2081502 0.2271458 0.2195318 0.2329876 0.0114266 0.0142871 0.2124954 0.0279096 -0.3191062 -0.2610003 -0.2946219 0.0272130 -0.3087896 0.2447815 -0.0938087 -0.0235899 0.2138983 -0.2960626 -0.2209299 0.1886394 0.2503279 0.2057636 -0.3127878 -0.0025724 0.2459651 0.1766418 -0.2748002 0.0142367 -0.3255845 -0.3467611 0.0003979 -0.3344057 -0.1665175 -0.1737859 0.1252312 0.2133206 0.1211679 0.2318559 0.2200836 0.1191718 0.2380063 -0.3206865 0.0050182 -0.3258472 -0.3327191 0.2150481 -0.3297221 -0.2911077 0.2329335 -0.0680928 -0.3374450 -0.2854957 -0.3284656 -0.3259459 -0.3255618 -0.3293447 -0.3588383
-0.3130395 -0.3016312 -0.3112259 0.1845997 -0.2868848 -0.3072797 -0.3236825 -0.3175445 -0.3372534 -0.3352302 -0.3173542 -0.3312347 -0.3236727 1.0800517 -0.2909366 1.0770352 0.0547049 -0.3282296 0.2744832 0.2141129 -0.3132159 2.1164234 -0.3114996 1.0538385 -0.2904822 -0.0615611 -0.2982456 0.2421620 -0.3190325 -0.3131791 -0.3230439 -0.3289217 -0.3076778 -0.3495637 -0.3391802 -0.3214510 -0.3402431 -0.3256207 1.0583963 -0.3187637 -0.3222357 -0.3238616 1.1315885 -0.3267891 1.0486085 -0.3075151 -0.3204566 -0.3289444 -0.3187448 1.0451589 -0.3214893 -0.3267576 -0.3333716 -0.2975675 -0.3197046 1.0761448 -0.2962735 0.4126105 -0.3264419 -0.3195631 -0.3147121 -0.3396053 -0.3392836 -0.3259998 -0.3030549 1.0833789 0.8239453 0.9200789 -0.3111994 0.2757780 -0.3230854 0.2845628 -0.1485892 -0.3053107 0.3022350 0.2915188 -0.3289716 -0.3302038 -0.3051336 1.0912373 -0.2599411 -0.3141167 -0.2751490 0.8331179 -0.3287597 1.1231318 1.2132802 -0.3297178 0.3225631 0.2691543 0.1956791 -0.3293929 -0.3228266 -0.3209741 -0.3269461 -0.3283091 -0.3229802 -0.3242710 0.2975147 -0.3309315 1.0853012 1.1569042 -0.3186548 0.3153744 0.2804446 -0.3139106 -0.2199662 1.1391251 0.9058804 0.3147295 0.3137619 0.3166045 0.3279065 1.2231730
0.1653759 0.1949621 0.2039648 -0.2622784 0.1744961 0.1953094 0.0575624 0.1228449 0.0079692 -0.0047127 0.1303031 0.0166063 0.1023199 -0.3039083 -0.0034763 -0.3100129 -0.1203687 0.0107970 -0.2882728 -0.0913390 0.2208063 -0.3114996 0.8226928 -0.2948918 0.0475044 -0.0221795 0.0332433 -0.2952461 0.2025026 0.2145234 0.2159745 0.2219266 0.2450696 0.0225862 0.0067540 0.0574042 0.0258089 0.2283764 -0.2954608 0.2188415 0.2164134 0.2155475 -0.3204449 0.0124420 -0.3008098 0.0589383 0.1483657 0.2308100 0.2433742 -0.3060754 0.2307145 0.0074372 0.0143718 0.0474844 0.0181778 -0.3073180 0.2080873 -0.1970457 0.2294854 0.2229246 0.2302956 0.0092539 0.0133566 0.1862442 0.0255944 -0.3165894 -0.2518162 -0.2911666 0.0617453 -0.3056649 0.2358968 -0.0940977 -0.0224513 0.2109332 -0.2914644 -0.2099054 0.1673925 0.2332074 0.2015063 -0.3143820 0.0249957 0.2150795 0.1868741 -0.2686473 0.0244165 -0.3265939 -0.3430833 0.0237255 -0.3217515 -0.1499117 -0.1660638 0.1320069 0.2367775 0.1055313 0.2288023 0.2451392 0.1055846 0.1918797 -0.3125074 0.0156943 -0.3208169 -0.3287404 0.2156668 -0.3272247 -0.2867891 0.2029143 -0.0722167 -0.3356679 -0.2910382 -0.3230287 -0.3170014 -0.3219128 -0.3289104 -0.3457564
-0.2919841 -0.2898181 -0.2978614 0.1340806 -0.2759472 -0.2895880 -0.2992646 -0.2982625 -0.3131219 -0.3173068 -0.3013981 -0.3102188 -0.3091816 1.0156152 -0.2747903 0.9738191 0.0487265 -0.3128508 0.2431362 0.1834973 -0.3006876 1.0538385 -0.2948918 1.9381461 -0.2670293 -0.0772252 -0.2839138 0.2223181 -0.3047009 -0.2965904 -0.2945844 -0.3068288 -0.2879916 -0.3277766 -0.3227631 -0.3004188 -0.3216338 -0.3062031 0.9933741 -0.3030172 -0.3060309 -0.3073401 1.0603713 -0.3080948 1.0061516 -0.2921975 -0.3003355 -0.3140424 -0.3036033 1.0280185 -0.3009123 -0.3146448 -0.3127389 -0.2885976 -0.3010108 1.0123903 -0.2787747 0.4081085 -0.3121431 -0.3001314 -0.3008713 -0.3249014 -0.3211132 -0.3130032 -0.2746213 1.0525817 0.8074620 0.8671127 -0.2953917 0.2416549 -0.3085336 0.2593310 -0.1447268 -0.2904302 0.2730597 0.2938729 -0.3104827 -0.3164211 -0.2833119 1.0629524 -0.2320101 -0.2929654 -0.2644055 0.8221499 -0.3109381 1.0732708 1.1739029 -0.3117267 0.2638937 0.2402146 0.1713743 -0.3091167 -0.3075944 -0.2977259 -0.3111759 -0.3087710 -0.3066768 -0.3071207 0.2282829 -0.3167305 0.9990003 1.1229713 -0.2964688 0.2758501 0.2599613 -0.2992171 -0.2228254 1.0745012 0.8413788 0.2653745 0.2675030 0.2809158 0.2715668 1.2078146
0.0288225 0.0423282 0.0774290 -0.2114773 0.0572060 0.0345500 0.4366899 0.1201811 0.1246233 0.0861681 0.1172588 0.1340262 0.1177376 -0.2756858 0.1136175 -0.2806326 -0.0398935 0.1099289 -0.2672827 -0.0145477 0.0241638 -0.2904822 0.0475044 -0.2670293 0.9677516 -0.0001710 0.4028800 -0.2610947 0.0379162 0.0350524 0.0283757 0.0263103 0.0307235 0.1217420 0.1200805 0.4445634 0.1082841 0.0366728 -0.2795398 0.0424606 0.0545804 0.0514616 -0.2859579 0.1014727 -0.2784525 0.4363608 0.0983546 0.0543365 0.0442555 -0.2820424 0.0349219 0.1178789 0.1351168 0.4523201 0.0973472 -0.2716099 0.0327810 -0.1722417 0.0545985 0.0375072 0.0455693 0.1047531 0.1123087 0.0597368 0.4388141 -0.2759499 -0.1987141 -0.2611547 0.3934467 -0.2494586 0.0373405 -0.1362218 -0.0082197 0.0132089 -0.2665815 -0.1556290 0.0817410 0.0489174 0.0229681 -0.2936802 0.3480600 0.0444880 0.0386912 -0.2512212 0.1246702 -0.2927301 -0.3223206 0.1238918 -0.2874248 -0.0219307 -0.0894396 0.1137037 0.0452855 0.1077935 0.0407910 0.0547658 0.1161402 0.0545511 -0.2755843 0.1100306 -0.3005653 -0.3005963 0.0476368 -0.2902047 -0.2416410 0.0381420 0.0092649 -0.3100628 -0.2790844 -0.2864117 -0.2867650 -0.2899837 -0.2811543 -0.3200280
0.0226387 0.0091000 0.0036133 0.2307168 0.0418914 -0.0009691 -0.0030434 -0.1280739 -0.0664885 -0.0683163 -0.1205508 -0.0649297 -0.1227533 -0.0818358 -0.0196561 -0.0694914 0.1749170 -0.0664816 0.2387383 0.2699401 -0.0310436 -0.0615611 -0.0221795 -0.0772252 -0.0001710 1.3429271 0.0169301 0.2528288 -0.0124544 -0.0235523 -0.0131695 -0.0062210 -0.0157230 -0.0755217 -0.0717101 -0.0063526 -0.0661044 -0.0231133 -0.0862423 -0.0158992 -0.0173343 -0.0210395 -0.1045708 -0.0628411 -0.0967883 -0.0105476 -0.1001311 -0.0270319 -0.0186011 -0.0866810 -0.0174338 -0.0569494 -0.0722690 -0.0123282 -0.0662258 -0.0754846 0.0006727 0.0744463 -0.0276114 -0.0029335 -0.0257804 -0.0722992 -0.0648889 -0.0648400 -0.0234954 -0.0868589 -0.0389818 -0.0539100 -0.0165750 0.2484082 -0.0182790 0.0742712 0.1032801 0.0015325 0.2076439 0.1408256 -0.0869478 -0.0257372 -0.0149099 -0.0776483 0.0062922 -0.0110264 -0.0210026 -0.0252652 -0.0485014 -0.0814269 -0.0755099 -0.0640350 0.2714416 0.2749930 0.4589967 -0.1365117 -0.0250041 -0.1290357 -0.0294896 -0.0248452 -0.1285815 -0.0315470 0.2481687 -0.0595950 -0.0447916 -0.0680922 -0.0211395 0.2529553 0.2282642 -0.0129725 0.0114749 -0.0509409 -0.0347399 0.2351699 0.2388391 0.2361946 0.2416457 -0.0965902
0.0367241 0.0541222 0.0775466 -0.2360541 0.0639388 0.0412356 0.4482471 0.1262681 0.1440178 0.1302159 0.1247074 0.1256448 0.1284401 -0.2781621 0.1316590 -0.2839003 -0.0372875 0.1191515 -0.2949194 -0.0254574 0.0357003 -0.2982456 0.0332433 -0.2839138 0.4028800 0.0169301 0.9568327 -0.2812001 0.0583752 0.0408055 0.0465223 0.0412108 0.0212811 0.1370359 0.1396612 0.4307950 0.1344424 0.0318719 -0.2831281 0.0466150 0.0686298 0.0437506 -0.2981532 0.1282382 -0.2864605 0.4144125 0.1002643 0.0547849 0.0469415 -0.2819170 0.0436450 0.1325387 0.1424798 0.4389812 0.1302526 -0.2833497 0.0203769 -0.1825325 0.0551333 0.0480941 0.0464824 0.1316907 0.1332720 0.0607559 0.4408284 -0.2794861 -0.2075138 -0.2642827 0.4287663 -0.2829345 0.0292087 -0.1356969 -0.0006539 0.0365141 -0.2907456 -0.1827402 0.0898086 0.0483921 0.0348838 -0.2966249 0.3556733 0.0415724 0.0534158 -0.2565579 0.1398124 -0.3031442 -0.3233748 0.1309131 -0.3183024 -0.0253637 -0.0822989 0.1297603 0.0234959 0.1200127 0.0586935 0.0406772 0.1217480 0.0572187 -0.3066851 0.1312128 -0.3076374 -0.3153713 0.0340937 -0.3128990 -0.2720031 0.0507010 0.0171692 -0.3169995 -0.2839239 -0.3107315 -0.3069414 -0.3108009 -0.3194608 -0.3192311
-0.2481500 -0.2603759 -0.2902997 1.1545250 -0.2143936 -0.2854245 -0.3124618 -0.3013836 -0.3233589 -0.3199899 -0.3039031 -0.3071119 -0.3073071 0.1583612 -0.2393481 0.1993255 0.3557531 -0.3114893 1.3346024 0.2916819 -0.2968497 0.2421620 -0.2952461 0.2223181 -0.2610947 0.2528288 -0.2812001 2.2562768 -0.2924357 -0.2928816 -0.2934393 -0.3025386 -0.2757500 -0.3368880 -0.3270822 -0.3069521 -0.3167386 -0.3088035 0.1591610 -0.2948529 -0.3085597 -0.3007126 0.1684940 -0.3104915 0.1585800 -0.2942854 -0.3032272 -0.3144377 -0.3070029 0.1942597 -0.3094984 -0.3151178 -0.3181835 -0.2998895 -0.3070405 0.1948934 -0.2538958 0.5361180 -0.3097946 -0.3023423 -0.2980722 -0.3238957 -0.3275955 -0.3138517 -0.2854702 0.1792865 0.1585999 0.2461717 -0.3060044 1.3350056 -0.3020309 0.2545343 0.0829608 -0.2374692 1.2181268 0.6378018 -0.3075638 -0.3034021 -0.2729773 0.2057169 -0.2494715 -0.2926400 -0.2552593 0.3073347 -0.3174487 0.2423170 0.2815580 -0.3123583 1.4452481 0.3072565 0.4778006 -0.3184797 -0.2954765 -0.2985277 -0.3080945 -0.3052158 -0.3104141 -0.3057303 1.4177203 -0.3072167 0.3056487 0.2506350 -0.2913151 1.4736426 1.1940854 -0.2803893 0.0982479 0.3280954 0.3831483 1.4698721 1.4801723 1.4344831 1.4644185 0.2558223
0.1488036 0.1926220 0.1974322 -0.2688200 0.1719348 0.2075514 0.0416204 0.0958944 0.0122998 0.0144532 0.1207846 0.0265523 0.1066980 -0.3024423 -0.0064394 -0.3071542 -0.1174208 0.0110153 -0.3052293 -0.1023849 0.2217237 -0.3190325 0.2025026 -0.3047009 0.0379162 -0.0124544 0.0583752 -0.2924357 0.8151382 0.2310249 0.2279606 0.2173480 0.2395733 0.0339704 0.0183967 0.0451831 0.0297699 0.2338189 -0.3029538 0.2217797 0.2462111 0.2081361 -0.3226607 0.0233679 -0.2981647 0.0641179 0.1412769 0.2326025 0.2152106 -0.3050801 0.2245647 0.0320446 0.0143252 0.0463846 0.0111208 -0.2997880 0.1896898 -0.1987972 0.2404926 0.2308012 0.2235310 0.0251616 0.0114462 0.2121506 0.0556102 -0.3155653 -0.2547062 -0.2869702 0.0646617 -0.3116063 0.2337441 -0.0972336 -0.0218940 0.2106463 -0.2946045 -0.2143432 0.1765154 0.2293507 0.2178841 -0.3150206 0.0356142 0.2084401 0.1743408 -0.2796075 0.0159328 -0.3279454 -0.3476193 0.0094788 -0.3286715 -0.1535446 -0.1666043 0.1148042 0.2196610 0.1082089 0.2373766 0.2154278 0.1221386 0.1988504 -0.3177168 0.0236972 -0.3225303 -0.3311657 0.2089895 -0.3253615 -0.2871682 0.2226895 -0.0680235 -0.3348825 -0.2934452 -0.3216864 -0.3219737 -0.3186561 -0.3283302 -0.3454311
0.1762426 0.2091881 0.1931954 -0.2665309 0.1808112 0.1889723 0.0389559 0.1143796 0.0220830 0.0097178 0.1260787 0.0152530 0.1237183 -0.3033398 0.0084846 -0.3065919 -0.1222520 0.0194983 -0.2960482 -0.1149325 0.2400230 -0.3131791 0.2145234 -0.2965904 0.0350524 -0.0235523 0.0408055 -0.2928816 0.2310249 0.8239146 0.2266586 0.2137291 0.2352757 0.0409648 0.0326591 0.0420344 0.0295929 0.2168765 -0.2960589 0.2166938 0.2134601 0.1964010 -0.3175091 0.0143177 -0.2950409 0.0462038 0.1451678 0.2126844 0.2257515 -0.2994738 0.2111215 0.0328594 0.0098995 0.0279178 0.0223133 -0.3039778 0.1906961 -0.1981750 0.2320501 0.2218989 0.2117617 0.0225622 0.0254353 0.1957049 0.0282262 -0.3106092 -0.2548620 -0.2884893 0.0379439 -0.3087374 0.2216043 -0.0903627 -0.0203763 0.2078701 -0.2943988 -0.2117826 0.1632321 0.1969694 0.2003539 -0.3119094 0.0210613 0.2206041 0.1699727 -0.2710058 0.0235296 -0.3269376 -0.3403077 0.0139386 -0.3286050 -0.1521162 -0.1735950 0.1213326 0.2465027 0.1257609 0.2200339 0.2160639 0.1139508 0.2133591 -0.3193822 0.0190498 -0.3175223 -0.3308600 0.2026622 -0.3290882 -0.2927207 0.2473603 -0.0671840 -0.3360492 -0.2936792 -0.3223259 -0.3228834 -0.3230450 -0.3287746 -0.3471173
0.1750153 0.2071984 0.1927122 -0.2698136 0.1668027 0.2290985 0.0453697 0.1250290 0.0167098 0.0128165 0.1515067 0.0189566 0.1216878 -0.3004193 -0.0059580 -0.3096440 -0.1239422 0.0170941 -0.3014258 -0.1181720 0.2161430 -0.3230439 0.2159745 -0.2945844 0.0283757 -0.0131695 0.0465223 -0.2934393 0.2279606 0.2266586 0.8479012 0.2435759 0.2343997 0.0186230 0.0094306 0.0518462 0.0113007 0.2324577 -0.2958632 0.2339029 0.2012072 0.2269610 -0.3205067 0.0124290 -0.3061935 0.0429684 0.1500431 0.2084510 0.2169744 -0.3049896 0.2395181 0.0183538 0.0213724 0.0420300 0.0111602 -0.3096423 0.1691254 -0.2019313 0.2097567 0.2409680 0.2290287 0.0199634 -0.0010887 0.2064131 0.0281275 -0.3142681 -0.2596009 -0.2889793 0.0547997 -0.3125141 0.2150279 -0.0980023 -0.0253813 0.1943381 -0.2990612 -0.2163924 0.1787433 0.2466401 0.2002914 -0.3144295 0.0247325 0.2270828 0.2036806 -0.2750670 0.0055700 -0.3240997 -0.3456865 0.0184248 -0.3372039 -0.1650749 -0.1640615 0.1360738 0.2260290 0.1144454 0.2233884 0.2186980 0.1269421 0.2196478 -0.3151126 0.0118219 -0.3226711 -0.3308646 0.2047505 -0.3278809 -0.2910804 0.2284985 -0.0782569 -0.3346943 -0.2953301 -0.3300481 -0.3254982 -0.3271475 -0.3288751 -0.3468346
0.1920608 0.2034825 0.2209081 -0.2798114 0.1854147 0.2284730 0.0360176 0.1125805 0.0287622 0.0316898 0.1079312 0.0090800 0.1045605 -0.3155967 -0.0104012 -0.3163961 -0.1182777 0.0193422 -0.3085917 -0.1070626 0.2322683 -0.3289217 0.2219266 -0.3068288 0.0263103 -0.0062210 0.0412108 -0.3025386 0.2173480 0.2137291 0.2435759 0.8508253 0.2341617 0.0340577 0.0119664 0.0559562 0.0215903 0.2505731 -0.3070276 0.2184192 0.2146893 0.2262406 -0.3286624 0.0132808 -0.3070811 0.0520156 0.1330939 0.2454891 0.2409855 -0.3168063 0.2512777 0.0318652 0.0111616 0.0280574 0.0443724 -0.3153948 0.1975917 -0.2049749 0.2270212 0.2290883 0.2372345 0.0255963 0.0232714 0.1937445 0.0368923 -0.3226846 -0.2683294 -0.2994022 0.0485357 -0.3169327 0.2315898 -0.0930277 -0.0245495 0.2070514 -0.3018840 -0.2291792 0.1851986 0.2514982 0.2217680 -0.3186038 0.0274050 0.2407540 0.1909494 -0.2708861 0.0027310 -0.3348715 -0.3547527 0.0207876 -0.3394028 -0.1605545 -0.1686372 0.1258652 0.2132433 0.1112415 0.2454614 0.2432126 0.1073888 0.2238790 -0.3234221 0.0204091 -0.3283041 -0.3364550 0.2102475 -0.3394507 -0.2943555 0.2246268 -0.0718400 -0.3400105 -0.3023696 -0.3373440 -0.3326559 -0.3350540 -0.3411866 -0.3552734
0.1677601 0.1941889 0.2098456 -0.2521809 0.1700478 0.2009910 0.0241814 0.1284024 -0.0032868 -0.0126144 0.1311768 0.0015427 0.1103584 -0.2890460 -0.0178194 -0.2893015 -0.1142234 -0.0100233 -0.2880128 -0.0928193 0.2137898 -0.3076778 0.2450696 -0.2879916 0.0307235 -0.0157230 0.0212811 -0.2757500 0.2395733 0.2352757 0.2343997 0.2341617 0.7832911 0.0142391 -0.0094186 0.0470745 0.0102833 0.2391543 -0.2828244 0.2053523 0.2147385 0.2183407 -0.3112623 0.0015729 -0.2860322 0.0406340 0.1369381 0.2133551 0.2305704 -0.2939911 0.2112202 0.0148596 -0.0026710 0.0201735 -0.0095598 -0.2971824 0.1953517 -0.1798555 0.2381192 0.2250964 0.2125392 -0.0012454 -0.0072583 0.2006352 0.0213118 -0.3014449 -0.2517085 -0.2757583 0.0219332 -0.2903531 0.2319574 -0.0866094 -0.0205358 0.2122121 -0.2771878 -0.1983059 0.1714562 0.2292387 0.2280977 -0.2995594 0.0214604 0.2248916 0.1708952 -0.2594028 -0.0087855 -0.3114982 -0.3291171 0.0050214 -0.3076483 -0.1434128 -0.1547246 0.0991869 0.2261071 0.1093781 0.2184936 0.2344299 0.1197205 0.1936607 -0.3012763 0.0130496 -0.3076225 -0.3178373 0.2001019 -0.3112366 -0.2706657 0.2143627 -0.0803831 -0.3227589 -0.2790490 -0.3077084 -0.3117334 -0.3010642 -0.3125193 -0.3309584
