0.7700254 0.0021578 0.0001007 0.1713818 0.0320774 0.0242569
0.8388940 0.0419805 0.0004575 0.0095198 0.0881416 0.0210067
0.8326883 0.0932896 0.0049551 0.0104346 0.0546595 0.0039729
0.0043500 0.0305479 0.0001025 0.0902732 0.0001025 0.8746238
0.7792540 0.1013578 0.0001014 0.0160780 0.0616533 0.0415556
0.8536710 0.0106762 0.0099948 0.0299724 0.0933974 0.0022881
0.0000977 0.8406456 0.0000977 0.0361182 0.1229430 0.0000977
0.0001002 0.0001002 0.0022762 0.0549013 0.9382714 0.0043506
0.0000990 0.0000990 0.0000990 0.9800842 0.0195199 0.0000990
0.0000996 0.0000996 0.0020726 0.9730831 0.0245456 0.0000996
0.0531595 0.0000997 0.0063442 0.0000997 0.9392701 0.0010267
0.0000998 0.0240552 0.0013967 0.9267141 0.0466058 0.0011284
0.0001000 0.0595382 0.0001000 0.0100568 0.9301051 0.0001000
0.0001008 0.0023474 0.9680937 0.0015087 0.0278486 0.0001008
0.0253485 0.0802162 0.0133278 0.8443940 0.0001016 0.0366118
0.0001014 0.0001022 0.9726818 0.0086944 0.0047941 0.0136261
0.1137007 0.1696227 0.1155105 0.2461389 0.0001012 0.3549259
0.0001003 0.0182371 0.0029804 0.9432169 0.0311705 0.0042949
0.0001010 0.0001010 0.0083230 0.0001010 0.0268328 0.9645413
0.2009809 0.2950284 0.2136241 0.0000992 0.0000992 0.2901680
0.8972099 0.0000994 0.0000994 0.0001990 0.1017685 0.0006236
0.0000999 0.0003109 0.9733415 0.0000999 0.0000999 0.0260478
0.8887971 0.0173966 0.0001988 0.0001000 0.0914714 0.0020360
0.0054225 0.0091841 0.9604017 0.0001014 0.0044619 0.0204284
0.0001008 0.8895285 0.0001008 0.0001008 0.1008506 0.0093186
0.3727594 0.2298686 0.0361884 0.0497219 0.0001002 0.3113616
0.0001011 0.8645298 0.0001011 0.0197536 0.1154132 0.0001011
0.0001013 0.0001013 0.0001013 0.0001013 0.0237592 0.9758357
0.8822839 0.0051033 0.0001000 0.0027458 0.1096670 0.0001000
0.8587455 0.0000999 0.0007666 0.0213593 0.1189287 0.0000999
0.8527232 0.0001000 0.0004950 0.0001000 0.1464819 0.0001000
0.9293061 0.0000989 0.0000989 0.0121630 0.0582340 0.0000989
0.8788987 0.0000999 0.0077996 0.0000999 0.1052003 0.0079016
0.0108453 0.0000979 0.0000979 0.9430729 0.0457880 0.0000979
0.0000991 0.0290286 0.0000991 0.9427258 0.0279482 0.0000991
0.0000990 0.8836893 0.0000990 0.0023495 0.1136642 0.0000990
0.0216133 0.0000997 0.0000997 0.9514592 0.0266285 0.0000997
0.9098654 0.0000992 0.0000992 0.0000992 0.0897379 0.0000992
0.0159352 0.0001015 0.9724080 0.0113523 0.0001015 0.0001015
0.8547944 0.0251118 0.0039019 0.0001003 0.1159913 0.0001003
0.8999164 0.0220780 0.0010473 0.0271388 0.0497195 0.0001000
0.8552448 0.0001000 0.0001000 0.0069704 0.1374849 0.0001000
0.0000996 0.0000996 0.9957357 0.0006737 0.0032918 0.0000996
0.0041704 0.0342751 0.0070132 0.9419675 0.0115990 0.0009748
0.0001076 0.0001009 0.9682860 0.0210140 0.0103906 0.0001009
0.0000992 0.8577221 0.0000992 0.0000992 0.1418811 0.0000992
0.2095425 0.0021362 0.0043971 0.0034223 0.7804012 0.0001008
0.8653319 0.0038836 0.0000986 0.0068121 0.1237751 0.0000986
0.8864601 0.0321745 0.0000998 0.0128507 0.0683151 0.0000998
0.0001011 0.0001011 0.9798427 0.0073852 0.0090861 0.0034838
0.8603804 0.0000999 0.0003188 0.0351792 0.1039218 0.0000999
0.0096420 0.0458727 0.0027128 0.9132575 0.0284053 0.0001096
0.0000997 0.0388398 0.0007000 0.9152361 0.0450247 0.0000997
0.0000995 0.8868038 0.0000995 0.0024185 0.1104792 0.0000995
0.0077831 0.0197067 0.0096682 0.8884954 0.0706062 0.0037404
0.0001016 0.0082426 0.9629796 0.0045788 0.0031234 0.0209741
0.8175336 0.0132974 0.0091900 0.0305241 0.1137141 0.0157408
0.0963647 0.0668841 0.3837922 0.0109271 0.0001029 0.4419291
0.8753200 0.0155523 0.0000988 0.0000988 0.1088313 0.0000988
0.9068669 0.0162726 0.0016796 0.0000999 0.0749811 0.0000999
0.8671007 0.0001001 0.0013150 0.0001001 0.1312840 0.0001001
0.0000994 0.0016857 0.0000994 0.9768265 0.0211896 0.0000994
0.0000992 0.0000992 0.0000992 0.9766766 0.0229268 0.0000992
0.6141485 0.0000990 0.0000990 0.0000990 0.3854554 0.0000990
0.0000987 0.8581979 0.0000987 0.0000987 0.1414074 0.0000987
0.0000997 0.0111129 0.9812610 0.0000997 0.0073271 0.0000997
0.0196893 0.1029060 0.8079000 0.0392639 0.0001026 0.0301383
0.0020826 0.0123909 0.8893541 0.0001023 0.0179329 0.0781371
0.0000987 0.8534977 0.0000987 0.0000987 0.1461075 0.0000987
0.0001012 0.0084271 0.0128557 0.0053064 0.0098308 0.9634787
0.9297125 0.0000997 0.0000997 0.0296432 0.0403451 0.0000997
0.3734884 0.0477091 0.3342931 0.0106217 0.0001023 0.2337854
0.2609073 0.0684299 0.0339262 0.4078090 0.0001016 0.2288259
0.8740840 0.0092546 0.0001009 0.0048531 0.0768696 0.0348378
0.0001013 0.0001013 0.0492751 0.0001013 0.0299579 0.9204631
0.0462376 0.1518537 0.2474388 0.0001026 0.0001026 0.5542646
0.4330588 0.0088040 0.0000995 0.0000995 0.5578387 0.0000995
0.8722633 0.0000987 0.0000987 0.0000987 0.1273421 0.0000987
0.8587952 0.0001007 0.0103055 0.0055384 0.1204949 0.0047654
0.0000995 0.0000995 0.9762022 0.0000995 0.0117791 0.0117203
0.0001085 0.7942611 0.0209412 0.0349271 0.1323214 0.0174407
0.8953489 0.0009623 0.0038449 0.0001001 0.0990724 0.0006714
0.6873036 0.0108534 0.0199790 0.0136333 0.2481360 0.0200948
0.0144657 0.0012004 0.8132800 0.0043978 0.0342070 0.1324491
0.0072795 0.0228485 0.0043852 0.9622244 0.0000998 0.0031626
0.0000988 0.0000988 0.9810039 0.0000988 0.0000988 0.0186009
0.0000970 0.0000970 0.9695452 0.0000970 0.0000970 0.0300669
0.0038266 0.0001002 0.0022487 0.9597696 0.0312219 0.0028330
0.0000987 0.0000987 0.0100697 0.0000987 0.0024003 0.9872338
0.0858960 0.3258608 0.2738338 0.0275470 0.0000997 0.2867629
0.1093128 0.2095573 0.1833761 0.0732783 0.0000996 0.4243758
0.0000993 0.0030625 0.0000993 0.0274851 0.9691544 0.0000993
0.8457728 0.0000993 0.0000993 0.0113485 0.1425807 0.0000993
0.0175285 0.0076938 0.0038969 0.0457982 0.9199389 0.0051437
0.8657342 0.0027653 0.0000994 0.0000994 0.1312021 0.0000994
0.8486788 0.0000996 0.0000996 0.0141891 0.1368333 0.0000996
0.0038912 0.0168824 0.0000999 0.0016774 0.9733322 0.0041169
0.8106984 0.0342120 0.0000996 0.0001998 0.1546906 0.0000996
0.0000994 0.0000994 0.0000994 0.0000994 0.0084690 0.9911335
0.0001002 0.0065846 0.0001043 0.9240294 0.0625642 0.0066173
0.0000992 0.0000992 0.9147838 0.0000992 0.0000992 0.0848193
0.0000980 0.0000980 0.9772016 0.0000980 0.0000980 0.0224063
0.8527166 0.0075088 0.0012684 0.0173369 0.1167092 0.0044601
0.0000982 0.0000982 0.0101672 0.0000982 0.0071686 0.9823695
0.0041253 0.0158262 0.0646160 0.0001027 0.0149438 0.9003859
0.9257537 0.0204144 0.0001000 0.0001000 0.0366552 0.0169768
0.0001028 0.0017434 0.0001008 0.7244220 0.0388924 0.2347385
0.0000971 0.0000971 0.9159111 0.0000971 0.0000971 0.0837006
0.0037869 0.0001011 0.8090416 0.0001011 0.0118438 0.1751255
0.0000985 0.0000985 0.0088513 0.0000985 0.0056600 0.9851931
0.0000985 0.0000985 0.0038958 0.0000985 0.0112606 0.9845483
0.0000985 0.0000985 0.0124198 0.0000985 0.0041506 0.9831342
0.0000979 0.0000979 0.0115569 0.0000979 0.0089654 0.9791839
0.0000977 0.0000977 0.9765080 0.0000977 0.0000977 0.0231014
