1:	0.3864 0.0026 0.1146 0.3630 0.1334 	23
2:	0.4619 0.0770 0.0054 0.3012 0.1545 	13
3:	0.8293 0.0000 0.0009 0.0286 0.1413 	5
4:	0.5970 0.3008 0.0109 0.0063 0.0849 	15
5:	0.4719 0.4309 0.0125 0.0099 0.0748 	18
6:	0.1883 0.6286 0.0700 0.0874 0.0256 	24
7:	0.5373 0.1290 0.2326 0.0141 0.0871 	9
8:	0.5841 0.0050 0.0930 0.0104 0.3074 	11
9:	0.0000 1.0000 0.0000 0.0000 0.0000 	1
10:	0.8226 0.0074 0.0300 0.0126 0.1274 	17
11:	0.0000 0.9090 0.0910 0.0000 0.0000 	1
12:	0.4586 0.0602 0.1632 0.2431 0.0750 	8
13:	0.0000 1.0000 0.0000 0.0000 0.0000 	5
14:	0.4163 0.5000 0.0000 0.0118 0.0718 	2
15:	0.1872 0.6440 0.1530 0.0006 0.0151 	2
16:	0.8009 0.0000 0.0336 0.0210 0.1445 	2
17:	0.1338 0.1105 0.1784 0.5553 0.0220 	2
18:	0.8559 0.0000 0.0071 0.0000 0.1369 	3
19:	0.6415 0.0619 0.1107 0.0328 0.1531 	3
