1.0000 0.3110 0.3157 0.3035 0.3049 0.3336 0.3267 0.3628 0.3259 0.3530 0.3427 0.3179 0.3099 0.3353 0.3974 0.3620 0.3506 0.3213 0.3279 0.3638 0.3163 0.3523 0.3445 0.3152 0.3298 0.3437 0.2971 0.3336 0.3424 0.3051 0.3260 0.3617 0.3229 0.2979 0.2832 0.3664 0.3373 0.3584 0.3449 0.3326 0.3165 0.3362 0.3078 0.3295 0.3602 0.3302 0.4183 0.3262 0.3056 0.3271
0.3110 1.0000 0.3717 0.3733 0.3575 0.3838 0.3756 0.3719 0.3252 0.3553 0.3884 0.3547 0.3274 0.3383 0.3643 0.4012 0.3881 0.4105 0.3515 0.4033 0.3728 0.3575 0.3533 0.3436 0.3727 0.3630 0.4147 0.3892 0.3147 0.3536 0.3794 0.3596 0.4236 0.3462 0.3869 0.4294 0.3984 0.3944 0.3995 0.3413 0.3379 0.4073 0.3471 0.4187 0.3422 0.4043 0.3824 0.3761 0.4036 0.4122
0.3157 0.3717 1.0000 0.3854 0.4076 0.3896 0.3387 0.3622 0.3481 0.3699 0.3680 0.3299 0.3505 0.4576 0.3628 0.4247 0.3884 0.3371 0.3809 0.3923 0.3817 0.3939 0.3447 0.3764 0.3740 0.3580 0.3513 0.3493 0.3015 0.3577 0.3527 0.3685 0.3859 0.4176 0.3899 0.3778 0.4235 0.3532 0.3866 0.3585 0.3517 0.3685 0.3404 0.4242 0.3752 0.3968 0.3757 0.3415 0.3469 0.3576
0.3035 0.3733 0.3854 1.0000 0.3913 0.3987 0.3624 0.3848 0.4288 0.4021 0.4030 0.3836 0.3470 0.4208 0.4342 0.3700 0.3351 0.3531 0.3592 0.3562 0.4227 0.3717 0.3571 0.3629 0.4542 0.3762 0.3247 0.3588 0.3445 0.3160 0.4197 0.3982 0.4189 0.3511 0.3378 0.3676 0.3884 0.3576 0.3559 0.3577 0.3176 0.3417 0.3731 0.3552 0.3632 0.3914 0.3876 0.4359 0.3739 0.4377
0.3049 0.3575 0.4076 0.3913 1.0000 0.3986 0.3255 0.3022 0.3592 0.3535 0.3312 0.4090 0.3319 0.3866 0.3374 0.3727 0.3609 0.3339 0.3327 0.3488 0.3694 0.3262 0.3551 0.3897 0.3922 0.4167 0.3176 0.3023 0.3174 0.3192 0.3722 0.3863 0.3954 0.3490 0.4229 0.3611 0.3634 0.3674 0.3704 0.3345 0.3939 0.3113 0.3818 0.3616 0.3704 0.3775 0.3956 0.3506 0.3591 0.3462
0.3336 0.3838 0.3896 0.3987 0.3986 1.0000 0.3789 0.3698 0.4292 0.3838 0.4256 0.3774 0.4130 0.4003 0.3716 0.4072 0.3976 0.4039 0.3716 0.3996 0.3809 0.3936 0.4305 0.4036 0.4198 0.3771 0.3639 0.3697 0.3549 0.3327 0.4234 0.3712 0.4103 0.3823 0.3833 0.4374 0.4250 0.4062 0.4534 0.3288 0.3511 0.3831 0.3641 0.4280 0.3751 0.4114 0.3777 0.4542 0.3531 0.3809
0.3267 0.3756 0.3387 0.3624 0.3255 0.3789 1.0000 0.3439 0.3484 0.3333 0.3377 0.3140 0.3060 0.3989 0.3528 0.3927 0.3492 0.3442 0.3107 0.3502 0.3805 0.3369 0.3472 0.3266 0.3687 0.3294 0.3131 0.3983 0.3100 0.3365 0.3525 0.3863 0.4289 0.3976 0.3815 0.3407 0.3921 0.3717 0.4100 0.3625 0.2981 0.3494 0.3225 0.3405 0.3749 0.3422 0.3198 0.3626 0.3572 0.3906
0.3628 0.3719 0.3622 0.3848 0.3022 0.3698 0.3439 1.0000 0.3939 0.3591 0.3810 0.3013 0.3367 0.3784 0.4050 0.3760 0.3636 0.3009 0.3567 0.3679 0.3559 0.4072 0.3450 0.2839 0.3226 0.3484 0.3006 0.3501 0.3382 0.3599 0.3632 0.3497 0.3867 0.4143 0.3181 0.4737 0.3594 0.4012 0.3573 0.3509 0.3137 0.3719 0.3306 0.3754 0.3708 0.3353 0.3870 0.4667 0.3199 0.3836
0.3259 0.3252 0.3481 0.4288 0.3592 0.4292 0.3484 0.3939 1.0000 0.4025 0.4068 0.3508 0.3727 0.3908 0.4143 0.3753 0.3839 0.3701 0.3493 0.3795 0.4059 0.3774 0.3564 0.3680 0.3711 0.3489 0.3373 0.3841 0.3648 0.3395 0.4223 0.4087 0.3757 0.3875 0.3587 0.3782 0.4352 0.4042 0.3762 0.3350 0.3205 0.3107 0.3418 0.3401 0.3641 0.3934 0.3819 0.4563 0.3261 0.3956
0.3530 0.3553 0.3699 0.4021 0.3535 0.3838 0.3333 0.3591 0.4025 1.0000 0.3786 0.4017 0.3784 0.3963 0.3781 0.3643 0.3157 0.3889 0.3688 0.3702 0.3702 0.3528 0.3378 0.3305 0.4377 0.3425 0.3370 0.3413 0.3532 0.3238 0.3574 0.3447 0.4091 0.3518 0.3279 0.3823 0.3813 0.3320 0.3786 0.3362 0.3820 0.3361 0.3596 0.3671 0.3371 0.3800 0.4038 0.3636 0.4029 0.3772
0.3427 0.3884 0.3680 0.4030 0.3312 0.4256 0.3377 0.3810 0.4068 0.3786 1.0000 0.3689 0.3739 0.3465 0.3797 0.3634 0.4084 0.3858 0.3318 0.3777 0.4432 0.3782 0.3590 0.4218 0.4257 0.3475 0.3659 0.4246 0.4091 0.3370 0.4279 0.3946 0.4404 0.4045 0.3671 0.4652 0.4101 0.3498 0.4138 0.3888 0.3485 0.3888 0.3982 0.3906 0.3682 0.4157 0.3693 0.4979 0.3349 0.3981
0.3179 0.3547 0.3299 0.3836 0.4090 0.3774 0.3140 0.3013 0.3508 0.4017 0.3689 1.0000 0.3741 0.3827 0.3413 0.3493 0.3053 0.3187 0.3719 0.3568 0.3590 0.3165 0.3018 0.3672 0.4532 0.3260 0.3343 0.3268 0.2958 0.3173 0.3400 0.3813 0.4297 0.3400 0.3504 0.3623 0.3815 0.3117 0.3487 0.3343 0.3721 0.3511 0.3420 0.3667 0.3324 0.3664 0.3815 0.3618 0.3595 0.3760
0.3099 0.3274 0.3505 0.3470 0.3319 0.4130 0.3060 0.3367 0.3727 0.3784 0.3739 0.3741 1.0000 0.3293 0.3139 0.3873 0.3360 0.3508 0.3909 0.4266 0.3609 0.3417 0.3306 0.3824 0.3781 0.3488 0.4221 0.3548 0.3624 0.3902 0.3840 0.3297 0.3817 0.3555 0.3500 0.3943 0.3986 0.4054 0.3763 0.4021 0.3286 0.3411 0.2896 0.4089 0.3783 0.3952 0.3575 0.3986 0.3757 0.3329
0.3353 0.3383 0.4576 0.4208 0.3866 0.4003 0.3989 0.3784 0.3908 0.3963 0.3465 0.3827 0.3293 1.0000 0.3749 0.4332 0.3598 0.3171 0.4098 0.3882 0.3665 0.3855 0.3846 0.3466 0.4291 0.3900 0.3191 0.3698 0.3203 0.3307 0.3606 0.3888 0.3994 0.4146 0.3577 0.3674 0.3890 0.3707 0.3446 0.3741 0.3720 0.3912 0.3573 0.4169 0.3619 0.3498 0.4112 0.3785 0.3645 0.3963
0.3974 0.3643 0.3628 0.4342 0.3374 0.3716 0.3528 0.4050 0.4143 0.3781 0.3797 0.3413 0.3139 0.3749 1.0000 0.3603 0.3507 0.3496 0.3559 0.3836 0.3990 0.3387 0.3757 0.3249 0.3896 0.3858 0.3326 0.4217 0.3628 0.3248 0.3603 0.4124 0.3574 0.3554 0.3313 0.3463 0.3806 0.3973 0.3693 0.3559 0.3227 0.3201 0.3779 0.3248 0.3913 0.3656 0.4140 0.3960 0.3879 0.3924
0.3620 0.4012 0.4247 0.3700 0.3727 0.4072 0.3927 0.3760 0.3753 0.3643 0.3634 0.3493 0.3873 0.4332 0.3603 1.0000 0.3661 0.3443 0.3922 0.4492 0.3487 0.3801 0.3803 0.3700 0.4360 0.4189 0.4074 0.3970 0.3572 0.3495 0.4352 0.3416 0.4483 0.3537 0.4482 0.4371 0.4141 0.4839 0.3929 0.4071 0.4069 0.4385 0.3628 0.4461 0.3661 0.4235 0.4594 0.3943 0.4033 0.4293
0.3506 0.3881 0.3884 0.3351 0.3609 0.3976 0.3492 0.3636 0.3839 0.3157 0.4084 0.3053 0.3360 0.3598 0.3507 0.3661 1.0000 0.3347 0.3330 0.4007 0.4103 0.4308 0.3547 0.3362 0.3310 0.3663 0.3282 0.3926 0.3384 0.3352 0.3792 0.3984 0.3776 0.4094 0.3943 0.3971 0.4478 0.3786 0.3832 0.3426 0.3386 0.3442 0.3466 0.3617 0.4096 0.3736 0.3609 0.4074 0.3599 0.3353
0.3213 0.4105 0.3371 0.3531 0.3339 0.4039 0.3442 0.3009 0.3701 0.3889 0.3858 0.3187 0.3508 0.3171 0.3496 0.3443 0.3347 1.0000 0.3575 0.3741 0.3854 0.3469 0.3699 0.4240 0.3643 0.3417 0.3736 0.3408 0.3792 0.3813 0.4529 0.3585 0.3833 0.3498 0.3796 0.3811 0.4377 0.3746 0.5093 0.3325 0.3552 0.3464 0.3280 0.4003 0.3447 0.3705 0.3638 0.3832 0.3913 0.3562
0.3279 0.3515 0.3809 0.3592 0.3327 0.3716 0.3107 0.3567 0.3493 0.3688 0.3318 0.3719 0.3909 0.4098 0.3559 0.3922 0.3330 0.3575 1.0000 0.4115 0.3343 0.3756 0.3249 0.3789 0.3767 0.3606 0.3472 0.3657 0.3258 0.4049 0.3909 0.3662 0.3469 0.3628 0.3230 0.3938 0.3960 0.3786 0.3890 0.3869 0.3157 0.4029 0.3180 0.3754 0.3504 0.4110 0.3836 0.3640 0.3927 0.3945
0.3638 0.4033 0.3923 0.3562 0.3488 0.3996 0.3502 0.3679 0.3795 0.3702 0.3777 0.3568 0.4266 0.3882 0.3836 0.4492 0.4007 0.3741 0.4115 1.0000 0.4229 0.4258 0.3620 0.3643 0.3531 0.4219 0.3991 0.4290 0.3523 0.3937 0.3872 0.3845 0.4094 0.4170 0.3909 0.4137 0.4192 0.4440 0.4296 0.3751 0.3583 0.3862 0.3300 0.4074 0.3967 0.4206 0.4338 0.3826 0.4137 0.4082
0.3163 0.3728 0.3817 0.4227 0.3694 0.3809 0.3805 0.3559 0.4059 0.3702 0.4432 0.3590 0.3609 0.3665 0.3990 0.3487 0.4103 0.3854 0.3343 0.4229 1.0000 0.4038 0.3523 0.3503 0.3803 0.3434 0.3525 0.4357 0.4087 0.3715 0.3733 0.4157 0.3937 0.4470 0.4210 0.3936 0.4410 0.3534 0.4025 0.3494 0.3361 0.3454 0.4097 0.3451 0.3844 0.3777 0.3687 0.4078 0.4072 0.4066
0.3523 0.3575 0.3939 0.3717 0.3262 0.3936 0.3369 0.4072 0.3774 0.3528 0.3782 0.3165 0.3417 0.3855 0.3387 0.3801 0.4308 0.3469 0.3756 0.4258 0.4038 1.0000 0.3804 0.3311 0.3143 0.3696 0.3030 0.4014 0.3459 0.3788 0.3945 0.3695 0.3959 0.4284 0.3770 0.4401 0.3967 0.4006 0.4013 0.3621 0.3230 0.3685 0.3332 0.3812 0.3922 0.4089 0.4153 0.4353 0.3992 0.3659
0.3445 0.3533 0.3447 0.3571 0.3551 0.4305 0.3472 0.3450 0.3564 0.3378 0.3590 0.3018 0.3306 0.3846 0.3757 0.3803 0.3547 0.3699 0.3249 0.3620 0.3523 0.3804 1.0000 0.3349 0.3543 0.3812 0.3575 0.3549 0.3580 0.3164 0.3870 0.3196 0.3777 0.3265 0.3444 0.3591 0.4153 0.3899 0.3819 0.3190 0.3272 0.3801 0.3508 0.3190 0.3844 0.3629 0.3735 0.3860 0.3500 0.4052
0.3152 0.3436 0.3764 0.3629 0.3897 0.4036 0.3266 0.2839 0.3680 0.3305 0.4218 0.3672 0.3824 0.3466 0.3249 0.3700 0.3362 0.4240 0.3789 0.3643 0.3503 0.3311 0.3349 1.0000 0.3873 0.3384 0.3512 0.3297 0.3351 0.3671 0.3974 0.3475 0.3779 0.3138 0.3980 0.3758 0.4175 0.3429 0.4432 0.4082 0.3471 0.3113 0.3370 0.4021 0.3694 0.3897 0.3598 0.3687 0.3704 0.3224
0.3298 0.3727 0.3740 0.4542 0.3922 0.4198 0.3687 0.3226 0.3711 0.4377 0.4257 0.4532 0.3781 0.4291 0.3896 0.4360 0.3310 0.3643 0.3767 0.3531 0.3803 0.3143 0.3543 0.3873 1.0000 0.3741 0.4034 0.3438 0.3204 0.3176 0.4340 0.4020 0.4664 0.3464 0.3807 0.3964 0.4219 0.3713 0.3870 0.3851 0.3963 0.3498 0.4038 0.3724 0.3613 0.4417 0.3828 0.4221 0.3353 0.3902
0.3437 0.3630 0.3580 0.3762 0.4167 0.3771 0.3294 0.3484 0.3489 0.3425 0.3475 0.3260 0.3488 0.3900 0.3858 0.4189 0.3663 0.3417 0.3606 0.4219 0.3434 0.3696 0.3812 0.3384 0.3741 1.0000 0.3673 0.3659 0.3124 0.3222 0.3858 0.3466 0.3987 0.3105 0.3557 0.3709 0.3457 0.4238 0.3253 0.3455 0.3659 0.3397 0.3410 0.4016 0.3486 0.3958 0.4345 0.3396 0.3644 0.3739
0.2971 0.4147 0.3513 0.3247 0.3176 0.3639 0.3131 0.3006 0.3373 0.3370 0.3659 0.3343 0.4221 0.3191 0.3326 0.4074 0.3282 0.3736 0.3472 0.3991 0.3525 0.3030 0.3575 0.3512 0.4034 0.3673 1.0000 0.3648 0.3286 0.3630 0.3878 0.3530 0.4361 0.3480 0.3610 0.3916 0.4037 0.3865 0.3859 0.3544 0.3015 0.3337 0.3107 0.3833 0.3205 0.4108 0.3519 0.3766 0.3395 0.3303
0.3336 0.3892 0.3493 0.3588 0.3023 0.3697 0.3983 0.3501 0.3841 0.3413 0.4246 0.3268 0.3548 0.3698 0.4217 0.3970 0.3926 0.3408 0.3657 0.4290 0.4357 0.4014 0.3549 0.3297 0.3438 0.3659 0.3648 1.0000 0.3312 0.3566 0.3848 0.3906 0.4036 0.4046 0.4010 0.3980 0.3891 0.4254 0.3643 0.3923 0.3345 0.3755 0.3631 0.3582 0.3515 0.3740 0.3768 0.3985 0.3890 0.4219
0.3424 0.3147 0.3015 0.3445 0.3174 0.3549 0.3100 0.3382 0.3648 0.3532 0.4091 0.2958 0.3624 0.3203 0.3628 0.3572 0.3384 0.3792 0.3258 0.3523 0.4087 0.3459 0.3580 0.3351 0.3204 0.3124 0.3286 0.3312 1.0000 0.3351 0.3907 0.3667 0.3553 0.3375 0.3869 0.3799 0.3343 0.3690 0.3869 0.3367 0.3308 0.3333 0.3646 0.3150 0.3597 0.3052 0.3549 0.3929 0.4032 0.3243
0.3051 0.3536 0.3577 0.3160 0.3192 0.3327 0.3365 0.3599 0.3395 0.3238 0.3370 0.3173 0.3902 0.3307 0.3248 0.3495 0.3352 0.3813 0.4049 0.3937 0.3715 0.3788 0.3164 0.3671 0.3176 0.3222 0.3630 0.3566 0.3351 1.0000 0.3472 0.3844 0.3563 0.3810 0.3668 0.3828 0.4056 0.3607 0.4524 0.3550 0.3299 0.3726 0.2736 0.3514 0.3375 0.3384 0.3516 0.3628 0.3927 0.3358
0.3260 0.3794 0.3527 0.4197 0.3722 0.4234 0.3525 0.3632 0.4223 0.3574 0.4279 0.3400 0.3840 0.3606 0.3603 0.4352 0.3792 0.4529 0.3909 0.3872 0.3733 0.3945 0.3870 0.3974 0.4340 0.3858 0.3878 0.3848 0.3907 0.3472 1.0000 0.3974 0.4395 0.3524 0.3767 0.4794 0.4302 0.4633 0.4490 0.4286 0.3365 0.3563 0.3587 0.3902 0.4131 0.4192 0.3917 0.4865 0.3930 0.4183
0.3617 0.3596 0.3685 0.3982 0.3863 0.3712 0.3863 0.3497 0.4087 0.3447 0.3946 0.3813 0.3297 0.3888 0.4124 0.3416 0.3984 0.3585 0.3662 0.3845 0.4157 0.3695 0.3196 0.3475 0.4020 0.3466 0.3530 0.3906 0.3667 0.3844 0.3974 1.0000 0.3960 0.3988 0.3681 0.3822 0.4098 0.3488 0.4336 0.3435 0.3803 0.3514 0.4083 0.3507 0.3898 0.3563 0.3359 0.3860 0.3686 0.3860
0.3229 0.4236 0.3859 0.4189 0.3954 0.4103 0.4289 0.3867 0.3757 0.4091 0.4404 0.4297 0.3817 0.3994 0.3574 0.4483 0.3776 0.3833 0.3469 0.4094 0.3937 0.3959 0.3777 0.3779 0.4664 0.3987 0.4361 0.4036 0.3553 0.3563 0.4395 0.3960 1.0000 0.4174 0.4202 0.4787 0.4250 0.4061 0.4005 0.4088 0.3785 0.4198 0.4017 0.4406 0.3874 0.3991 0.4515 0.4609 0.3875 0.4086
0.2979 0.3462 0.4176 0.3511 0.3490 0.3823 0.3976 0.4143 0.3875 0.3518 0.4045 0.3400 0.3555 0.4146 0.3554 0.3537 0.4094 0.3498 0.3628 0.4170 0.4470 0.4284 0.3265 0.3138 0.3464 0.3105 0.3480 0.4046 0.3375 0.3810 0.3524 0.3988 0.4174 1.0000 0.4026 0.4262 0.4337 0.3942 0.4051 0.3609 0.3482 0.3245 0.3684 0.3885 0.3990 0.3596 0.3527 0.4214 0.3555 0.3814
0.2832 0.3869 0.3899 0.3378 0.4229 0.3833 0.3815 0.3181 0.3587 0.3279 0.3671 0.3504 0.3500 0.3577 0.3313 0.4482 0.3943 0.3796 0.3230 0.3909 0.4210 0.3770 0.3444 0.3980 0.3807 0.3557 0.3610 0.4010 0.3869 0.3668 0.3767 0.3681 0.4202 0.4026 1.0000 0.4346 0.4341 0.4160 0.4111 0.3592 0.4150 0.3399 0.3992 0.4142 0.3874 0.4009 0.3986 0.3742 0.4097 0.3581
0.3664 0.4294 0.3778 0.3676 0.3611 0.4374 0.3407 0.4737 0.3782 0.3823 0.4652 0.3623 0.3943 0.3674 0.3463 0.4371 0.3971 0.3811 0.3938 0.4137 0.3936 0.4401 0.3591 0.3758 0.3964 0.3709 0.3916 0.3980 0.3799 0.3828 0.4794 0.3822 0.4787 0.4262 0.4346 1.0000 0.4506 0.4360 0.4198 0.3898 0.3899 0.4445 0.3977 0.4282 0.3835 0.4428 0.4490 0.4782 0.3796 0.4663
0.3373 0.3984 0.4235 0.3884 0.3634 0.4250 0.3921 0.3594 0.4352 0.3813 0.4101 0.3815 0.3986 0.3890 0.3806 0.4141 0.4478 0.4377 0.3960 0.4192 0.4410 0.3967 0.4153 0.4175 0.4219 0.3457 0.4037 0.3891 0.3343 0.4056 0.4302 0.4098 0.4250 0.4337 0.4341 0.4506 1.0000 0.3742 0.4324 0.3785 0.3829 0.3510 0.3697 0.3767 0.4246 0.4171 0.3998 0.4041 0.3972 0.4284
0.3584 0.3944 0.3532 0.3576 0.3674 0.4062 0.3717 0.4012 0.4042 0.3320 0.3498 0.3117 0.4054 0.3707 0.3973 0.4839 0.3786 0.3746 0.3786 0.4440 0.3534 0.4006 0.3899 0.3429 0.3713 0.4238 0.3865 0.4254 0.3690 0.3607 0.4633 0.3488 0.4061 0.3942 0.4160 0.4360 0.3742 1.0000 0.4235 0.3984 0.3552 0.3889 0.3394 0.4341 0.4207 0.4200 0.4652 0.4474 0.3968 0.3849
0.3449 0.3995 0.3866 0.3559 0.3704 0.4534 0.4100 0.3573 0.3762 0.3786 0.4138 0.3487 0.3763 0.3446 0.3693 0.3929 0.3832 0.5093 0.3890 0.4296 0.4025 0.4013 0.3819 0.4432 0.3870 0.3253 0.3859 0.3643 0.3869 0.4524 0.4490 0.4336 0.4005 0.4051 0.4111 0.4198 0.4324 0.4235 1.0000 0.3778 0.3860 0.3741 0.3407 0.4291 0.3905 0.3980 0.3960 0.4434 0.3742 0.3566
0.3326 0.3413 0.3585 0.3577 0.3345 0.3288 0.3625 0.3509 0.3350 0.3362 0.3888 0.3343 0.4021 0.3741 0.3559 0.4071 0.3426 0.3325 0.3869 0.3751 0.3494 0.3621 0.3190 0.4082 0.3851 0.3455 0.3544 0.3923 0.3367 0.3550 0.4286 0.3435 0.4088 0.3609 0.3592 0.3898 0.3785 0.3984 0.3778 1.0000 0.3192 0.3593 0.3521 0.3867 0.4591 0.4278 0.3534 0.4160 0.3486 0.3700
0.3165 0.3379 0.3517 0.3176 0.3939 0.3511 0.2981 0.3137 0.3205 0.3820 0.3485 0.3721 0.3286 0.3720 0.3227 0.4069 0.3386 0.3552 0.3157 0.3583 0.3361 0.3230 0.3272 0.3471 0.3963 0.3659 0.3015 0.3345 0.3308 0.3299 0.3365 0.3803 0.3785 0.3482 0.4150 0.3899 0.3829 0.3552 0.3860 0.3192 1.0000 0.3464 0.3765 0.3879 0.3272 0.3474 0.3614 0.3308 0.3488 0.3443
0.3362 0.4073 0.3685 0.3417 0.3113 0.3831 0.3494 0.3719 0.3107 0.3361 0.3888 0.3511 0.3411 0.3912 0.3201 0.4385 0.3442 0.3464 0.4029 0.3862 0.3454 0.3685 0.3801 0.3113 0.3498 0.3397 0.3337 0.3755 0.3333 0.3726 0.3563 0.3514 0.4198 0.3245 0.3399 0.4445 0.3510 0.3889 0.3741 0.3593 0.3464 1.0000 0.3131 0.4104 0.3431 0.3690 0.3982 0.4059 0.3679 0.4333
0.3078 0.3471 0.3404 0.3731 0.3818 0.3641 0.3225 0.3306 0.3418 0.3596 0.3982 0.3420 0.2896 0.3573 0.3779 0.3628 0.3466 0.3280 0.3180 0.3300 0.4097 0.3332 0.3508 0.3370 0.4038 0.3410 0.3107 0.3631 0.3646 0.2736 0.3587 0.4083 0.4017 0.3684 0.3992 0.3977 0.3697 0.3394 0.3407 0.3521 0.3765 0.3131 1.0000 0.3531 0.3372 0.3620 0.3546 0.3864 0.3885 0.3792
0.3295 0.4187 0.4242 0.3552 0.3616 0.4280 0.3405 0.3754 0.3401 0.3671 0.3906 0.3667 0.4089 0.4169 0.3248 0.4461 0.3617 0.4003 0.3754 0.4074 0.3451 0.3812 0.3190 0.4021 0.3724 0.4016 0.3833 0.3582 0.3150 0.3514 0.3902 0.3507 0.4406 0.3885 0.4142 0.4282 0.3767 0.4341 0.4291 0.3867 0.3879 0.4104 0.3531 1.0000 0.3484 0.3925 0.4293 0.3919 0.3557 0.3764
0.3602 0.3422 0.3752 0.3632 0.3704 0.3751 0.3749 0.3708 0.3641 0.3371 0.3682 0.3324 0.3783 0.3619 0.3913 0.3661 0.4096 0.3447 0.3504 0.3967 0.3844 0.3922 0.3844 0.3694 0.3613 0.3486 0.3205 0.3515 0.3597 0.3375 0.4131 0.3898 0.3874 0.3990 0.3874 0.3835 0.4246 0.4207 0.3905 0.4591 0.3272 0.3431 0.3372 0.3484 1.0000 0.3976 0.3782 0.3982 0.3326 0.3605
0.3302 0.4043 0.3968 0.3914 0.3775 0.4114 0.3422 0.3353 0.3934 0.3800 0.4157 0.3664 0.3952 0.3498 0.3656 0.4235 0.3736 0.3705 0.4110 0.4206 0.3777 0.4089 0.3629 0.3897 0.4417 0.3958 0.4108 0.3740 0.3052 0.3384 0.4192 0.3563 0.3991 0.3596 0.4009 0.4428 0.4171 0.4200 0.3980 0.4278 0.3474 0.3690 0.3620 0.3925 0.3976 1.0000 0.4145 0.4185 0.3707 0.4360
0.4183 0.3824 0.3757 0.3876 0.3956 0.3777 0.3198 0.3870 0.3819 0.4038 0.3693 0.3815 0.3575 0.4112 0.4140 0.4594 0.3609 0.3638 0.3836 0.4338 0.3687 0.4153 0.3735 0.3598 0.3828 0.4345 0.3519 0.3768 0.3549 0.3516 0.3917 0.3359 0.4515 0.3527 0.3986 0.4490 0.3998 0.4652 0.3960 0.3534 0.3614 0.3982 0.3546 0.4293 0.3782 0.4145 1.0000 0.4072 0.4022 0.4226
0.3262 0.3761 0.3415 0.4359 0.3506 0.4542 0.3626 0.4667 0.4563 0.3636 0.4979 0.3618 0.3986 0.3785 0.3960 0.3943 0.4074 0.3832 0.3640 0.3826 0.4078 0.4353 0.3860 0.3687 0.4221 0.3396 0.3766 0.3985 0.3929 0.3628 0.4865 0.3860 0.4609 0.4214 0.3742 0.4782 0.4041 0.4474 0.4434 0.4160 0.3308 0.4059 0.3864 0.3919 0.3982 0.4185 0.4072 1.0000 0.3654 0.3828
0.3056 0.4036 0.3469 0.3739 0.3591 0.3531 0.3572 0.3199 0.3261 0.4029 0.3349 0.3595 0.3757 0.3645 0.3879 0.4033 0.3599 0.3913 0.3927 0.4137 0.4072 0.3992 0.3500 0.3704 0.3353 0.3644 0.3395 0.3890 0.4032 0.3927 0.3930 0.3686 0.3875 0.3555 0.4097 0.3796 0.3972 0.3968 0.3742 0.3486 0.3488 0.3679 0.3885 0.3557 0.3326 0.3707 0.4022 0.3654 1.0000 0.3689
0.3271 0.4122 0.3576 0.4377 0.3462 0.3809 0.3906 0.3836 0.3956 0.3772 0.3981 0.3760 0.3329 0.3963 0.3924 0.4293 0.3353 0.3562 0.3945 0.4082 0.4066 0.3659 0.4052 0.3224 0.3902 0.3739 0.3303 0.4219 0.3243 0.3358 0.4183 0.3860 0.4086 0.3814 0.3581 0.4663 0.4284 0.3849 0.3566 0.3700 0.3443 0.4333 0.3792 0.3764 0.3605 0.4360 0.4226 0.3828 0.3689 1.0000
