1:	0.3834 0.0003 0.1075 0.3514 0.0354 0.0281 0.0925 0.0013 	23
2:	0.4946 0.0166 0.0045 0.2948 0.0178 0.0155 0.0959 0.0603 	13
3:	0.8365 0.0000 0.0007 0.0263 0.0865 0.0029 0.0471 0.0000 	5
4:	0.6303 0.1981 0.0051 0.0045 0.0145 0.0212 0.0281 0.0982 	15
5:	0.4896 0.2410 0.0082 0.0094 0.0235 0.0126 0.0276 0.1880 	18
6:	0.1397 0.2842 0.0153 0.0767 0.0112 0.1540 0.0072 0.3118 	24
7:	0.5515 0.0779 0.2267 0.0125 0.0326 0.0177 0.0328 0.0483 	9
8:	0.4588 0.0026 0.0912 0.0075 0.2752 0.0085 0.1562 0.0002 	11
9:	0.0000 0.3434 0.0000 0.0000 0.0000 0.0000 0.0000 0.6566 	1
10:	0.8609 0.0049 0.0239 0.0104 0.0412 0.0169 0.0407 0.0012 	17
11:	0.0000 0.6865 0.0889 0.0000 0.0000 0.0000 0.0000 0.2245 	1
12:	0.3882 0.0055 0.0680 0.2202 0.0151 0.2426 0.0346 0.0258 	8
13:	0.0000 0.8210 0.0000 0.0000 0.0000 0.0000 0.0000 0.1790 	5
14:	0.4461 0.3523 0.0000 0.0107 0.0168 0.0018 0.0246 0.1477 	2
15:	0.0251 0.3078 0.0197 0.0000 0.0010 0.4348 0.0001 0.2114 	2
16:	0.8249 0.0000 0.0251 0.0190 0.0524 0.0198 0.0588 0.0000 	2
17:	0.0143 0.0041 0.0754 0.4713 0.0039 0.4180 0.0024 0.0106 	2
18:	0.9005 0.0000 0.0044 0.0001 0.0298 0.0074 0.0577 0.0000 	3
19:	0.5814 0.0124 0.0773 0.0210 0.1396 0.0871 0.0464 0.0348 	3
