1:	0.4412 0.0045 0.0135 0.3848 0.0123 0.1437 	13
2:	0.5289 0.0000 0.0709 0.2296 0.0449 0.1258 	14
3:	0.2021 0.0785 0.1963 0.1517 0.2666 0.1048 	18
4:	0.2780 0.1822 0.0730 0.3477 0.0000 0.1191 	11
5:	0.2665 0.3406 0.0125 0.1484 0.0869 0.1452 	6
6:	0.0796 0.4719 0.0575 0.0281 0.3478 0.0152 	17
7:	0.5152 0.0000 0.0000 0.4360 0.0000 0.0487 	1
8:	0.4068 0.0000 0.0473 0.4205 0.0000 0.1254 	1
9:	0.0000 0.0000 1.0000 0.0000 0.0000 0.0000 	1
10:	0.4227 0.0000 0.1314 0.3362 0.0000 0.1098 	1
11:	0.4473 0.0000 0.2240 0.2439 0.0000 0.0848 	2
12:	0.4029 0.0000 0.0987 0.2871 0.1250 0.0865 	8
13:	0.5094 0.0000 0.0000 0.4037 0.0000 0.0869 	1
