1:	0.0329 0.0002 0.1043 0.0002 0.0047 0.0097 0.1507 0.1074 0.0000 0.0460 0.1600 0.0034 0.0516 0.0037 0.0003 0.0170 0.0002 0.0080 0.1077 0.0593 0.1067 0.0213 0.0048 	23
2:	0.1348 0.0128 0.0026 0.0256 0.0058 0.0002 0.0831 0.1608 0.0000 0.0919 0.0539 0.0041 0.0034 0.0027 0.0385 0.0515 0.0000 0.0050 0.1357 0.0795 0.0443 0.0599 0.0039 	13
3:	0.1439 0.0000 0.0000 0.0000 0.0265 0.0000 0.0008 0.0173 0.0000 0.0017 0.3424 0.0022 0.0026 0.0068 0.0000 0.1996 0.0000 0.0206 0.1041 0.0798 0.0008 0.0492 0.0018 	5
4:	0.1788 0.0782 0.0011 0.0279 0.0014 0.0216 0.0006 0.0069 0.0701 0.0011 0.0587 0.0047 0.0019 0.1424 0.0467 0.0527 0.0292 0.0082 0.0913 0.1075 0.0007 0.0437 0.0244 	15
5:	0.1056 0.0541 0.0063 0.0396 0.0076 0.0080 0.0013 0.0157 0.0453 0.0033 0.0286 0.0033 0.0044 0.0025 0.0613 0.0691 0.1419 0.0123 0.1579 0.1307 0.0026 0.0390 0.0596 	18
6:	0.0173 0.1611 0.0046 0.1315 0.0024 0.1314 0.0385 0.0485 0.0765 0.0004 0.0153 0.0003 0.0011 0.0031 0.0589 0.0489 0.1171 0.0044 0.0178 0.0147 0.0057 0.0337 0.0669 	24
7:	0.1550 0.0045 0.2234 0.0232 0.0033 0.0209 0.0018 0.0009 0.0313 0.0026 0.0385 0.0070 0.0114 0.0142 0.0003 0.0959 0.0510 0.1173 0.0334 0.1084 0.0000 0.0360 0.0196 	9
8:	0.0164 0.0000 0.0909 0.0000 0.1837 0.0000 0.0000 0.0021 0.0000 0.0006 0.1875 0.1827 0.0956 0.0014 0.0000 0.0183 0.0000 0.1067 0.0555 0.0416 0.0003 0.0166 0.0000 	11
9:	0.0000 0.1876 0.0000 0.1514 0.0000 0.0000 0.0000 0.0000 0.1708 0.0000 0.0000 0.0000 0.0000 0.0000 0.0239 0.0000 0.1558 0.0000 0.0000 0.0294 0.0000 0.0310 0.2500 	1
10:	0.3097 0.0003 0.0161 0.0000 0.0134 0.0092 0.0040 0.0105 0.0020 0.0057 0.1291 0.0092 0.0042 0.0105 0.0002 0.0960 0.0008 0.0170 0.1219 0.1584 0.0024 0.0728 0.0065 	17
11:	0.0000 0.1077 0.0864 0.0122 0.0000 0.0000 0.0000 0.0199 0.1261 0.0000 0.0000 0.0000 0.0000 0.0000 0.0855 0.0000 0.5002 0.0000 0.0000 0.0062 0.0000 0.0300 0.0257 	1
12:	0.0771 0.0000 0.0346 0.0005 0.0022 0.2710 0.0210 0.1530 0.0015 0.0054 0.0539 0.0023 0.0230 0.0159 0.0010 0.0236 0.0103 0.0048 0.0481 0.0954 0.0265 0.0975 0.0311 	8
13:	0.0000 0.0761 0.0000 0.1097 0.0000 0.0000 0.0000 0.0202 0.3488 0.0000 0.0000 0.0000 0.0000 0.0000 0.1472 0.0000 0.2281 0.0000 0.0000 0.0059 0.0000 0.0000 0.0640 	5
14:	0.0544 0.1624 0.0000 0.0073 0.0032 0.0000 0.0001 0.0009 0.1499 0.0014 0.0749 0.0022 0.0000 0.0148 0.0434 0.0000 0.1370 0.0000 0.2642 0.0420 0.0001 0.0416 0.0000 	2
15:	0.0000 0.1929 0.0000 0.0692 0.0000 0.5000 0.0000 0.0000 0.1100 0.0000 0.0000 0.0000 0.0000 0.0000 0.0537 0.0000 0.0461 0.0000 0.0000 0.0000 0.0000 0.0013 0.0269 	2
16:	0.2995 0.0000 0.0152 0.0000 0.0063 0.0079 0.0178 0.0000 0.0000 0.0000 0.1323 0.0284 0.0331 0.0000 0.0000 0.0745 0.0000 0.0064 0.1076 0.1996 0.0070 0.0572 0.0071 	2
17:	0.0000 0.0000 0.0238 0.0000 0.0000 0.4330 0.5000 0.0000 0.0000 0.0000 0.0000 0.0000 0.0015 0.0000 0.0000 0.0000 0.0000 0.0000 0.0000 0.0000 0.0000 0.0000 0.0416 	2
18:	0.1328 0.0000 0.0022 0.0000 0.0013 0.0000 0.0000 0.0119 0.0000 0.0075 0.2400 0.0019 0.0172 0.0177 0.0000 0.1055 0.0000 0.0250 0.2766 0.0971 0.0000 0.0499 0.0134 	3
19:	0.0734 0.0118 0.0592 0.0089 0.0295 0.0466 0.0000 0.0016 0.0000 0.0000 0.0248 0.0359 0.0000 0.0294 0.0095 0.4614 0.0036 0.0230 0.0595 0.0240 0.0016 0.0151 0.0810 	3
