1:	0.1111 0.0580 0.0143 0.0000 0.0000 0.0000 0.0000 0.1111 0.2518 0.2508 0.0000 0.0917 0.0000 0.0000 0.1111 	9
2:	0.0000 0.0000 0.0000 0.0000 0.0000 0.3333 0.0000 0.0000 0.6667 0.0000 0.0000 0.0000 0.0000 0.0000 0.0000 	3
3:	0.0000 0.2500 0.2500 0.2500 0.0000 0.0000 0.2500 0.0000 0.0000 0.0000 0.0000 0.0000 0.0000 0.0000 0.0000 	4
4:	0.3084 0.0000 0.2778 0.1734 0.0487 0.0000 0.0000 0.1916 0.0000 0.0000 0.0000 0.0000 0.0000 0.0000 0.0000 	2
5:	0.0395 0.1475 0.1174 0.0014 0.0171 0.0777 0.0420 0.1166 0.0301 0.0070 0.0450 0.0904 0.1306 0.0646 0.0731 	17
6:	0.3740 0.0000 0.0833 0.0000 0.0000 0.1338 0.0833 0.0833 0.0000 0.0000 0.1244 0.0344 0.0000 0.0833 0.0000 	12
7:	0.0000 0.0000 0.0000 0.0000 0.1163 0.0000 0.4621 0.0546 0.0046 0.0447 0.1058 0.1281 0.0130 0.0055 0.0654 	3
8:	0.0512 0.0000 0.1059 0.0000 0.1210 0.3979 0.0595 0.0976 0.0000 0.0000 0.0595 0.0000 0.0000 0.0000 0.1075 	2
9:	0.0000 0.0000 0.0000 0.0000 0.0000 0.0000 0.0000 0.0000 0.0000 0.0000 0.0000 0.0000 0.0000 0.0000 1.0000 	1
10:	0.0000 0.0000 0.2500 0.0000 0.0000 0.0000 0.2500 0.2500 0.2500 0.0000 0.0000 0.0000 0.0000 0.0000 0.0000 	4
11:	0.0107 0.0000 0.2430 0.0000 0.2776 0.2110 0.0000 0.0093 0.0205 0.1051 0.0081 0.1001 0.0145 0.0000 0.0000 	14
12:	0.0247 0.1412 0.0270 0.0000 0.0193 0.0684 0.0092 0.0698 0.0000 0.0228 0.0193 0.2286 0.2305 0.0000 0.1390 	9
13:	0.0000 0.0714 0.0997 0.0000 0.0000 0.0000 0.0000 0.0714 0.1429 0.2857 0.0714 0.2574 0.0000 0.0000 0.0000 	14
14:	0.0000 0.0000 0.0000 0.0000 0.0000 0.5000 0.0000 0.0000 0.0000 0.0000 0.0000 0.0000 0.0000 0.5000 0.0000 	2
15:	0.0000 0.0531 0.1111 0.3913 0.1111 0.0000 0.0000 0.1111 0.0000 0.0000 0.2222 0.0000 0.0000 0.0000 0.0000 	9
