1:	0.0176 0.0005 0.1047 0.0002 0.0041 0.0114 0.1611 0.1241 0.0000 0.0445 0.1607 0.0023 0.0506 0.0021 0.0004 0.0029 0.0000 0.0216 0.0708 0.0586 0.0623 0.0823 0.0170 	23
2:	0.1241 0.0110 0.0030 0.0110 0.0052 0.0001 0.0815 0.1712 0.0220 0.0920 0.0683 0.0042 0.0033 0.0023 0.0330 0.0224 0.0000 0.0072 0.0744 0.0541 0.0090 0.1454 0.0553 	13
3:	0.1496 0.0000 0.0000 0.0000 0.0134 0.0000 0.0000 0.0010 0.0000 0.0013 0.0983 0.0011 0.0016 0.0076 0.0000 0.2068 0.0000 0.0292 0.2996 0.1076 0.0004 0.0813 0.0012 	5
4:	0.2047 0.1265 0.0008 0.0417 0.0014 0.0206 0.0005 0.0021 0.0056 0.0014 0.1484 0.0050 0.0017 0.1424 0.0510 0.0133 0.0564 0.0080 0.0716 0.0379 0.0100 0.0436 0.0052 	15
5:	0.1586 0.0673 0.0067 0.0700 0.0059 0.0080 0.0016 0.0003 0.0595 0.0016 0.0582 0.0024 0.0031 0.0021 0.0917 0.0484 0.1106 0.0230 0.0289 0.0889 0.0367 0.1245 0.0022 	18
6:	0.0182 0.1146 0.0035 0.1364 0.0008 0.1019 0.0375 0.0411 0.1308 0.0003 0.0224 0.0002 0.0007 0.0022 0.0642 0.0483 0.1255 0.0004 0.0087 0.0570 0.0194 0.0050 0.0608 	24
7:	0.1311 0.0000 0.2228 0.0337 0.0019 0.0378 0.0014 0.0005 0.0180 0.0023 0.0521 0.0072 0.0111 0.0126 0.0000 0.0558 0.0357 0.1208 0.0925 0.0803 0.0320 0.0503 0.0002 	9
8:	0.0132 0.0000 0.0909 0.0000 0.1842 0.0000 0.0000 0.0003 0.0000 0.0005 0.1358 0.1823 0.0944 0.0017 0.0000 0.0004 0.0000 0.1318 0.1065 0.0285 0.0001 0.0279 0.0013 	11
9:	0.0000 0.0195 0.0000 0.8671 0.0000 0.0000 0.0000 0.0000 0.0022 0.0000 0.0000 0.0000 0.0000 0.0000 0.0699 0.0000 0.0413 0.0000 0.0000 0.0000 0.0000 0.0000 0.0000 	1
10:	0.3740 0.0005 0.0177 0.0005 0.0130 0.0099 0.0035 0.0011 0.0006 0.0053 0.1087 0.0083 0.0032 0.0111 0.0000 0.0515 0.0017 0.0312 0.1219 0.1284 0.0023 0.0974 0.0081 	17
11:	0.0000 0.1934 0.0858 0.1013 0.0000 0.0000 0.0000 0.0000 0.1514 0.0000 0.0000 0.0000 0.0000 0.0000 0.0580 0.0000 0.2954 0.0000 0.0000 0.0000 0.1147 0.0000 0.0000 	1
12:	0.0842 0.0000 0.0330 0.0055 0.0021 0.3084 0.0135 0.1790 0.0038 0.0053 0.0892 0.0027 0.0205 0.0171 0.0067 0.0162 0.0000 0.0115 0.0418 0.0560 0.0000 0.0344 0.0688 	8
13:	0.0000 0.2202 0.0000 0.0907 0.0000 0.0000 0.0000 0.0000 0.0147 0.0000 0.0000 0.0000 0.0000 0.0000 0.1397 0.0000 0.4955 0.0000 0.0000 0.0000 0.0392 0.0000 0.0000 	5
14:	0.1282 0.4107 0.0000 0.0000 0.0044 0.0000 0.0005 0.0000 0.0273 0.0013 0.0000 0.0018 0.0000 0.0175 0.0000 0.0000 0.0621 0.0004 0.1127 0.0196 0.0000 0.2136 0.0000 	2
15:	0.0000 0.0970 0.0000 0.2145 0.0000 0.5000 0.0000 0.0000 0.0646 0.0000 0.0000 0.0000 0.0000 0.0000 0.0000 0.0000 0.1240 0.0000 0.0000 0.0000 0.0000 0.0000 0.0000 	2
16:	0.4127 0.0000 0.0150 0.0000 0.0053 0.0110 0.0200 0.0000 0.0000 0.0000 0.1442 0.0300 0.0310 0.0000 0.0000 0.0477 0.0000 0.0043 0.0935 0.0784 0.0075 0.0931 0.0060 	2
17:	0.0000 0.0000 0.0066 0.0000 0.0000 0.4934 0.5000 0.0000 0.0000 0.0000 0.0000 0.0000 0.0000 0.0000 0.0000 0.0000 0.0000 0.0000 0.0000 0.0000 0.0000 0.0000 0.0000 	2
18:	0.1104 0.0000 0.0016 0.0000 0.0007 0.0008 0.0000 0.0000 0.0000 0.0071 0.3014 0.0005 0.0142 0.0177 0.0000 0.0354 0.0000 0.0250 0.1562 0.1762 0.0000 0.1527 0.0000 	3
19:	0.0717 0.0128 0.0709 0.0000 0.0103 0.0438 0.0000 0.0000 0.0250 0.0000 0.0073 0.0356 0.0000 0.0304 0.0070 0.5032 0.0000 0.0195 0.0171 0.0469 0.0000 0.0681 0.0305 	3
