1.0000 0.3024 0.2403 0.2676 0.2793 0.3084 0.2792 0.2990 0.2797 0.2520 0.2769 0.2400 0.2784 0.3041 0.2812 0.3369 0.2821 0.2697 0.3150 0.2898 0.2647 0.2806 0.2965 0.2852 0.3216 0.2947 0.2653 0.3494 0.2256 0.3002 0.2585 0.3230 0.3196 0.2565 0.2865 0.2528 0.3648 0.3175 0.2365 0.2827 0.2934 0.2309 0.2733 0.2885 0.2594 0.2640 0.3005 0.2812 0.2782 0.3596
0.3024 1.0000 0.2369 0.2422 0.2315 0.2728 0.2960 0.2136 0.2424 0.2493 0.2658 0.1976 0.2746 0.2217 0.2885 0.2760 0.2394 0.2370 0.2774 0.2600 0.2086 0.2689 0.2584 0.2577 0.2892 0.2595 0.2315 0.2599 0.2453 0.2856 0.2361 0.2563 0.2881 0.2634 0.2829 0.3082 0.2541 0.2913 0.2358 0.3049 0.3174 0.2137 0.2528 0.2074 0.2366 0.3342 0.2616 0.2767 0.2577 0.3005
0.2403 0.2369 1.0000 0.2572 0.2496 0.2883 0.2744 0.2380 0.2320 0.3150 0.3262 0.2535 0.2321 0.2698 0.2999 0.2581 0.2193 0.2204 0.2570 0.2620 0.1989 0.2587 0.2555 0.3025 0.2707 0.2677 0.2861 0.3022 0.2373 0.2514 0.2848 0.2718 0.2737 0.3143 0.2877 0.2786 0.2658 0.2991 0.2581 0.2706 0.2753 0.2366 0.2533 0.2375 0.2598 0.2960 0.2149 0.2572 0.2400 0.3034
0.2676 0.2422 0.2572 1.0000 0.2388 0.3230 0.2840 0.2300 0.3200 0.2554 0.3092 0.3631 0.2602 0.2807 0.2972 0.3065 0.3309 0.2408 0.3480 0.3004 0.2307 0.3173 0.3153 0.3047 0.2595 0.3012 0.2939 0.2938 0.3048 0.3315 0.2434 0.2914 0.2905 0.3622 0.3355 0.3064 0.3043 0.2764 0.2621 0.3336 0.3023 0.2913 0.2986 0.3263 0.3056 0.2979 0.3161 0.3037 0.3047 0.2803
0.2793 0.2315 0.2496 0.2388 1.0000 0.2904 0.2704 0.2676 0.3130 0.2302 0.2759 0.2459 0.2915 0.2313 0.2719 0.3140 0.2569 0.3391 0.2671 0.2522 0.2378 0.2405 0.2569 0.2810 0.2909 0.2875 0.3039 0.2466 0.2448 0.2689 0.2963 0.3114 0.3343 0.2310 0.3333 0.2938 0.3159 0.2945 0.3297 0.2269 0.2376 0.2842 0.2328 0.2523 0.2380 0.2941 0.3540 0.2460 0.2604 0.3002
0.3084 0.2728 0.2883 0.3230 0.2904 1.0000 0.3316 0.2576 0.3258 0.2864 0.3219 0.3179 0.2934 0.2390 0.2761 0.2622 0.2800 0.2734 0.2893 0.3027 0.2641 0.2851 0.3219 0.2884 0.2650 0.3878 0.2448 0.2942 0.2448 0.2952 0.3066 0.3152 0.2898 0.2949 0.3226 0.3034 0.3478 0.3424 0.2863 0.2896 0.3235 0.3018 0.2483 0.2805 0.3496 0.2628 0.2730 0.2701 0.3086 0.3056
0.2792 0.2960 0.2744 0.2840 0.2704 0.3316 1.0000 0.2945 0.3094 0.2813 0.2919 0.2552 0.2681 0.2873 0.2965 0.2818 0.2938 0.2864 0.2866 0.2890 0.2798 0.3742 0.2630 0.3293 0.3392 0.2913 0.2708 0.3180 0.2736 0.3268 0.3133 0.3139 0.3193 0.3066 0.3360 0.2949 0.3691 0.3696 0.2346 0.3624 0.3495 0.2511 0.3118 0.2873 0.2907 0.3049 0.2824 0.3009 0.2876 0.3130
0.2990 0.2136 0.2380 0.2300 0.2676 0.2576 0.2945 1.0000 0.3143 0.2852 0.2787 0.2794 0.2372 0.3175 0.2834 0.3083 0.2664 0.3052 0.2956 0.3239 0.2390 0.3151 0.2654 0.2839 0.2675 0.3030 0.2625 0.2915 0.2564 0.3124 0.2733 0.2697 0.2962 0.2221 0.2533 0.2883 0.3554 0.3428 0.2367 0.2729 0.2147 0.2257 0.2992 0.2419 0.2427 0.2568 0.2951 0.2301 0.2468 0.2850
0.2797 0.2424 0.2320 0.3200 0.3130 0.3258 0.3094 0.3143 1.0000 0.2682 0.3512 0.3308 0.2497 0.2831 0.2913 0.2824 0.3082 0.3543 0.3062 0.3510 0.2599 0.2886 0.2946 0.3100 0.3023 0.3234 0.2884 0.3368 0.2789 0.3291 0.2974 0.3480 0.3106 0.2979 0.3054 0.3003 0.3914 0.2974 0.2299 0.3003 0.3008 0.2933 0.2959 0.3111 0.2469 0.3334 0.3902 0.2535 0.2748 0.3051
0.2520 0.2493 0.3150 0.2554 0.2302 0.2864 0.2813 0.2852 0.2682 1.0000 0.2591 0.2612 0.2120 0.2206 0.2610 0.2466 0.2309 0.2416 0.3024 0.2774 0.2372 0.2217 0.2377 0.2578 0.2693 0.2699 0.2651 0.2727 0.2310 0.2554 0.2772 0.2800 0.3135 0.2767 0.2883 0.2642 0.2474 0.2855 0.2333 0.3117 0.2604 0.2628 0.2628 0.2492 0.2558 0.2672 0.2352 0.2590 0.2969 0.2820
0.2769 0.2658 0.3262 0.3092 0.2759 0.3219 0.2919 0.2787 0.3512 0.2591 1.0000 0.2960 0.3077 0.2579 0.3371 0.2949 0.3038 0.3071 0.3293 0.3364 0.2756 0.2896 0.3054 0.3250 0.2909 0.3496 0.2755 0.2673 0.3303 0.2880 0.3573 0.3062 0.3011 0.3350 0.3722 0.3063 0.3143 0.2939 0.2968 0.3084 0.2937 0.3001 0.3088 0.3028 0.2756 0.3424 0.3204 0.2770 0.2502 0.2920
0.2400 0.1976 0.2535 0.3631 0.2459 0.3179 0.2552 0.2794 0.3308 0.2612 0.2960 1.0000 0.2516 0.2826 0.2628 0.2682 0.3178 0.3332 0.3084 0.3035 0.2298 0.3173 0.3021 0.2775 0.2611 0.2790 0.2805 0.2897 0.2634 0.2920 0.2421 0.2720 0.2561 0.2901 0.3181 0.3366 0.3267 0.2745 0.2337 0.3133 0.2688 0.2521 0.2532 0.2638 0.2688 0.2771 0.3301 0.2853 0.2744 0.2553
0.2784 0.2746 0.2321 0.2602 0.2915 0.2934 0.2681 0.2372 0.2497 0.2120 0.3077 0.2516 1.0000 0.2592 0.2629 0.3285 0.3560 0.2564 0.2835 0.2685 0.2305 0.2925 0.2743 0.2763 0.2669 0.3261 0.2372 0.2069 0.2173 0.3323 0.2552 0.2595 0.2812 0.2306 0.2756 0.2698 0.2890 0.3126 0.2589 0.2814 0.3063 0.2229 0.3100 0.2283 0.2515 0.2933 0.2259 0.2790 0.2420 0.2547
0.3041 0.2217 0.2698 0.2807 0.2313 0.2390 0.2873 0.3175 0.2831 0.2206 0.2579 0.2826 0.2592 1.0000 0.3170 0.3008 0.2766 0.3182 0.2881 0.3140 0.2721 0.3495 0.3094 0.3335 0.3119 0.2625 0.2746 0.3063 0.2573 0.3175 0.2430 0.2790 0.2514 0.2841 0.3218 0.2805 0.3418 0.3136 0.2478 0.3166 0.2715 0.2059 0.2604 0.2757 0.2393 0.2654 0.2623 0.2271 0.2408 0.3113
0.2812 0.2885 0.2999 0.2972 0.2719 0.2761 0.2965 0.2834 0.2913 0.2610 0.3371 0.2628 0.2629 0.3170 1.0000 0.2688 0.3264 0.2977 0.3462 0.3387 0.2713 0.3221 0.2826 0.3418 0.2793 0.2929 0.2773 0.2787 0.3059 0.3145 0.2844 0.3093 0.2847 0.3209 0.3168 0.3158 0.3621 0.3000 0.2779 0.3262 0.2942 0.2194 0.2967 0.2951 0.2386 0.3125 0.2755 0.2818 0.2734 0.3200
0.3369 0.2760 0.2581 0.3065 0.3140 0.2622 0.2818 0.3083 0.2824 0.2466 0.2949 0.2682 0.3285 0.3008 0.2688 1.0000 0.2716 0.2381 0.3231 0.2806 0.2468 0.3012 0.2980 0.3148 0.3344 0.2679 0.2322 0.2652 0.2581 0.3013 0.2465 0.2928 0.3067 0.2653 0.2997 0.2579 0.3374 0.3142 0.2561 0.2984 0.2882 0.2651 0.2911 0.3233 0.2480 0.2920 0.2401 0.3340 0.2661 0.3068
0.2821 0.2394 0.2193 0.3309 0.2569 0.2800 0.2938 0.2664 0.3082 0.2309 0.3038 0.3178 0.3560 0.2766 0.3264 0.2716 1.0000 0.3378 0.3641 0.3199 0.3045 0.2789 0.3789 0.3070 0.2664 0.3160 0.2536 0.2958 0.2631 0.3049 0.2475 0.2821 0.3408 0.2986 0.3180 0.2961 0.3601 0.2987 0.2493 0.3183 0.3171 0.2492 0.3359 0.2985 0.2837 0.2847 0.3376 0.2954 0.2867 0.2599
0.2697 0.2370 0.2204 0.2408 0.3391 0.2734 0.2864 0.3052 0.3543 0.2416 0.3071 0.3332 0.2564 0.3182 0.2977 0.2381 0.3378 1.0000 0.3000 0.3183 0.3114 0.3119 0.3239 0.2980 0.2944 0.3316 0.2756 0.2780 0.2535 0.2927 0.3030 0.3364 0.3178 0.2684 0.3630 0.3304 0.3608 0.2899 0.2410 0.3107 0.2530 0.2821 0.3274 0.2805 0.2571 0.3291 0.3770 0.2704 0.3277 0.2913
0.3150 0.2774 0.2570 0.3480 0.2671 0.2893 0.2866 0.2956 0.3062 0.3024 0.3293 0.3084 0.2835 0.2881 0.3462 0.3231 0.3641 0.3000 1.0000 0.3220 0.2596 0.2793 0.3114 0.3355 0.3469 0.3109 0.2690 0.2998 0.3108 0.3111 0.2772 0.3261 0.3400 0.2865 0.3269 0.3041 0.3513 0.3371 0.2792 0.3216 0.2901 0.2873 0.2985 0.2975 0.2471 0.3096 0.2876 0.2904 0.3282 0.3001
0.2898 0.2600 0.2620 0.3004 0.2522 0.3027 0.2890 0.3239 0.3510 0.2774 0.3364 0.3035 0.2685 0.3140 0.3387 0.2806 0.3199 0.3183 0.3220 1.0000 0.2801 0.3164 0.2900 0.3022 0.2808 0.3163 0.2718 0.2666 0.3261 0.3234 0.2930 0.3199 0.2723 0.2787 0.3103 0.2776 0.3405 0.2990 0.2473 0.3292 0.2585 0.2471 0.2907 0.3064 0.2541 0.2906 0.3207 0.3309 0.2608 0.2907
0.2647 0.2086 0.1989 0.2307 0.2378 0.2641 0.2798 0.2390 0.2599 0.2372 0.2756 0.2298 0.2305 0.2721 0.2713 0.2468 0.3045 0.3114 0.2596 0.2801 1.0000 0.2533 0.2594 0.3028 0.2633 0.2849 0.2620 0.2541 0.2587 0.2361 0.2438 0.2557 0.2796 0.2534 0.3053 0.2247 0.3169 0.2853 0.2225 0.2904 0.2620 0.2322 0.2922 0.3097 0.2570 0.2665 0.2637 0.2443 0.2475 0.2411
0.2806 0.2689 0.2587 0.3173 0.2405 0.2851 0.3742 0.3151 0.2886 0.2217 0.2896 0.3173 0.2925 0.3495 0.3221 0.3012 0.2789 0.3119 0.2793 0.3164 0.2533 1.0000 0.3231 0.3155 0.2804 0.2795 0.2691 0.2596 0.2870 0.3481 0.2648 0.3056 0.2574 0.3324 0.3431 0.3437 0.3620 0.3023 0.2547 0.3605 0.3024 0.2448 0.2793 0.2949 0.2677 0.2855 0.2755 0.2563 0.2835 0.3076
0.2965 0.2584 0.2555 0.3153 0.2569 0.3219 0.2630 0.2654 0.2946 0.2377 0.3054 0.3021 0.2743 0.3094 0.2826 0.2980 0.3789 0.3239 0.3114 0.2900 0.2594 0.3231 1.0000 0.2922 0.2805 0.2900 0.2574 0.2890 0.2628 0.2927 0.2514 0.3012 0.3004 0.2639 0.3320 0.3198 0.3622 0.3029 0.2545 0.3326 0.2977 0.2490 0.3045 0.3421 0.2602 0.2620 0.3157 0.2571 0.3165 0.3092
0.2852 0.2577 0.3025 0.3047 0.2810 0.2884 0.3293 0.2839 0.3100 0.2578 0.3250 0.2775 0.2763 0.3335 0.3418 0.3148 0.3070 0.2980 0.3355 0.3022 0.3028 0.3155 0.2922 1.0000 0.3281 0.2797 0.3272 0.2645 0.3401 0.2800 0.3089 0.2835 0.3323 0.3587 0.3524 0.3017 0.3094 0.3634 0.2678 0.3053 0.2624 0.2678 0.3130 0.3396 0.2674 0.3006 0.3011 0.2878 0.2701 0.3376
0.3216 0.2892 0.2707 0.2595 0.2909 0.2650 0.3392 0.2675 0.3023 0.2693 0.2909 0.2611 0.2669 0.3119 0.2793 0.3344 0.2664 0.2944 0.3469 0.2808 0.2633 0.2804 0.2805 0.3281 1.0000 0.3097 0.2696 0.2830 0.2655 0.3435 0.2568 0.3061 0.2805 0.3017 0.3151 0.3263 0.2873 0.3272 0.2637 0.2779 0.2391 0.2608 0.2395 0.2739 0.2164 0.3727 0.2923 0.2675 0.2604 0.3264
0.2947 0.2595 0.2677 0.3012 0.2875 0.3878 0.2913 0.3030 0.3234 0.2699 0.3496 0.2790 0.3261 0.2625 0.2929 0.2679 0.3160 0.3316 0.3109 0.3163 0.2849 0.2795 0.2900 0.2797 0.3097 1.0000 0.2273 0.2572 0.2636 0.3026 0.3123 0.3110 0.3444 0.2441 0.3853 0.2844 0.3221 0.2912 0.2991 0.2809 0.2874 0.2385 0.2672 0.2869 0.2848 0.3179 0.3182 0.3233 0.2608 0.2946
0.2653 0.2315 0.2861 0.2939 0.3039 0.2448 0.2708 0.2625 0.2884 0.2651 0.2755 0.2805 0.2372 0.2746 0.2773 0.2322 0.2536 0.2756 0.2690 0.2718 0.2620 0.2691 0.2574 0.3272 0.2696 0.2273 1.0000 0.2781 0.2665 0.2524 0.2662 0.2661 0.2855 0.2819 0.3093 0.2263 0.3024 0.3224 0.2710 0.2798 0.2635 0.2609 0.2889 0.3028 0.2275 0.2787 0.2840 0.2208 0.2589 0.3181
0.3494 0.2599 0.3022 0.2938 0.2466 0.2942 0.3180 0.2915 0.3368 0.2727 0.2673 0.2897 0.2069 0.3063 0.2787 0.2652 0.2958 0.2780 0.2998 0.2666 0.2541 0.2596 0.2890 0.2645 0.2830 0.2572 0.2781 1.0000 0.2297 0.2616 0.2443 0.3207 0.3150 0.2804 0.2644 0.2920 0.3753 0.2827 0.2261 0.2939 0.2859 0.2691 0.2722 0.2630 0.2417 0.2568 0.3278 0.2512 0.3004 0.3485
0.2256 0.2453 0.2373 0.3048 0.2448 0.2448 0.2736 0.2564 0.2789 0.2310 0.3303 0.2634 0.2173 0.2573 0.3059 0.2581 0.2631 0.2535 0.3108 0.3261 0.2587 0.2870 0.2628 0.3401 0.2655 0.2636 0.2665 0.2297 1.0000 0.2821 0.3379 0.2799 0.2351 0.2870 0.3386 0.3047 0.2785 0.2580 0.2959 0.2917 0.2907 0.2426 0.2932 0.2847 0.2422 0.2377 0.2587 0.2759 0.2400 0.3035
0.3002 0.2856 0.2514 0.3315 0.2689 0.2952 0.3268 0.3124 0.3291 0.2554 0.2880 0.2920 0.3323 0.3175 0.3145 0.3013 0.3049 0.2927 0.3111 0.3234 0.2361 0.3481 0.2927 0.2800 0.3435 0.3026 0.2524 0.2616 0.2821 1.0000 0.2587 0.3405 0.2993 0.3250 0.3139 0.3262 0.3247 0.3237 0.2729 0.3228 0.2960 0.2530 0.2966 0.2834 0.2501 0.3405 0.2805 0.2573 0.2671 0.2824
0.2585 0.2361 0.2848 0.2434 0.2963 0.3066 0.3133 0.2733 0.2974 0.2772 0.3573 0.2421 0.2552 0.2430 0.2844 0.2465 0.2475 0.3030 0.2772 0.2930 0.2438 0.2648 0.2514 0.3089 0.2568 0.3123 0.2662 0.2443 0.3379 0.2587 1.0000 0.3211 0.3100 0.3086 0.3713 0.2577 0.3021 0.3286 0.2978 0.3112 0.2685 0.2690 0.2795 0.2627 0.2980 0.2492 0.2401 0.2529 0.2790 0.2923
0.3230 0.2563 0.2718 0.2914 0.3114 0.3152 0.3139 0.2697 0.3480 0.2800 0.3062 0.2720 0.2595 0.2790 0.3093 0.2928 0.2821 0.3364 0.3261 0.3199 0.2557 0.3056 0.3012 0.2835 0.3061 0.3110 0.2661 0.3207 0.2799 0.3405 0.3211 1.0000 0.3679 0.3053 0.3369 0.3057 0.3714 0.3181 0.2745 0.3296 0.3353 0.2577 0.2756 0.3086 0.2060 0.2712 0.3225 0.2579 0.2935 0.3628
0.3196 0.2881 0.2737 0.2905 0.3343 0.2898 0.3193 0.2962 0.3106 0.3135 0.3011 0.2561 0.2812 0.2514 0.2847 0.3067 0.3408 0.3178 0.3400 0.2723 0.2796 0.2574 0.3004 0.3323 0.2805 0.3444 0.2855 0.3150 0.2351 0.2993 0.3100 0.3679 1.0000 0.3184 0.3580 0.2794 0.3318 0.3392 0.2663 0.3273 0.3204 0.2476 0.3978 0.2928 0.2384 0.3172 0.3093 0.2884 0.3312 0.3500
0.2565 0.2634 0.3143 0.3622 0.2310 0.2949 0.3066 0.2221 0.2979 0.2767 0.3350 0.2901 0.2306 0.2841 0.3209 0.2653 0.2986 0.2684 0.2865 0.2787 0.2534 0.3324 0.2639 0.3587 0.3017 0.2441 0.2819 0.2804 0.2870 0.3250 0.3086 0.3053 0.3184 1.0000 0.3145 0.2884 0.2963 0.2880 0.2309 0.3208 0.2946 0.2890 0.2841 0.2917 0.2738 0.2907 0.2592 0.2443 0.2486 0.2624
0.2865 0.2829 0.2877 0.3355 0.3333 0.3226 0.3360 0.2533 0.3054 0.2883 0.3722 0.3181 0.2756 0.3218 0.3168 0.2997 0.3180 0.3630 0.3269 0.3103 0.3053 0.3431 0.3320 0.3524 0.3151 0.3853 0.3093 0.2644 0.3386 0.3139 0.3713 0.3369 0.3580 0.3145 1.0000 0.3702 0.3209 0.3225 0.3239 0.3591 0.3362 0.2763 0.3047 0.3270 0.3127 0.3021 0.3250 0.3212 0.3258 0.3353
0.2528 0.3082 0.2786 0.3064 0.2938 0.3034 0.2949 0.2883 0.3003 0.2642 0.3063 0.3366 0.2698 0.2805 0.3158 0.2579 0.2961 0.3304 0.3041 0.2776 0.2247 0.3437 0.3198 0.3017 0.3263 0.2844 0.2263 0.2920 0.3047 0.3262 0.2577 0.3057 0.2794 0.2884 0.3702 1.0000 0.2905 0.2744 0.2491 0.3163 0.2925 0.2484 0.2498 0.2625 0.2180 0.2868 0.3377 0.2683 0.2673 0.3425
0.3648 0.2541 0.2658 0.3043 0.3159 0.3478 0.3691 0.3554 0.3914 0.2474 0.3143 0.3267 0.2890 0.3418 0.3621 0.3374 0.3601 0.3608 0.3513 0.3405 0.3169 0.3620 0.3622 0.3094 0.2873 0.3221 0.3024 0.3753 0.2785 0.3247 0.3021 0.3714 0.3318 0.2963 0.3209 0.2905 1.0000 0.3980 0.2841 0.3525 0.3639 0.2624 0.3199 0.3387 0.2825 0.2818 0.3520 0.2947 0.3171 0.3556
0.3175 0.2913 0.2991 0.2764 0.2945 0.3424 0.3696 0.3428 0.2974 0.2855 0.2939 0.2745 0.3126 0.3136 0.3000 0.3142 0.2987 0.2899 0.3371 0.2990 0.2853 0.3023 0.3029 0.3634 0.3272 0.2912 0.3224 0.2827 0.2580 0.3237 0.3286 0.3181 0.3392 0.2880 0.3225 0.2744 0.3980 1.0000 0.2902 0.3249 0.3374 0.2446 0.3172 0.2908 0.2685 0.3210 0.2925 0.3093 0.3584 0.3135
0.2365 0.2358 0.2581 0.2621 0.3297 0.2863 0.2346 0.2367 0.2299 0.2333 0.2968 0.2337 0.2589 0.2478 0.2779 0.2561 0.2493 0.2410 0.2792 0.2473 0.2225 0.2547 0.2545 0.2678 0.2637 0.2991 0.2710 0.2261 0.2959 0.2729 0.2978 0.2745 0.2663 0.2309 0.3239 0.2491 0.2841 0.2902 1.0000 0.2379 0.3007 0.2215 0.2306 0.2387 0.2305 0.2678 0.2591 0.2289 0.2737 0.2999
0.2827 0.3049 0.2706 0.3336 0.2269 0.2896 0.3624 0.2729 0.3003 0.3117 0.3084 0.3133 0.2814 0.3166 0.3262 0.2984 0.3183 0.3107 0.3216 0.3292 0.2904 0.3605 0.3326 0.3053 0.2779 0.2809 0.2798 0.2939 0.2917 0.3228 0.3112 0.3296 0.3273 0.3208 0.3591 0.3163 0.3525 0.3249 0.2379 1.0000 0.3843 0.2355 0.3564 0.3275 0.2847 0.3390 0.3038 0.3358 0.3316 0.3381
0.2934 0.3174 0.2753 0.3023 0.2376 0.3235 0.3495 0.2147 0.3008 0.2604 0.2937 0.2688 0.3063 0.2715 0.2942 0.2882 0.3171 0.2530 0.2901 0.2585 0.2620 0.3024 0.2977 0.2624 0.2391 0.2874 0.2635 0.2859 0.2907 0.2960 0.2685 0.3353 0.3204 0.2946 0.3362 0.2925 0.3639 0.3374 0.3007 0.3843 1.0000 0.2270 0.3028 0.2986 0.2725 0.3003 0.2995 0.3217 0.2792 0.3258
0.2309 0.2137 0.2366 0.2913 0.2842 0.3018 0.2511 0.2257 0.2933 0.2628 0.3001 0.2521 0.2229 0.2059 0.2194 0.2651 0.2492 0.2821 0.2873 0.2471 0.2322 0.2448 0.2490 0.2678 0.2608 0.2385 0.2609 0.2691 0.2426 0.2530 0.2690 0.2577 0.2476 0.2890 0.2763 0.2484 0.2624 0.2446 0.2215 0.2355 0.2270 1.0000 0.2561 0.2421 0.2397 0.2711 0.2746 0.2324 0.2514 0.2380
0.2733 0.2528 0.2533 0.2986 0.2328 0.2483 0.3118 0.2992 0.2959 0.2628 0.3088 0.2532 0.3100 0.2604 0.2967 0.2911 0.3359 0.3274 0.2985 0.2907 0.2922 0.2793 0.3045 0.3130 0.2395 0.2672 0.2889 0.2722 0.2932 0.2966 0.2795 0.2756 0.3978 0.2841 0.3047 0.2498 0.3199 0.3172 0.2306 0.3564 0.3028 0.2561 1.0000 0.3061 0.2644 0.3052 0.2333 0.2608 0.3164 0.2954
0.2885 0.2074 0.2375 0.3263 0.2523 0.2805 0.2873 0.2419 0.3111 0.2492 0.3028 0.2638 0.2283 0.2757 0.2951 0.3233 0.2985 0.2805 0.2975 0.3064 0.3097 0.2949 0.3421 0.3396 0.2739 0.2869 0.3028 0.2630 0.2847 0.2834 0.2627 0.3086 0.2928 0.2917 0.3270 0.2625 0.3387 0.2908 0.2387 0.3275 0.2986 0.2421 0.3061 1.0000 0.2207 0.2414 0.3074 0.2881 0.3124 0.2882
0.2594 0.2366 0.2598 0.3056 0.2380 0.3496 0.2907 0.2427 0.2469 0.2558 0.2756 0.2688 0.2515 0.2393 0.2386 0.2480 0.2837 0.2571 0.2471 0.2541 0.2570 0.2677 0.2602 0.2674 0.2164 0.2848 0.2275 0.2417 0.2422 0.2501 0.2980 0.2060 0.2384 0.2738 0.3127 0.2180 0.2825 0.2685 0.2305 0.2847 0.2725 0.2397 0.2644 0.2207 1.0000 0.2800 0.2183 0.2435 0.2572 0.2493
0.2640 0.3342 0.2960 0.2979 0.2941 0.2628 0.3049 0.2568 0.3334 0.2672 0.3424 0.2771 0.2933 0.2654 0.3125 0.2920 0.2847 0.3291 0.3096 0.2906 0.2665 0.2855 0.2620 0.3006 0.3727 0.3179 0.2787 0.2568 0.2377 0.3405 0.2492 0.2712 0.3172 0.2907 0.3021 0.2868 0.2818 0.3210 0.2678 0.3390 0.3003 0.2711 0.3052 0.2414 0.2800 1.0000 0.2954 0.2793 0.2540 0.2808
0.3005 0.2616 0.2149 0.3161 0.3540 0.2730 0.2824 0.2951 0.3902 0.2352 0.3204 0.3301 0.2259 0.2623 0.2755 0.2401 0.3376 0.3770 0.2876 0.3207 0.2637 0.2755 0.3157 0.3011 0.2923 0.3182 0.2840 0.3278 0.2587 0.2805 0.2401 0.3225 0.3093 0.2592 0.3250 0.3377 0.3520 0.2925 0.2591 0.3038 0.2995 0.2746 0.2333 0.3074 0.2183 0.2954 1.0000 0.2862 0.2840 0.2848
0.2812 0.2767 0.2572 0.3037 0.2460 0.2701 0.3009 0.2301 0.2535 0.2590 0.2770 0.2853 0.2790 0.2271 0.2818 0.3340 0.2954 0.2704 0.2904 0.3309 0.2443 0.2563 0.2571 0.2878 0.2675 0.3233 0.2208 0.2512 0.2759 0.2573 0.2529 0.2579 0.2884 0.2443 0.3212 0.2683 0.2947 0.3093 0.2289 0.3358 0.3217 0.2324 0.2608 0.2881 0.2435 0.2793 0.2862 1.0000 0.2539 0.2546
0.2782 0.2577 0.2400 0.3047 0.2604 0.3086 0.2876 0.2468 0.2748 0.2969 0.2502 0.2744 0.2420 0.2408 0.2734 0.2661 0.2867 0.3277 0.3282 0.2608 0.2475 0.2835 0.3165 0.2701 0.2604 0.2608 0.2589 0.3004 0.2400 0.2671 0.2790 0.2935 0.3312 0.2486 0.3258 0.2673 0.3171 0.3584 0.2737 0.3316 0.2792 0.2514 0.3164 0.3124 0.2572 0.2540 0.2840 0.2539 1.0000 0.2983
0.3596 0.3005 0.3034 0.2803 0.3002 0.3056 0.3130 0.2850 0.3051 0.2820 0.2920 0.2553 0.2547 0.3113 0.3200 0.3068 0.2599 0.2913 0.3001 0.2907 0.2411 0.3076 0.3092 0.3376 0.3264 0.2946 0.3181 0.3485 0.3035 0.2824 0.2923 0.3628 0.3500 0.2624 0.3353 0.3425 0.3556 0.3135 0.2999 0.3381 0.3258 0.2380 0.2954 0.2882 0.2493 0.2808 0.2848 0.2546 0.2983 1.0000
