1:	0.1111 0.1569 0.0158 0.0000 0.0000 0.0000 0.0000 0.0470 0.1614 0.1382 0.0000 0.1945 0.0000 0.0000 0.1752 0.0000 	9
2:	0.0000 0.3333 0.0000 0.0000 0.0000 0.0000 0.0000 0.0000 0.3333 0.0000 0.0000 0.0000 0.0000 0.0000 0.0000 0.3333 	3
3:	0.0000 0.2500 0.2500 0.2500 0.0000 0.1419 0.1081 0.0000 0.0000 0.0000 0.0000 0.0000 0.0000 0.0000 0.0000 0.0000 	4
4:	0.0000 0.0000 0.2765 0.1661 0.1916 0.0000 0.2398 0.0000 0.0000 0.0000 0.1260 0.0000 0.0000 0.0000 0.0000 0.0000 	2
5:	0.0078 0.1097 0.1230 0.0023 0.0792 0.0246 0.0189 0.0621 0.0419 0.0195 0.0847 0.1361 0.0981 0.0627 0.1292 0.0000 	17
6:	0.0834 0.0132 0.0833 0.0000 0.0975 0.0833 0.1893 0.1667 0.0000 0.0093 0.1681 0.0166 0.0000 0.0833 0.0000 0.0060 	12
7:	0.3333 0.0000 0.0000 0.0000 0.0000 0.0000 0.3333 0.0616 0.0048 0.0000 0.0684 0.0684 0.1240 0.0061 0.0000 0.0000 	3
8:	0.0496 0.0000 0.0755 0.0000 0.0000 0.0506 0.1532 0.0607 0.0000 0.0000 0.0000 0.0000 0.0000 0.0000 0.0314 0.5792 	2
9:	0.0000 0.0000 0.0000 0.0000 0.0000 0.0000 0.0000 0.0000 0.0000 0.0000 0.0000 0.0000 0.0000 0.0000 0.0000 1.0000 	1
10:	0.2500 0.0000 0.2500 0.0000 0.2500 0.0000 0.0000 0.0000 0.0000 0.2500 0.0000 0.0000 0.0000 0.0000 0.0000 0.0000 	4
11:	0.0072 0.0857 0.2408 0.0000 0.0965 0.2044 0.1125 0.0228 0.0107 0.1165 0.0375 0.0139 0.0153 0.0000 0.0000 0.0365 	14
12:	0.0000 0.0179 0.0247 0.0000 0.0141 0.0039 0.1512 0.0524 0.2786 0.0080 0.0000 0.0399 0.2650 0.0042 0.1325 0.0076 	9
13:	0.0000 0.0240 0.1049 0.0000 0.0068 0.0082 0.0173 0.0832 0.0000 0.2139 0.0147 0.3305 0.1866 0.0009 0.0089 0.0000 	14
14:	0.0000 0.1980 0.0000 0.0000 0.0000 0.0000 0.0000 0.5000 0.0000 0.1182 0.0000 0.0650 0.1187 0.0000 0.0000 0.0000 	2
15:	0.0000 0.0000 0.1111 0.3919 0.0000 0.1111 0.1111 0.1111 0.0000 0.0000 0.1111 0.0525 0.0000 0.0000 0.0000 0.0000 	9
