
Using the parameter settings in the file: 
''1763240293/clumpp.paramfile''

Parameter settings
----------------------- Main parameters -------------------------
DATATYPE = 0
INDFILE = 1763240293/ClumppIndFile
POPFILE = 
OUTFILE = 1763240293/ClumppIndFile.output
MISCFILE = 1763240293/ClumppIndFile.misc
K = 16
C = 164
R = 50
M = 3
W = 0
S = 2
- Additional options for the Greedy and LargeKGreedy algorithms -
GREEDY_OPTION = 2
REPEATS = 2000
PERMUTATIONFILE = 
----------------------- Optional outputs ------------------------
PRINT_PERMUTED_DATA = 0
PERMUTED_DATAFILE = 
PRINT_EVERY_PERM = 0
EVERY_PERMFILE = 
PRINT_RANDOM_INPUTORDER = 0
RANDOM_INPUTORDERFILE = 
----------------------- Advanced options ------------------------
OVERRIDE_WARNINGS = 0
ORDER_BY_RUN = 1


In total, 2000 configurations of runs and clusters will be tested.

Results
------------------------------
The highest value of H' is: 0.49407108152830

The list of permutations of the clusters that produces that
H' value is (runs are listed sequentially on separate rows)

1 2 3 4 5 6 7 8 9 10 11 12 13 14 15 16 
9 11 3 10 5 12 6 8 2 4 13 14 1 16 7 15 
6 7 8 16 11 9 13 10 14 15 5 2 4 3 1 12 
7 3 8 16 13 4 6 10 11 12 15 14 9 2 5 1 
1 11 7 15 14 4 13 5 16 6 12 10 9 3 2 8 
1 15 2 11 8 16 12 5 7 13 4 10 6 14 9 3 
9 14 6 15 12 5 1 8 13 11 10 3 4 2 7 16 
10 1 15 6 7 12 2 5 14 4 16 9 8 11 13 3 
13 14 15 6 11 9 16 5 4 2 1 3 7 12 10 8 
13 14 4 6 15 12 3 2 10 11 9 1 5 8 7 16 
5 10 7 4 3 8 11 12 6 16 2 1 9 15 13 14 
11 16 5 7 10 6 3 1 8 15 9 14 13 4 12 2 
3 10 14 12 8 13 9 11 1 5 4 7 2 15 6 16 
9 10 11 16 14 5 4 2 6 7 13 15 3 1 12 8 
11 10 13 4 6 7 15 5 3 2 14 16 8 12 9 1 
8 13 2 14 12 5 7 4 16 11 15 9 1 10 3 6 
15 10 12 2 11 7 13 1 16 8 5 6 14 4 3 9 
1 3 7 12 9 14 8 6 2 5 13 10 16 4 15 11 
16 1 3 15 8 5 13 12 4 9 14 10 7 11 2 6 
9 15 7 13 1 16 5 10 14 4 6 3 2 11 12 8 
4 7 9 14 8 3 10 12 11 6 2 1 13 16 15 5 
1 3 5 4 6 14 7 11 12 16 8 2 13 15 9 10 
5 16 4 3 7 8 9 10 14 2 15 12 11 13 1 6 
1 5 7 8 16 10 12 11 4 13 6 3 2 15 9 14 
2 11 12 4 14 3 15 7 9 10 5 1 13 6 16 8 
15 14 16 4 11 7 8 6 10 13 5 12 2 9 3 1 
5 8 14 6 15 10 3 11 12 9 16 1 7 2 4 13 
15 5 4 13 9 7 8 6 12 10 16 14 11 3 2 1 
4 2 10 8 14 13 12 1 9 5 3 15 11 16 6 7 
5 1 15 2 9 14 3 4 6 11 10 8 7 16 12 13 
3 12 5 8 11 2 16 7 10 14 4 9 13 6 1 15 
9 10 4 12 15 6 5 8 11 7 16 3 2 14 13 1 
14 12 6 7 9 10 15 11 8 13 2 1 4 3 5 16 
8 9 13 15 6 1 4 10 3 11 16 5 12 7 2 14 
5 6 16 10 11 7 15 3 14 4 8 1 13 12 9 2 
8 12 14 1 9 11 10 3 6 16 2 13 5 7 4 15 
1 9 7 2 14 3 6 11 13 10 15 8 12 16 4 5 
12 8 14 1 13 11 9 5 7 4 10 15 2 6 3 16 
7 1 12 10 13 2 15 8 5 14 9 3 16 11 4 6 
4 6 7 14 5 9 13 15 12 2 1 16 11 8 3 10 
11 13 5 12 16 4 6 10 1 9 8 3 2 14 15 7 
4 7 1 10 2 6 8 9 13 15 14 12 16 3 11 5 
15 9 12 2 5 4 13 10 7 8 16 1 3 14 11 6 
13 6 14 7 11 16 10 12 5 8 1 15 4 2 3 9 
13 16 15 6 12 10 2 1 9 5 14 11 8 4 3 7 
3 4 5 11 6 9 12 10 2 14 15 7 8 1 16 13 
6 14 15 7 8 10 2 12 3 1 9 4 5 11 13 16 
6 12 16 11 7 14 9 3 4 10 15 1 13 8 2 5 
12 13 1 16 2 15 11 10 8 6 4 7 5 9 3 14 
12 6 5 2 1 16 8 15 9 14 13 11 4 3 7 10 

The pairwise G' values for each pair of runs where the clusters
of each run are permuted according to the list of permutations above

1.0000 0.4836 0.5735 0.5221 0.5678 0.5320 0.5102 0.4776 0.5647 0.5398 0.5125 0.5124 0.4844 0.4781 0.5153 0.5752 0.6210 0.4690 0.5381 0.5342 0.4660 0.4944 0.6188 0.5281 0.5535 0.6517 0.5321 0.5335 0.5787 0.5432 0.5417 0.4802 0.6490 0.5375 0.5004 0.5348 0.5886 0.4955 0.5633 0.5376 0.6266 0.5256 0.5569 0.4594 0.5680 0.5421 0.6230 0.5289 0.5476 0.5686 
0.4836 1.0000 0.4404 0.5235 0.4300 0.4325 0.5426 0.4200 0.4215 0.4920 0.4848 0.5538 0.5995 0.4795 0.4401 0.4274 0.4718 0.4594 0.4345 0.4850 0.4712 0.4747 0.4717 0.5612 0.5418 0.5335 0.4637 0.5352 0.4716 0.5838 0.5247 0.5047 0.4503 0.5127 0.4610 0.5114 0.4907 0.5005 0.5430 0.5428 0.5071 0.4789 0.5032 0.5088 0.5029 0.4390 0.5302 0.4791 0.4336 0.4628 
0.5735 0.4404 1.0000 0.4594 0.4765 0.4654 0.4710 0.4237 0.4583 0.5048 0.4773 0.4892 0.4286 0.3984 0.4592 0.4988 0.5712 0.4545 0.4401 0.4640 0.3797 0.4350 0.5575 0.5096 0.4951 0.5689 0.4717 0.4452 0.4484 0.4960 0.4714 0.4211 0.5374 0.4364 0.4648 0.4853 0.4891 0.4418 0.4971 0.4589 0.5546 0.4766 0.5070 0.4273 0.4867 0.5061 0.5509 0.4583 0.4549 0.5229 
0.5221 0.5235 0.4594 1.0000 0.4695 0.4977 0.5386 0.4186 0.5397 0.5288 0.4927 0.5212 0.4634 0.6060 0.5247 0.4176 0.4809 0.4744 0.4459 0.4782 0.4665 0.5478 0.4853 0.5278 0.5533 0.5204 0.4913 0.5670 0.4504 0.5341 0.4651 0.4216 0.4840 0.4750 0.4717 0.4864 0.4762 0.4500 0.4519 0.5228 0.5355 0.5098 0.5300 0.4450 0.4736 0.4933 0.5252 0.5728 0.4875 0.4699 
0.5678 0.4300 0.4765 0.4695 1.0000 0.5651 0.4804 0.4263 0.5273 0.4915 0.4921 0.4683 0.4522 0.5159 0.5828 0.5885 0.5568 0.5407 0.4749 0.5187 0.5342 0.4898 0.5667 0.4815 0.5188 0.5869 0.4793 0.5766 0.4596 0.5026 0.4553 0.4527 0.5673 0.4689 0.4749 0.5452 0.4893 0.4695 0.4658 0.5600 0.5635 0.5208 0.4780 0.5044 0.4968 0.5278 0.4932 0.5560 0.5711 0.4671 
0.5320 0.4325 0.4654 0.4977 0.5651 1.0000 0.4823 0.3755 0.4961 0.4906 0.4600 0.4920 0.4610 0.4557 0.5792 0.4907 0.5376 0.4733 0.5087 0.4697 0.5396 0.4972 0.5193 0.5080 0.6069 0.5560 0.4794 0.5367 0.4713 0.5196 0.4785 0.4152 0.5316 0.4584 0.4482 0.5497 0.4807 0.4622 0.4669 0.4841 0.5265 0.4771 0.5023 0.4623 0.4638 0.5208 0.4744 0.5637 0.4792 0.4563 
0.5102 0.5426 0.4710 0.5386 0.4804 0.4823 1.0000 0.4218 0.4276 0.6012 0.4608 0.5892 0.4941 0.4688 0.4812 0.4460 0.4747 0.4398 0.4737 0.4696 0.4667 0.4727 0.5168 0.5432 0.5719 0.4888 0.4935 0.4748 0.4975 0.5325 0.4974 0.4667 0.4487 0.4799 0.4369 0.5188 0.4487 0.4976 0.4810 0.5103 0.5479 0.4465 0.5904 0.4766 0.4522 0.4988 0.5617 0.4842 0.4274 0.4996 
0.4776 0.4200 0.4237 0.4186 0.4263 0.3755 0.4218 1.0000 0.3933 0.4078 0.4757 0.4229 0.3963 0.4208 0.3742 0.4089 0.4598 0.4405 0.3989 0.4742 0.3625 0.3654 0.4679 0.4222 0.4577 0.4620 0.4067 0.4293 0.4087 0.4486 0.4129 0.4021 0.4208 0.4129 0.5586 0.4493 0.4703 0.4092 0.4126 0.4392 0.4467 0.4675 0.4185 0.3987 0.4927 0.4155 0.4548 0.4077 0.4207 0.4611 
0.5647 0.4215 0.4583 0.5397 0.5273 0.4961 0.4276 0.3933 1.0000 0.4398 0.4626 0.4249 0.4542 0.5250 0.5582 0.4418 0.5128 0.4638 0.4721 0.5483 0.5092 0.5221 0.4728 0.4497 0.4843 0.5070 0.4083 0.5607 0.4484 0.4380 0.4581 0.3990 0.5338 0.4523 0.4817 0.5038 0.4273 0.4182 0.4588 0.5178 0.4731 0.5267 0.4561 0.4506 0.4824 0.4599 0.4409 0.5092 0.5498 0.4717 
0.5398 0.4920 0.5048 0.5288 0.4915 0.4906 0.6012 0.4078 0.4398 1.0000 0.4694 0.5504 0.4693 0.4366 0.5556 0.4780 0.5406 0.4626 0.4836 0.4440 0.4402 0.4823 0.5613 0.5361 0.5621 0.5518 0.5676 0.4597 0.4958 0.5517 0.4588 0.4431 0.5051 0.4651 0.4499 0.5142 0.4962 0.4647 0.4954 0.4714 0.5747 0.4717 0.5533 0.4526 0.4804 0.5449 0.5821 0.5151 0.4544 0.5539 
0.5125 0.4848 0.4773 0.4927 0.4921 0.4600 0.4608 0.4757 0.4626 0.4694 1.0000 0.4878 0.4100 0.4737 0.4219 0.4641 0.5146 0.5466 0.4391 0.4567 0.4398 0.4565 0.5044 0.4899 0.4899 0.5593 0.4397 0.5195 0.4307 0.5242 0.4356 0.5338 0.4853 0.4402 0.4969 0.4606 0.4967 0.4415 0.4951 0.5122 0.5001 0.5076 0.4776 0.4591 0.5672 0.4711 0.4970 0.4540 0.5084 0.4589 
0.5124 0.5538 0.4892 0.5212 0.4683 0.4920 0.5892 0.4229 0.4249 0.5504 0.4878 1.0000 0.4861 0.4636 0.5145 0.4748 0.5062 0.4508 0.4749 0.4562 0.4554 0.4862 0.5118 0.5295 0.5807 0.5094 0.5154 0.4978 0.4825 0.5563 0.4811 0.4773 0.4853 0.5260 0.4521 0.5612 0.5077 0.4951 0.4647 0.4896 0.4973 0.4889 0.5399 0.4926 0.4692 0.5055 0.5047 0.5081 0.4432 0.5556 
0.4844 0.5995 0.4286 0.4634 0.4522 0.4610 0.4941 0.3963 0.4542 0.4693 0.4100 0.4861 1.0000 0.4398 0.4567 0.4309 0.5194 0.4508 0.4372 0.4874 0.5120 0.4722 0.4640 0.5324 0.5161 0.5021 0.4375 0.5406 0.4638 0.4968 0.5898 0.4716 0.4886 0.5063 0.4614 0.5037 0.4703 0.5082 0.4905 0.5336 0.4936 0.4879 0.4734 0.4893 0.4944 0.4212 0.4950 0.4700 0.4509 0.4283 
0.4781 0.4795 0.3984 0.6060 0.5159 0.4557 0.4688 0.4208 0.5250 0.4366 0.4737 0.4636 0.4398 1.0000 0.5026 0.4219 0.4538 0.5145 0.4306 0.4905 0.4840 0.4910 0.4658 0.4757 0.4895 0.4790 0.4736 0.5437 0.4474 0.5072 0.4340 0.4465 0.4653 0.4848 0.4517 0.4996 0.4307 0.3874 0.4152 0.5473 0.4934 0.5162 0.4504 0.4821 0.4341 0.4559 0.4622 0.5820 0.5070 0.4247 
0.5153 0.4401 0.4592 0.5247 0.5828 0.5792 0.4812 0.3742 0.5582 0.5556 0.4219 0.5145 0.4567 0.5026 1.0000 0.4898 0.5305 0.4692 0.4623 0.4887 0.4997 0.5164 0.5572 0.4797 0.5445 0.5330 0.5137 0.5105 0.4854 0.5152 0.4599 0.4076 0.5203 0.4676 0.4275 0.5762 0.4650 0.4313 0.4540 0.4818 0.5126 0.4698 0.4556 0.4617 0.4405 0.5164 0.4615 0.6248 0.4935 0.5150 
0.5752 0.4274 0.4988 0.4176 0.5885 0.4907 0.4460 0.4089 0.4418 0.4780 0.4641 0.4748 0.4309 0.4219 0.4898 1.0000 0.5206 0.4385 0.4862 0.4790 0.4115 0.4058 0.5684 0.4808 0.4992 0.5489 0.4827 0.4764 0.4688 0.4781 0.4410 0.4855 0.5665 0.4922 0.4468 0.4985 0.4685 0.4715 0.4868 0.4926 0.5894 0.4538 0.4793 0.5134 0.4747 0.4792 0.5095 0.4777 0.4851 0.4804 
0.6210 0.4718 0.5712 0.4809 0.5568 0.5376 0.4747 0.4598 0.5128 0.5406 0.5146 0.5062 0.5194 0.4538 0.5305 0.5206 1.0000 0.5384 0.4865 0.5093 0.4712 0.4900 0.5774 0.5041 0.5357 0.6429 0.5362 0.5227 0.4936 0.5319 0.5455 0.4622 0.6653 0.5110 0.4791 0.5546 0.6229 0.5113 0.5336 0.5199 0.5694 0.5269 0.5148 0.4800 0.6314 0.5377 0.5681 0.5418 0.5409 0.5644 
0.4690 0.4594 0.4545 0.4744 0.5407 0.4733 0.4398 0.4405 0.4638 0.4626 0.5466 0.4508 0.4508 0.5145 0.4692 0.4385 0.5384 1.0000 0.4394 0.4470 0.5042 0.4704 0.4841 0.4628 0.5037 0.5470 0.4680 0.5571 0.4119 0.5028 0.4335 0.4550 0.4912 0.4456 0.4802 0.4681 0.5306 0.4196 0.4221 0.5205 0.4730 0.4962 0.4570 0.4985 0.5317 0.5203 0.4286 0.5047 0.5330 0.4390 
0.5381 0.4345 0.4401 0.4459 0.4749 0.5087 0.4737 0.3989 0.4721 0.4836 0.4391 0.4749 0.4372 0.4306 0.4623 0.4862 0.4865 0.4394 1.0000 0.4716 0.4441 0.4399 0.4766 0.4874 0.5423 0.5087 0.4323 0.4800 0.5303 0.4771 0.4456 0.4394 0.4872 0.4705 0.4310 0.4477 0.4633 0.4656 0.4690 0.5026 0.4585 0.4541 0.4845 0.4439 0.5219 0.4628 0.4661 0.4509 0.4686 0.4418 
0.5342 0.4850 0.4640 0.4782 0.5187 0.4697 0.4696 0.4742 0.5483 0.4440 0.4567 0.4562 0.4874 0.4905 0.4887 0.4790 0.5093 0.4470 0.4716 1.0000 0.4925 0.5077 0.5213 0.4739 0.4817 0.5244 0.4356 0.5475 0.5376 0.4951 0.4915 0.4559 0.5365 0.5187 0.5135 0.5337 0.4722 0.4695 0.5087 0.5529 0.4914 0.5032 0.4524 0.4978 0.5203 0.4584 0.4823 0.4869 0.5392 0.4843 
0.4660 0.4712 0.3797 0.4665 0.5342 0.5396 0.4667 0.3625 0.5092 0.4402 0.4398 0.4554 0.5120 0.4840 0.4997 0.4115 0.4712 0.5042 0.4441 0.4925 1.0000 0.5585 0.4534 0.4690 0.4724 0.4868 0.4420 0.5794 0.4620 0.4631 0.4678 0.4251 0.4653 0.4655 0.4354 0.4926 0.4759 0.4566 0.4476 0.5368 0.4673 0.4702 0.4360 0.4765 0.4771 0.4471 0.4128 0.4915 0.5183 0.3923 
0.4944 0.4747 0.4350 0.5478 0.4898 0.4972 0.4727 0.3654 0.5221 0.4823 0.4565 0.4862 0.4722 0.4910 0.5164 0.4058 0.4900 0.4704 0.4399 0.5077 0.5585 1.0000 0.4861 0.4961 0.5169 0.5024 0.4499 0.5616 0.4643 0.5044 0.4899 0.4174 0.5047 0.4778 0.4627 0.4926 0.4603 0.3965 0.4537 0.5102 0.4953 0.5274 0.4594 0.4714 0.4663 0.4712 0.4418 0.5134 0.5199 0.4325 
0.6188 0.4717 0.5575 0.4853 0.5667 0.5193 0.5168 0.4679 0.4728 0.5613 0.5044 0.5118 0.4640 0.4658 0.5572 0.5684 0.5774 0.4841 0.4766 0.5213 0.4534 0.4861 1.0000 0.4901 0.5606 0.6073 0.5620 0.5058 0.4860 0.5641 0.5126 0.4463 0.5711 0.4875 0.5247 0.5740 0.5223 0.4616 0.4933 0.5087 0.5851 0.5050 0.5032 0.4496 0.5061 0.5128 0.5815 0.5400 0.5191 0.5681 
0.5281 0.5612 0.5096 0.5278 0.4815 0.5080 0.5432 0.4222 0.4497 0.5361 0.4899 0.5295 0.5324 0.4757 0.4797 0.4808 0.5041 0.4628 0.4874 0.4739 0.4690 0.4961 0.4901 1.0000 0.5607 0.5473 0.4754 0.5417 0.5107 0.6017 0.4928 0.5055 0.4904 0.4749 0.4765 0.5421 0.4552 0.5077 0.5385 0.5226 0.5605 0.4599 0.5695 0.4943 0.4777 0.5174 0.5117 0.5006 0.4388 0.4632 
0.5535 0.5418 0.4951 0.5533 0.5188 0.6069 0.5719 0.4577 0.4843 0.5621 0.4899 0.5807 0.5161 0.4895 0.5445 0.4992 0.5357 0.5037 0.5423 0.4817 0.4724 0.5169 0.5606 0.5607 1.0000 0.5928 0.4903 0.5572 0.4503 0.5796 0.5127 0.4719 0.5184 0.5160 0.5327 0.5690 0.5010 0.4635 0.4861 0.5263 0.5758 0.5241 0.5640 0.5351 0.5264 0.5121 0.5570 0.5819 0.4899 0.5028 
0.6517 0.5335 0.5689 0.5204 0.5869 0.5560 0.4888 0.4620 0.5070 0.5518 0.5593 0.5094 0.5021 0.4790 0.5330 0.5489 0.6429 0.5470 0.5087 0.5244 0.4868 0.5024 0.6073 0.5473 0.5928 1.0000 0.5519 0.5755 0.5060 0.6204 0.5164 0.5322 0.6464 0.5093 0.5305 0.5614 0.5620 0.4902 0.5700 0.5756 0.6087 0.5166 0.5195 0.5192 0.6210 0.6233 0.5705 0.6013 0.5333 0.5644 
0.5321 0.4637 0.4717 0.4913 0.4793 0.4794 0.4935 0.4067 0.4083 0.5676 0.4397 0.5154 0.4375 0.4736 0.5137 0.4827 0.5362 0.4680 0.4323 0.4356 0.4420 0.4499 0.5620 0.4754 0.4903 0.5519 1.0000 0.4407 0.4920 0.5028 0.4396 0.4202 0.5061 0.5165 0.4433 0.5051 0.5420 0.4528 0.4752 0.4341 0.5167 0.4354 0.5057 0.4088 0.4634 0.6078 0.5406 0.5317 0.4462 0.6096 
0.5335 0.5352 0.4452 0.5670 0.5766 0.5367 0.4748 0.4293 0.5607 0.4597 0.5195 0.4978 0.5406 0.5437 0.5105 0.4764 0.5227 0.5571 0.4800 0.5475 0.5794 0.5616 0.5058 0.5417 0.5572 0.5755 0.4407 1.0000 0.4668 0.5571 0.5154 0.4812 0.5307 0.5169 0.5172 0.5176 0.4712 0.4754 0.4884 0.6679 0.4924 0.5944 0.4621 0.5559 0.5258 0.4709 0.4532 0.5285 0.5679 0.4355 
0.5787 0.4716 0.4484 0.4504 0.4596 0.4713 0.4975 0.4087 0.4484 0.4958 0.4307 0.4825 0.4638 0.4474 0.4854 0.4688 0.4936 0.4119 0.5303 0.5376 0.4620 0.4643 0.4860 0.5107 0.4503 0.5060 0.4920 0.4668 1.0000 0.4922 0.4561 0.4799 0.5173 0.5155 0.4022 0.4732 0.5200 0.4768 0.5279 0.4999 0.4923 0.4129 0.4946 0.4334 0.4900 0.4849 0.5134 0.4638 0.4685 0.4939 
0.5432 0.5838 0.4960 0.5341 0.5026 0.5196 0.5325 0.4486 0.4380 0.5517 0.5242 0.5563 0.4968 0.5072 0.5152 0.4781 0.5319 0.5028 0.4771 0.4951 0.4631 0.5044 0.5641 0.6017 0.5796 0.6204 0.5028 0.5571 0.4922 1.0000 0.5322 0.5065 0.5110 0.5061 0.4766 0.5582 0.4888 0.4951 0.5907 0.5543 0.5473 0.4825 0.4857 0.5252 0.4918 0.5261 0.5258 0.5894 0.4429 0.4943 
0.5417 0.5247 0.4714 0.4651 0.4553 0.4785 0.4974 0.4129 0.4581 0.4588 0.4356 0.4811 0.5898 0.4340 0.4599 0.4410 0.5455 0.4335 0.4456 0.4915 0.4678 0.4899 0.5126 0.4928 0.5127 0.5164 0.4396 0.5154 0.4561 0.5322 1.0000 0.4429 0.5198 0.5467 0.4421 0.5014 0.4920 0.4958 0.5161 0.5112 0.5060 0.4982 0.4480 0.4611 0.4869 0.4344 0.5495 0.4947 0.4511 0.4486 
0.4802 0.5047 0.4211 0.4216 0.4527 0.4152 0.4667 0.4021 0.3990 0.4431 0.5338 0.4773 0.4716 0.4465 0.4076 0.4855 0.4622 0.4550 0.4394 0.4559 0.4251 0.4174 0.4463 0.5055 0.4719 0.5322 0.4202 0.4812 0.4799 0.5065 0.4429 1.0000 0.4639 0.4432 0.4294 0.4747 0.4388 0.4783 0.5043 0.5104 0.4970 0.4266 0.4701 0.4412 0.4831 0.4368 0.4707 0.4438 0.4458 0.4348 
0.6490 0.4503 0.5374 0.4840 0.5673 0.5316 0.4487 0.4208 0.5338 0.5051 0.4853 0.4853 0.4886 0.4653 0.5203 0.5665 0.6653 0.4912 0.4872 0.5365 0.4653 0.5047 0.5711 0.4904 0.5184 0.6464 0.5061 0.5307 0.5173 0.5110 0.5198 0.4639 1.0000 0.5304 0.4781 0.5346 0.5333 0.4540 0.5213 0.5186 0.5631 0.5322 0.5066 0.4888 0.5668 0.5281 0.5753 0.5466 0.5930 0.5511 
0.5375 0.5127 0.4364 0.4750 0.4689 0.4584 0.4799 0.4129 0.4523 0.4651 0.4402 0.5260 0.5063 0.4848 0.4676 0.4922 0.5110 0.4456 0.4705 0.5187 0.4655 0.4778 0.4875 0.4749 0.5160 0.5093 0.5165 0.5169 0.5155 0.5061 0.5467 0.4432 0.5304 1.0000 0.4419 0.4904 0.5353 0.4433 0.5109 0.5302 0.4984 0.4812 0.4330 0.5078 0.4723 0.4711 0.5268 0.4778 0.4684 0.4978 
0.5004 0.4610 0.4648 0.4717 0.4749 0.4482 0.4369 0.5586 0.4817 0.4499 0.4969 0.4521 0.4614 0.4517 0.4275 0.4468 0.4791 0.4802 0.4310 0.5135 0.4354 0.4627 0.5247 0.4765 0.5327 0.5305 0.4433 0.5172 0.4022 0.4766 0.4421 0.4294 0.4781 0.4419 1.0000 0.5083 0.4554 0.3899 0.4284 0.4844 0.4905 0.5656 0.4903 0.4369 0.5036 0.4603 0.4756 0.4476 0.4819 0.4855 
0.5348 0.5114 0.4853 0.4864 0.5452 0.5497 0.5188 0.4493 0.5038 0.5142 0.4606 0.5612 0.5037 0.4996 0.5762 0.4985 0.5546 0.4681 0.4477 0.5337 0.4926 0.4926 0.5740 0.5421 0.5690 0.5614 0.5051 0.5176 0.4732 0.5582 0.5014 0.4747 0.5346 0.4904 0.5083 1.0000 0.4671 0.4694 0.5038 0.5262 0.5639 0.5112 0.5094 0.5069 0.4727 0.4817 0.5091 0.5761 0.5029 0.5516 
0.5886 0.4907 0.4891 0.4762 0.4893 0.4807 0.4487 0.4703 0.4273 0.4962 0.4967 0.5077 0.4703 0.4307 0.4650 0.4685 0.6229 0.5306 0.4633 0.4722 0.4759 0.4603 0.5223 0.4552 0.5010 0.5620 0.5420 0.4712 0.5200 0.4888 0.4920 0.4388 0.5333 0.5353 0.4554 0.4671 1.0000 0.4954 0.5031 0.4822 0.5178 0.4858 0.5046 0.4159 0.5874 0.4891 0.5402 0.4693 0.4838 0.5150 
0.4955 0.5005 0.4418 0.4500 0.4695 0.4622 0.4976 0.4092 0.4182 0.4647 0.4415 0.4951 0.5082 0.3874 0.4313 0.4715 0.5113 0.4196 0.4656 0.4695 0.4566 0.3965 0.4616 0.5077 0.4635 0.4902 0.4528 0.4754 0.4768 0.4951 0.4958 0.4783 0.4540 0.4433 0.3899 0.4694 0.4954 1.0000 0.5331 0.4810 0.4842 0.3885 0.4925 0.4212 0.4876 0.4376 0.5017 0.4392 0.3830 0.4443 
0.5633 0.5430 0.4971 0.4519 0.4658 0.4669 0.4810 0.4126 0.4588 0.4954 0.4951 0.4647 0.4905 0.4152 0.4540 0.4868 0.5336 0.4221 0.4690 0.5087 0.4476 0.4537 0.4933 0.5385 0.4861 0.5700 0.4752 0.4884 0.5279 0.5907 0.5161 0.5043 0.5213 0.5109 0.4284 0.5038 0.5031 0.5331 1.0000 0.4987 0.5428 0.4394 0.4700 0.4651 0.5171 0.4465 0.5349 0.4767 0.4475 0.4672 
0.5376 0.5428 0.4589 0.5228 0.5600 0.4841 0.5103 0.4392 0.5178 0.4714 0.5122 0.4896 0.5336 0.5473 0.4818 0.4926 0.5199 0.5205 0.5026 0.5529 0.5368 0.5102 0.5087 0.5226 0.5263 0.5756 0.4341 0.6679 0.4999 0.5543 0.5112 0.5104 0.5186 0.5302 0.4844 0.5262 0.4822 0.4810 0.4987 1.0000 0.5494 0.5430 0.4597 0.5657 0.5207 0.4697 0.4951 0.5334 0.5146 0.4422 
0.6266 0.5071 0.5546 0.5355 0.5635 0.5265 0.5479 0.4467 0.4731 0.5747 0.5001 0.4973 0.4936 0.4934 0.5126 0.5894 0.5694 0.4730 0.4585 0.4914 0.4673 0.4953 0.5851 0.5605 0.5758 0.6087 0.5167 0.4924 0.4923 0.5473 0.5060 0.4970 0.5631 0.4984 0.4905 0.5639 0.5178 0.4842 0.5428 0.5494 1.0000 0.4816 0.5870 0.5001 0.5004 0.5335 0.6126 0.5459 0.4950 0.5257 
0.5256 0.4789 0.4766 0.5098 0.5208 0.4771 0.4465 0.4675 0.5267 0.4717 0.5076 0.4889 0.4879 0.5162 0.4698 0.4538 0.5269 0.4962 0.4541 0.5032 0.4702 0.5274 0.5050 0.4599 0.5241 0.5166 0.4354 0.5944 0.4129 0.4825 0.4982 0.4266 0.5322 0.4812 0.5656 0.5112 0.4858 0.3885 0.4394 0.5430 0.4816 1.0000 0.4891 0.4875 0.5211 0.4528 0.4873 0.4678 0.5531 0.4915 
0.5569 0.5032 0.5070 0.5300 0.4780 0.5023 0.5904 0.4185 0.4561 0.5533 0.4776 0.5399 0.4734 0.4504 0.4556 0.4793 0.5148 0.4570 0.4845 0.4524 0.4360 0.4594 0.5032 0.5695 0.5640 0.5195 0.5057 0.4621 0.4946 0.4857 0.4480 0.4701 0.5066 0.4330 0.4903 0.5094 0.5046 0.4925 0.4700 0.4597 0.5870 0.4891 1.0000 0.4323 0.4979 0.5153 0.5809 0.4496 0.4464 0.5377 
0.4594 0.5088 0.4273 0.4450 0.5044 0.4623 0.4766 0.3987 0.4506 0.4526 0.4591 0.4926 0.4893 0.4821 0.4617 0.5134 0.4800 0.4985 0.4439 0.4978 0.4765 0.4714 0.4496 0.4943 0.5351 0.5192 0.4088 0.5559 0.4334 0.5252 0.4611 0.4412 0.4888 0.5078 0.4369 0.5069 0.4159 0.4212 0.4651 0.5657 0.5001 0.4875 0.4323 1.0000 0.4737 0.4537 0.4437 0.5037 0.4856 0.4209 
0.5680 0.5029 0.4867 0.4736 0.4968 0.4638 0.4522 0.4927 0.4824 0.4804 0.5672 0.4692 0.4944 0.4341 0.4405 0.4747 0.6314 0.5317 0.5219 0.5203 0.4771 0.4663 0.5061 0.4777 0.5264 0.6210 0.4634 0.5258 0.4900 0.4918 0.4869 0.4831 0.5668 0.4723 0.5036 0.4727 0.5874 0.4876 0.5171 0.5207 0.5004 0.5211 0.4979 0.4737 1.0000 0.4770 0.5115 0.4646 0.5275 0.4849 
0.5421 0.4390 0.5061 0.4933 0.5278 0.5208 0.4988 0.4155 0.4599 0.5449 0.4711 0.5055 0.4212 0.4559 0.5164 0.4792 0.5377 0.5203 0.4628 0.4584 0.4471 0.4712 0.5128 0.5174 0.5121 0.6233 0.6078 0.4709 0.4849 0.5261 0.4344 0.4368 0.5281 0.4711 0.4603 0.4817 0.4891 0.4376 0.4465 0.4697 0.5335 0.4528 0.5153 0.4537 0.4770 1.0000 0.5047 0.5666 0.4600 0.5842 
0.6230 0.5302 0.5509 0.5252 0.4932 0.4744 0.5617 0.4548 0.4409 0.5821 0.4970 0.5047 0.4950 0.4622 0.4615 0.5095 0.5681 0.4286 0.4661 0.4823 0.4128 0.4418 0.5815 0.5117 0.5570 0.5705 0.5406 0.4532 0.5134 0.5258 0.5495 0.4707 0.5753 0.5268 0.4756 0.5091 0.5402 0.5017 0.5349 0.4951 0.6126 0.4873 0.5809 0.4437 0.5115 0.5047 1.0000 0.5048 0.4874 0.5622 
0.5289 0.4791 0.4583 0.5728 0.5560 0.5637 0.4842 0.4077 0.5092 0.5151 0.4540 0.5081 0.4700 0.5820 0.6248 0.4777 0.5418 0.5047 0.4509 0.4869 0.4915 0.5134 0.5400 0.5006 0.5819 0.6013 0.5317 0.5285 0.4638 0.5894 0.4947 0.4438 0.5466 0.4778 0.4476 0.5761 0.4693 0.4392 0.4767 0.5334 0.5459 0.4678 0.4496 0.5037 0.4646 0.5666 0.5048 1.0000 0.4832 0.5097 
0.5476 0.4336 0.4549 0.4875 0.5711 0.4792 0.4274 0.4207 0.5498 0.4544 0.5084 0.4432 0.4509 0.5070 0.4935 0.4851 0.5409 0.5330 0.4686 0.5392 0.5183 0.5199 0.5191 0.4388 0.4899 0.5333 0.4462 0.5679 0.4685 0.4429 0.4511 0.4458 0.5930 0.4684 0.4819 0.5029 0.4838 0.3830 0.4475 0.5146 0.4950 0.5531 0.4464 0.4856 0.5275 0.4600 0.4874 0.4832 1.0000 0.4572 
0.5686 0.4628 0.5229 0.4699 0.4671 0.4563 0.4996 0.4611 0.4717 0.5539 0.4589 0.5556 0.4283 0.4247 0.5150 0.4804 0.5644 0.4390 0.4418 0.4843 0.3923 0.4325 0.5681 0.4632 0.5028 0.5644 0.6096 0.4355 0.4939 0.4943 0.4486 0.4348 0.5511 0.4978 0.4855 0.5516 0.5150 0.4443 0.4672 0.4422 0.5257 0.4915 0.5377 0.4209 0.4849 0.5842 0.5622 0.5097 0.4572 1.0000 
