
Using the parameter settings in the file: 
''1763151118/clumpp.paramfile''

Parameter settings
----------------------- Main parameters -------------------------
DATATYPE = 0
INDFILE = 1763151118/ClumppIndFile
POPFILE = 
OUTFILE = 1763151118/ClumppIndFile.output
MISCFILE = 1763151118/ClumppIndFile.misc
K = 17
C = 105
R = 50
M = 3
W = 0
S = 2
- Additional options for the Greedy and LargeKGreedy algorithms -
GREEDY_OPTION = 2
REPEATS = 2000
PERMUTATIONFILE = 
----------------------- Optional outputs ------------------------
PRINT_PERMUTED_DATA = 0
PERMUTED_DATAFILE = 
PRINT_EVERY_PERM = 0
EVERY_PERMFILE = 
PRINT_RANDOM_INPUTORDER = 0
RANDOM_INPUTORDERFILE = 
----------------------- Advanced options ------------------------
OVERRIDE_WARNINGS = 0
ORDER_BY_RUN = 1


In total, 2000 configurations of runs and clusters will be tested.

Results
------------------------------
The highest value of H' is: 0.29198645293808

The list of permutations of the clusters that produces that
H' value is (runs are listed sequentially on separate rows)

1 2 3 4 5 6 7 8 9 10 11 12 13 14 15 16 17 
16 7 6 12 17 4 1 13 10 11 3 8 5 9 14 2 15 
8 1 9 5 11 10 12 13 6 14 3 16 7 17 15 4 2 
12 3 16 7 5 13 1 17 14 15 8 11 6 2 9 10 4 
17 7 16 8 15 2 14 9 11 5 12 4 6 1 10 3 13 
5 6 3 13 2 7 15 12 9 11 17 4 16 10 8 1 14 
13 3 6 14 17 4 8 16 15 12 1 5 7 2 11 9 10 
12 16 4 9 13 6 1 15 10 14 7 3 17 11 2 8 5 
17 2 13 8 12 15 14 16 10 3 11 4 5 9 1 7 6 
2 16 10 14 9 5 4 15 12 7 17 6 13 8 3 11 1 
17 13 2 3 14 5 9 4 8 1 12 6 7 11 10 16 15 
16 15 5 13 7 8 17 1 11 4 2 10 6 12 14 3 9 
2 15 16 1 3 5 12 17 11 9 6 14 13 4 8 10 7 
15 13 8 5 17 3 14 11 9 16 4 6 2 10 1 7 12 
2 4 14 16 12 6 9 3 13 11 10 1 17 15 8 5 7 
16 7 9 17 3 2 4 14 8 1 12 11 5 13 15 10 6 
13 10 17 12 1 3 7 14 9 2 4 8 5 6 15 11 16 
7 1 17 15 3 2 10 6 5 9 4 14 13 8 11 12 16 
13 11 17 2 10 3 16 8 5 14 9 6 7 1 12 15 4 
16 1 7 6 12 9 3 14 11 4 13 17 5 15 8 2 10 
16 12 1 14 6 11 17 3 2 15 8 13 7 5 10 9 4 
3 1 9 13 12 11 15 7 5 16 2 4 8 17 14 10 6 
2 1 12 13 14 4 7 5 8 11 17 10 16 3 15 9 6 
11 8 6 9 7 1 4 2 14 16 15 12 17 10 13 5 3 
5 13 11 17 14 12 9 4 3 6 1 15 2 10 16 7 8 
2 3 7 12 8 17 1 14 5 6 11 10 9 4 13 16 15 
1 10 13 7 2 4 15 5 12 8 14 16 9 6 3 11 17 
1 9 8 17 11 10 3 6 15 13 2 14 4 5 7 16 12 
6 10 9 8 16 2 14 17 3 1 5 4 12 15 7 13 11 
1 2 13 3 9 14 4 7 17 10 6 5 15 8 11 16 12 
10 12 7 2 6 4 16 13 1 17 15 11 8 5 9 3 14 
12 8 3 11 10 6 15 9 16 1 14 17 5 7 4 2 13 
13 8 10 17 12 6 7 14 5 3 4 9 11 1 15 2 16 
13 2 6 7 16 8 17 14 10 12 3 9 11 15 5 4 1 
7 9 16 6 8 1 4 3 12 14 2 15 5 17 10 13 11 
2 6 3 13 8 14 11 10 1 7 4 16 17 15 9 5 12 
7 2 17 5 14 11 1 12 10 16 13 6 3 4 8 9 15 
10 12 5 6 1 14 13 9 8 15 7 16 11 4 2 3 17 
6 4 16 3 12 7 10 15 17 13 14 9 5 8 1 11 2 
2 11 4 16 3 15 1 14 6 13 17 9 12 10 7 5 8 
12 4 11 16 13 1 15 17 2 14 5 7 9 6 8 10 3 
8 13 15 11 6 4 10 7 16 3 17 1 2 9 5 14 12 
14 4 9 6 5 7 8 15 10 1 3 17 11 13 2 16 12 
6 15 14 7 3 4 11 2 5 17 13 9 8 12 1 10 16 
12 8 16 9 2 11 4 14 1 5 13 3 7 10 6 15 17 
3 6 4 10 14 8 5 9 12 2 7 11 17 15 1 16 13 
17 1 16 5 12 7 4 13 11 3 9 14 2 6 15 10 8 
14 15 11 1 3 7 12 6 16 10 9 4 8 2 5 17 13 
2 16 13 5 4 7 9 11 17 14 10 12 3 6 8 15 1 
15 3 7 11 2 4 16 9 17 12 1 5 8 6 10 13 14 

The pairwise G' values for each pair of runs where the clusters
of each run are permuted according to the list of permutations above

1.0000 0.3176 0.3164 0.2992 0.3161 0.3121 0.3131 0.2879 0.2718 0.3396 0.2176 0.2858 0.2806 0.3127 0.2959 0.2942 0.2762 0.2727 0.3008 0.3094 0.3204 0.2908 0.3185 0.3157 0.3082 0.2962 0.2842 0.2411 0.3109 0.3157 0.2856 0.2727 0.3142 0.3215 0.3260 0.3051 0.3186 0.2736 0.2810 0.3116 0.3373 0.2908 0.2828 0.2793 0.3400 0.2910 0.2832 0.2900 0.3003 0.2872 
0.3176 1.0000 0.2771 0.3068 0.3388 0.2856 0.2523 0.2991 0.2982 0.2647 0.2732 0.2971 0.3862 0.2799 0.3173 0.2663 0.3326 0.2938 0.3006 0.2940 0.3145 0.3314 0.2952 0.3240 0.3134 0.3488 0.3775 0.2544 0.2659 0.2915 0.3005 0.3651 0.3332 0.3004 0.3477 0.2851 0.3029 0.3000 0.3453 0.3265 0.3272 0.3059 0.2720 0.2772 0.2930 0.2792 0.3136 0.2880 0.3090 0.3539 
0.3164 0.2771 1.0000 0.2781 0.3147 0.2400 0.2913 0.2990 0.2749 0.2697 0.2546 0.2836 0.2762 0.3179 0.2744 0.2833 0.2379 0.2903 0.2517 0.2949 0.2817 0.3053 0.2950 0.2812 0.2731 0.2752 0.2911 0.2688 0.2772 0.2678 0.2597 0.2559 0.2656 0.3108 0.3007 0.3064 0.2761 0.2939 0.3347 0.2979 0.3186 0.2844 0.2619 0.2860 0.2781 0.3215 0.3000 0.3072 0.2656 0.2623 
0.2992 0.3068 0.2781 1.0000 0.2593 0.3080 0.2817 0.3102 0.3385 0.2867 0.2952 0.3139 0.2751 0.2842 0.3130 0.2908 0.3087 0.2868 0.2536 0.3101 0.3319 0.3260 0.3298 0.3512 0.2786 0.2637 0.2972 0.2482 0.2654 0.3145 0.3151 0.3384 0.3088 0.2698 0.2967 0.2988 0.3160 0.2784 0.2864 0.3049 0.3106 0.3398 0.2599 0.3134 0.3414 0.3016 0.2984 0.2914 0.2964 0.2935 
0.3161 0.3388 0.3147 0.2593 1.0000 0.2665 0.2546 0.2692 0.2776 0.3162 0.2607 0.2740 0.2823 0.3023 0.2850 0.3042 0.2804 0.2633 0.2863 0.2607 0.3212 0.2741 0.2946 0.3050 0.2500 0.3181 0.3189 0.2375 0.3041 0.2749 0.2956 0.2577 0.2978 0.2794 0.3081 0.2497 0.3270 0.3270 0.3121 0.2956 0.3208 0.2769 0.2929 0.2941 0.2912 0.2782 0.2771 0.3169 0.2924 0.2839 
0.3121 0.2856 0.2400 0.3080 0.2665 1.0000 0.2935 0.2351 0.2848 0.2571 0.2336 0.2572 0.3008 0.2952 0.2760 0.2694 0.3195 0.2847 0.2795 0.3043 0.2947 0.3259 0.2658 0.2803 0.2963 0.3155 0.2485 0.2386 0.2742 0.2842 0.2734 0.2958 0.2535 0.2801 0.3254 0.3064 0.3174 0.2687 0.2934 0.2997 0.2652 0.3222 0.2650 0.3003 0.3529 0.2893 0.2672 0.2657 0.3033 0.2813 
0.3131 0.2523 0.2913 0.2817 0.2546 0.2935 1.0000 0.2911 0.2783 0.2606 0.2546 0.2871 0.2707 0.2778 0.2708 0.3010 0.2712 0.2601 0.2843 0.2989 0.2786 0.2851 0.2558 0.2617 0.2742 0.2697 0.2727 0.2675 0.2617 0.2737 0.2293 0.2702 0.2700 0.3175 0.3327 0.3149 0.3232 0.3091 0.2964 0.3833 0.3057 0.2980 0.2484 0.2894 0.3072 0.2885 0.2889 0.2848 0.2747 0.3183 
0.2879 0.2991 0.2990 0.3102 0.2692 0.2351 0.2911 1.0000 0.3194 0.3034 0.3059 0.2886 0.2967 0.2884 0.3083 0.2973 0.2833 0.2911 0.2417 0.2796 0.2867 0.2697 0.2741 0.2522 0.2729 0.2748 0.2983 0.2270 0.2947 0.2992 0.2824 0.2991 0.3018 0.2548 0.2920 0.2885 0.2958 0.3169 0.2797 0.2784 0.3334 0.3532 0.2312 0.2733 0.2724 0.2658 0.3562 0.2516 0.2736 0.3325 
0.2718 0.2982 0.2749 0.3385 0.2776 0.2848 0.2783 0.3194 1.0000 0.3004 0.3019 0.2593 0.3213 0.2965 0.2807 0.3392 0.3240 0.2872 0.2323 0.3293 0.3336 0.3007 0.3011 0.2971 0.2527 0.3016 0.2932 0.2080 0.2623 0.2446 0.2874 0.3309 0.2966 0.2668 0.2933 0.2916 0.3126 0.2889 0.2608 0.2744 0.3065 0.3501 0.2848 0.2760 0.3108 0.2797 0.3323 0.2752 0.3234 0.2801 
0.3396 0.2647 0.2697 0.2867 0.3162 0.2571 0.2606 0.3034 0.3004 1.0000 0.2714 0.2670 0.2954 0.2921 0.2689 0.3040 0.2793 0.3079 0.2560 0.2825 0.3443 0.2631 0.3098 0.3052 0.2544 0.2956 0.2810 0.2287 0.3119 0.2683 0.3056 0.2674 0.2910 0.2964 0.3026 0.2815 0.3164 0.3163 0.2887 0.2953 0.2939 0.3336 0.2887 0.2861 0.2788 0.2520 0.2810 0.2935 0.2511 0.2703 
0.2176 0.2732 0.2546 0.2952 0.2607 0.2336 0.2546 0.3059 0.3019 0.2714 1.0000 0.3395 0.2590 0.2700 0.2935 0.2902 0.2382 0.2942 0.2563 0.2428 0.2652 0.3060 0.2611 0.2846 0.2254 0.3209 0.2975 0.2507 0.2727 0.2316 0.2621 0.3031 0.2878 0.2150 0.2773 0.2812 0.2753 0.3275 0.2253 0.2651 0.2989 0.2817 0.2376 0.2984 0.2440 0.2509 0.2868 0.2233 0.2279 0.2847 
0.2858 0.2971 0.2836 0.3139 0.2740 0.2572 0.2871 0.2886 0.2593 0.2670 0.3395 1.0000 0.3449 0.3275 0.3365 0.3566 0.2632 0.3236 0.2392 0.3171 0.2966 0.3465 0.2826 0.2890 0.2760 0.3052 0.2910 0.2713 0.2455 0.2949 0.3064 0.3056 0.2842 0.2741 0.2958 0.2929 0.3311 0.3110 0.2691 0.3211 0.3337 0.2857 0.2880 0.3272 0.2984 0.3110 0.3246 0.2932 0.3064 0.3134 
0.2806 0.3862 0.2762 0.2751 0.2823 0.3008 0.2707 0.2967 0.3213 0.2954 0.2590 0.3449 1.0000 0.3745 0.2918 0.3010 0.3064 0.2639 0.2357 0.3459 0.3193 0.3497 0.3111 0.2957 0.2753 0.3557 0.2978 0.2282 0.3319 0.2938 0.3276 0.3577 0.2871 0.2800 0.3519 0.3004 0.3408 0.3222 0.3169 0.3084 0.3154 0.3128 0.3267 0.2839 0.2967 0.2770 0.3676 0.2926 0.3147 0.3179 
0.3127 0.2799 0.3179 0.2842 0.3023 0.2952 0.2778 0.2884 0.2965 0.2921 0.2700 0.3275 0.3745 1.0000 0.2861 0.2697 0.2850 0.3003 0.2544 0.3576 0.2864 0.3214 0.3080 0.3084 0.2729 0.3081 0.2523 0.2420 0.3079 0.2711 0.3388 0.2713 0.2687 0.2833 0.2918 0.2963 0.3227 0.2801 0.3275 0.2827 0.2929 0.2951 0.2547 0.2941 0.3015 0.3313 0.3050 0.3104 0.2979 0.3127 
0.2959 0.3173 0.2744 0.3130 0.2850 0.2760 0.2708 0.3083 0.2807 0.2689 0.2935 0.3365 0.2918 0.2861 1.0000 0.3310 0.2949 0.2598 0.2462 0.2951 0.2691 0.3162 0.3318 0.2983 0.2762 0.2959 0.2932 0.2514 0.2479 0.2803 0.3252 0.3139 0.2896 0.2780 0.2859 0.2955 0.3086 0.2689 0.2622 0.2837 0.3078 0.3436 0.2933 0.2655 0.3071 0.2810 0.3052 0.2492 0.2853 0.2671 
0.2942 0.2663 0.2833 0.2908 0.3042 0.2694 0.3010 0.2973 0.3392 0.3040 0.2902 0.3566 0.3010 0.2697 0.3310 1.0000 0.2819 0.3145 0.2739 0.3209 0.3031 0.3201 0.3131 0.2937 0.2658 0.2804 0.3098 0.2379 0.2765 0.2871 0.2888 0.2956 0.2925 0.2684 0.3088 0.3457 0.3069 0.3035 0.2758 0.2749 0.2957 0.3800 0.2660 0.3366 0.2707 0.3304 0.3341 0.2829 0.3079 0.3213 
0.2762 0.3326 0.2379 0.3087 0.2804 0.3195 0.2712 0.2833 0.3240 0.2793 0.2382 0.2632 0.3064 0.2850 0.2949 0.2819 1.0000 0.2877 0.2382 0.3310 0.3425 0.2976 0.2936 0.2910 0.2599 0.2668 0.3221 0.2296 0.2296 0.2927 0.2714 0.2722 0.3169 0.3108 0.2970 0.2975 0.3441 0.2726 0.2877 0.2587 0.2649 0.3189 0.2637 0.2404 0.3677 0.2804 0.3106 0.2633 0.3138 0.3106 
0.2727 0.2938 0.2903 0.2868 0.2633 0.2847 0.2601 0.2911 0.2872 0.3079 0.2942 0.3236 0.2639 0.3003 0.2598 0.3145 0.2877 1.0000 0.2207 0.2847 0.2989 0.3125 0.3086 0.3472 0.2348 0.3068 0.3000 0.2211 0.3126 0.2672 0.2735 0.2807 0.2711 0.3082 0.2936 0.3155 0.3200 0.2965 0.2883 0.2618 0.2677 0.2873 0.2388 0.3468 0.3031 0.3141 0.2619 0.2763 0.2702 0.2927 
0.3008 0.3006 0.2517 0.2536 0.2863 0.2795 0.2843 0.2417 0.2323 0.2560 0.2563 0.2392 0.2357 0.2544 0.2462 0.2739 0.2382 0.2207 1.0000 0.2530 0.2766 0.2620 0.2683 0.2852 0.2689 0.2722 0.3242 0.2577 0.2418 0.2685 0.2313 0.2353 0.3122 0.2369 0.2791 0.3017 0.2401 0.2624 0.2368 0.2486 0.2739 0.2676 0.2250 0.2390 0.2273 0.2216 0.2415 0.2441 0.2672 0.2877 
0.3094 0.2940 0.2949 0.3101 0.2607 0.3043 0.2989 0.2796 0.3293 0.2825 0.2428 0.3171 0.3459 0.3576 0.2951 0.3209 0.3310 0.2847 0.2530 1.0000 0.3298 0.3564 0.2999 0.2925 0.3084 0.3419 0.2731 0.2612 0.2921 0.3073 0.2838 0.2946 0.2692 0.2616 0.3446 0.3084 0.3181 0.2951 0.2677 0.3128 0.2953 0.2960 0.2817 0.2921 0.3419 0.3101 0.3420 0.3153 0.3282 0.2957 
0.3204 0.3145 0.2817 0.3319 0.3212 0.2947 0.2786 0.2867 0.3336 0.3443 0.2652 0.2966 0.3193 0.2864 0.2691 0.3031 0.3425 0.2989 0.2766 0.3298 1.0000 0.3189 0.2907 0.3118 0.3055 0.3122 0.3392 0.2524 0.2829 0.3054 0.3392 0.2668 0.2914 0.3144 0.3451 0.2917 0.3575 0.2901 0.2891 0.3078 0.3234 0.2972 0.3118 0.2874 0.3833 0.3080 0.3197 0.3384 0.3390 0.3090 
0.2908 0.3314 0.3053 0.3260 0.2741 0.3259 0.2851 0.2697 0.3007 0.2631 0.3060 0.3465 0.3497 0.3214 0.3162 0.3201 0.2976 0.3125 0.2620 0.3564 0.3189 1.0000 0.3138 0.3183 0.3090 0.3047 0.3143 0.2984 0.2935 0.2844 0.3289 0.3594 0.2610 0.3059 0.2847 0.3239 0.3556 0.2939 0.3026 0.3217 0.3363 0.3108 0.3179 0.3011 0.3308 0.3633 0.3329 0.2985 0.3431 0.3336 
0.3185 0.2952 0.2950 0.3298 0.2946 0.2658 0.2558 0.2741 0.3011 0.3098 0.2611 0.2826 0.3111 0.3080 0.3318 0.3131 0.2936 0.3086 0.2683 0.2999 0.2907 0.3138 1.0000 0.2851 0.2536 0.3139 0.3159 0.2370 0.2807 0.2646 0.3559 0.2997 0.2631 0.2918 0.3077 0.3095 0.3123 0.2793 0.2431 0.2567 0.2980 0.3355 0.3248 0.2506 0.3158 0.2768 0.2938 0.2959 0.3295 0.3116 
0.3157 0.3240 0.2812 0.3512 0.3050 0.2803 0.2617 0.2522 0.2971 0.3052 0.2846 0.2890 0.2957 0.3084 0.2983 0.2937 0.2910 0.3472 0.2852 0.2925 0.3118 0.3183 0.2851 1.0000 0.2865 0.2946 0.2876 0.2250 0.3080 0.3016 0.3050 0.2734 0.3057 0.3287 0.3413 0.3010 0.3162 0.2732 0.3055 0.2860 0.2845 0.3056 0.2546 0.2824 0.2785 0.2779 0.2681 0.2765 0.2767 0.3016 
0.3082 0.3134 0.2731 0.2786 0.2500 0.2963 0.2742 0.2729 0.2527 0.2544 0.2254 0.2760 0.2753 0.2729 0.2762 0.2658 0.2599 0.2348 0.2689 0.3084 0.3055 0.3090 0.2536 0.2865 1.0000 0.2860 0.2544 0.2648 0.2483 0.2873 0.2254 0.2765 0.2365 0.2359 0.2790 0.2673 0.2670 0.2413 0.2384 0.3193 0.2774 0.2726 0.2587 0.2477 0.3012 0.2557 0.2919 0.2823 0.2666 0.3177 
0.2962 0.3488 0.2752 0.2637 0.3181 0.3155 0.2697 0.2748 0.3016 0.2956 0.3209 0.3052 0.3557 0.3081 0.2959 0.2804 0.2668 0.3068 0.2722 0.3419 0.3122 0.3047 0.3139 0.2946 0.2860 1.0000 0.3469 0.2615 0.2634 0.2690 0.3016 0.2935 0.3065 0.2616 0.3171 0.2664 0.3390 0.3065 0.2525 0.3496 0.3407 0.3052 0.3294 0.2767 0.3319 0.2684 0.3148 0.3014 0.3019 0.3078 
0.2842 0.3775 0.2911 0.2972 0.3189 0.2485 0.2727 0.2983 0.2932 0.2810 0.2975 0.2910 0.2978 0.2523 0.2932 0.3098 0.3221 0.3000 0.3242 0.2731 0.3392 0.3143 0.3159 0.2876 0.2544 0.3469 1.0000 0.2669 0.2458 0.2732 0.2875 0.2736 0.3764 0.2797 0.3097 0.2972 0.3141 0.2861 0.2894 0.2680 0.3383 0.3011 0.2948 0.2689 0.2830 0.2949 0.3062 0.2737 0.2985 0.3113 
0.2411 0.2544 0.2688 0.2482 0.2375 0.2386 0.2675 0.2270 0.2080 0.2287 0.2507 0.2713 0.2282 0.2420 0.2514 0.2379 0.2296 0.2211 0.2577 0.2612 0.2524 0.2984 0.2370 0.2250 0.2648 0.2615 0.2669 1.0000 0.2188 0.2379 0.2483 0.2472 0.2180 0.2070 0.2624 0.2567 0.2529 0.2753 0.2809 0.2697 0.2520 0.2267 0.2624 0.2490 0.2549 0.2482 0.2338 0.2326 0.2783 0.2577 
0.3109 0.2659 0.2772 0.2654 0.3041 0.2742 0.2617 0.2947 0.2623 0.3119 0.2727 0.2455 0.3319 0.3079 0.2479 0.2765 0.2296 0.3126 0.2418 0.2921 0.2829 0.2935 0.2807 0.3080 0.2483 0.2634 0.2458 0.2188 1.0000 0.2659 0.3310 0.3075 0.2863 0.3262 0.3090 0.2667 0.2792 0.3135 0.2884 0.2467 0.2418 0.2813 0.2660 0.3282 0.2581 0.2577 0.3050 0.2826 0.2580 0.2655 
0.3157 0.2915 0.2678 0.3145 0.2749 0.2842 0.2737 0.2992 0.2446 0.2683 0.2316 0.2949 0.2938 0.2711 0.2803 0.2871 0.2927 0.2672 0.2685 0.3073 0.3054 0.2844 0.2646 0.3016 0.2873 0.2690 0.2732 0.2379 0.2659 1.0000 0.2590 0.2825 0.2822 0.2644 0.2967 0.3368 0.2963 0.2855 0.3063 0.2724 0.2856 0.3010 0.2816 0.3005 0.2731 0.2939 0.2746 0.2421 0.2715 0.2981 
0.2856 0.3005 0.2597 0.3151 0.2956 0.2734 0.2293 0.2824 0.2874 0.3056 0.2621 0.3064 0.3276 0.3388 0.3252 0.2888 0.2714 0.2735 0.2313 0.2838 0.3392 0.3289 0.3559 0.3050 0.2254 0.3016 0.2875 0.2483 0.3310 0.2590 1.0000 0.3258 0.2825 0.3383 0.3254 0.2735 0.3675 0.2824 0.3039 0.2934 0.2852 0.2959 0.3264 0.2691 0.3008 0.2907 0.2746 0.3023 0.3042 0.2688 
0.2727 0.3651 0.2559 0.3384 0.2577 0.2958 0.2702 0.2991 0.3309 0.2674 0.3031 0.3056 0.3577 0.2713 0.3139 0.2956 0.2722 0.2807 0.2353 0.2946 0.2668 0.3594 0.2997 0.2734 0.2765 0.2935 0.2736 0.2472 0.3075 0.2825 0.3258 1.0000 0.2876 0.2707 0.2827 0.3194 0.3245 0.2962 0.3104 0.2964 0.2822 0.3643 0.3116 0.2925 0.3060 0.2903 0.3081 0.2454 0.2937 0.2934 
0.3142 0.3332 0.2656 0.3088 0.2978 0.2535 0.2700 0.3018 0.2966 0.2910 0.2878 0.2842 0.2871 0.2687 0.2896 0.2925 0.3169 0.2711 0.3122 0.2692 0.2914 0.2610 0.2631 0.3057 0.2365 0.3065 0.3764 0.2180 0.2863 0.2822 0.2825 0.2876 1.0000 0.2856 0.2886 0.2695 0.2900 0.2899 0.2755 0.2419 0.2997 0.3234 0.2441 0.3111 0.2786 0.2532 0.2895 0.2572 0.2708 0.2629 
0.3215 0.3004 0.3108 0.2698 0.2794 0.2801 0.3175 0.2548 0.2668 0.2964 0.2150 0.2741 0.2800 0.2833 0.2780 0.2684 0.3108 0.3082 0.2369 0.2616 0.3144 0.3059 0.2918 0.3287 0.2359 0.2616 0.2797 0.2070 0.3262 0.2644 0.3383 0.2707 0.2856 1.0000 0.3132 0.3006 0.3097 0.2576 0.3140 0.2888 0.2758 0.2902 0.2684 0.2469 0.3227 0.3115 0.2712 0.3072 0.2733 0.3112 
0.3260 0.3477 0.3007 0.2967 0.3081 0.3254 0.3327 0.2920 0.2933 0.3026 0.2773 0.2958 0.3519 0.2918 0.2859 0.3088 0.2970 0.2936 0.2791 0.3446 0.3451 0.2847 0.3077 0.3413 0.2790 0.3171 0.3097 0.2624 0.3090 0.2967 0.3254 0.2827 0.2886 0.3132 1.0000 0.2589 0.3121 0.3036 0.2994 0.3403 0.3215 0.2889 0.2795 0.2790 0.3231 0.2790 0.2647 0.2910 0.3345 0.3537 
0.3051 0.2851 0.3064 0.2988 0.2497 0.3064 0.3149 0.2885 0.2916 0.2815 0.2812 0.2929 0.3004 0.2963 0.2955 0.3457 0.2975 0.3155 0.3017 0.3084 0.2917 0.3239 0.3095 0.3010 0.2673 0.2664 0.2972 0.2567 0.2667 0.3368 0.2735 0.3194 0.2695 0.3006 0.2589 1.0000 0.2614 0.3000 0.3020 0.2907 0.2726 0.3820 0.2895 0.2847 0.2911 0.3108 0.3087 0.2698 0.3015 0.2846 
0.3186 0.3029 0.2761 0.3160 0.3270 0.3174 0.3232 0.2958 0.3126 0.3164 0.2753 0.3311 0.3408 0.3227 0.3086 0.3069 0.3441 0.3200 0.2401 0.3181 0.3575 0.3556 0.3123 0.3162 0.2670 0.3390 0.3141 0.2529 0.2792 0.2963 0.3675 0.3245 0.2900 0.3097 0.3121 0.2614 1.0000 0.3601 0.3163 0.3420 0.3031 0.3119 0.2896 0.3269 0.3516 0.3479 0.3203 0.3137 0.3325 0.3188 
0.2736 0.3000 0.2939 0.2784 0.3270 0.2687 0.3091 0.3169 0.2889 0.3163 0.3275 0.3110 0.3222 0.2801 0.2689 0.3035 0.2726 0.2965 0.2624 0.2951 0.2901 0.2939 0.2793 0.2732 0.2413 0.3065 0.2861 0.2753 0.3135 0.2855 0.2824 0.2962 0.2899 0.2576 0.3036 0.3000 0.3601 1.0000 0.2828 0.2613 0.3008 0.3101 0.2635 0.3263 0.2973 0.2832 0.3444 0.2598 0.2687 0.2524 
0.2810 0.3453 0.3347 0.2864 0.3121 0.2934 0.2964 0.2797 0.2608 0.2887 0.2253 0.2691 0.3169 0.3275 0.2622 0.2758 0.2877 0.2883 0.2368 0.2677 0.2891 0.3026 0.2431 0.3055 0.2384 0.2525 0.2894 0.2809 0.2884 0.3063 0.3039 0.3104 0.2755 0.3140 0.2994 0.3020 0.3163 0.2828 1.0000 0.3024 0.2984 0.3248 0.2410 0.2637 0.2767 0.3515 0.2747 0.2651 0.2302 0.2804 
0.3116 0.3265 0.2979 0.3049 0.2956 0.2997 0.3833 0.2784 0.2744 0.2953 0.2651 0.3211 0.3084 0.2827 0.2837 0.2749 0.2587 0.2618 0.2486 0.3128 0.3078 0.3217 0.2567 0.2860 0.3193 0.3496 0.2680 0.2697 0.2467 0.2724 0.2934 0.2964 0.2419 0.2888 0.3403 0.2907 0.3420 0.2613 0.3024 1.0000 0.3305 0.2966 0.3092 0.2780 0.3409 0.2802 0.3068 0.2964 0.2967 0.3338 
0.3373 0.3272 0.3186 0.3106 0.3208 0.2652 0.3057 0.3334 0.3065 0.2939 0.2989 0.3337 0.3154 0.2929 0.3078 0.2957 0.2649 0.2677 0.2739 0.2953 0.3234 0.3363 0.2980 0.2845 0.2774 0.3407 0.3383 0.2520 0.2418 0.2856 0.2852 0.2822 0.2997 0.2758 0.3215 0.2726 0.3031 0.3008 0.2984 0.3305 1.0000 0.2907 0.3097 0.2441 0.2994 0.2647 0.2851 0.2822 0.3206 0.3546 
0.2908 0.3059 0.2844 0.3398 0.2769 0.3222 0.2980 0.3532 0.3501 0.3336 0.2817 0.2857 0.3128 0.2951 0.3436 0.3800 0.3189 0.2873 0.2676 0.2960 0.2972 0.3108 0.3355 0.3056 0.2726 0.3052 0.3011 0.2267 0.2813 0.3010 0.2959 0.3643 0.3234 0.2902 0.2889 0.3820 0.3119 0.3101 0.3248 0.2966 0.2907 1.0000 0.2705 0.3057 0.3535 0.3274 0.3808 0.2795 0.2878 0.3212 
0.2828 0.2720 0.2619 0.2599 0.2929 0.2650 0.2484 0.2312 0.2848 0.2887 0.2376 0.2880 0.3267 0.2547 0.2933 0.2660 0.2637 0.2388 0.2250 0.2817 0.3118 0.3179 0.3248 0.2546 0.2587 0.3294 0.2948 0.2624 0.2660 0.2816 0.3264 0.3116 0.2441 0.2684 0.2795 0.2895 0.2896 0.2635 0.2410 0.3092 0.3097 0.2705 1.0000 0.2342 0.3056 0.2421 0.2839 0.2975 0.2922 0.2446 
0.2793 0.2772 0.2860 0.3134 0.2941 0.3003 0.2894 0.2733 0.2760 0.2861 0.2984 0.3272 0.2839 0.2941 0.2655 0.3366 0.2404 0.3468 0.2390 0.2921 0.2874 0.3011 0.2506 0.2824 0.2477 0.2767 0.2689 0.2490 0.3282 0.3005 0.2691 0.2925 0.3111 0.2469 0.2790 0.2847 0.3269 0.3263 0.2637 0.2780 0.2441 0.3057 0.2342 1.0000 0.2632 0.3080 0.2995 0.2987 0.2971 0.2879 
0.3400 0.2930 0.2781 0.3414 0.2912 0.3529 0.3072 0.2724 0.3108 0.2788 0.2440 0.2984 0.2967 0.3015 0.3071 0.2707 0.3677 0.3031 0.2273 0.3419 0.3833 0.3308 0.3158 0.2785 0.3012 0.3319 0.2830 0.2549 0.2581 0.2731 0.3008 0.3060 0.2786 0.3227 0.3231 0.2911 0.3516 0.2973 0.2767 0.3409 0.2994 0.3535 0.3056 0.2632 1.0000 0.3391 0.3266 0.3141 0.3288 0.3115 
0.2910 0.2792 0.3215 0.3016 0.2782 0.2893 0.2885 0.2658 0.2797 0.2520 0.2509 0.3110 0.2770 0.3313 0.2810 0.3304 0.2804 0.3141 0.2216 0.3101 0.3080 0.3633 0.2768 0.2779 0.2557 0.2684 0.2949 0.2482 0.2577 0.2939 0.2907 0.2903 0.2532 0.3115 0.2790 0.3108 0.3479 0.2832 0.3515 0.2802 0.2647 0.3274 0.2421 0.3080 0.3391 1.0000 0.2993 0.2852 0.2957 0.3104 
0.2832 0.3136 0.3000 0.2984 0.2771 0.2672 0.2889 0.3562 0.3323 0.2810 0.2868 0.3246 0.3676 0.3050 0.3052 0.3341 0.3106 0.2619 0.2415 0.3420 0.3197 0.3329 0.2938 0.2681 0.2919 0.3148 0.3062 0.2338 0.3050 0.2746 0.2746 0.3081 0.2895 0.2712 0.2647 0.3087 0.3203 0.3444 0.2747 0.3068 0.2851 0.3808 0.2839 0.2995 0.3266 0.2993 1.0000 0.3081 0.3018 0.2997 
0.2900 0.2880 0.3072 0.2914 0.3169 0.2657 0.2848 0.2516 0.2752 0.2935 0.2233 0.2932 0.2926 0.3104 0.2492 0.2829 0.2633 0.2763 0.2441 0.3153 0.3384 0.2985 0.2959 0.2765 0.2823 0.3014 0.2737 0.2326 0.2826 0.2421 0.3023 0.2454 0.2572 0.3072 0.2910 0.2698 0.3137 0.2598 0.2651 0.2964 0.2822 0.2795 0.2975 0.2987 0.3141 0.2852 0.3081 1.0000 0.3117 0.3181 
0.3003 0.3090 0.2656 0.2964 0.2924 0.3033 0.2747 0.2736 0.3234 0.2511 0.2279 0.3064 0.3147 0.2979 0.2853 0.3079 0.3138 0.2702 0.2672 0.3282 0.3390 0.3431 0.3295 0.2767 0.2666 0.3019 0.2985 0.2783 0.2580 0.2715 0.3042 0.2937 0.2708 0.2733 0.3345 0.3015 0.3325 0.2687 0.2302 0.2967 0.3206 0.2878 0.2922 0.2971 0.3288 0.2957 0.3018 0.3117 1.0000 0.3542 
0.2872 0.3539 0.2623 0.2935 0.2839 0.2813 0.3183 0.3325 0.2801 0.2703 0.2847 0.3134 0.3179 0.3127 0.2671 0.3213 0.3106 0.2927 0.2877 0.2957 0.3090 0.3336 0.3116 0.3016 0.3177 0.3078 0.3113 0.2577 0.2655 0.2981 0.2688 0.2934 0.2629 0.3112 0.3537 0.2846 0.3188 0.2524 0.2804 0.3338 0.3546 0.3212 0.2446 0.2879 0.3115 0.3104 0.2997 0.3181 0.3542 1.0000 
