
Using the parameter settings in the file: 
''1763240293/clumpp.paramfile''

Parameter settings
----------------------- Main parameters -------------------------
DATATYPE = 0
INDFILE = 1763240293/ClumppIndFile
POPFILE = 
OUTFILE = 1763240293/ClumppIndFile.output
MISCFILE = 1763240293/ClumppIndFile.misc
K = 19
C = 164
R = 41
M = 3
W = 0
S = 2
- Additional options for the Greedy and LargeKGreedy algorithms -
GREEDY_OPTION = 2
REPEATS = 2000
PERMUTATIONFILE = 
----------------------- Optional outputs ------------------------
PRINT_PERMUTED_DATA = 0
PERMUTED_DATAFILE = 
PRINT_EVERY_PERM = 0
EVERY_PERMFILE = 
PRINT_RANDOM_INPUTORDER = 0
RANDOM_INPUTORDERFILE = 
----------------------- Advanced options ------------------------
OVERRIDE_WARNINGS = 0
ORDER_BY_RUN = 1


In total, 2000 configurations of runs and clusters will be tested.

Results
------------------------------
The highest value of H' is: 0.48061990084765

The list of permutations of the clusters that produces that
H' value is (runs are listed sequentially on separate rows)

1 2 3 4 5 6 7 8 9 10 11 12 13 14 15 16 17 18 19 
10 2 11 17 3 12 14 6 18 7 19 16 4 8 1 9 5 13 15 
8 9 11 3 16 1 13 2 4 5 15 19 18 17 14 6 7 12 10 
7 11 13 8 17 5 2 4 15 14 6 19 1 18 9 12 10 16 3 
9 6 1 16 3 8 7 10 4 15 11 14 12 13 17 2 5 19 18 
18 11 3 16 14 4 1 15 17 19 6 2 10 9 5 12 8 7 13 
1 17 5 11 8 16 3 18 13 2 19 15 12 14 4 9 6 7 10 
1 16 4 15 17 6 2 9 8 3 11 19 5 18 13 12 10 7 14 
17 19 13 7 3 1 9 15 10 4 16 12 6 8 5 14 2 18 11 
6 13 4 16 1 12 17 3 2 7 18 8 14 11 5 9 15 19 10 
5 12 17 7 11 10 2 6 13 15 14 9 18 1 8 16 4 19 3 
4 2 17 14 5 19 12 15 6 1 8 9 7 3 10 11 13 16 18 
15 2 3 4 17 19 18 14 1 16 11 6 5 12 13 8 9 10 7 
11 9 4 12 2 3 5 15 18 7 8 16 17 14 10 19 6 13 1 
6 9 11 18 13 17 10 8 3 7 2 19 16 4 5 14 1 15 12 
6 18 15 3 10 4 14 17 11 12 5 2 1 16 13 7 8 9 19 
5 7 3 15 10 11 16 4 6 12 9 13 1 8 18 2 17 14 19 
6 15 18 19 12 1 7 11 8 4 16 17 9 2 10 5 13 14 3 
2 12 4 9 15 7 6 14 18 17 1 16 5 19 11 3 8 13 10 
13 10 11 6 12 9 16 17 2 3 19 1 14 18 7 5 8 15 4 
8 2 15 13 9 3 19 4 11 1 14 7 17 6 5 12 10 16 18 
6 17 19 11 2 8 15 4 9 13 1 7 16 12 3 5 14 18 10 
11 8 16 7 12 6 9 15 2 17 4 18 1 5 10 3 19 14 13 
10 1 8 15 5 17 6 11 4 3 14 13 12 19 16 2 9 18 7 
5 1 17 15 6 11 4 9 3 8 2 19 13 14 16 10 18 7 12 
16 17 12 14 9 3 7 1 15 6 2 8 4 19 10 5 18 13 11 
1 4 15 8 17 13 11 18 6 5 10 2 7 3 12 19 14 16 9 
15 18 7 16 19 13 1 12 8 11 4 17 9 10 3 2 14 5 6 
8 13 11 14 1 17 15 10 18 16 9 6 3 12 7 19 5 2 4 
16 6 12 8 10 18 7 11 15 5 9 14 19 3 17 4 13 1 2 
18 11 14 5 1 17 13 7 12 9 3 10 4 16 15 19 2 8 6 
6 10 8 19 5 11 14 9 18 2 16 15 12 7 1 13 4 3 17 
4 19 2 17 7 9 11 12 3 16 14 5 8 1 15 13 18 10 6 
8 3 5 18 2 9 6 12 11 15 17 1 16 7 14 10 19 4 13 
15 18 19 7 4 13 9 12 5 17 3 8 10 6 16 14 2 11 1 
9 13 8 6 11 16 18 7 3 14 1 19 17 4 15 10 2 12 5 
8 17 14 4 16 3 10 11 5 6 18 13 19 1 7 2 9 12 15 
17 10 14 11 8 4 15 2 7 9 16 13 18 19 1 6 3 5 12 
7 4 1 13 2 12 19 14 8 3 18 15 9 11 6 5 17 16 10 
13 19 17 8 7 12 2 1 5 11 10 15 14 16 3 4 18 6 9 
3 12 13 16 1 9 4 8 19 6 5 18 7 11 14 17 10 15 2 

The pairwise G' values for each pair of runs where the clusters
of each run are permuted according to the list of permutations above

1.0000 0.4810 0.5052 0.5212 0.4736 0.4840 0.4811 0.5624 0.4766 0.5507 0.4565 0.6129 0.5860 0.4559 0.5730 0.5401 0.5179 0.4614 0.4729 0.5345 0.4956 0.4932 0.5021 0.5416 0.4782 0.5166 0.5347 0.4940 0.4943 0.5163 0.4576 0.4728 0.4739 0.5154 0.4890 0.5125 0.4871 0.5411 0.4676 0.5828 0.5196 
0.4810 1.0000 0.4402 0.4362 0.4452 0.5123 0.4653 0.5031 0.4347 0.4429 0.4448 0.4942 0.5416 0.4110 0.4648 0.5385 0.4491 0.4160 0.4200 0.4776 0.4406 0.4573 0.4491 0.4794 0.4312 0.4638 0.4689 0.4549 0.4632 0.4683 0.4205 0.4836 0.4268 0.4399 0.4531 0.4484 0.4879 0.4891 0.4462 0.4747 0.4697 
0.5052 0.4402 1.0000 0.4525 0.4328 0.4118 0.4943 0.5030 0.4333 0.5219 0.4691 0.5335 0.5044 0.4801 0.4926 0.5265 0.4728 0.4876 0.4515 0.4918 0.4660 0.5540 0.5244 0.4512 0.5365 0.4676 0.5102 0.4862 0.5542 0.4836 0.4262 0.4296 0.4583 0.4627 0.4451 0.5637 0.4388 0.4350 0.4703 0.4162 0.4713 
0.5212 0.4362 0.4525 1.0000 0.4707 0.5417 0.4726 0.5197 0.4537 0.5364 0.4171 0.5446 0.5741 0.4056 0.5701 0.4941 0.4893 0.4424 0.4994 0.4958 0.5422 0.4093 0.4552 0.5348 0.4488 0.4762 0.5191 0.4994 0.4851 0.5155 0.4198 0.4759 0.4977 0.4754 0.5249 0.4623 0.5373 0.5164 0.4530 0.4951 0.4863 
0.4736 0.4452 0.4328 0.4707 1.0000 0.4568 0.4714 0.5047 0.4500 0.4930 0.4515 0.4912 0.5178 0.3803 0.4955 0.4714 0.4297 0.4611 0.4826 0.4823 0.4954 0.4049 0.4891 0.4738 0.4321 0.4128 0.5219 0.4607 0.4666 0.4531 0.3878 0.4434 0.4588 0.4347 0.4689 0.4334 0.4305 0.4729 0.4784 0.4345 0.5098 
0.4840 0.5123 0.4118 0.5417 0.4568 1.0000 0.4739 0.5344 0.4741 0.5009 0.4658 0.4921 0.5295 0.4961 0.5304 0.4890 0.4784 0.3999 0.5095 0.4961 0.4944 0.4106 0.4301 0.5454 0.4190 0.4879 0.4794 0.5388 0.4565 0.4978 0.4571 0.5067 0.4633 0.4879 0.5490 0.4353 0.6306 0.5475 0.4364 0.5247 0.5089 
0.4811 0.4653 0.4943 0.4726 0.4714 0.4739 1.0000 0.5107 0.5392 0.5228 0.4681 0.4996 0.4908 0.4362 0.5007 0.5027 0.4875 0.4512 0.4742 0.4876 0.4257 0.4084 0.4677 0.4530 0.4601 0.4234 0.5418 0.5103 0.4965 0.4803 0.3908 0.4483 0.4230 0.5032 0.4740 0.5068 0.4784 0.4658 0.4936 0.4460 0.4809 
0.5624 0.5031 0.5030 0.5197 0.5047 0.5344 0.5107 1.0000 0.5039 0.6121 0.4911 0.6821 0.5892 0.4603 0.5915 0.5603 0.5321 0.4533 0.5213 0.5769 0.5059 0.4734 0.5248 0.5561 0.4824 0.4809 0.5482 0.5371 0.5292 0.5241 0.4538 0.5356 0.5204 0.5058 0.5387 0.5054 0.5163 0.5850 0.5267 0.5285 0.5369 
0.4766 0.4347 0.4333 0.4537 0.4500 0.4741 0.5392 0.5039 1.0000 0.5067 0.4186 0.5105 0.5162 0.4394 0.5183 0.4410 0.4405 0.4248 0.4639 0.4755 0.4584 0.3820 0.4230 0.4478 0.4459 0.4385 0.4920 0.4416 0.4599 0.4202 0.4168 0.4167 0.4107 0.4566 0.4525 0.4701 0.4272 0.4781 0.4921 0.4470 0.4831 
0.5507 0.4429 0.5219 0.5364 0.4930 0.5009 0.5228 0.6121 0.5067 1.0000 0.4835 0.6541 0.5566 0.4472 0.5893 0.5056 0.5037 0.4577 0.5106 0.6187 0.5079 0.4301 0.5054 0.5279 0.5058 0.4566 0.5497 0.5127 0.5289 0.5363 0.4213 0.4643 0.4967 0.4869 0.5979 0.4915 0.5015 0.5479 0.4751 0.4739 0.5470 
0.4565 0.4448 0.4691 0.4171 0.4515 0.4658 0.4681 0.4911 0.4186 0.4835 1.0000 0.4691 0.4734 0.3969 0.4470 0.5366 0.4297 0.3959 0.4058 0.4769 0.4528 0.4189 0.4607 0.4595 0.4068 0.4464 0.4408 0.4692 0.4671 0.4892 0.3888 0.4194 0.4690 0.4198 0.4474 0.4339 0.4615 0.4304 0.4135 0.4099 0.4534 
0.6129 0.4942 0.5335 0.5446 0.4912 0.4921 0.4996 0.6821 0.5105 0.6541 0.4691 1.0000 0.6493 0.4336 0.6262 0.5543 0.5110 0.4768 0.4962 0.5845 0.5378 0.4877 0.5298 0.5436 0.5301 0.4900 0.5700 0.4952 0.5483 0.5207 0.4613 0.5092 0.5046 0.4970 0.5470 0.5385 0.5157 0.5563 0.5301 0.5374 0.5376 
0.5860 0.5416 0.5044 0.5741 0.5178 0.5295 0.4908 0.5892 0.5162 0.5566 0.4734 0.6493 1.0000 0.4547 0.5928 0.5716 0.4935 0.4379 0.4651 0.5491 0.5802 0.4663 0.4952 0.5194 0.4929 0.5227 0.5450 0.4949 0.5151 0.5107 0.4781 0.4894 0.5078 0.4813 0.4974 0.5147 0.4888 0.5667 0.4871 0.5345 0.5033 
0.4559 0.4110 0.4801 0.4056 0.3803 0.4961 0.4362 0.4603 0.4394 0.4472 0.3969 0.4336 0.4547 1.0000 0.4548 0.4317 0.4780 0.4068 0.4368 0.4306 0.3928 0.4425 0.4265 0.4276 0.3897 0.4017 0.4181 0.4682 0.4554 0.4089 0.4445 0.3812 0.3818 0.4059 0.4178 0.4431 0.4219 0.4744 0.4061 0.4727 0.4280 
0.5730 0.4648 0.4926 0.5701 0.4955 0.5304 0.5007 0.5915 0.5183 0.5893 0.4470 0.6262 0.5928 0.4548 1.0000 0.5484 0.5455 0.4572 0.4925 0.5727 0.5763 0.4436 0.5132 0.5691 0.5190 0.4975 0.5447 0.5215 0.5432 0.5106 0.4593 0.4995 0.4760 0.5009 0.5274 0.5035 0.5236 0.5686 0.4926 0.5241 0.5263 
0.5401 0.5385 0.5265 0.4941 0.4714 0.4890 0.5027 0.5603 0.4410 0.5056 0.5366 0.5543 0.5716 0.4317 0.5484 1.0000 0.4813 0.4699 0.4614 0.5453 0.4791 0.4888 0.5134 0.5207 0.4605 0.4989 0.4921 0.5167 0.5268 0.5288 0.4428 0.4893 0.4737 0.4576 0.4395 0.5204 0.5052 0.5067 0.4761 0.4846 0.4714 
0.5179 0.4491 0.4728 0.4893 0.4297 0.4784 0.4875 0.5321 0.4405 0.5037 0.4297 0.5110 0.4935 0.4780 0.5455 0.4813 1.0000 0.4485 0.4479 0.5055 0.4796 0.4186 0.5012 0.4897 0.4798 0.4698 0.5140 0.4999 0.5456 0.4785 0.4322 0.4670 0.4480 0.5209 0.5174 0.5268 0.4947 0.4962 0.4725 0.4840 0.4656 
0.4614 0.4160 0.4876 0.4424 0.4611 0.3999 0.4512 0.4533 0.4248 0.4577 0.3959 0.4768 0.4379 0.4068 0.4572 0.4699 0.4485 1.0000 0.4100 0.4203 0.3810 0.4186 0.4270 0.4186 0.4399 0.4120 0.4851 0.4496 0.4962 0.4650 0.3860 0.3988 0.4157 0.4503 0.3920 0.5239 0.3940 0.4327 0.4581 0.4226 0.3930 
0.4729 0.4200 0.4515 0.4994 0.4826 0.5095 0.4742 0.5213 0.4639 0.5106 0.4058 0.4962 0.4651 0.4368 0.4925 0.4614 0.4479 0.4100 1.0000 0.4694 0.4576 0.4047 0.4868 0.4777 0.4637 0.4607 0.5199 0.5372 0.4986 0.5014 0.4120 0.4147 0.4698 0.4557 0.4975 0.4678 0.4818 0.4555 0.4842 0.4532 0.5097 
0.5345 0.4776 0.4918 0.4958 0.4823 0.4961 0.4876 0.5769 0.4755 0.6187 0.4769 0.5845 0.5491 0.4306 0.5727 0.5453 0.5055 0.4203 0.4694 1.0000 0.5318 0.4369 0.4877 0.5365 0.5053 0.4948 0.5150 0.5048 0.5028 0.5078 0.4239 0.4732 0.5076 0.4751 0.5617 0.4787 0.5292 0.5277 0.4675 0.5048 0.5216 
0.4956 0.4406 0.4660 0.5422 0.4954 0.4944 0.4257 0.5059 0.4584 0.5079 0.4528 0.5378 0.5802 0.3928 0.5763 0.4791 0.4796 0.3810 0.4576 0.5318 1.0000 0.4294 0.4701 0.4998 0.4686 0.4843 0.4990 0.4729 0.4893 0.4583 0.4072 0.4481 0.5116 0.4594 0.5325 0.4574 0.5010 0.4749 0.4304 0.4518 0.5337 
0.4932 0.4573 0.5540 0.4093 0.4049 0.4106 0.4084 0.4734 0.3820 0.4301 0.4189 0.4877 0.4663 0.4425 0.4436 0.4888 0.4186 0.4186 0.4047 0.4369 0.4294 1.0000 0.4929 0.4135 0.4608 0.4152 0.4462 0.4487 0.4724 0.4386 0.3807 0.4156 0.4240 0.4345 0.4073 0.4364 0.4417 0.4241 0.4573 0.4293 0.4357 
0.5021 0.4491 0.5244 0.4552 0.4891 0.4301 0.4677 0.5248 0.4230 0.5054 0.4607 0.5298 0.4952 0.4265 0.5132 0.5134 0.5012 0.4270 0.4868 0.4877 0.4701 0.4929 1.0000 0.4789 0.4750 0.4260 0.5340 0.4969 0.5031 0.4818 0.4045 0.4456 0.4993 0.4500 0.4654 0.4979 0.4668 0.4548 0.5011 0.4381 0.5228 
0.5416 0.4794 0.4512 0.5348 0.4738 0.5454 0.4530 0.5561 0.4478 0.5279 0.4595 0.5436 0.5194 0.4276 0.5691 0.5207 0.4897 0.4186 0.4777 0.5365 0.4998 0.4135 0.4789 1.0000 0.4380 0.5324 0.4873 0.4851 0.4642 0.5218 0.4740 0.5101 0.5073 0.4487 0.5255 0.4570 0.5542 0.5277 0.4547 0.5419 0.5215 
0.4782 0.4312 0.5365 0.4488 0.4321 0.4190 0.4601 0.4824 0.4459 0.5058 0.4068 0.5301 0.4929 0.3897 0.5190 0.4605 0.4798 0.4399 0.4637 0.5053 0.4686 0.4608 0.4750 0.4380 1.0000 0.4512 0.5050 0.5083 0.5288 0.4580 0.3920 0.4575 0.4424 0.4620 0.4778 0.4949 0.4625 0.4169 0.4846 0.4420 0.4481 
0.5166 0.4638 0.4676 0.4762 0.4128 0.4879 0.4234 0.4809 0.4385 0.4566 0.4464 0.4900 0.5227 0.4017 0.4975 0.4989 0.4698 0.4120 0.4607 0.4948 0.4843 0.4152 0.4260 0.5324 0.4512 1.0000 0.4640 0.4572 0.4610 0.4813 0.4393 0.4227 0.4482 0.4497 0.4616 0.4801 0.4898 0.4778 0.4353 0.5248 0.4819 
0.5347 0.4689 0.5102 0.5191 0.5219 0.4794 0.5418 0.5482 0.4920 0.5497 0.4408 0.5700 0.5450 0.4181 0.5447 0.4921 0.5140 0.4851 0.5199 0.5150 0.4990 0.4462 0.5340 0.4873 0.5050 0.4640 1.0000 0.5492 0.5270 0.5024 0.4004 0.4497 0.4781 0.5273 0.5243 0.5720 0.4932 0.5003 0.4999 0.4811 0.5028 
0.4940 0.4549 0.4862 0.4994 0.4607 0.5388 0.5103 0.5371 0.4416 0.5127 0.4692 0.4952 0.4949 0.4682 0.5215 0.5167 0.4999 0.4496 0.5372 0.5048 0.4729 0.4487 0.4969 0.4851 0.5083 0.4572 0.5492 1.0000 0.5109 0.5546 0.4151 0.4376 0.5060 0.4765 0.4831 0.5005 0.5297 0.4801 0.4695 0.4590 0.4639 
0.4943 0.4632 0.5542 0.4851 0.4666 0.4565 0.4965 0.5292 0.4599 0.5289 0.4671 0.5483 0.5151 0.4554 0.5432 0.5268 0.5456 0.4962 0.4986 0.5028 0.4893 0.4724 0.5031 0.4642 0.5288 0.4610 0.5270 0.5109 1.0000 0.4945 0.4036 0.4473 0.4598 0.4686 0.4776 0.5328 0.4679 0.4675 0.4916 0.4521 0.4711 
0.5163 0.4683 0.4836 0.5155 0.4531 0.4978 0.4803 0.5241 0.4202 0.5363 0.4892 0.5207 0.5107 0.4089 0.5106 0.5288 0.4785 0.4650 0.5014 0.5078 0.4583 0.4386 0.4818 0.5218 0.4580 0.4813 0.5024 0.5546 0.4945 1.0000 0.4464 0.4413 0.5731 0.4655 0.4737 0.4833 0.5111 0.4569 0.4480 0.4582 0.4766 
0.4576 0.4205 0.4262 0.4198 0.3878 0.4571 0.3908 0.4538 0.4168 0.4213 0.3888 0.4613 0.4781 0.4445 0.4593 0.4428 0.4322 0.3860 0.4120 0.4239 0.4072 0.3807 0.4045 0.4740 0.3920 0.4393 0.4004 0.4151 0.4036 0.4464 1.0000 0.3953 0.4043 0.4063 0.4104 0.4514 0.4083 0.4359 0.3928 0.4911 0.4399 
0.4728 0.4836 0.4296 0.4759 0.4434 0.5067 0.4483 0.5356 0.4167 0.4643 0.4194 0.5092 0.4894 0.3812 0.4995 0.4893 0.4670 0.3988 0.4147 0.4732 0.4481 0.4156 0.4456 0.5101 0.4575 0.4227 0.4497 0.4376 0.4473 0.4413 0.3953 1.0000 0.4260 0.4606 0.5097 0.4259 0.5500 0.4973 0.4947 0.4576 0.4597 
0.4739 0.4268 0.4583 0.4977 0.4588 0.4633 0.4230 0.5204 0.4107 0.4967 0.4690 0.5046 0.5078 0.3818 0.4760 0.4737 0.4480 0.4157 0.4698 0.5076 0.5116 0.4240 0.4993 0.5073 0.4424 0.4482 0.4781 0.5060 0.4598 0.5731 0.4043 0.4260 1.0000 0.4193 0.4671 0.4453 0.4960 0.4303 0.4635 0.4522 0.4752 
0.5154 0.4399 0.4627 0.4754 0.4347 0.4879 0.5032 0.5058 0.4566 0.4869 0.4198 0.4970 0.4813 0.4059 0.5009 0.4576 0.5209 0.4503 0.4557 0.4751 0.4594 0.4345 0.4500 0.4487 0.4620 0.4497 0.5273 0.4765 0.4686 0.4655 0.4063 0.4606 0.4193 1.0000 0.4828 0.5014 0.5152 0.4831 0.4827 0.4588 0.4629 
0.4890 0.4531 0.4451 0.5249 0.4689 0.5490 0.4740 0.5387 0.4525 0.5979 0.4474 0.5470 0.4974 0.4178 0.5274 0.4395 0.5174 0.3920 0.4975 0.5617 0.5325 0.4073 0.4654 0.5255 0.4778 0.4616 0.5243 0.4831 0.4776 0.4737 0.4104 0.5097 0.4671 0.4828 1.0000 0.4443 0.5813 0.4899 0.4528 0.4911 0.5670 
0.5125 0.4484 0.5637 0.4623 0.4334 0.4353 0.5068 0.5054 0.4701 0.4915 0.4339 0.5385 0.5147 0.4431 0.5035 0.5204 0.5268 0.5239 0.4678 0.4787 0.4574 0.4364 0.4979 0.4570 0.4949 0.4801 0.5720 0.5005 0.5328 0.4833 0.4514 0.4259 0.4453 0.5014 0.4443 1.0000 0.4450 0.4705 0.5168 0.4828 0.4608 
0.4871 0.4879 0.4388 0.5373 0.4305 0.6306 0.4784 0.5163 0.4272 0.5015 0.4615 0.5157 0.4888 0.4219 0.5236 0.5052 0.4947 0.3940 0.4818 0.5292 0.5010 0.4417 0.4668 0.5542 0.4625 0.4898 0.4932 0.5297 0.4679 0.5111 0.4083 0.5500 0.4960 0.5152 0.5813 0.4450 1.0000 0.4824 0.4805 0.5095 0.4974 
0.5411 0.4891 0.4350 0.5164 0.4729 0.5475 0.4658 0.5850 0.4781 0.5479 0.4304 0.5563 0.5667 0.4744 0.5686 0.5067 0.4962 0.4327 0.4555 0.5277 0.4749 0.4241 0.4548 0.5277 0.4169 0.4778 0.5003 0.4801 0.4675 0.4569 0.4359 0.4973 0.4303 0.4831 0.4899 0.4705 0.4824 1.0000 0.4634 0.5210 0.5150 
0.4676 0.4462 0.4703 0.4530 0.4784 0.4364 0.4936 0.5267 0.4921 0.4751 0.4135 0.5301 0.4871 0.4061 0.4926 0.4761 0.4725 0.4581 0.4842 0.4675 0.4304 0.4573 0.5011 0.4547 0.4846 0.4353 0.4999 0.4695 0.4916 0.4480 0.3928 0.4947 0.4635 0.4827 0.4528 0.5168 0.4805 0.4634 1.0000 0.4515 0.4541 
0.5828 0.4747 0.4162 0.4951 0.4345 0.5247 0.4460 0.5285 0.4470 0.4739 0.4099 0.5374 0.5345 0.4727 0.5241 0.4846 0.4840 0.4226 0.4532 0.5048 0.4518 0.4293 0.4381 0.5419 0.4420 0.5248 0.4811 0.4590 0.4521 0.4582 0.4911 0.4576 0.4522 0.4588 0.4911 0.4828 0.5095 0.5210 0.4515 1.0000 0.4923 
0.5196 0.4697 0.4713 0.4863 0.5098 0.5089 0.4809 0.5369 0.4831 0.5470 0.4534 0.5376 0.5033 0.4280 0.5263 0.4714 0.4656 0.3930 0.5097 0.5216 0.5337 0.4357 0.5228 0.5215 0.4481 0.4819 0.5028 0.4639 0.4711 0.4766 0.4399 0.4597 0.4752 0.4629 0.5670 0.4608 0.4974 0.5150 0.4541 0.4923 1.0000 
