1:	0.0847 0.0003 0.1052 0.0000 0.0101 0.0124 0.1646 0.1365 0.0005 0.0473 0.1803 0.0068 0.0546 0.0056 0.0030 0.0392 0.0441 0.0439 0.0610 	23
2:	0.1954 0.0113 0.0039 0.0188 0.0066 0.0003 0.0990 0.1730 0.0056 0.0930 0.1158 0.0059 0.0046 0.0060 0.0439 0.0838 0.0527 0.0498 0.0306 	13
3:	0.2331 0.0000 0.0000 0.0000 0.0337 0.0000 0.0012 0.0065 0.0000 0.0048 0.2437 0.0060 0.0067 0.0135 0.0103 0.2682 0.0586 0.0895 0.0242 	5
4:	0.2647 0.1385 0.0019 0.0507 0.0022 0.0211 0.0015 0.0025 0.0358 0.0027 0.1172 0.0076 0.0037 0.1492 0.0443 0.0471 0.0676 0.0288 0.0129 	15
5:	0.2261 0.1042 0.0066 0.1097 0.0088 0.0064 0.0021 0.0026 0.1150 0.0036 0.1146 0.0072 0.0064 0.0041 0.0621 0.0647 0.0662 0.0636 0.0260 	18
6:	0.0498 0.1569 0.0057 0.1281 0.0028 0.1598 0.0423 0.0348 0.1184 0.0006 0.0152 0.0007 0.0015 0.0055 0.1300 0.0570 0.0509 0.0176 0.0226 	24
7:	0.1682 0.0283 0.2243 0.0426 0.0039 0.0194 0.0030 0.0024 0.0140 0.0039 0.0866 0.0086 0.0123 0.0284 0.0203 0.1230 0.0547 0.1316 0.0246 	9
8:	0.0896 0.0000 0.0909 0.0001 0.1762 0.0011 0.0000 0.0027 0.0000 0.0004 0.1792 0.1944 0.0940 0.0058 0.0035 0.0295 0.0257 0.1009 0.0060 	11
9:	0.0000 0.0309 0.0000 0.2459 0.0000 0.0000 0.0000 0.0000 0.3129 0.0000 0.0000 0.0000 0.0000 0.0000 0.1878 0.0000 0.1157 0.0093 0.0976 	1
10:	0.4169 0.0008 0.0201 0.0017 0.0161 0.0119 0.0055 0.0068 0.0002 0.0078 0.1657 0.0129 0.0057 0.0179 0.0115 0.1106 0.0942 0.0743 0.0195 	17
11:	0.0000 0.4941 0.0872 0.1838 0.0000 0.0000 0.0000 0.0000 0.0575 0.0000 0.0000 0.0000 0.0000 0.0000 0.0953 0.0000 0.0392 0.0272 0.0158 	1
12:	0.1343 0.0005 0.0433 0.0083 0.0030 0.2472 0.0370 0.1677 0.0057 0.0060 0.1115 0.0044 0.0297 0.0251 0.0230 0.0407 0.0679 0.0239 0.0206 	8
13:	0.0000 0.2578 0.0000 0.4314 0.0000 0.0000 0.0000 0.0000 0.0441 0.0000 0.0000 0.0000 0.0000 0.0000 0.1928 0.0000 0.0425 0.0053 0.0261 	5
14:	0.1923 0.3798 0.0000 0.0481 0.0066 0.0000 0.0027 0.0018 0.0000 0.0043 0.1780 0.0059 0.0000 0.0205 0.0563 0.0179 0.0678 0.0178 0.0003 	2
15:	0.0000 0.0825 0.0000 0.1686 0.0000 0.4878 0.0000 0.0000 0.0665 0.0000 0.0122 0.0000 0.0000 0.0000 0.1171 0.0000 0.0515 0.0015 0.0122 	2
16:	0.4458 0.0000 0.0175 0.0000 0.0093 0.0115 0.0201 0.0033 0.0000 0.0000 0.1476 0.0330 0.0345 0.0005 0.0060 0.1078 0.1080 0.0459 0.0094 	2
17:	0.0000 0.0000 0.0347 0.0000 0.0000 0.4387 0.5000 0.0000 0.0000 0.0000 0.0122 0.0000 0.0005 0.0000 0.0122 0.0000 0.0017 0.0000 0.0000 	2
18:	0.3214 0.0000 0.0035 0.0000 0.0034 0.0001 0.0004 0.0030 0.0000 0.0129 0.2889 0.0039 0.0181 0.0271 0.0028 0.1213 0.0866 0.0844 0.0222 	3
19:	0.0909 0.0101 0.0712 0.0095 0.0386 0.0751 0.0000 0.0021 0.0064 0.0002 0.0803 0.0413 0.0000 0.0336 0.0174 0.4447 0.0211 0.0379 0.0195 	3
