1:	0.0000 0.3198 0.0000 0.0000 0.0000 0.0000 0.0000 0.0000 0.0000 0.0000 0.0000 0.0000 0.6802 0.0000 0.0000 0.0000 0.0000 	1
2:	0.1831 0.0000 0.0000 0.0000 0.0000 0.4790 0.0000 0.0000 0.0000 0.0000 0.0000 0.0312 0.0000 0.2857 0.0000 0.0210 0.0000 	2
3:	0.1059 0.0000 0.0026 0.1129 0.0028 0.0287 0.0000 0.0000 0.4818 0.0000 0.0258 0.1369 0.0000 0.0394 0.0003 0.0628 0.0000 	6
4:	0.3221 0.0000 0.0000 0.0000 0.0000 0.0000 0.0808 0.0000 0.2090 0.0000 0.0047 0.0691 0.0000 0.1851 0.0864 0.0070 0.0357 	4
5:	0.0822 0.0000 0.0984 0.2420 0.0000 0.0381 0.1225 0.0000 0.0134 0.0151 0.0349 0.1048 0.0000 0.1186 0.0802 0.0286 0.0212 	15
6:	0.1609 0.3571 0.1250 0.0000 0.0694 0.0020 0.0154 0.1071 0.0717 0.0008 0.0357 0.0000 0.0179 0.0000 0.0012 0.0000 0.0357 	8
7:	0.1152 0.0444 0.1287 0.0429 0.1312 0.0571 0.1433 0.0021 0.0093 0.0000 0.0223 0.1055 0.0335 0.0684 0.0188 0.0500 0.0272 	20
8:	0.0514 0.0190 0.2150 0.0408 0.0748 0.0004 0.0342 0.0000 0.0545 0.0000 0.0227 0.1956 0.1515 0.0810 0.0249 0.0068 0.0274 	21
9:	0.1029 0.0000 0.3095 0.0000 0.1225 0.0000 0.0114 0.0000 0.0637 0.0714 0.0578 0.0919 0.0612 0.0623 0.0177 0.0022 0.0255 	14
10:	0.0002 0.0000 0.0950 0.0000 0.0000 0.6057 0.0000 0.0000 0.0000 0.0000 0.0652 0.0000 0.0000 0.0108 0.0131 0.2098 0.0000 	1
11:	0.0000 0.0000 0.0000 0.2359 0.0000 0.2309 0.0000 0.0000 0.0000 0.3357 0.0000 0.0000 0.0208 0.0000 0.0000 0.1290 0.0476 	3
12:	0.0000 0.2000 0.0000 0.7961 0.0000 0.0000 0.0000 0.0000 0.0000 0.0000 0.0000 0.0000 0.0000 0.0000 0.0000 0.0000 0.0039 	5
13:	0.0000 0.0714 0.0000 0.4086 0.0000 0.0000 0.0000 0.0000 0.0000 0.0000 0.0000 0.0000 0.4241 0.0000 0.0000 0.0714 0.0244 	2
14:	0.0000 0.0993 0.0638 0.0000 0.2000 0.0209 0.0000 0.2014 0.0000 0.0000 0.1146 0.0000 0.2228 0.0000 0.0000 0.0463 0.0309 	5
15:	0.0839 0.2947 0.0285 0.0110 0.0000 0.0970 0.0000 0.1807 0.0000 0.0000 0.0599 0.0332 0.0313 0.0257 0.0000 0.0884 0.0657 	7
