1.0000 0.2911 0.3032 0.2830 0.3287 0.3131 0.2944 0.2594 0.2580 0.2851 0.2663 0.2814 0.3022 0.2873 0.3006 0.2856 0.2593 0.3478 0.2937 0.3102 0.2928 0.2953 0.2991 0.3314 0.3149 0.2836 0.2702 0.2758 0.3313 0.2805 0.2448 0.2870 0.2959 0.3151 0.2952 0.3130 0.2995 0.2501 0.2868 0.2903 0.3030 0.2565 0.2829 0.2611 0.2955 0.2692 0.3225 0.3133 0.2911 0.2970
0.2911 1.0000 0.2990 0.2652 0.3379 0.3176 0.3028 0.2773 0.2862 0.2483 0.2795 0.2401 0.2753 0.2886 0.3809 0.2818 0.2822 0.2811 0.2905 0.2868 0.3097 0.2485 0.2697 0.3251 0.2533 0.3134 0.3023 0.2521 0.2776 0.2737 0.2705 0.2649 0.2844 0.3000 0.2940 0.2630 0.2894 0.2992 0.3016 0.2365 0.2883 0.2811 0.3081 0.2838 0.2982 0.2329 0.3189 0.3103 0.3047 0.3360
0.3032 0.2990 1.0000 0.3070 0.3661 0.3577 0.3152 0.2709 0.2837 0.3020 0.2996 0.3351 0.2851 0.3163 0.3645 0.2758 0.3122 0.3215 0.2608 0.3335 0.3261 0.3179 0.3179 0.3106 0.3267 0.3132 0.3120 0.2508 0.2931 0.3460 0.3444 0.3203 0.2904 0.3079 0.3016 0.3079 0.2993 0.2784 0.3095 0.2859 0.2595 0.3101 0.3461 0.2576 0.3029 0.2952 0.3364 0.3673 0.2972 0.3264
0.2830 0.2652 0.3070 1.0000 0.3455 0.3004 0.2658 0.3603 0.2884 0.3445 0.3377 0.2691 0.3077 0.3427 0.2994 0.3225 0.2677 0.3046 0.3199 0.3092 0.3257 0.3451 0.2889 0.3203 0.2933 0.2774 0.3036 0.3113 0.3112 0.3065 0.2664 0.2923 0.2643 0.2729 0.2842 0.2707 0.3211 0.2857 0.3149 0.2946 0.2806 0.2999 0.3158 0.2736 0.2885 0.2291 0.3009 0.2816 0.2747 0.3454
0.3287 0.3379 0.3661 0.3455 1.0000 0.3318 0.3299 0.3778 0.3331 0.3134 0.3490 0.3134 0.3469 0.4265 0.3527 0.3525 0.2886 0.3107 0.3606 0.3605 0.3642 0.3057 0.3066 0.3458 0.3237 0.3107 0.3003 0.3139 0.3070 0.3827 0.3131 0.3438 0.3363 0.3306 0.3198 0.3240 0.3712 0.3738 0.3225 0.3676 0.3612 0.2846 0.3167 0.3291 0.3569 0.2929 0.3790 0.3125 0.3809 0.3387
0.3131 0.3176 0.3577 0.3004 0.3318 1.0000 0.3032 0.2938 0.2603 0.2744 0.2672 0.2763 0.2589 0.3106 0.3657 0.2934 0.2798 0.2986 0.3005 0.3084 0.3203 0.2746 0.3110 0.3153 0.3025 0.3155 0.3403 0.2781 0.2790 0.2829 0.2985 0.3013 0.3120 0.3330 0.2650 0.2839 0.2968 0.2882 0.2784 0.2482 0.2571 0.2907 0.3168 0.2526 0.2946 0.2686 0.3095 0.3258 0.2746 0.3244
0.2944 0.3028 0.3152 0.2658 0.3299 0.3032 1.0000 0.3092 0.3152 0.2940 0.3124 0.3227 0.3582 0.3151 0.3036 0.3159 0.3356 0.2986 0.2746 0.3434 0.2983 0.2980 0.3199 0.2786 0.3495 0.2610 0.2889 0.2936 0.2757 0.3186 0.3108 0.3183 0.3003 0.2721 0.2996 0.3108 0.3215 0.3381 0.2762 0.2377 0.3315 0.2646 0.3302 0.3051 0.3283 0.2769 0.3610 0.3236 0.3671 0.2962
0.2594 0.2773 0.2709 0.3603 0.3778 0.2938 0.3092 1.0000 0.3395 0.3015 0.3312 0.3082 0.3321 0.3320 0.3135 0.3372 0.3074 0.2874 0.2888 0.2947 0.3414 0.3398 0.2794 0.2802 0.3324 0.3179 0.2819 0.3283 0.2935 0.3340 0.3177 0.2865 0.3008 0.2647 0.3025 0.3112 0.2916 0.3005 0.3108 0.3261 0.3209 0.2856 0.3355 0.3018 0.2737 0.3106 0.3164 0.2878 0.2666 0.3067
0.2580 0.2862 0.2837 0.2884 0.3331 0.2603 0.3152 0.3395 1.0000 0.2795 0.3265 0.2893 0.2878 0.3044 0.2921 0.2959 0.2825 0.2585 0.3078 0.2730 0.3138 0.3023 0.2521 0.2808 0.2872 0.3044 0.2643 0.2943 0.2881 0.3162 0.2520 0.2593 0.3303 0.2608 0.2901 0.2779 0.2908 0.2894 0.2969 0.2398 0.2793 0.3093 0.3186 0.3070 0.3095 0.3020 0.2915 0.2897 0.2928 0.3230
0.2851 0.2483 0.3020 0.3445 0.3134 0.2744 0.2940 0.3015 0.2795 1.0000 0.2865 0.3127 0.2995 0.2788 0.2749 0.2858 0.3020 0.2880 0.2646 0.3283 0.2948 0.3153 0.2863 0.2878 0.3203 0.2891 0.2592 0.3041 0.3480 0.2918 0.3071 0.2920 0.2977 0.2592 0.2960 0.2589 0.3042 0.2707 0.3361 0.2693 0.3083 0.2928 0.3338 0.2853 0.2691 0.2558 0.3077 0.3005 0.3081 0.3360
0.2663 0.2795 0.2996 0.3377 0.3490 0.2672 0.3124 0.3312 0.3265 0.2865 1.0000 0.2640 0.3292 0.3192 0.3234 0.3060 0.3285 0.2637 0.3101 0.2847 0.2583 0.3412 0.2846 0.2705 0.3233 0.2993 0.2932 0.2843 0.2636 0.2967 0.2694 0.2558 0.2702 0.2820 0.2630 0.2709 0.3161 0.3153 0.2509 0.2869 0.2954 0.2893 0.3160 0.3271 0.3057 0.3119 0.2944 0.2763 0.2898 0.2909
0.2814 0.2401 0.3351 0.2691 0.3134 0.2763 0.3227 0.3082 0.2893 0.3127 0.2640 1.0000 0.3050 0.2843 0.2713 0.2584 0.2829 0.3376 0.2333 0.3040 0.2954 0.3047 0.2646 0.2664 0.3007 0.2777 0.2796 0.2423 0.2933 0.2891 0.3000 0.2954 0.2814 0.2657 0.2703 0.3212 0.2767 0.2787 0.2765 0.2541 0.2517 0.2806 0.3061 0.2534 0.2679 0.2767 0.3110 0.3162 0.2834 0.2598
0.3022 0.2753 0.2851 0.3077 0.3469 0.2589 0.3582 0.3321 0.2878 0.2995 0.3292 0.3050 1.0000 0.3286 0.3058 0.2926 0.2989 0.2653 0.2961 0.2773 0.2858 0.2959 0.3099 0.3151 0.3022 0.2545 0.2519 0.2986 0.2815 0.3521 0.2971 0.3033 0.2648 0.2698 0.2776 0.2967 0.3348 0.3179 0.3164 0.3092 0.3429 0.2668 0.3288 0.2914 0.3611 0.2930 0.3353 0.2731 0.3127 0.2996
0.2873 0.2886 0.3163 0.3427 0.4265 0.3106 0.3151 0.3320 0.3044 0.2788 0.3192 0.2843 0.3286 1.0000 0.2850 0.3363 0.3009 0.2754 0.3076 0.3057 0.3409 0.3173 0.2971 0.2847 0.2658 0.3152 0.2921 0.2831 0.2833 0.3330 0.2942 0.2877 0.3073 0.3015 0.2889 0.2803 0.2923 0.3285 0.3029 0.2746 0.2965 0.2878 0.3365 0.3140 0.3071 0.2634 0.3014 0.2903 0.3656 0.3036
0.3006 0.3809 0.3645 0.2994 0.3527 0.3657 0.3036 0.3135 0.2921 0.2749 0.3234 0.2713 0.3058 0.2850 1.0000 0.3360 0.2722 0.3150 0.3139 0.3159 0.2941 0.3069 0.2929 0.3114 0.3127 0.3058 0.3154 0.3206 0.2829 0.2939 0.3131 0.3030 0.2987 0.3443 0.3104 0.2658 0.3129 0.2690 0.2959 0.2949 0.2854 0.2720 0.3340 0.2811 0.2982 0.2613 0.3448 0.3997 0.2896 0.3444
0.2856 0.2818 0.2758 0.3225 0.3525 0.2934 0.3159 0.3372 0.2959 0.2858 0.3060 0.2584 0.2926 0.3363 0.3360 1.0000 0.2689 0.2925 0.3217 0.3028 0.3000 0.3047 0.2656 0.2917 0.3031 0.3206 0.2990 0.3267 0.2930 0.3020 0.2756 0.2711 0.3131 0.2650 0.3127 0.2708 0.3151 0.2881 0.2728 0.2982 0.3064 0.2620 0.3047 0.2681 0.2505 0.2604 0.3162 0.2736 0.3212 0.3328
0.2593 0.2822 0.3122 0.2677 0.2886 0.2798 0.3356 0.3074 0.2825 0.3020 0.3285 0.2829 0.2989 0.3009 0.2722 0.2689 1.0000 0.2891 0.2619 0.3030 0.2587 0.3176 0.2976 0.2901 0.3000 0.2851 0.2702 0.3000 0.3122 0.2633 0.3091 0.2975 0.2730 0.2748 0.2800 0.2991 0.3001 0.2866 0.3020 0.2258 0.3178 0.3135 0.3399 0.2965 0.2772 0.2775 0.3176 0.2879 0.3094 0.3121
0.3478 0.2811 0.3215 0.3046 0.3107 0.2986 0.2986 0.2874 0.2585 0.2880 0.2637 0.3376 0.2653 0.2754 0.3150 0.2925 0.2891 1.0000 0.2877 0.2672 0.2949 0.2964 0.2643 0.3309 0.3038 0.3149 0.2984 0.2673 0.2879 0.2628 0.2865 0.2907 0.2519 0.3105 0.2738 0.2555 0.2851 0.2726 0.3139 0.2525 0.3273 0.2835 0.3179 0.3159 0.2719 0.2300 0.3619 0.3246 0.3129 0.3097
0.2937 0.2905 0.2608 0.3199 0.3606 0.3005 0.2746 0.2888 0.3078 0.2646 0.3101 0.2333 0.2961 0.3076 0.3139 0.3217 0.2619 0.2877 1.0000 0.2849 0.2984 0.2787 0.3244 0.3478 0.2650 0.2975 0.2526 0.2971 0.2704 0.2860 0.2490 0.2533 0.2964 0.2709 0.2623 0.2745 0.3257 0.3018 0.3041 0.2605 0.3117 0.2860 0.3060 0.3387 0.3081 0.2793 0.2559 0.2697 0.2765 0.3304
0.3102 0.2868 0.3335 0.3092 0.3605 0.3084 0.3434 0.2947 0.2730 0.3283 0.2847 0.3040 0.2773 0.3057 0.3159 0.3028 0.3030 0.2672 0.2849 1.0000 0.2739 0.3566 0.3327 0.3071 0.3985 0.2854 0.3082 0.3075 0.3682 0.3310 0.2964 0.2948 0.3159 0.3196 0.3035 0.2707 0.2914 0.2824 0.2479 0.2674 0.3201 0.2684 0.3138 0.2698 0.3307 0.2566 0.3388 0.3119 0.3491 0.3159
0.2928 0.3097 0.3261 0.3257 0.3642 0.3203 0.2983 0.3414 0.3138 0.2948 0.2583 0.2954 0.2858 0.3409 0.2941 0.3000 0.2587 0.2949 0.2984 0.2739 1.0000 0.3096 0.3233 0.2793 0.2701 0.3298 0.2701 0.2944 0.2629 0.3450 0.2486 0.3106 0.3204 0.3341 0.2733 0.2828 0.3062 0.2974 0.2699 0.2811 0.2878 0.2762 0.3054 0.2493 0.2829 0.2938 0.3306 0.2732 0.3034 0.3206
0.2953 0.2485 0.3179 0.3451 0.3057 0.2746 0.2980 0.3398 0.3023 0.3153 0.3412 0.3047 0.2959 0.3173 0.3069 0.3047 0.3176 0.2964 0.2787 0.3566 0.3096 1.0000 0.2912 0.2893 0.3470 0.3020 0.2626 0.3234 0.3151 0.2768 0.2954 0.2720 0.3041 0.3027 0.2977 0.2504 0.2992 0.2561 0.2497 0.2580 0.2824 0.2918 0.3301 0.2719 0.2906 0.2693 0.3383 0.3128 0.2945 0.3211
0.2991 0.2697 0.3179 0.2889 0.3066 0.3110 0.3199 0.2794 0.2521 0.2863 0.2846 0.2646 0.3099 0.2971 0.2929 0.2656 0.2976 0.2643 0.3244 0.3327 0.3233 0.2912 1.0000 0.2997 0.3149 0.2905 0.2942 0.2845 0.2934 0.3314 0.2497 0.2885 0.3201 0.3051 0.2952 0.3070 0.2906 0.3071 0.2816 0.2378 0.2962 0.2990 0.3492 0.2773 0.3276 0.2629 0.2946 0.2900 0.2920 0.2855
0.3314 0.3251 0.3106 0.3203 0.3458 0.3153 0.2786 0.2802 0.2808 0.2878 0.2705 0.2664 0.3151 0.2847 0.3114 0.2917 0.2901 0.3309 0.3478 0.3071 0.2793 0.2893 0.2997 1.0000 0.2815 0.2773 0.2824 0.3319 0.3109 0.2669 0.2647 0.3217 0.2977 0.3079 0.3587 0.2805 0.3122 0.3044 0.3484 0.2844 0.2867 0.2859 0.3216 0.2998 0.3018 0.2415 0.3482 0.2802 0.3093 0.3260
0.3149 0.2533 0.3267 0.2933 0.3237 0.3025 0.3495 0.3324 0.2872 0.3203 0.3233 0.3007 0.3022 0.2658 0.3127 0.3031 0.3000 0.3038 0.2650 0.3985 0.2701 0.3470 0.3149 0.2815 1.0000 0.2853 0.3358 0.2890 0.3206 0.2981 0.2782 0.2656 0.2975 0.3040 0.2737 0.2857 0.3175 0.2848 0.2477 0.2462 0.2993 0.2724 0.3076 0.2708 0.3441 0.2769 0.3375 0.3390 0.3175 0.3196
0.2836 0.3134 0.3132 0.2774 0.3107 0.3155 0.2610 0.3179 0.3044 0.2891 0.2993 0.2777 0.2545 0.3152 0.3058 0.3206 0.2851 0.3149 0.2975 0.2854 0.3298 0.3020 0.2905 0.2773 0.2853 1.0000 0.3203 0.2820 0.2872 0.2932 0.2678 0.2551 0.3067 0.3293 0.2884 0.2713 0.3262 0.2830 0.2579 0.2535 0.2623 0.2770 0.3069 0.2762 0.2682 0.2691 0.2621 0.3042 0.2855 0.3159
0.2702 0.3023 0.3120 0.3036 0.3003 0.3403 0.2889 0.2819 0.2643 0.2592 0.2932 0.2796 0.2519 0.2921 0.3154 0.2990 0.2702 0.2984 0.2526 0.3082 0.2701 0.2626 0.2942 0.2824 0.3358 0.3203 1.0000 0.2738 0.2675 0.2710 0.3018 0.2616 0.2766 0.2882 0.2956 0.2732 0.2904 0.2840 0.2917 0.2711 0.2536 0.2817 0.3098 0.2653 0.2801 0.2523 0.2915 0.3150 0.2788 0.2731
0.2758 0.2521 0.2508 0.3113 0.3139 0.2781 0.2936 0.3283 0.2943 0.3041 0.2843 0.2423 0.2986 0.2831 0.3206 0.3267 0.3000 0.2673 0.2971 0.3075 0.2944 0.3234 0.2845 0.3319 0.2890 0.2820 0.2738 1.0000 0.2887 0.3132 0.2826 0.2834 0.2831 0.2636 0.3072 0.2619 0.3339 0.2491 0.2742 0.2343 0.3021 0.2793 0.3185 0.2722 0.2638 0.2595 0.3228 0.2728 0.3256 0.3023
0.3313 0.2776 0.2931 0.3112 0.3070 0.2790 0.2757 0.2935 0.2881 0.3480 0.2636 0.2933 0.2815 0.2833 0.2829 0.2930 0.3122 0.2879 0.2704 0.3682 0.2629 0.3151 0.2934 0.3109 0.3206 0.2872 0.2675 0.2887 1.0000 0.2894 0.2687 0.2944 0.3153 0.2550 0.2863 0.2746 0.2945 0.2552 0.3245 0.2755 0.3107 0.2703 0.3185 0.2952 0.2820 0.2591 0.3160 0.3076 0.3495 0.3177
0.2805 0.2737 0.3460 0.3065 0.3827 0.2829 0.3186 0.3340 0.3162 0.2918 0.2967 0.2891 0.3521 0.3330 0.2939 0.3020 0.2633 0.2628 0.2860 0.3310 0.3450 0.2768 0.3314 0.2669 0.2981 0.2932 0.2710 0.3132 0.2894 1.0000 0.2610 0.3067 0.3029 0.2941 0.2726 0.2964 0.3047 0.3483 0.2950 0.2624 0.3140 0.2855 0.3328 0.2913 0.3082 0.2954 0.3006 0.2551 0.2976 0.2959
0.2448 0.2705 0.3444 0.2664 0.3131 0.2985 0.3108 0.3177 0.2520 0.3071 0.2694 0.3000 0.2971 0.2942 0.3131 0.2756 0.3091 0.2865 0.2490 0.2964 0.2486 0.2954 0.2497 0.2647 0.2782 0.2678 0.3018 0.2826 0.2687 0.2610 1.0000 0.2929 0.2617 0.2855 0.2982 0.2679 0.2714 0.2301 0.3161 0.2749 0.2810 0.2988 0.3260 0.2704 0.2357 0.2644 0.2902 0.3421 0.2566 0.2941
0.2870 0.2649 0.3203 0.2923 0.3438 0.3013 0.3183 0.2865 0.2593 0.2920 0.2558 0.2954 0.3033 0.2877 0.3030 0.2711 0.2975 0.2907 0.2533 0.2948 0.3106 0.2720 0.2885 0.3217 0.2656 0.2551 0.2616 0.2834 0.2944 0.3067 0.2929 1.0000 0.2861 0.2802 0.3072 0.2952 0.2831 0.2658 0.3379 0.3137 0.2686 0.2820 0.3077 0.2660 0.2649 0.2517 0.3096 0.3047 0.2983 0.2658
0.2959 0.2844 0.2904 0.2643 0.3363 0.3120 0.3003 0.3008 0.3303 0.2977 0.2702 0.2814 0.2648 0.3073 0.2987 0.3131 0.2730 0.2519 0.2964 0.3159 0.3204 0.3041 0.3201 0.2977 0.2975 0.3067 0.2766 0.2831 0.3153 0.3029 0.2617 0.2861 1.0000 0.2660 0.2908 0.2765 0.2804 0.2521 0.3243 0.2388 0.2852 0.3076 0.3110 0.2595 0.2935 0.2712 0.2954 0.2925 0.2652 0.3120
0.3151 0.3000 0.3079 0.2729 0.3306 0.3330 0.2721 0.2647 0.2608 0.2592 0.2820 0.2657 0.2698 0.3015 0.3443 0.2650 0.2748 0.3105 0.2709 0.3196 0.3341 0.3027 0.3051 0.3079 0.3040 0.3293 0.2882 0.2636 0.2550 0.2941 0.2855 0.2802 0.2660 1.0000 0.2917 0.2504 0.2565 0.2835 0.2672 0.2270 0.2974 0.2648 0.3075 0.2701 0.2944 0.2545 0.3189 0.2987 0.2897 0.3189
0.2952 0.2940 0.3016 0.2842 0.3198 0.2650 0.2996 0.3025 0.2901 0.2960 0.2630 0.2703 0.2776 0.2889 0.3104 0.3127 0.2800 0.2738 0.2623 0.3035 0.2733 0.2977 0.2952 0.3587 0.2737 0.2884 0.2956 0.3072 0.2863 0.2726 0.2982 0.3072 0.2908 0.2917 1.0000 0.3042 0.2843 0.2937 0.3244 0.2832 0.2685 0.2716 0.3207 0.2691 0.2688 0.2537 0.3344 0.3371 0.2766 0.3101
0.3130 0.2630 0.3079 0.2707 0.3240 0.2839 0.3108 0.3112 0.2779 0.2589 0.2709 0.3212 0.2967 0.2803 0.2658 0.2708 0.2991 0.2555 0.2745 0.2707 0.2828 0.2504 0.3070 0.2805 0.2857 0.2713 0.2732 0.2619 0.2746 0.2964 0.2679 0.2952 0.2765 0.2504 0.3042 1.0000 0.3140 0.2865 0.2910 0.3266 0.2634 0.2465 0.2966 0.2425 0.2567 0.2470 0.2688 0.2690 0.3051 0.2578
0.2995 0.2894 0.2993 0.3211 0.3712 0.2968 0.3215 0.2916 0.2908 0.3042 0.3161 0.2767 0.3348 0.2923 0.3129 0.3151 0.3001 0.2851 0.3257 0.2914 0.3062 0.2992 0.2906 0.3122 0.3175 0.3262 0.2904 0.3339 0.2945 0.3047 0.2714 0.2831 0.2804 0.2565 0.2843 0.3140 1.0000 0.2905 0.2869 0.2996 0.3119 0.2556 0.2753 0.2885 0.3108 0.2808 0.3258 0.2829 0.3201 0.3407
0.2501 0.2992 0.2784 0.2857 0.3738 0.2882 0.3381 0.3005 0.2894 0.2707 0.3153 0.2787 0.3179 0.3285 0.2690 0.2881 0.2866 0.2726 0.3018 0.2824 0.2974 0.2561 0.3071 0.3044 0.2848 0.2830 0.2840 0.2491 0.2552 0.3483 0.2301 0.2658 0.2521 0.2835 0.2937 0.2865 0.2905 1.0000 0.2598 0.2762 0.2884 0.2801 0.2881 0.3081 0.3454 0.2772 0.3023 0.2420 0.2761 0.2720
0.2868 0.3016 0.3095 0.3149 0.3225 0.2784 0.2762 0.3108 0.2969 0.3361 0.2509 0.2765 0.3164 0.3029 0.2959 0.2728 0.3020 0.3139 0.3041 0.2479 0.2699 0.2497 0.2816 0.3484 0.2477 0.2579 0.2917 0.2742 0.3245 0.2950 0.3161 0.3379 0.3243 0.2672 0.3244 0.2910 0.2869 0.2598 1.0000 0.2815 0.2875 0.3360 0.3620 0.3156 0.2776 0.2555 0.3027 0.3042 0.2850 0.3239
0.2903 0.2365 0.2859 0.2946 0.3676 0.2482 0.2377 0.3261 0.2398 0.2693 0.2869 0.2541 0.3092 0.2746 0.2949 0.2982 0.2258 0.2525 0.2605 0.2674 0.2811 0.2580 0.2378 0.2844 0.2462 0.2535 0.2711 0.2343 0.2755 0.2624 0.2749 0.3137 0.2388 0.2270 0.2832 0.3266 0.2996 0.2762 0.2815 1.0000 0.2652 0.2362 0.2556 0.2205 0.2421 0.2518 0.2635 0.2684 0.2452 0.2615
0.3030 0.2883 0.2595 0.2806 0.3612 0.2571 0.3315 0.3209 0.2793 0.3083 0.2954 0.2517 0.3429 0.2965 0.2854 0.3064 0.3178 0.3273 0.3117 0.3201 0.2878 0.2824 0.2962 0.2867 0.2993 0.2623 0.2536 0.3021 0.3107 0.3140 0.2810 0.2686 0.2852 0.2974 0.2685 0.2634 0.3119 0.2884 0.2875 0.2652 1.0000 0.2590 0.3146 0.3546 0.3219 0.2798 0.3330 0.2727 0.3131 0.3024
0.2565 0.2811 0.3101 0.2999 0.2846 0.2907 0.2646 0.2856 0.3093 0.2928 0.2893 0.2806 0.2668 0.2878 0.2720 0.2620 0.3135 0.2835 0.2860 0.2684 0.2762 0.2918 0.2990 0.2859 0.2724 0.2770 0.2817 0.2793 0.2703 0.2855 0.2988 0.2820 0.3076 0.2648 0.2716 0.2465 0.2556 0.2801 0.3360 0.2362 0.2590 1.0000 0.3064 0.3166 0.2596 0.2983 0.2689 0.2846 0.2400 0.2781
0.2829 0.3081 0.3461 0.3158 0.3167 0.3168 0.3302 0.3355 0.3186 0.3338 0.3160 0.3061 0.3288 0.3365 0.3340 0.3047 0.3399 0.3179 0.3060 0.3138 0.3054 0.3301 0.3492 0.3216 0.3076 0.3069 0.3098 0.3185 0.3185 0.3328 0.3260 0.3077 0.3110 0.3075 0.3207 0.2966 0.2753 0.2881 0.3620 0.2556 0.3146 0.3064 1.0000 0.3106 0.3118 0.2843 0.3159 0.3531 0.2987 0.3533
0.2611 0.2838 0.2576 0.2736 0.3291 0.2526 0.3051 0.3018 0.3070 0.2853 0.3271 0.2534 0.2914 0.3140 0.2811 0.2681 0.2965 0.3159 0.3387 0.2698 0.2493 0.2719 0.2773 0.2998 0.2708 0.2762 0.2653 0.2722 0.2952 0.2913 0.2704 0.2660 0.2595 0.2701 0.2691 0.2425 0.2885 0.3081 0.3156 0.2205 0.3546 0.3166 0.3106 1.0000 0.3306 0.2637 0.3064 0.2653 0.3404 0.2856
0.2955 0.2982 0.3029 0.2885 0.3569 0.2946 0.3283 0.2737 0.3095 0.2691 0.3057 0.2679 0.3611 0.3071 0.2982 0.2505 0.2772 0.2719 0.3081 0.3307 0.2829 0.2906 0.3276 0.3018 0.3441 0.2682 0.2801 0.2638 0.2820 0.3082 0.2357 0.2649 0.2935 0.2944 0.2688 0.2567 0.3108 0.3454 0.2776 0.2421 0.3219 0.2596 0.3118 0.3306 1.0000 0.2527 0.3460 0.2884 0.3315 0.3167
0.2692 0.2329 0.2952 0.2291 0.2929 0.2686 0.2769 0.3106 0.3020 0.2558 0.3119 0.2767 0.2930 0.2634 0.2613 0.2604 0.2775 0.2300 0.2793 0.2566 0.2938 0.2693 0.2629 0.2415 0.2769 0.2691 0.2523 0.2595 0.2591 0.2954 0.2644 0.2517 0.2712 0.2545 0.2537 0.2470 0.2808 0.2772 0.2555 0.2518 0.2798 0.2983 0.2843 0.2637 0.2527 1.0000 0.2512 0.2575 0.2560 0.2646
0.3225 0.3189 0.3364 0.3009 0.3790 0.3095 0.3610 0.3164 0.2915 0.3077 0.2944 0.3110 0.3353 0.3014 0.3448 0.3162 0.3176 0.3619 0.2559 0.3388 0.3306 0.3383 0.2946 0.3482 0.3375 0.2621 0.2915 0.3228 0.3160 0.3006 0.2902 0.3096 0.2954 0.3189 0.3344 0.2688 0.3258 0.3023 0.3027 0.2635 0.3330 0.2689 0.3159 0.3064 0.3460 0.2512 1.0000 0.3255 0.3305 0.3199
0.3133 0.3103 0.3673 0.2816 0.3125 0.3258 0.3236 0.2878 0.2897 0.3005 0.2763 0.3162 0.2731 0.2903 0.3997 0.2736 0.2879 0.3246 0.2697 0.3119 0.2732 0.3128 0.2900 0.2802 0.3390 0.3042 0.3150 0.2728 0.3076 0.2551 0.3421 0.3047 0.2925 0.2987 0.3371 0.2690 0.2829 0.2420 0.3042 0.2684 0.2727 0.2846 0.3531 0.2653 0.2884 0.2575 0.3255 1.0000 0.2866 0.2998
0.2911 0.3047 0.2972 0.2747 0.3809 0.2746 0.3671 0.2666 0.2928 0.3081 0.2898 0.2834 0.3127 0.3656 0.2896 0.3212 0.3094 0.3129 0.2765 0.3491 0.3034 0.2945 0.2920 0.3093 0.3175 0.2855 0.2788 0.3256 0.3495 0.2976 0.2566 0.2983 0.2652 0.2897 0.2766 0.3051 0.3201 0.2761 0.2850 0.2452 0.3131 0.2400 0.2987 0.3404 0.3315 0.2560 0.3305 0.2866 1.0000 0.3139
0.2970 0.3360 0.3264 0.3454 0.3387 0.3244 0.2962 0.3067 0.3230 0.3360 0.2909 0.2598 0.2996 0.3036 0.3444 0.3328 0.3121 0.3097 0.3304 0.3159 0.3206 0.3211 0.2855 0.3260 0.3196 0.3159 0.2731 0.3023 0.3177 0.2959 0.2941 0.2658 0.3120 0.3189 0.3101 0.2578 0.3407 0.2720 0.3239 0.2615 0.3024 0.2781 0.3533 0.2856 0.3167 0.2646 0.3199 0.2998 0.3139 1.0000
