1:	0.1501 0.3049 0.0157 0.0032 0.0579 0.0573 0.1172 0.0692 0.2245 	9
2:	0.3333 0.1858 0.0000 0.0000 0.1787 0.0000 0.0000 0.1636 0.1387 	3
3:	0.0912 0.0309 0.2527 0.2515 0.0500 0.0694 0.0843 0.1000 0.0698 	4
4:	0.2324 0.0000 0.2882 0.2021 0.0000 0.0167 0.2306 0.0300 0.0000 	2
5:	0.0840 0.1622 0.1207 0.0113 0.1481 0.1493 0.1675 0.0796 0.0773 	17
6:	0.4196 0.0178 0.0858 0.0171 0.0308 0.0892 0.2338 0.1037 0.0022 	12
7:	0.2068 0.0832 0.0000 0.0002 0.0810 0.3422 0.1760 0.0760 0.0345 	3
8:	0.6465 0.0000 0.1103 0.0000 0.0000 0.0905 0.1505 0.0022 0.0000 	2
9:	0.2000 0.0000 0.0000 0.0000 0.0000 0.4000 0.2000 0.2000 0.0000 	1
10:	0.0333 0.0983 0.2500 0.0000 0.0000 0.1500 0.2520 0.1664 0.0500 	4
11:	0.1683 0.0981 0.2503 0.0002 0.0761 0.1628 0.1777 0.0119 0.0546 	14
12:	0.1814 0.1318 0.0287 0.0001 0.1531 0.0464 0.1231 0.0113 0.3241 	9
13:	0.0282 0.2800 0.1025 0.0002 0.3971 0.0258 0.0827 0.0165 0.0670 	14
14:	0.2209 0.2188 0.0000 0.0039 0.1862 0.0295 0.2426 0.0673 0.0308 	2
15:	0.0542 0.0213 0.1111 0.3928 0.0117 0.1413 0.2201 0.0251 0.0223 	9
