1:	0.2611 0.0000 0.0070 0.2553 0.0066 0.1282 0.0000 0.1738 0.1490 0.0190 	13
2:	0.2078 0.0000 0.0703 0.3677 0.0000 0.0510 0.0595 0.0127 0.1957 0.0354 	14
3:	0.0914 0.0781 0.1960 0.0429 0.1830 0.1459 0.1065 0.0213 0.0540 0.0808 	18
4:	0.0171 0.1818 0.0641 0.0665 0.0000 0.2374 0.0000 0.0365 0.1883 0.2083 	11
5:	0.0662 0.3374 0.0000 0.0745 0.0000 0.1190 0.1667 0.0428 0.1737 0.0198 	6
6:	0.0410 0.4723 0.0537 0.0417 0.3490 0.0105 0.0023 0.0010 0.0236 0.0049 	17
7:	0.4265 0.0000 0.0000 0.1667 0.0000 0.0000 0.0000 0.0000 0.4069 0.0000 	1
8:	0.0841 0.0000 0.0292 0.1237 0.0000 0.1468 0.0000 0.0000 0.3964 0.2198 	1
9:	0.0000 0.0000 1.0000 0.0000 0.0000 0.0000 0.0000 0.0000 0.0000 0.0000 	1
10:	0.0543 0.0000 0.1267 0.3424 0.0000 0.0471 0.0000 0.0397 0.2832 0.1065 	1
11:	0.1666 0.0000 0.2250 0.2174 0.0000 0.0000 0.0000 0.0833 0.3075 0.0000 	2
12:	0.1240 0.0000 0.0968 0.3608 0.1242 0.1061 0.0000 0.0484 0.0792 0.0606 	8
13:	0.1604 0.0000 0.0000 0.0419 0.0000 0.0416 0.0000 0.0000 0.6176 0.1385 	1
