1:	0.3951 0.0013 0.1078 0.3491 0.0404 0.0226 0.0838 	23
2:	0.5086 0.0769 0.0045 0.2934 0.0334 0.0070 0.0762 	13
3:	0.8300 0.0000 0.0008 0.0259 0.0916 0.0124 0.0393 	5
4:	0.6081 0.2956 0.0054 0.0048 0.0143 0.0325 0.0393 	15
5:	0.4902 0.4283 0.0083 0.0095 0.0239 0.0169 0.0230 	18
6:	0.1378 0.5954 0.0179 0.0766 0.0115 0.1506 0.0101 	24
7:	0.5469 0.1262 0.2270 0.0128 0.0331 0.0240 0.0301 	9
8:	0.4717 0.0025 0.0913 0.0078 0.2579 0.0258 0.1431 	11
9:	0.0000 1.0000 0.0000 0.0000 0.0000 0.0000 0.0000 	1
10:	0.8573 0.0058 0.0241 0.0108 0.0434 0.0222 0.0363 	17
11:	0.0000 0.9108 0.0892 0.0000 0.0000 0.0000 0.0000 	1
12:	0.3839 0.0321 0.0716 0.2189 0.0127 0.2445 0.0362 	8
13:	0.0000 1.0000 0.0000 0.0000 0.0000 0.0000 0.0000 	5
14:	0.4431 0.5000 0.0000 0.0107 0.0185 0.0040 0.0237 	2
15:	0.0303 0.5167 0.0254 0.0000 0.0018 0.4256 0.0001 	2
16:	0.8303 0.0000 0.0253 0.0191 0.0461 0.0259 0.0533 	2
17:	0.0169 0.0184 0.0803 0.4662 0.0014 0.3731 0.0437 	2
18:	0.8988 0.0000 0.0043 0.0004 0.0314 0.0169 0.0483 	3
19:	0.5679 0.0478 0.0785 0.0209 0.1372 0.0998 0.0479 	3
