
Using the parameter settings in the file: 
''1763240293/clumpp.paramfile''

Parameter settings
----------------------- Main parameters -------------------------
DATATYPE = 0
INDFILE = 1763240293/ClumppIndFile
POPFILE = 
OUTFILE = 1763240293/ClumppIndFile.output
MISCFILE = 1763240293/ClumppIndFile.misc
K = 7
C = 164
R = 36
M = 3
W = 0
S = 2
- Additional options for the Greedy and LargeKGreedy algorithms -
GREEDY_OPTION = 2
REPEATS = 2000
PERMUTATIONFILE = 
----------------------- Optional outputs ------------------------
PRINT_PERMUTED_DATA = 0
PERMUTED_DATAFILE = 
PRINT_EVERY_PERM = 0
EVERY_PERMFILE = 
PRINT_RANDOM_INPUTORDER = 0
RANDOM_INPUTORDERFILE = 
----------------------- Advanced options ------------------------
OVERRIDE_WARNINGS = 0
ORDER_BY_RUN = 1


In total, 2000 configurations of runs and clusters will be tested.

Results
------------------------------
The highest value of H' is: 0.80056471861546

The list of permutations of the clusters that produces that
H' value is (runs are listed sequentially on separate rows)

1 2 3 4 5 6 7 
2 7 1 4 6 3 5 
6 3 4 5 1 7 2 
4 1 5 7 2 6 3 
6 5 3 2 4 7 1 
3 5 2 1 6 4 7 
4 6 2 1 3 5 7 
1 3 4 7 5 6 2 
2 6 3 7 4 1 5 
6 1 7 3 4 5 2 
3 2 5 6 4 1 7 
7 6 2 3 1 4 5 
6 2 5 1 4 3 7 
2 7 3 4 5 1 6 
3 1 5 7 2 4 6 
2 5 4 3 7 1 6 
4 3 1 5 6 2 7 
6 4 1 3 5 7 2 
6 4 1 5 7 3 2 
2 3 5 6 1 4 7 
5 2 1 4 3 6 7 
7 1 5 2 4 3 6 
1 3 4 7 2 6 5 
7 5 4 3 6 2 1 
6 5 3 7 2 1 4 
4 7 6 2 3 1 5 
6 1 7 3 5 4 2 
6 1 2 7 5 4 3 
4 3 5 1 7 2 6 
3 7 6 5 4 2 1 
6 3 4 5 2 7 1 
3 6 2 4 1 7 5 
5 7 3 1 6 4 2 
3 5 1 6 4 2 7 
1 4 2 6 5 3 7 
4 5 3 7 1 2 6 

The pairwise G' values for each pair of runs where the clusters
of each run are permuted according to the list of permutations above

1.0000 0.7157 0.6936 0.7396 0.7171 0.7166 0.7186 0.7670 0.6211 0.6972 0.7390 0.7388 0.7703 0.7166 0.7433 0.7162 0.7173 0.7384 0.7394 0.7720 0.7669 0.7192 0.7171 0.7173 0.7165 0.7121 0.7669 0.6421 0.7171 0.7166 0.6955 0.7193 0.7392 0.7165 0.7437 0.6402 
0.7157 1.0000 0.8372 0.8329 0.7730 0.8017 0.7698 0.8009 0.6809 0.8405 0.8368 0.7694 0.7375 0.8870 0.7718 0.7990 0.7730 0.7691 0.7981 0.7376 0.8008 0.8016 0.8374 0.7730 0.8016 0.8312 0.8008 0.7023 0.8375 0.8017 0.8014 0.8017 0.8019 0.8869 0.8013 0.7228 
0.6936 0.8372 1.0000 0.8405 0.8406 0.8862 0.7460 0.8055 0.7056 0.8379 0.8405 0.7721 0.7408 0.8874 0.8400 0.8053 0.8406 0.7721 0.8045 0.7211 0.8054 0.8404 0.8414 0.8406 0.8862 0.8410 0.8054 0.7527 0.8413 0.8862 0.8870 0.8404 0.8056 0.8874 0.7759 0.7526 
0.7396 0.8329 0.8405 1.0000 0.8084 0.8041 0.7221 0.8870 0.7054 0.7722 0.8387 0.7715 0.7660 0.8839 0.8446 0.8420 0.8084 0.7715 0.8882 0.7446 0.8870 0.8048 0.8409 0.8084 0.8041 0.8852 0.8870 0.7299 0.8409 0.8041 0.8064 0.8048 0.8394 0.8839 0.8062 0.7526 
0.7171 0.7730 0.8406 0.8084 1.0000 0.8863 0.7233 0.8452 0.7293 0.7997 0.8444 0.7490 0.7717 0.8077 0.8863 0.8439 0.9982 0.7491 0.8070 0.7487 0.8453 0.8425 0.8080 0.9982 0.8863 0.8463 0.8453 0.7790 0.8080 0.8863 0.8395 0.8424 0.8938 0.8078 0.8073 0.7540 
0.7166 0.8017 0.8862 0.8041 0.8863 1.0000 0.7465 0.8412 0.7055 0.8371 0.8878 0.7730 0.7690 0.8406 0.8857 0.8035 0.8863 0.7730 0.8031 0.7216 0.8412 0.8879 0.8405 0.8863 0.9976 0.8047 0.8412 0.7520 0.8405 0.9997 0.8852 0.8879 0.8413 0.8406 0.8055 0.7278 
0.7186 0.7698 0.7460 0.7221 0.7233 0.7465 1.0000 0.7237 0.6625 0.7714 0.7468 0.8429 0.7742 0.7484 0.7235 0.7223 0.7233 0.8426 0.7218 0.8008 0.7237 0.7734 0.7475 0.7234 0.7465 0.7207 0.7236 0.6640 0.7474 0.7465 0.7462 0.7734 0.7238 0.7484 0.7718 0.6816 
0.7670 0.8009 0.8055 0.8870 0.8452 0.8412 0.7237 1.0000 0.7059 0.7731 0.8866 0.7733 0.7981 0.8400 0.8920 0.8404 0.8452 0.7733 0.8858 0.7460 0.9977 0.8417 0.8411 0.8452 0.8412 0.8403 0.9977 0.7295 0.8411 0.8412 0.8059 0.8416 0.8871 0.8400 0.8426 0.7287 
0.6211 0.6809 0.7056 0.7054 0.7293 0.7055 0.6625 0.7059 1.0000 0.7018 0.7053 0.6635 0.6610 0.7047 0.7066 0.7515 0.7293 0.6636 0.7268 0.6637 0.7058 0.7269 0.7272 0.7293 0.7055 0.7276 0.7058 0.8394 0.7272 0.7055 0.7276 0.7269 0.7281 0.7048 0.7056 0.8382 
0.6972 0.8405 0.8379 0.7722 0.7997 0.8371 0.7714 0.7731 0.7018 1.0000 0.8024 0.7448 0.7160 0.8057 0.8009 0.8011 0.7997 0.7445 0.8008 0.7163 0.7730 0.8029 0.8389 0.7997 0.8369 0.7696 0.7730 0.7494 0.8390 0.8371 0.8829 0.8030 0.7730 0.8057 0.8032 0.7018 
0.7390 0.8368 0.8405 0.8387 0.8444 0.8878 0.7468 0.8866 0.7053 0.8024 1.0000 0.8030 0.7974 0.8868 0.8425 0.8381 0.8444 0.8030 0.8376 0.7449 0.8866 0.8876 0.8865 0.8444 0.8878 0.8396 0.8866 0.7280 0.8864 0.8878 0.8397 0.8876 0.8871 0.8868 0.8051 0.7278 
0.7388 0.7694 0.7721 0.7715 0.7490 0.7730 0.8429 0.7733 0.6635 0.7448 0.8030 1.0000 0.8379 0.8025 0.7484 0.7715 0.7491 0.9987 0.7711 0.8390 0.7733 0.7738 0.8027 0.7491 0.7731 0.7714 0.7733 0.6832 0.8025 0.7730 0.7719 0.7738 0.7732 0.8025 0.7238 0.6830 
0.7703 0.7375 0.7408 0.7660 0.7717 0.7690 0.7742 0.7981 0.6610 0.7160 0.7974 0.8379 1.0000 0.7666 0.7710 0.7659 0.7717 0.8379 0.7654 0.8060 0.7981 0.7697 0.7671 0.7718 0.7690 0.7662 0.7981 0.6796 0.7670 0.7689 0.7408 0.7697 0.7979 0.7666 0.7439 0.6793 
0.7166 0.8870 0.8874 0.8839 0.8077 0.8406 0.7484 0.8400 0.7047 0.8057 0.8868 0.8025 0.7666 1.0000 0.8063 0.8388 0.8077 0.8025 0.8381 0.7447 0.8400 0.8405 0.8873 0.8077 0.8406 0.8838 0.8400 0.7280 0.8873 0.8406 0.8404 0.8405 0.8402 0.9998 0.7767 0.7517 
0.7433 0.7718 0.8400 0.8446 0.8863 0.8857 0.7235 0.8920 0.7066 0.8009 0.8425 0.7484 0.7710 0.8063 1.0000 0.8078 0.8863 0.7485 0.8437 0.7240 0.8920 0.8424 0.8076 0.8863 0.8858 0.8075 0.8921 0.7536 0.8076 0.8857 0.8409 0.8424 0.8432 0.8064 0.8431 0.7294 
0.7162 0.7990 0.8053 0.8420 0.8439 0.8035 0.7223 0.8404 0.7515 0.8011 0.8381 0.7715 0.7659 0.8388 0.8078 1.0000 0.8439 0.7715 0.8872 0.7711 0.8404 0.8043 0.8863 0.8439 0.8035 0.8864 0.8404 0.7806 0.8863 0.8035 0.8415 0.8043 0.8844 0.8388 0.7762 0.7527 
0.7173 0.7730 0.8406 0.8084 0.9982 0.8863 0.7233 0.8452 0.7293 0.7997 0.8444 0.7491 0.7717 0.8077 0.8863 0.8439 1.0000 0.7492 0.8070 0.7487 0.8453 0.8425 0.8080 0.9998 0.8863 0.8463 0.8453 0.7790 0.8080 0.8863 0.8395 0.8424 0.8938 0.8078 0.8073 0.7540 
0.7384 0.7691 0.7721 0.7715 0.7491 0.7730 0.8426 0.7733 0.6636 0.7445 0.8030 0.9987 0.8379 0.8025 0.7485 0.7715 0.7492 1.0000 0.7711 0.8389 0.7733 0.7738 0.8027 0.7492 0.7731 0.7715 0.7733 0.6832 0.8025 0.7730 0.7719 0.7738 0.7732 0.8025 0.7237 0.6830 
0.7394 0.7981 0.8045 0.8882 0.8070 0.8031 0.7218 0.8858 0.7268 0.8008 0.8376 0.7711 0.7654 0.8381 0.8437 0.8872 0.8070 0.7711 1.0000 0.7441 0.8858 0.8039 0.8859 0.8070 0.8032 0.8392 0.8858 0.7538 0.8859 0.8031 0.8413 0.8039 0.8380 0.8381 0.8055 0.7282 
0.7720 0.7376 0.7211 0.7446 0.7487 0.7216 0.8008 0.7460 0.6637 0.7163 0.7449 0.8390 0.8060 0.7447 0.7240 0.7711 0.7487 0.8389 0.7441 1.0000 0.7460 0.7222 0.7448 0.7488 0.7217 0.7704 0.7460 0.6828 0.7448 0.7216 0.7212 0.7222 0.7723 0.7447 0.7208 0.6819 
0.7669 0.8008 0.8054 0.8870 0.8453 0.8412 0.7237 0.9977 0.7058 0.7730 0.8866 0.7733 0.7981 0.8400 0.8920 0.8404 0.8453 0.7733 0.8858 0.7460 1.0000 0.8417 0.8411 0.8453 0.8412 0.8404 0.9995 0.7295 0.8411 0.8412 0.8058 0.8417 0.8871 0.8400 0.8425 0.7287 
0.7192 0.8016 0.8404 0.8048 0.8425 0.8879 0.7734 0.8417 0.7269 0.8029 0.8876 0.7738 0.7697 0.8405 0.8424 0.8043 0.8425 0.7738 0.8039 0.7222 0.8417 1.0000 0.8410 0.8425 0.8880 0.8044 0.8417 0.7287 0.8410 0.8879 0.8405 0.9995 0.8411 0.8405 0.8411 0.7519 
0.7171 0.8374 0.8414 0.8409 0.8080 0.8405 0.7475 0.8411 0.7272 0.8389 0.8865 0.8027 0.7671 0.8873 0.8076 0.8863 0.8080 0.8027 0.8859 0.7448 0.8411 0.8410 1.0000 0.8080 0.8405 0.8398 0.8411 0.7532 0.9977 0.8405 0.8878 0.8411 0.8403 0.8873 0.7763 0.7283 
0.7173 0.7730 0.8406 0.8084 0.9982 0.8863 0.7234 0.8452 0.7293 0.7997 0.8444 0.7491 0.7718 0.8077 0.8863 0.8439 0.9998 0.7492 0.8070 0.7488 0.8453 0.8425 0.8080 1.0000 0.8863 0.8463 0.8453 0.7790 0.8080 0.8863 0.8395 0.8425 0.8938 0.8078 0.8073 0.7540 
0.7165 0.8016 0.8862 0.8041 0.8863 0.9976 0.7465 0.8412 0.7055 0.8369 0.8878 0.7731 0.7690 0.8406 0.8858 0.8035 0.8863 0.7731 0.8032 0.7217 0.8412 0.8880 0.8405 0.8863 1.0000 0.8047 0.8412 0.7520 0.8404 0.9977 0.8852 0.8879 0.8413 0.8406 0.8055 0.7278 
0.7121 0.8312 0.8410 0.8852 0.8463 0.8047 0.7207 0.8403 0.7276 0.7696 0.8396 0.7714 0.7662 0.8838 0.8075 0.8864 0.8463 0.7715 0.8392 0.7704 0.8404 0.8044 0.8398 0.8463 0.8047 1.0000 0.8404 0.7527 0.8397 0.8047 0.8050 0.8043 0.8869 0.8839 0.7749 0.7794 
0.7669 0.8008 0.8054 0.8870 0.8453 0.8412 0.7236 0.9977 0.7058 0.7730 0.8866 0.7733 0.7981 0.8400 0.8921 0.8404 0.8453 0.7733 0.8858 0.7460 0.9995 0.8417 0.8411 0.8453 0.8412 0.8404 1.0000 0.7295 0.8410 0.8412 0.8058 0.8417 0.8871 0.8400 0.8425 0.7287 
0.6421 0.7023 0.7527 0.7299 0.7790 0.7520 0.6640 0.7295 0.8394 0.7494 0.7280 0.6832 0.6796 0.7280 0.7536 0.7806 0.7790 0.6832 0.7538 0.6828 0.7295 0.7287 0.7532 0.7790 0.7520 0.7527 0.7295 1.0000 0.7532 0.7520 0.7804 0.7287 0.7526 0.7280 0.7080 0.8412 
0.7171 0.8375 0.8413 0.8409 0.8080 0.8405 0.7474 0.8411 0.7272 0.8390 0.8864 0.8025 0.7670 0.8873 0.8076 0.8863 0.8080 0.8025 0.8859 0.7448 0.8411 0.8410 0.9977 0.8080 0.8404 0.8397 0.8410 0.7532 1.0000 0.8405 0.8878 0.8410 0.8403 0.8873 0.7763 0.7283 
0.7166 0.8017 0.8862 0.8041 0.8863 0.9997 0.7465 0.8412 0.7055 0.8371 0.8878 0.7730 0.7689 0.8406 0.8857 0.8035 0.8863 0.7730 0.8031 0.7216 0.8412 0.8879 0.8405 0.8863 0.9977 0.8047 0.8412 0.7520 0.8405 1.0000 0.8852 0.8879 0.8413 0.8406 0.8055 0.7278 
0.6955 0.8014 0.8870 0.8064 0.8395 0.8852 0.7462 0.8059 0.7276 0.8829 0.8397 0.7719 0.7408 0.8404 0.8409 0.8415 0.8395 0.7719 0.8413 0.7212 0.8058 0.8405 0.8878 0.8395 0.8852 0.8050 0.8058 0.7804 0.8878 0.8852 1.0000 0.8405 0.8048 0.8404 0.7764 0.7285 
0.7193 0.8017 0.8404 0.8048 0.8424 0.8879 0.7734 0.8416 0.7269 0.8030 0.8876 0.7738 0.7697 0.8405 0.8424 0.8043 0.8424 0.7738 0.8039 0.7222 0.8417 0.9995 0.8411 0.8425 0.8879 0.8043 0.8417 0.7287 0.8410 0.8879 0.8405 1.0000 0.8411 0.8405 0.8412 0.7519 
0.7392 0.8019 0.8056 0.8394 0.8938 0.8413 0.7238 0.8871 0.7281 0.7730 0.8871 0.7732 0.7979 0.8402 0.8432 0.8844 0.8938 0.7732 0.8380 0.7723 0.8871 0.8411 0.8403 0.8938 0.8413 0.8869 0.8871 0.7526 0.8403 0.8413 0.8048 0.8411 1.0000 0.8403 0.8070 0.7526 
0.7165 0.8869 0.8874 0.8839 0.8078 0.8406 0.7484 0.8400 0.7048 0.8057 0.8868 0.8025 0.7666 0.9998 0.8064 0.8388 0.8078 0.8025 0.8381 0.7447 0.8400 0.8405 0.8873 0.8078 0.8406 0.8839 0.8400 0.7280 0.8873 0.8406 0.8404 0.8405 0.8403 1.0000 0.7767 0.7517 
0.7437 0.8013 0.7759 0.8062 0.8073 0.8055 0.7718 0.8426 0.7056 0.8032 0.8051 0.7238 0.7439 0.7767 0.8431 0.7762 0.8073 0.7237 0.8055 0.7208 0.8425 0.8411 0.7763 0.8073 0.8055 0.7749 0.8425 0.7080 0.7763 0.8055 0.7764 0.8412 0.8070 0.7767 1.0000 0.7282 
0.6402 0.7228 0.7526 0.7526 0.7540 0.7278 0.6816 0.7287 0.8382 0.7018 0.7278 0.6830 0.6793 0.7517 0.7294 0.7527 0.7540 0.6830 0.7282 0.6819 0.7287 0.7519 0.7283 0.7540 0.7278 0.7794 0.7287 0.8412 0.7283 0.7278 0.7285 0.7519 0.7526 0.7517 0.7282 1.0000 
