1.0000	0.6883	0.7837	0.7599	0.8208	0.6558	0.7912	0.7774	0.7758	0.6141	0.7747	0.6411	0.7479	0.6114	0.8103	0.6512	0.6904	0.6688	0.7514	0.7217	0.7656	0.7213	0.7058	0.6701	0.6506	0.8416	0.8021	0.8309	0.6811	0.7476	0.7726	0.6186	0.7506	0.6131	0.6665	0.7115	0.7284	0.7044	0.6952	0.6410	0.6521	0.7120	0.6517	0.7562	0.6543	0.8426	0.7101	0.6883	0.7191	0.7755
0.6883	1.0000	0.6174	0.7060	0.6787	0.6500	0.7375	0.7317	0.6822	0.6290	0.6645	0.5873	0.7038	0.6089	0.6660	0.6316	0.6711	0.6488	0.6578	0.7587	0.6230	0.7201	0.7015	0.6685	0.6664	0.7243	0.6768	0.6708	0.6982	0.6805	0.6891	0.6331	0.6692	0.6157	0.5911	0.6179	0.7241	0.6802	0.6712	0.6419	0.5957	0.6439	0.6446	0.7742	0.6350	0.7071	0.6593	0.6941	0.6942	0.6431
0.7837	0.6174	1.0000	0.7220	0.7191	0.6625	0.7250	0.7197	0.7203	0.5514	0.7093	0.6302	0.6884	0.5732	0.7323	0.6326	0.6736	0.6323	0.6771	0.6966	0.7575	0.6747	0.6467	0.6008	0.6165	0.7453	0.7395	0.7584	0.6640	0.7000	0.7095	0.5863	0.6860	0.5564	0.6133	0.7220	0.6478	0.6638	0.6222	0.5947	0.6870	0.6888	0.6666	0.6833	0.6195	0.7435	0.6743	0.6328	0.6919	0.7648
0.7599	0.7060	0.7220	1.0000	0.7104	0.6418	0.8609	0.7919	0.7657	0.5869	0.7524	0.6352	0.7077	0.6085	0.6991	0.5914	0.6823	0.6060	0.7281	0.7107	0.6874	0.7706	0.6538	0.6240	0.6397	0.8318	0.7385	0.7786	0.6388	0.7170	0.6946	0.6258	0.7505	0.5668	0.5954	0.6803	0.6728	0.6353	0.6279	0.5826	0.6572	0.6730	0.6928	0.8146	0.5937	0.7990	0.7419	0.6575	0.7099	0.7224
0.8208	0.6787	0.7191	0.7104	1.0000	0.6979	0.7317	0.7654	0.7189	0.6122	0.7152	0.6059	0.8000	0.6449	0.7511	0.6489	0.6752	0.6663	0.7009	0.7278	0.6997	0.7551	0.7018	0.6676	0.6483	0.7734	0.7089	0.7388	0.7585	0.7377	0.7033	0.6165	0.6938	0.6352	0.6643	0.6644	0.7239	0.7002	0.6906	0.6066	0.6493	0.6754	0.6979	0.7395	0.6519	0.7742	0.6628	0.6900	0.6759	0.7031
0.6558	0.6500	0.6625	0.6418	0.6979	1.0000	0.6611	0.7204	0.6766	0.5805	0.6112	0.5666	0.7634	0.6800	0.6288	0.6488	0.6726	0.6147	0.6233	0.6729	0.6263	0.7275	0.6631	0.6164	0.6150	0.6819	0.6160	0.6442	0.7149	0.7124	0.5908	0.6001	0.6095	0.5517	0.5659	0.6362	0.6643	0.6623	0.6200	0.5883	0.6842	0.6426	0.7551	0.6613	0.6024	0.6642	0.6330	0.6582	0.5875	0.6572
0.7912	0.7375	0.7250	0.8609	0.7317	0.6611	1.0000	0.8264	0.7984	0.5967	0.7808	0.6684	0.7247	0.6278	0.7358	0.5997	0.6939	0.6153	0.7587	0.7346	0.7129	0.7458	0.6645	0.6333	0.6314	0.8784	0.7823	0.8190	0.6595	0.7421	0.7309	0.6010	0.7863	0.5968	0.6146	0.7149	0.6839	0.6454	0.6372	0.6008	0.6576	0.6864	0.6691	0.8689	0.6028	0.8394	0.7707	0.6700	0.7277	0.7529
0.7774	0.7317	0.7197	0.7919	0.7654	0.7204	0.8264	1.0000	0.7535	0.6264	0.7310	0.6254	0.8132	0.6912	0.7096	0.6297	0.7023	0.6467	0.7248	0.7572	0.7044	0.8216	0.6995	0.6663	0.6642	0.8187	0.7118	0.7429	0.7274	0.8047	0.6815	0.6311	0.7316	0.5849	0.6044	0.7041	0.7215	0.6784	0.6691	0.6128	0.7052	0.7260	0.7310	0.7968	0.6330	0.7866	0.7198	0.7030	0.6814	0.7024
0.7758	0.6822	0.7203	0.7657	0.7189	0.6766	0.7984	0.7535	1.0000	0.6242	0.7287	0.6440	0.7006	0.6033	0.7560	0.6449	0.6797	0.6453	0.7298	0.7064	0.7706	0.6969	0.6779	0.6464	0.6443	0.8370	0.7602	0.7666	0.6408	0.6994	0.7323	0.6301	0.7304	0.5918	0.6555	0.7038	0.6987	0.6773	0.6504	0.6099	0.6508	0.6809	0.6668	0.7639	0.6482	0.8050	0.7657	0.6549	0.7073	0.7479
0.6141	0.6290	0.5514	0.5869	0.6122	0.5805	0.5967	0.6264	0.6242	1.0000	0.6020	0.5185	0.6329	0.6622	0.5652	0.7210	0.5512	0.7428	0.6213	0.6287	0.5702	0.5995	0.6840	0.7705	0.7653	0.6458	0.5601	0.5755	0.5832	0.5999	0.5745	0.7201	0.6385	0.6390	0.6494	0.5411	0.7047	0.6631	0.6578	0.5787	0.5739	0.6073	0.5535	0.6058	0.7439	0.6296	0.6010	0.5646	0.5796	0.5628
0.7747	0.6645	0.7093	0.7524	0.7152	0.6112	0.7808	0.7310	0.7287	0.6020	1.0000	0.6896	0.6874	0.6115	0.7167	0.6051	0.6383	0.6192	0.8032	0.7070	0.6782	0.6701	0.6521	0.6205	0.6033	0.7821	0.7499	0.7916	0.6315	0.6957	0.7172	0.5837	0.7918	0.6036	0.6472	0.6520	0.6703	0.6505	0.6591	0.5810	0.6064	0.6502	0.6191	0.7506	0.6066	0.7828	0.6987	0.6286	0.6723	0.7374
0.6411	0.5873	0.6302	0.6352	0.6059	0.5666	0.6684	0.6254	0.6440	0.5185	0.6896	1.0000	0.6104	0.5504	0.6433	0.5155	0.6047	0.5408	0.7075	0.6307	0.6243	0.5910	0.5527	0.5274	0.5126	0.6593	0.6674	0.6689	0.5886	0.6268	0.6414	0.5051	0.6745	0.5739	0.5766	0.6728	0.5663	0.5518	0.5499	0.5593	0.5668	0.5944	0.5529	0.6383	0.5304	0.6597	0.6163	0.6141	0.6139	0.6758
0.7479	0.7038	0.6884	0.7077	0.8000	0.7634	0.7247	0.8132	0.7006	0.6329	0.6874	0.6104	1.0000	0.6996	0.6687	0.6534	0.6891	0.6712	0.6800	0.7364	0.6725	0.7959	0.7288	0.6919	0.6710	0.7517	0.6647	0.7066	0.7674	0.8250	0.6417	0.6379	0.6860	0.6199	0.6051	0.6547	0.7536	0.7055	0.6956	0.6273	0.6901	0.7010	0.7248	0.7274	0.6565	0.7514	0.6564	0.7313	0.6334	0.6778
0.6114	0.6089	0.5732	0.6085	0.6449	0.6800	0.6278	0.6912	0.6033	0.6622	0.6115	0.5504	0.6996	1.0000	0.5626	0.5953	0.5938	0.6103	0.6211	0.6333	0.5593	0.6715	0.6099	0.6279	0.6245	0.6405	0.5607	0.5954	0.6474	0.6513	0.5480	0.5947	0.6500	0.6731	0.6645	0.5683	0.6267	0.5926	0.5867	0.5716	0.6596	0.6308	0.6237	0.6306	0.5956	0.6239	0.6165	0.5862	0.5573	0.5933
0.8103	0.6660	0.7323	0.6991	0.7511	0.6288	0.7358	0.7096	0.7560	0.5652	0.7167	0.6433	0.6687	0.5626	1.0000	0.6298	0.6536	0.6295	0.6890	0.7274	0.7274	0.6653	0.6433	0.6138	0.5969	0.7516	0.8058	0.7687	0.6835	0.6899	0.8228	0.5843	0.7005	0.6192	0.6844	0.6898	0.6621	0.6603	0.6350	0.6560	0.6078	0.6648	0.6382	0.7116	0.6165	0.7533	0.7042	0.6532	0.7473	0.7469
0.6512	0.6316	0.6326	0.5914	0.6489	0.6488	0.5997	0.6297	0.6449	0.7210	0.6051	0.5155	0.6534	0.5953	0.6298	1.0000	0.5675	0.8408	0.5843	0.6863	0.6033	0.6041	0.7285	0.8080	0.7775	0.6494	0.6076	0.6088	0.6332	0.6190	0.6236	0.7521	0.5870	0.5926	0.6517	0.5713	0.7303	0.7511	0.7002	0.6131	0.5941	0.6450	0.6173	0.6088	0.8034	0.6497	0.6380	0.5969	0.5841	0.6104
0.6904	0.6711	0.6736	0.6823	0.6752	0.6726	0.6939	0.7023	0.6797	0.5512	0.6383	0.6047	0.6891	0.5938	0.6536	0.5675	1.0000	0.5989	0.6433	0.6742	0.6686	0.6731	0.6096	0.5841	0.5823	0.6986	0.6591	0.6866	0.6651	0.6692	0.6331	0.5692	0.6400	0.5313	0.5542	0.6852	0.6268	0.6090	0.5847	0.6047	0.6516	0.6734	0.6397	0.6930	0.5867	0.6785	0.6496	0.7175	0.6129	0.7090
0.6688	0.6488	0.6323	0.6060	0.6663	0.6147	0.6153	0.6467	0.6453	0.7428	0.6192	0.5408	0.6712	0.6103	0.6295	0.8408	0.5989	1.0000	0.5976	0.7298	0.6218	0.6191	0.7287	0.8427	0.8050	0.6674	0.6239	0.6245	0.6697	0.6352	0.6405	0.7783	0.6013	0.6071	0.6508	0.5875	0.7535	0.7518	0.7193	0.6297	0.6264	0.6833	0.5854	0.6248	0.8839	0.6678	0.6382	0.6130	0.5984	0.6445
0.7514	0.6578	0.6771	0.7281	0.7009	0.6233	0.7587	0.7248	0.7298	0.6213	0.8032	0.7075	0.6800	0.6211	0.6890	0.5843	0.6433	0.5976	1.0000	0.6521	0.6779	0.6783	0.6453	0.6145	0.6124	0.7820	0.7000	0.7289	0.6072	0.6798	0.6728	0.5939	0.7569	0.6054	0.6314	0.6640	0.6629	0.6266	0.6509	0.5765	0.6143	0.6406	0.6275	0.7288	0.5860	0.7565	0.6821	0.6252	0.6726	0.6878
0.7217	0.7587	0.6966	0.7107	0.7278	0.6729	0.7346	0.7572	0.7064	0.6287	0.7070	0.6307	0.7364	0.6333	0.7274	0.6863	0.6742	0.7298	0.6521	1.0000	0.6743	0.7120	0.7231	0.6872	0.6663	0.7323	0.7257	0.7129	0.8019	0.7294	0.7382	0.6504	0.6885	0.6174	0.6354	0.6564	0.7478	0.7454	0.7112	0.6428	0.6421	0.6945	0.6706	0.7549	0.7121	0.7335	0.6806	0.6930	0.6865	0.7292
0.7656	0.6230	0.7575	0.6874	0.6997	0.6263	0.7129	0.7044	0.7706	0.5702	0.6782	0.6243	0.6725	0.5593	0.7274	0.6033	0.6686	0.6218	0.6779	0.6743	1.0000	0.6523	0.6508	0.6206	0.5888	0.7413	0.7213	0.7186	0.6395	0.6763	0.7002	0.5752	0.6772	0.5582	0.6047	0.7139	0.6520	0.6507	0.6105	0.6005	0.6357	0.7098	0.6275	0.6795	0.6247	0.7635	0.6676	0.6376	0.6590	0.7256
0.7213	0.7201	0.6747	0.7706	0.7551	0.7275	0.7458	0.8216	0.6969	0.5995	0.6701	0.5910	0.7959	0.6715	0.6653	0.6041	0.6731	0.6191	0.6783	0.7120	0.6523	1.0000	0.6680	0.6377	0.6541	0.7464	0.6585	0.6791	0.7421	0.7324	0.6315	0.6397	0.6687	0.5659	0.5773	0.6499	0.6878	0.6488	0.6407	0.5819	0.6940	0.6810	0.7915	0.7397	0.6064	0.7243	0.6607	0.6954	0.6492	0.6403
0.7058	0.7015	0.6467	0.6538	0.7018	0.6631	0.6645	0.6995	0.6779	0.6840	0.6521	0.5527	0.7288	0.6099	0.6433	0.7285	0.6096	0.7287	0.6453	0.7231	0.6508	0.6680	1.0000	0.7543	0.7291	0.7257	0.6377	0.6567	0.6641	0.6876	0.6549	0.6883	0.6488	0.6074	0.6161	0.6140	0.8890	0.8407	0.7668	0.6131	0.5946	0.6450	0.6294	0.6741	0.7114	0.7262	0.6212	0.6420	0.6456	0.6407
0.6701	0.6685	0.6008	0.6240	0.6676	0.6164	0.6333	0.6663	0.6464	0.7705	0.6205	0.5274	0.6919	0.6279	0.6138	0.8080	0.5841	0.8427	0.6145	0.6872	0.6206	0.6377	0.7543	1.0000	0.8450	0.6883	0.6084	0.6256	0.6340	0.6537	0.6244	0.7822	0.6182	0.6243	0.6343	0.5733	0.7818	0.7292	0.7204	0.6304	0.6108	0.6826	0.5877	0.6432	0.8044	0.7071	0.6394	0.6136	0.6161	0.6112
0.6506	0.6664	0.6165	0.6397	0.6483	0.6150	0.6314	0.6642	0.6443	0.7653	0.6033	0.5126	0.6710	0.6245	0.5969	0.7775	0.5823	0.8050	0.6124	0.6663	0.5888	0.6541	0.7291	0.8450	1.0000	0.6861	0.5918	0.6084	0.6160	0.6351	0.6071	0.8122	0.5995	0.6052	0.6146	0.5718	0.7534	0.7060	0.6984	0.6130	0.6428	0.6449	0.6028	0.6412	0.7729	0.6684	0.6376	0.5967	0.6483	0.5941
0.8416	0.7243	0.7453	0.8318	0.7734	0.6819	0.8784	0.8187	0.8370	0.6458	0.7821	0.6593	0.7517	0.6405	0.7516	0.6494	0.6986	0.6674	0.7820	0.7323	0.7413	0.7464	0.7257	0.6883	0.6861	1.0000	0.7815	0.8239	0.6619	0.7498	0.7512	0.6509	0.7830	0.6229	0.6547	0.7241	0.7499	0.7027	0.6930	0.6222	0.6714	0.7028	0.6715	0.8278	0.6530	0.8919	0.7652	0.6748	0.7502	0.7706
0.8021	0.6768	0.7395	0.7385	0.7089	0.6160	0.7823	0.7118	0.7602	0.5601	0.7499	0.6674	0.6647	0.5607	0.8058	0.6076	0.6591	0.6239	0.7000	0.7257	0.7213	0.6585	0.6377	0.6084	0.5918	0.7815	1.0000	0.8359	0.6456	0.7061	0.8682	0.5940	0.7331	0.6049	0.6417	0.6981	0.6562	0.6545	0.6282	0.6463	0.6135	0.6662	0.6117	0.7427	0.6111	0.7844	0.7151	0.6713	0.7356	0.7996
0.8309	0.6708	0.7584	0.7786	0.7388	0.6442	0.8190	0.7429	0.7666	0.5755	0.7916	0.6689	0.7066	0.5954	0.7687	0.6088	0.6866	0.6245	0.7289	0.7129	0.7186	0.6791	0.6567	0.6256	0.6084	0.8239	0.8359	1.0000	0.6437	0.7360	0.7779	0.5795	0.7665	0.6078	0.6341	0.7037	0.6759	0.6554	0.6477	0.6152	0.6371	0.6717	0.6191	0.7599	0.6117	0.8237	0.7230	0.6476	0.7295	0.8485
0.6811	0.6982	0.6640	0.6388	0.7585	0.7149	0.6595	0.7274	0.6408	0.5832	0.6315	0.5886	0.7674	0.6474	0.6835	0.6332	0.6651	0.6697	0.6072	0.8019	0.6395	0.7421	0.6641	0.6340	0.6160	0.6619	0.6456	0.6437	1.0000	0.7082	0.6533	0.6021	0.6164	0.5916	0.6057	0.6291	0.6842	0.6822	0.6538	0.6126	0.6564	0.6715	0.6988	0.6685	0.6551	0.6620	0.6085	0.6834	0.6243	0.6530
0.7476	0.6805	0.7000	0.7170	0.7377	0.7124	0.7421	0.8047	0.6994	0.5999	0.6957	0.6268	0.8250	0.6513	0.6899	0.6190	0.6692	0.6352	0.6798	0.7294	0.6763	0.7324	0.6876	0.6537	0.6351	0.7498	0.7061	0.7360	0.7082	1.0000	0.6702	0.6049	0.6956	0.6112	0.5759	0.6713	0.7088	0.6671	0.6587	0.6300	0.6649	0.6924	0.6707	0.7223	0.6220	0.7489	0.6626	0.7131	0.6630	0.6983
0.7726	0.6891	0.7095	0.6946	0.7033	0.5908	0.7309	0.6815	0.7323	0.5745	0.7172	0.6414	0.6417	0.5480	0.8228	0.6236	0.6331	0.6405	0.6728	0.7382	0.7002	0.6315	0.6549	0.6244	0.6071	0.7512	0.8682	0.7779	0.6533	0.6702	1.0000	0.6094	0.7014	0.6432	0.6744	0.6734	0.6744	0.6726	0.6451	0.6645	0.5858	0.6392	0.5906	0.7100	0.6271	0.7534	0.6850	0.6432	0.7813	0.7642
0.6186	0.6331	0.5863	0.6258	0.6165	0.6001	0.6010	0.6311	0.6301	0.7201	0.5837	0.5051	0.6379	0.5947	0.5843	0.7521	0.5692	0.7783	0.5939	0.6504	0.5752	0.6397	0.6883	0.7822	0.8122	0.6509	0.5940	0.5795	0.6021	0.6049	0.6094	1.0000	0.5716	0.5772	0.6014	0.5596	0.7102	0.6871	0.6756	0.6159	0.6124	0.6299	0.6306	0.6101	0.7500	0.6351	0.6236	0.5995	0.6017	0.5809
0.7506	0.6692	0.6860	0.7505	0.6938	0.6095	0.7863	0.7316	0.7304	0.6385	0.7918	0.6745	0.6860	0.6500	0.7005	0.5870	0.6400	0.6013	0.7569	0.6885	0.6772	0.6687	0.6488	0.6182	0.5995	0.7830	0.7331	0.7665	0.6164	0.6956	0.7014	0.5716	1.0000	0.6438	0.6713	0.6533	0.6676	0.6297	0.6232	0.5843	0.6046	0.6502	0.6069	0.7567	0.5892	0.7842	0.7014	0.6302	0.6746	0.7166
0.6131	0.6157	0.5564	0.5668	0.6352	0.5517	0.5968	0.5849	0.5918	0.6390	0.6036	0.5739	0.6199	0.6731	0.6192	0.5926	0.5313	0.6071	0.6054	0.6174	0.5582	0.5659	0.6074	0.6243	0.6052	0.6229	0.6049	0.6078	0.5916	0.6112	0.6432	0.5772	0.6438	1.0000	0.7621	0.5555	0.6244	0.5904	0.5852	0.6048	0.5456	0.5658	0.5278	0.6009	0.5925	0.6252	0.5922	0.5544	0.6569	0.5950
0.6665	0.5911	0.6133	0.5954	0.6643	0.5659	0.6146	0.6044	0.6555	0.6494	0.6472	0.5766	0.6051	0.6645	0.6844	0.6517	0.5542	0.6508	0.6314	0.6354	0.6047	0.5773	0.6161	0.6343	0.6146	0.6547	0.6417	0.6341	0.6057	0.5759	0.6744	0.6014	0.6713	0.7621	1.0000	0.5750	0.6337	0.6313	0.6089	0.6086	0.5822	0.6158	0.5577	0.6034	0.6345	0.6556	0.6514	0.5557	0.6305	0.6337
0.7115	0.6179	0.7220	0.6803	0.6644	0.6362	0.7149	0.7041	0.7038	0.5411	0.6520	0.6728	0.6547	0.5683	0.6898	0.5713	0.6852	0.5875	0.6640	0.6564	0.7139	0.6499	0.6140	0.5733	0.5718	0.7241	0.6981	0.7037	0.6291	0.6713	0.6734	0.5596	0.6533	0.5555	0.5750	1.0000	0.6158	0.6135	0.5772	0.5738	0.6354	0.6529	0.6267	0.6707	0.5759	0.7026	0.6603	0.6783	0.6626	0.7105
0.7284	0.7241	0.6478	0.6728	0.7239	0.6643	0.6839	0.7215	0.6987	0.7047	0.6703	0.5663	0.7536	0.6267	0.6621	0.7303	0.6268	0.7535	0.6629	0.7478	0.6520	0.6878	0.8890	0.7818	0.7534	0.7499	0.6562	0.6759	0.6842	0.7088	0.6744	0.7102	0.6676	0.6244	0.6337	0.6158	1.0000	0.8051	0.7924	0.6305	0.6103	0.6637	0.6309	0.6941	0.7343	0.7508	0.6388	0.6607	0.6641	0.6591
0.7044	0.6802	0.6638	0.6353	0.7002	0.6623	0.6454	0.6784	0.6773	0.6631	0.6505	0.5518	0.7055	0.5926	0.6603	0.7511	0.6090	0.7518	0.6266	0.7454	0.6507	0.6488	0.8407	0.7292	0.7060	0.7027	0.6545	0.6554	0.6822	0.6671	0.6726	0.6871	0.6297	0.5904	0.6313	0.6135	0.8051	1.0000	0.7668	0.6122	0.5938	0.6443	0.6285	0.6546	0.7330	0.7033	0.6204	0.6413	0.6275	0.6577
0.6952	0.6712	0.6222	0.6279	0.6906	0.6200	0.6372	0.6691	0.6504	0.6578	0.6591	0.5499	0.6956	0.5867	0.6350	0.7002	0.5847	0.7193	0.6509	0.7112	0.6105	0.6407	0.7668	0.7204	0.6984	0.6930	0.6282	0.6477	0.6538	0.6587	0.6451	0.6756	0.6232	0.5852	0.6089	0.5772	0.7924	0.7668	1.0000	0.5896	0.5721	0.6188	0.6005	0.6462	0.7030	0.6928	0.5977	0.6151	0.6199	0.6320
0.6410	0.6419	0.5947	0.5826	0.6066	0.5883	0.6008	0.6128	0.6099	0.5787	0.5810	0.5593	0.6273	0.5716	0.6560	0.6131	0.6047	0.6297	0.5765	0.6428	0.6005	0.5819	0.6131	0.6304	0.6130	0.6222	0.6463	0.6152	0.6126	0.6300	0.6645	0.6159	0.5843	0.6048	0.6086	0.5738	0.6305	0.6122	0.5896	1.0000	0.6604	0.7144	0.5336	0.5917	0.6144	0.6236	0.6660	0.6430	0.6319	0.6391
0.6521	0.5957	0.6870	0.6572	0.6493	0.6842	0.6576	0.7052	0.6508	0.5739	0.6064	0.5668	0.6901	0.6596	0.6078	0.5941	0.6516	0.6264	0.6143	0.6421	0.6357	0.6940	0.5946	0.6108	0.6428	0.6714	0.6135	0.6371	0.6564	0.6649	0.5858	0.6124	0.6046	0.5456	0.5822	0.6354	0.6103	0.5938	0.5721	0.6604	1.0000	0.7826	0.6510	0.6216	0.6112	0.6522	0.7187	0.6099	0.6109	0.6625
0.7120	0.6439	0.6888	0.6730	0.6754	0.6426	0.6864	0.7260	0.6809	0.6073	0.6502	0.5944	0.7010	0.6308	0.6648	0.6450	0.6734	0.6833	0.6406	0.6945	0.7098	0.6810	0.6450	0.6826	0.6449	0.7028	0.6662	0.6717	0.6715	0.6924	0.6392	0.6299	0.6502	0.5658	0.6158	0.6529	0.6637	0.6443	0.6188	0.7144	0.7826	1.0000	0.6308	0.6584	0.6654	0.7216	0.7587	0.6657	0.6051	0.6841
0.6517	0.6446	0.6666	0.6928	0.6979	0.7551	0.6691	0.7310	0.6668	0.5535	0.6191	0.5529	0.7248	0.6237	0.6382	0.6173	0.6397	0.5854	0.6275	0.6706	0.6275	0.7915	0.6294	0.5877	0.6028	0.6715	0.6117	0.6191	0.6988	0.6707	0.5906	0.6306	0.6069	0.5278	0.5577	0.6267	0.6309	0.6285	0.6005	0.5336	0.6510	0.6308	1.0000	0.6756	0.5739	0.6538	0.6338	0.6519	0.5924	0.6015
0.7562	0.7742	0.6833	0.8146	0.7395	0.6613	0.8689	0.7968	0.7639	0.6058	0.7506	0.6383	0.7274	0.6306	0.7116	0.6088	0.6930	0.6248	0.7288	0.7549	0.6795	0.7397	0.6741	0.6432	0.6412	0.8278	0.7427	0.7599	0.6685	0.7223	0.7100	0.6101	0.7567	0.6009	0.6034	0.6707	0.6941	0.6546	0.6462	0.5917	0.6216	0.6584	0.6756	1.0000	0.6119	0.8015	0.7449	0.6832	0.6981	0.7094
0.6543	0.6350	0.6195	0.5937	0.6519	0.6024	0.6028	0.6330	0.6482	0.7439	0.6066	0.5304	0.6565	0.5956	0.6165	0.8034	0.5867	0.8839	0.5860	0.7121	0.6247	0.6064	0.7114	0.8044	0.7729	0.6530	0.6111	0.6117	0.6551	0.6220	0.6271	0.7500	0.5892	0.5925	0.6345	0.5759	0.7343	0.7330	0.7030	0.6144	0.6112	0.6654	0.5739	0.6119	1.0000	0.6533	0.6225	0.6004	0.5863	0.6309
0.8426	0.7071	0.7435	0.7990	0.7742	0.6642	0.8394	0.7866	0.8050	0.6296	0.7828	0.6597	0.7514	0.6239	0.7533	0.6497	0.6785	0.6678	0.7565	0.7335	0.7635	0.7243	0.7262	0.7071	0.6684	0.8919	0.7844	0.8237	0.6620	0.7489	0.7534	0.6351	0.7842	0.6252	0.6556	0.7026	0.7508	0.7033	0.6928	0.6236	0.6522	0.7216	0.6538	0.8015	0.6533	1.0000	0.7422	0.6758	0.7293	0.7701
0.7101	0.6593	0.6743	0.7419	0.6628	0.6330	0.7707	0.7198	0.7657	0.6010	0.6987	0.6163	0.6564	0.6165	0.7042	0.6380	0.6496	0.6382	0.6821	0.6806	0.6676	0.6607	0.6212	0.6394	0.6376	0.7652	0.7151	0.7230	0.6085	0.6626	0.6850	0.6236	0.7014	0.5922	0.6514	0.6603	0.6388	0.6204	0.5977	0.6660	0.7187	0.7587	0.6338	0.7449	0.6225	0.7422	1.0000	0.6218	0.6609	0.7015
0.6883	0.6941	0.6328	0.6575	0.6900	0.6582	0.6700	0.7030	0.6549	0.5646	0.6286	0.6141	0.7313	0.5862	0.6532	0.5969	0.7175	0.6130	0.6252	0.6930	0.6376	0.6954	0.6420	0.6136	0.5967	0.6748	0.6713	0.6476	0.6834	0.7131	0.6432	0.5995	0.6302	0.5544	0.5557	0.6783	0.6607	0.6413	0.6151	0.6430	0.6099	0.6657	0.6519	0.6832	0.6004	0.6758	0.6218	1.0000	0.5936	0.6377
0.7191	0.6942	0.6919	0.7099	0.6759	0.5875	0.7277	0.6814	0.7073	0.5796	0.6723	0.6139	0.6334	0.5573	0.7473	0.5841	0.6129	0.5984	0.6726	0.6865	0.6590	0.6492	0.6456	0.6161	0.6483	0.7502	0.7356	0.7295	0.6243	0.6630	0.7813	0.6017	0.6746	0.6569	0.6305	0.6626	0.6641	0.6275	0.6199	0.6319	0.6109	0.6051	0.5924	0.6981	0.5863	0.7293	0.6609	0.5936	1.0000	0.7047
0.7755	0.6431	0.7648	0.7224	0.7031	0.6572	0.7529	0.7024	0.7479	0.5628	0.7374	0.6758	0.6778	0.5933	0.7469	0.6104	0.7090	0.6445	0.6878	0.7292	0.7256	0.6403	0.6407	0.6112	0.5941	0.7706	0.7996	0.8485	0.6530	0.6983	0.7642	0.5809	0.7166	0.5950	0.6337	0.7105	0.6591	0.6577	0.6320	0.6391	0.6625	0.6841	0.6015	0.7094	0.6309	0.7701	0.7015	0.6377	0.7047	1.0000
