1.0000 0.3986 0.4764 0.3557 0.3712 0.3803 0.3804 0.3784 0.4657 0.3841 0.3895 0.5505 0.4908 0.4199 0.3568 0.3652 0.4268 0.3924 0.4017 0.3744 0.3866 0.3703 0.3931 0.3906 0.4406 0.4100 0.3796 0.3951 0.3954 0.4600 0.3704 0.3723 0.3968 0.4604 0.4105 0.4347 0.3552 0.3412 0.4488 0.3803 0.3800 0.3960 0.3680 0.4971 0.4218 0.3034 0.4175 0.4197 0.4388 0.4210
0.3986 1.0000 0.4054 0.3783 0.3689 0.3289 0.3868 0.4540 0.3840 0.3971 0.4155 0.4553 0.3620 0.4223 0.3856 0.4117 0.3553 0.4052 0.4156 0.3193 0.3364 0.3719 0.4268 0.3996 0.3598 0.3587 0.3871 0.3885 0.3648 0.3956 0.3750 0.3560 0.4342 0.4068 0.3784 0.4091 0.3883 0.3223 0.4237 0.3842 0.3257 0.3598 0.3851 0.3856 0.3673 0.3748 0.3472 0.3764 0.4230 0.4363
0.4764 0.4054 1.0000 0.3235 0.4184 0.3762 0.3705 0.3952 0.4096 0.4296 0.3883 0.4307 0.4435 0.4141 0.3392 0.3793 0.3631 0.4199 0.4383 0.3776 0.3878 0.3679 0.4454 0.4758 0.4550 0.4212 0.3854 0.4390 0.3582 0.4162 0.3931 0.3775 0.3943 0.4142 0.3739 0.4425 0.4251 0.3602 0.4362 0.3541 0.3963 0.3529 0.3993 0.4315 0.3847 0.3797 0.3451 0.3882 0.4544 0.4153
0.3557 0.3783 0.3235 1.0000 0.4001 0.3290 0.3854 0.4000 0.3568 0.3869 0.3695 0.3652 0.3709 0.3507 0.3386 0.3454 0.3621 0.3896 0.4102 0.3481 0.3540 0.3501 0.3461 0.3591 0.3941 0.4167 0.3530 0.4223 0.3633 0.4061 0.3337 0.3334 0.3616 0.3515 0.3662 0.3817 0.3707 0.3379 0.3923 0.3555 0.3002 0.3795 0.4052 0.3913 0.3814 0.3399 0.3726 0.4188 0.3432 0.3771
0.3712 0.3689 0.4184 0.4001 1.0000 0.3488 0.4197 0.4162 0.4067 0.4608 0.3916 0.4359 0.3900 0.4417 0.3769 0.3715 0.3869 0.3827 0.4082 0.4124 0.4136 0.3918 0.4274 0.3938 0.3805 0.4063 0.4363 0.4719 0.4070 0.4079 0.3921 0.3918 0.4284 0.4462 0.3746 0.4221 0.3737 0.4089 0.4197 0.3568 0.3760 0.3629 0.3969 0.3858 0.3925 0.3682 0.3731 0.4051 0.4313 0.3891
0.3803 0.3289 0.3762 0.3290 0.3488 1.0000 0.3865 0.3628 0.3561 0.3115 0.3301 0.3896 0.4588 0.3482 0.3374 0.3236 0.3418 0.2952 0.3656 0.2768 0.4165 0.3650 0.3598 0.4155 0.3461 0.3308 0.3670 0.3903 0.3320 0.3704 0.3693 0.3649 0.3482 0.3595 0.3951 0.3662 0.2953 0.2931 0.3715 0.3780 0.3117 0.3073 0.3632 0.3298 0.3286 0.2870 0.3558 0.3260 0.3475 0.3501
0.3804 0.3868 0.3705 0.3854 0.4197 0.3865 1.0000 0.3962 0.4227 0.3599 0.3739 0.3894 0.4369 0.3917 0.3688 0.3531 0.4337 0.3454 0.4100 0.3452 0.3590 0.4170 0.3762 0.4081 0.3508 0.3785 0.3687 0.4036 0.3633 0.4932 0.3664 0.3970 0.3391 0.3930 0.3782 0.3920 0.3278 0.3221 0.4381 0.3954 0.3209 0.3514 0.3712 0.3727 0.3590 0.3163 0.3907 0.3512 0.3977 0.3966
0.3784 0.4540 0.3952 0.4000 0.4162 0.3628 0.3962 1.0000 0.4174 0.3636 0.4113 0.4236 0.3891 0.4474 0.3665 0.4439 0.4363 0.4042 0.4396 0.3899 0.4024 0.4216 0.4429 0.4039 0.4380 0.3686 0.4176 0.5568 0.3586 0.4784 0.4568 0.3423 0.4470 0.4606 0.3697 0.4498 0.3806 0.3764 0.4484 0.3715 0.3987 0.3483 0.4626 0.4129 0.3820 0.3200 0.4287 0.3927 0.3709 0.4292
0.4657 0.3840 0.4096 0.3568 0.4067 0.3561 0.4227 0.4174 1.0000 0.3884 0.3548 0.4211 0.3931 0.3656 0.3420 0.3744 0.4060 0.3967 0.3947 0.3371 0.3982 0.3961 0.3804 0.3873 0.3658 0.3835 0.3628 0.4509 0.4008 0.4419 0.3952 0.3511 0.3588 0.4430 0.3869 0.5030 0.3133 0.3176 0.4180 0.3814 0.3870 0.3492 0.3741 0.4801 0.4874 0.3555 0.3857 0.3284 0.3844 0.4329
0.3841 0.3971 0.4296 0.3869 0.4608 0.3115 0.3599 0.3636 0.3884 1.0000 0.3611 0.3903 0.3516 0.4011 0.3576 0.4124 0.3492 0.4477 0.4017 0.3610 0.3483 0.3283 0.3732 0.3601 0.3852 0.4074 0.3996 0.3974 0.3592 0.3652 0.3668 0.3719 0.3733 0.3786 0.3530 0.4087 0.4490 0.3196 0.4357 0.3612 0.3645 0.3293 0.3923 0.4027 0.3724 0.4400 0.3632 0.3666 0.4391 0.4011
0.3895 0.4155 0.3883 0.3695 0.3916 0.3301 0.3739 0.4113 0.3548 0.3611 1.0000 0.4120 0.4034 0.4200 0.3440 0.3520 0.4027 0.3784 0.4047 0.3648 0.3569 0.3870 0.3798 0.3883 0.4000 0.4136 0.3773 0.3649 0.3966 0.3871 0.3585 0.4122 0.3963 0.3631 0.3769 0.4201 0.3573 0.3268 0.4129 0.3821 0.4097 0.4012 0.3635 0.4140 0.3852 0.3233 0.3876 0.4145 0.3672 0.3941
0.5505 0.4553 0.4307 0.3652 0.4359 0.3896 0.3894 0.4236 0.4211 0.3903 0.4120 1.0000 0.4938 0.5212 0.3596 0.3480 0.4174 0.3719 0.3888 0.4126 0.4369 0.3954 0.3830 0.4125 0.4046 0.3865 0.4215 0.4272 0.4353 0.4618 0.4141 0.4254 0.4323 0.5230 0.3822 0.4049 0.3883 0.3764 0.4560 0.4298 0.3687 0.4242 0.3988 0.5051 0.3847 0.3517 0.4051 0.4189 0.4146 0.4493
0.4908 0.3620 0.4435 0.3709 0.3900 0.4588 0.4369 0.3891 0.3931 0.3516 0.4034 0.4938 1.0000 0.4421 0.3230 0.3845 0.3997 0.3317 0.4159 0.3546 0.3983 0.4557 0.3796 0.4044 0.4093 0.4142 0.3570 0.4001 0.3746 0.4606 0.3989 0.4363 0.3612 0.4537 0.3781 0.3824 0.3370 0.3338 0.4625 0.3957 0.3584 0.3671 0.3793 0.4474 0.3549 0.3412 0.4170 0.3892 0.3784 0.3982
0.4199 0.4223 0.4141 0.3507 0.4417 0.3482 0.3917 0.4474 0.3656 0.4011 0.4200 0.5212 0.4421 1.0000 0.3721 0.3626 0.4081 0.4022 0.4286 0.4333 0.4468 0.4138 0.4174 0.4447 0.4137 0.4031 0.4343 0.4447 0.4388 0.4095 0.4843 0.4082 0.3861 0.4658 0.4094 0.4197 0.4333 0.3513 0.4517 0.4063 0.3761 0.4150 0.4241 0.4758 0.3636 0.3399 0.4194 0.4464 0.3914 0.3857
0.3568 0.3856 0.3392 0.3386 0.3769 0.3374 0.3688 0.3665 0.3420 0.3576 0.3440 0.3596 0.3230 0.3721 1.0000 0.4251 0.3545 0.4088 0.3644 0.3322 0.3833 0.3263 0.3954 0.3456 0.3289 0.3577 0.4046 0.3765 0.3561 0.3571 0.3610 0.3275 0.3536 0.3365 0.3365 0.3246 0.3707 0.2731 0.3686 0.3347 0.3480 0.3357 0.3285 0.3527 0.3370 0.3283 0.3478 0.3446 0.3675 0.3642
0.3652 0.4117 0.3793 0.3454 0.3715 0.3236 0.3531 0.4439 0.3744 0.4124 0.3520 0.3480 0.3845 0.3626 0.4251 1.0000 0.3592 0.4109 0.4765 0.3436 0.3713 0.3756 0.4578 0.3405 0.3686 0.3391 0.3793 0.4400 0.3255 0.4021 0.3893 0.3074 0.3673 0.3951 0.3183 0.3641 0.4137 0.3159 0.4163 0.3536 0.3701 0.3344 0.3518 0.3551 0.4108 0.3546 0.3831 0.3470 0.3581 0.4012
0.4268 0.3553 0.3631 0.3621 0.3869 0.3418 0.4337 0.4363 0.4060 0.3492 0.4027 0.4174 0.3997 0.4081 0.3545 0.3592 1.0000 0.3521 0.3673 0.3636 0.3787 0.3768 0.3425 0.3842 0.3579 0.3872 0.3856 0.4209 0.4145 0.4359 0.4454 0.4389 0.3644 0.4244 0.4000 0.3846 0.3590 0.3417 0.4771 0.3710 0.3759 0.3809 0.3255 0.4146 0.3679 0.2820 0.4336 0.3637 0.3532 0.3802
0.3924 0.4052 0.4199 0.3896 0.3827 0.2952 0.3454 0.4042 0.3967 0.4477 0.3784 0.3719 0.3317 0.4022 0.4088 0.4109 0.3521 1.0000 0.4065 0.3597 0.3346 0.3187 0.3779 0.3789 0.4262 0.4155 0.3484 0.4114 0.3533 0.3757 0.3651 0.3275 0.3668 0.3748 0.3564 0.4320 0.4211 0.3044 0.3979 0.3097 0.3288 0.3373 0.3780 0.4050 0.3696 0.3468 0.3723 0.3839 0.3864 0.4093
0.4017 0.4156 0.4383 0.4102 0.4082 0.3656 0.4100 0.4396 0.3947 0.4017 0.4047 0.3888 0.4159 0.4286 0.3644 0.4765 0.3673 0.4065 1.0000 0.3926 0.4121 0.4336 0.4672 0.4430 0.4179 0.3859 0.4452 0.5015 0.3725 0.4448 0.4212 0.3487 0.3833 0.4207 0.3502 0.4176 0.4079 0.3474 0.4139 0.3742 0.4135 0.3520 0.3973 0.3800 0.3987 0.3946 0.3689 0.4091 0.3935 0.4457
0.3744 0.3193 0.3776 0.3481 0.4124 0.2768 0.3452 0.3899 0.3371 0.3610 0.3648 0.4126 0.3546 0.4333 0.3322 0.3436 0.3636 0.3597 0.3926 1.0000 0.3640 0.3703 0.3830 0.4002 0.4248 0.4265 0.3849 0.3974 0.4470 0.3955 0.3673 0.3740 0.3216 0.4063 0.3633 0.3678 0.3627 0.3878 0.4199 0.3445 0.3653 0.4068 0.3820 0.4268 0.3480 0.3163 0.3810 0.3842 0.3549 0.3686
0.3866 0.3364 0.3878 0.3540 0.4136 0.4165 0.3590 0.4024 0.3982 0.3483 0.3569 0.4369 0.3983 0.4468 0.3833 0.3713 0.3787 0.3346 0.4121 0.3640 1.0000 0.3910 0.4443 0.4180 0.3599 0.3631 0.3902 0.4161 0.3417 0.3949 0.4224 0.3707 0.3739 0.3860 0.4143 0.3807 0.3480 0.3395 0.3855 0.4366 0.3710 0.3910 0.3535 0.4186 0.3774 0.2986 0.4068 0.3634 0.3590 0.3376
0.3703 0.3719 0.3679 0.3501 0.3918 0.3650 0.4170 0.4216 0.3961 0.3283 0.3870 0.3954 0.4557 0.4138 0.3263 0.3756 0.3768 0.3187 0.4336 0.3703 0.3910 1.0000 0.4015 0.4592 0.3875 0.3499 0.3679 0.4236 0.3995 0.4415 0.3848 0.4442 0.3523 0.4389 0.4051 0.3971 0.3398 0.3533 0.4324 0.3752 0.3742 0.3484 0.3842 0.3666 0.3916 0.3117 0.4062 0.3437 0.3600 0.3840
0.3931 0.4268 0.4454 0.3461 0.4274 0.3598 0.3762 0.4429 0.3804 0.3732 0.3798 0.3830 0.3796 0.4174 0.3954 0.4578 0.3425 0.3779 0.4672 0.3830 0.4443 0.4015 1.0000 0.4402 0.3725 0.3403 0.4358 0.4515 0.3893 0.3907 0.4020 0.3377 0.4075 0.4105 0.3752 0.4431 0.4193 0.3368 0.3620 0.3478 0.4043 0.3456 0.3777 0.3783 0.3950 0.3713 0.3695 0.3908 0.3724 0.3840
0.3906 0.3996 0.4758 0.3591 0.3938 0.4155 0.4081 0.4039 0.3873 0.3601 0.3883 0.4125 0.4044 0.4447 0.3456 0.3405 0.3842 0.3789 0.4430 0.4002 0.4180 0.4592 0.4402 1.0000 0.4229 0.3942 0.3949 0.4063 0.4029 0.3681 0.3986 0.4599 0.3734 0.3867 0.4436 0.4424 0.3808 0.3586 0.4148 0.3543 0.3826 0.3481 0.4013 0.3958 0.3719 0.3673 0.3659 0.4065 0.3882 0.3827
0.4406 0.3598 0.4550 0.3941 0.3805 0.3461 0.3508 0.4380 0.3658 0.3852 0.4000 0.4046 0.4093 0.4137 0.3289 0.3686 0.3579 0.4262 0.4179 0.4248 0.3599 0.3875 0.3725 0.4229 1.0000 0.4538 0.3681 0.3965 0.3506 0.4105 0.3843 0.3488 0.4251 0.4094 0.3790 0.4046 0.3939 0.4088 0.4550 0.3377 0.3503 0.4185 0.5071 0.4189 0.3723 0.3412 0.3943 0.4016 0.4492 0.4427
0.4100 0.3587 0.4212 0.4167 0.4063 0.3308 0.3785 0.3686 0.3835 0.4074 0.4136 0.3865 0.4142 0.4031 0.3577 0.3391 0.3872 0.4155 0.3859 0.4265 0.3631 0.3499 0.3403 0.3942 0.4538 1.0000 0.3424 0.3671 0.3860 0.3851 0.3535 0.4128 0.3180 0.3622 0.3735 0.4085 0.3536 0.3321 0.4592 0.3505 0.3583 0.3749 0.4018 0.4755 0.3855 0.3194 0.3917 0.4404 0.3947 0.3887
0.3796 0.3871 0.3854 0.3530 0.4363 0.3670 0.3687 0.4176 0.3628 0.3996 0.3773 0.4215 0.3570 0.4343 0.4046 0.3793 0.3856 0.3484 0.4452 0.3849 0.3902 0.3679 0.4358 0.3949 0.3681 0.3424 1.0000 0.4652 0.4258 0.4039 0.4197 0.3341 0.3992 0.4332 0.3671 0.3998 0.3817 0.3513 0.4192 0.3499 0.3852 0.3918 0.4266 0.3743 0.3465 0.3972 0.4098 0.3857 0.3688 0.4229
0.3951 0.3885 0.4390 0.4223 0.4719 0.3903 0.4036 0.5568 0.4509 0.3974 0.3649 0.4272 0.4001 0.4447 0.3765 0.4400 0.4209 0.4114 0.5015 0.3974 0.4161 0.4236 0.4515 0.4063 0.3965 0.3671 0.4652 1.0000 0.4093 0.4785 0.4806 0.3525 0.4107 0.5163 0.3697 0.4583 0.3815 0.3720 0.4302 0.3746 0.4227 0.3427 0.4589 0.3980 0.4247 0.3479 0.4173 0.3845 0.3992 0.4516
0.3954 0.3648 0.3582 0.3633 0.4070 0.3320 0.3633 0.3586 0.4008 0.3592 0.3966 0.4353 0.3746 0.4388 0.3561 0.3255 0.4145 0.3533 0.3725 0.4470 0.3417 0.3995 0.3893 0.4029 0.3506 0.3860 0.4258 0.4093 1.0000 0.3980 0.3808 0.4420 0.3709 0.4705 0.4212 0.4073 0.3541 0.3015 0.4300 0.4043 0.3964 0.4318 0.3573 0.4191 0.3932 0.3342 0.4045 0.3778 0.3553 0.3785
0.4600 0.3956 0.4162 0.4061 0.4079 0.3704 0.4932 0.4784 0.4419 0.3652 0.3871 0.4618 0.4606 0.4095 0.3571 0.4021 0.4359 0.3757 0.4448 0.3955 0.3949 0.4415 0.3907 0.3681 0.4105 0.3851 0.4039 0.4785 0.3980 1.0000 0.3765 0.3703 0.3964 0.4636 0.4209 0.3866 0.3403 0.3755 0.4735 0.3933 0.3792 0.3906 0.4087 0.4325 0.4504 0.3422 0.4617 0.3595 0.3755 0.4019
0.3704 0.3750 0.3931 0.3337 0.3921 0.3693 0.3664 0.4568 0.3952 0.3668 0.3585 0.4141 0.3989 0.4843 0.3610 0.3893 0.4454 0.3651 0.4212 0.3673 0.4224 0.3848 0.4020 0.3986 0.3843 0.3535 0.4197 0.4806 0.3808 0.3765 1.0000 0.3717 0.3782 0.4272 0.3650 0.4088 0.3864 0.3349 0.4150 0.3684 0.3782 0.3894 0.4008 0.3879 0.4120 0.3503 0.3724 0.3940 0.3255 0.3865
0.3723 0.3560 0.3775 0.3334 0.3918 0.3649 0.3970 0.3423 0.3511 0.3719 0.4122 0.4254 0.4363 0.4082 0.3275 0.3074 0.4389 0.3275 0.3487 0.3740 0.3707 0.4442 0.3377 0.4599 0.3488 0.4128 0.3341 0.3525 0.4420 0.3703 0.3717 1.0000 0.3037 0.3864 0.4301 0.3619 0.3471 0.3313 0.4606 0.3947 0.3680 0.3720 0.3246 0.4451 0.3258 0.3294 0.3884 0.3654 0.3763 0.3706
0.3968 0.4342 0.3943 0.3616 0.4284 0.3482 0.3391 0.4470 0.3588 0.3733 0.3963 0.4323 0.3612 0.3861 0.3536 0.3673 0.3644 0.3668 0.3833 0.3216 0.3739 0.3523 0.4075 0.3734 0.4251 0.3180 0.3992 0.4107 0.3709 0.3964 0.3782 0.3037 1.0000 0.4304 0.3556 0.4155 0.3705 0.3440 0.3601 0.3156 0.3464 0.3616 0.4285 0.3605 0.3362 0.3345 0.3503 0.3820 0.3952 0.4022
0.4604 0.4068 0.4142 0.3515 0.4462 0.3595 0.3930 0.4606 0.4430 0.3786 0.3631 0.5230 0.4537 0.4658 0.3365 0.3951 0.4244 0.3748 0.4207 0.4063 0.3860 0.4389 0.4105 0.3867 0.4094 0.3622 0.4332 0.5163 0.4705 0.4636 0.4272 0.3864 0.4304 1.0000 0.3930 0.4179 0.3627 0.3980 0.4733 0.3898 0.3717 0.3882 0.4063 0.4268 0.4015 0.3315 0.4216 0.4058 0.3969 0.4662
0.4105 0.3784 0.3739 0.3662 0.3746 0.3951 0.3782 0.3697 0.3869 0.3530 0.3769 0.3822 0.3781 0.4094 0.3365 0.3183 0.4000 0.3564 0.3502 0.3633 0.4143 0.4051 0.3752 0.4436 0.3790 0.3735 0.3671 0.3697 0.4212 0.4209 0.3650 0.4301 0.3556 0.3930 1.0000 0.4086 0.3312 0.3417 0.4408 0.3650 0.3031 0.3964 0.3895 0.4121 0.4063 0.3022 0.4363 0.3879 0.3579 0.3485
0.4347 0.4091 0.4425 0.3817 0.4221 0.3662 0.3920 0.4498 0.5030 0.4087 0.4201 0.4049 0.3824 0.4197 0.3246 0.3641 0.3846 0.4320 0.4176 0.3678 0.3807 0.3971 0.4431 0.4424 0.4046 0.4085 0.3998 0.4583 0.4073 0.3866 0.4088 0.3619 0.4155 0.4179 0.4086 1.0000 0.3603 0.3221 0.3650 0.3737 0.3837 0.3763 0.4021 0.4598 0.4136 0.3554 0.3791 0.4630 0.4098 0.4203
0.3552 0.3883 0.4251 0.3707 0.3737 0.2953 0.3278 0.3806 0.3133 0.4490 0.3573 0.3883 0.3370 0.4333 0.3707 0.4137 0.3590 0.4211 0.4079 0.3627 0.3480 0.3398 0.4193 0.3808 0.3939 0.3536 0.3817 0.3815 0.3541 0.3403 0.3864 0.3471 0.3705 0.3627 0.3312 0.3603 1.0000 0.3193 0.3646 0.3540 0.3681 0.3590 0.3573 0.3538 0.3419 0.3886 0.3660 0.3911 0.3630 0.3576
0.3412 0.3223 0.3602 0.3379 0.4089 0.2931 0.3221 0.3764 0.3176 0.3196 0.3268 0.3764 0.3338 0.3513 0.2731 0.3159 0.3417 0.3044 0.3474 0.3878 0.3395 0.3533 0.3368 0.3586 0.4088 0.3321 0.3513 0.3720 0.3015 0.3755 0.3349 0.3313 0.3440 0.3980 0.3417 0.3221 0.3193 1.0000 0.3932 0.3123 0.3142 0.3690 0.3549 0.3430 0.3346 0.3288 0.3107 0.3321 0.4081 0.3840
0.4488 0.4237 0.4362 0.3923 0.4197 0.3715 0.4381 0.4484 0.4180 0.4357 0.4129 0.4560 0.4625 0.4517 0.3686 0.4163 0.4771 0.3979 0.4139 0.4199 0.3855 0.4324 0.3620 0.4148 0.4550 0.4592 0.4192 0.4302 0.4300 0.4735 0.4150 0.4606 0.3601 0.4733 0.4408 0.3650 0.3646 0.3932 1.0000 0.4044 0.3361 0.4123 0.4213 0.4698 0.4077 0.3440 0.4409 0.3922 0.4028 0.4340
0.3803 0.3842 0.3541 0.3555 0.3568 0.3780 0.3954 0.3715 0.3814 0.3612 0.3821 0.4298 0.3957 0.4063 0.3347 0.3536 0.3710 0.3097 0.3742 0.3445 0.4366 0.3752 0.3478 0.3543 0.3377 0.3505 0.3499 0.3746 0.4043 0.3933 0.3684 0.3947 0.3156 0.3898 0.3650 0.3737 0.3540 0.3123 0.4044 1.0000 0.3543 0.3742 0.3168 0.3880 0.3703 0.2914 0.3963 0.3417 0.3484 0.3366
0.3800 0.3257 0.3963 0.3002 0.3760 0.3117 0.3209 0.3987 0.3870 0.3645 0.4097 0.3687 0.3584 0.3761 0.3480 0.3701 0.3759 0.3288 0.4135 0.3653 0.3710 0.3742 0.4043 0.3826 0.3503 0.3583 0.3852 0.4227 0.3964 0.3792 0.3782 0.3680 0.3464 0.3717 0.3031 0.3837 0.3681 0.3142 0.3361 0.3543 1.0000 0.3266 0.3418 0.3658 0.3509 0.3823 0.3364 0.3475 0.3806 0.3655
0.3960 0.3598 0.3529 0.3795 0.3629 0.3073 0.3514 0.3483 0.3492 0.3293 0.4012 0.4242 0.3671 0.4150 0.3357 0.3344 0.3809 0.3373 0.3520 0.4068 0.3910 0.3484 0.3456 0.3481 0.4185 0.3749 0.3918 0.3427 0.4318 0.3906 0.3894 0.3720 0.3616 0.3882 0.3964 0.3763 0.3590 0.3690 0.4123 0.3742 0.3266 1.0000 0.3913 0.4258 0.4190 0.3450 0.3944 0.3732 0.3866 0.3795
0.3680 0.3851 0.3993 0.4052 0.3969 0.3632 0.3712 0.4626 0.3741 0.3923 0.3635 0.3988 0.3793 0.4241 0.3285 0.3518 0.3255 0.3780 0.3973 0.3820 0.3535 0.3842 0.3777 0.4013 0.5071 0.4018 0.4266 0.4589 0.3573 0.4087 0.4008 0.3246 0.4285 0.4063 0.3895 0.4021 0.3573 0.3549 0.4213 0.3168 0.3418 0.3913 1.0000 0.3717 0.3922 0.3707 0.3754 0.3777 0.4024 0.4034
0.4971 0.3856 0.4315 0.3913 0.3858 0.3298 0.3727 0.4129 0.4801 0.4027 0.4140 0.5051 0.4474 0.4758 0.3527 0.3551 0.4146 0.4050 0.3800 0.4268 0.4186 0.3666 0.3783 0.3958 0.4189 0.4755 0.3743 0.3980 0.4191 0.4325 0.3879 0.4451 0.3605 0.4268 0.4121 0.4598 0.3538 0.3430 0.4698 0.3880 0.3658 0.4258 0.3717 1.0000 0.3987 0.3435 0.4326 0.4677 0.4177 0.4340
0.4218 0.3673 0.3847 0.3814 0.3925 0.3286 0.3590 0.3820 0.4874 0.3724 0.3852 0.3847 0.3549 0.3636 0.3370 0.4108 0.3679 0.3696 0.3987 0.3480 0.3774 0.3916 0.3950 0.3719 0.3723 0.3855 0.3465 0.4247 0.3932 0.4504 0.4120 0.3258 0.3362 0.4015 0.4063 0.4136 0.3419 0.3346 0.4077 0.3703 0.3509 0.4190 0.3922 0.3987 1.0000 0.3307 0.4722 0.3467 0.3688 0.4139
0.3034 0.3748 0.3797 0.3399 0.3682 0.2870 0.3163 0.3200 0.3555 0.4400 0.3233 0.3517 0.3412 0.3399 0.3283 0.3546 0.2820 0.3468 0.3946 0.3163 0.2986 0.3117 0.3713 0.3673 0.3412 0.3194 0.3972 0.3479 0.3342 0.3422 0.3503 0.3294 0.3345 0.3315 0.3022 0.3554 0.3886 0.3288 0.3440 0.2914 0.3823 0.3450 0.3707 0.3435 0.3307 1.0000 0.2867 0.3522 0.3842 0.3802
0.4175 0.3472 0.3451 0.3726 0.3731 0.3558 0.3907 0.4287 0.3857 0.3632 0.3876 0.4051 0.4170 0.4194 0.3478 0.3831 0.4336 0.3723 0.3689 0.3810 0.4068 0.4062 0.3695 0.3659 0.3943 0.3917 0.4098 0.4173 0.4045 0.4617 0.3724 0.3884 0.3503 0.4216 0.4363 0.3791 0.3660 0.3107 0.4409 0.3963 0.3364 0.3944 0.3754 0.4326 0.4722 0.2867 1.0000 0.3700 0.3493 0.3832
0.4197 0.3764 0.3882 0.4188 0.4051 0.3260 0.3512 0.3927 0.3284 0.3666 0.4145 0.4189 0.3892 0.4464 0.3446 0.3470 0.3637 0.3839 0.4091 0.3842 0.3634 0.3437 0.3908 0.4065 0.4016 0.4404 0.3857 0.3845 0.3778 0.3595 0.3940 0.3654 0.3820 0.4058 0.3879 0.4630 0.3911 0.3321 0.3922 0.3417 0.3475 0.3732 0.3777 0.4677 0.3467 0.3522 0.3700 1.0000 0.3757 0.3731
0.4388 0.4230 0.4544 0.3432 0.4313 0.3475 0.3977 0.3709 0.3844 0.4391 0.3672 0.4146 0.3784 0.3914 0.3675 0.3581 0.3532 0.3864 0.3935 0.3549 0.3590 0.3600 0.3724 0.3882 0.4492 0.3947 0.3688 0.3992 0.3553 0.3755 0.3255 0.3763 0.3952 0.3969 0.3579 0.4098 0.3630 0.4081 0.4028 0.3484 0.3806 0.3866 0.4024 0.4177 0.3688 0.3842 0.3493 0.3757 1.0000 0.4596
0.4210 0.4363 0.4153 0.3771 0.3891 0.3501 0.3966 0.4292 0.4329 0.4011 0.3941 0.4493 0.3982 0.3857 0.3642 0.4012 0.3802 0.4093 0.4457 0.3686 0.3376 0.3840 0.3840 0.3827 0.4427 0.3887 0.4229 0.4516 0.3785 0.4019 0.3865 0.3706 0.4022 0.4662 0.3485 0.4203 0.3576 0.3840 0.4340 0.3366 0.3655 0.3795 0.4034 0.4340 0.4139 0.3802 0.3832 0.3731 0.4596 1.0000
