1:	0.1242 0.0000 0.0044 0.2032 0.0036 0.2800 0.0000 0.1563 0.0964 0.0315 0.1004 	13
2:	0.3793 0.0000 0.0699 0.2173 0.0000 0.0921 0.0714 0.0013 0.1004 0.0303 0.0379 	14
3:	0.0932 0.0688 0.1958 0.0493 0.1365 0.0361 0.1129 0.0204 0.0874 0.0707 0.1290 	18
4:	0.0654 0.1818 0.0644 0.1325 0.0000 0.4138 0.0000 0.0613 0.0350 0.0286 0.0172 	11
5:	0.1449 0.3276 0.0000 0.0641 0.0000 0.0126 0.1667 0.0067 0.1151 0.0940 0.0684 	6
6:	0.0169 0.4718 0.0527 0.0075 0.3207 0.0107 0.0020 0.0011 0.0461 0.0315 0.0391 	17
7:	0.1835 0.0000 0.0000 0.5000 0.0000 0.0000 0.0000 0.0000 0.0000 0.0000 0.3165 	1
8:	0.0000 0.0000 0.0427 0.3700 0.0000 0.2481 0.0000 0.0000 0.0338 0.0722 0.2332 	1
9:	0.0000 0.0000 1.0000 0.0000 0.0000 0.0000 0.0000 0.0000 0.0000 0.0000 0.0000 	1
10:	0.1146 0.0000 0.1279 0.3054 0.0000 0.2912 0.0000 0.0300 0.0360 0.0622 0.0326 	1
11:	0.0549 0.0000 0.2263 0.1014 0.0000 0.1249 0.0000 0.1250 0.0193 0.0701 0.2782 	2
12:	0.1705 0.0000 0.0981 0.1722 0.1250 0.0988 0.0000 0.0047 0.2319 0.0398 0.0588 	8
13:	0.1082 0.0000 0.0000 0.3918 0.0000 0.1327 0.0000 0.0000 0.0000 0.0000 0.3673 	1
