
Using the parameter settings in the file: 
''1763151071/clumpp.paramfile''

Parameter settings
----------------------- Main parameters -------------------------
DATATYPE = 0
INDFILE = 1763151071/ClumppIndFile
POPFILE = 
OUTFILE = 1763151071/ClumppIndFile.output
MISCFILE = 1763151071/ClumppIndFile.misc
K = 16
C = 114
R = 50
M = 3
W = 0
S = 2
- Additional options for the Greedy and LargeKGreedy algorithms -
GREEDY_OPTION = 2
REPEATS = 2000
PERMUTATIONFILE = 
----------------------- Optional outputs ------------------------
PRINT_PERMUTED_DATA = 0
PERMUTED_DATAFILE = 
PRINT_EVERY_PERM = 0
EVERY_PERMFILE = 
PRINT_RANDOM_INPUTORDER = 0
RANDOM_INPUTORDERFILE = 
----------------------- Advanced options ------------------------
OVERRIDE_WARNINGS = 0
ORDER_BY_RUN = 1


In total, 2000 configurations of runs and clusters will be tested.

Results
------------------------------
The highest value of H' is: 0.43744484206267

The list of permutations of the clusters that produces that
H' value is (runs are listed sequentially on separate rows)

1 2 3 4 5 6 7 8 9 10 11 12 13 14 15 16 
11 6 3 2 8 4 9 12 13 7 5 1 10 15 14 16 
4 6 2 9 13 15 11 8 7 3 16 10 1 12 5 14 
14 4 5 3 6 8 2 7 10 9 13 12 1 15 16 11 
5 9 15 4 11 1 14 16 12 7 10 8 2 3 13 6 
2 16 9 12 8 4 11 10 7 14 15 3 6 13 5 1 
15 5 12 8 14 6 1 4 7 10 3 2 16 13 11 9 
11 8 16 2 4 3 15 7 14 1 6 13 5 9 12 10 
8 5 11 14 12 4 16 1 6 9 15 3 2 10 7 13 
12 2 11 14 9 3 4 16 1 8 13 15 6 10 5 7 
10 1 12 4 7 8 5 6 3 16 14 9 2 13 15 11 
5 15 11 1 6 8 4 7 3 9 10 13 14 16 2 12 
5 1 2 9 4 3 11 7 10 8 6 12 13 16 15 14 
15 13 10 8 9 12 3 1 7 6 4 14 2 11 16 5 
9 7 12 8 10 11 4 6 5 14 3 2 16 15 1 13 
1 6 2 5 9 8 4 10 7 13 3 11 12 14 15 16 
15 2 5 11 3 6 10 13 8 12 14 1 7 4 16 9 
5 7 2 3 6 8 12 9 11 13 14 16 15 10 4 1 
9 2 13 14 16 5 1 15 7 10 12 4 6 11 3 8 
13 1 14 4 5 8 7 9 15 11 16 2 6 12 10 3 
3 7 8 5 9 4 10 2 15 16 12 14 1 6 13 11 
13 12 2 10 8 3 4 14 16 15 9 5 11 6 1 7 
12 8 5 7 13 1 16 11 9 2 6 3 10 15 4 14 
12 4 10 5 2 16 15 8 1 13 9 6 14 11 7 3 
16 2 10 5 14 11 3 13 8 4 15 6 1 9 12 7 
5 15 10 16 2 12 13 4 7 3 1 6 14 9 11 8 
11 2 14 13 15 7 3 12 1 5 9 16 8 6 4 10 
15 13 9 16 4 1 11 2 7 12 14 3 8 10 5 6 
14 10 8 2 9 15 5 4 3 6 13 12 7 1 16 11 
16 3 2 11 6 5 12 15 1 10 9 8 13 7 14 4 
8 15 2 7 13 4 11 5 3 1 9 16 12 14 10 6 
8 3 2 16 7 4 6 11 12 1 9 14 5 13 10 15 
14 12 9 4 7 8 13 5 1 15 3 11 2 10 6 16 
7 10 4 1 16 9 8 5 13 2 3 12 14 11 15 6 
4 9 7 13 16 11 10 12 5 2 6 14 15 8 1 3 
13 16 4 7 6 3 10 1 15 14 11 8 9 12 5 2 
11 8 2 15 5 4 9 13 10 3 16 1 7 6 14 12 
1 16 5 12 2 4 9 13 7 14 6 11 3 8 10 15 
16 11 10 12 1 4 14 13 9 3 7 15 5 6 8 2 
10 2 15 8 14 1 3 12 5 7 6 9 4 13 11 16 
8 9 2 3 12 7 15 13 5 4 11 1 14 6 16 10 
6 13 9 5 16 11 4 12 8 3 2 14 7 10 15 1 
7 8 9 10 3 13 2 16 15 4 5 1 6 14 12 11 
3 15 14 11 8 10 12 4 1 6 13 9 16 5 7 2 
1 8 5 15 6 3 16 11 4 13 7 12 10 14 9 2 
1 8 3 4 9 14 6 2 11 5 15 16 10 7 13 12 
14 2 7 1 13 12 8 6 9 5 10 4 3 15 11 16 
13 1 10 11 5 9 2 7 8 3 12 15 6 16 14 4 
6 16 9 5 2 10 7 4 13 8 3 15 1 12 11 14 
6 10 11 16 9 13 1 5 15 12 8 4 2 14 7 3 

The pairwise G' values for each pair of runs where the clusters
of each run are permuted according to the list of permutations above

1.0000 0.3981 0.4738 0.4997 0.4465 0.4065 0.4448 0.4615 0.4195 0.4104 0.3976 0.4180 0.4612 0.4118 0.4351 0.4553 0.4009 0.3535 0.4480 0.4394 0.4376 0.4299 0.4630 0.4120 0.4354 0.4074 0.4834 0.4726 0.4053 0.4245 0.4072 0.4428 0.3683 0.4259 0.4449 0.4359 0.3744 0.4119 0.3989 0.4385 0.4437 0.4661 0.4746 0.4554 0.4589 0.5290 0.3794 0.4182 0.4544 0.4928 
0.3981 1.0000 0.3878 0.4389 0.3797 0.4283 0.4353 0.4277 0.3572 0.4760 0.4248 0.4903 0.4139 0.4289 0.4396 0.3881 0.4451 0.4461 0.4150 0.4333 0.3697 0.4378 0.4303 0.5034 0.3821 0.3668 0.4419 0.3876 0.3562 0.4089 0.5207 0.4588 0.4486 0.4224 0.4786 0.4000 0.4162 0.4124 0.4217 0.4455 0.3788 0.4493 0.3725 0.4610 0.3890 0.4070 0.4630 0.3802 0.3967 0.4226 
0.4738 0.3878 1.0000 0.4704 0.4590 0.3693 0.4127 0.4951 0.4083 0.3706 0.3881 0.3724 0.4027 0.4466 0.4234 0.4321 0.3434 0.3390 0.4219 0.4109 0.4092 0.3867 0.4522 0.4701 0.3687 0.3843 0.4384 0.4466 0.3995 0.3962 0.4182 0.4674 0.3948 0.4169 0.3791 0.4125 0.3823 0.4195 0.3939 0.4130 0.4326 0.4724 0.4551 0.4454 0.3912 0.4980 0.4007 0.4714 0.4176 0.4437 
0.4997 0.4389 0.4704 1.0000 0.4824 0.4068 0.4468 0.4860 0.4182 0.4236 0.4415 0.4594 0.4957 0.5009 0.5331 0.5462 0.4309 0.3549 0.5417 0.5009 0.4550 0.4256 0.5396 0.4928 0.4851 0.4748 0.4423 0.4530 0.4259 0.3992 0.4576 0.4206 0.4445 0.4480 0.4407 0.5129 0.3797 0.4168 0.4672 0.4125 0.4822 0.5613 0.5358 0.4480 0.5261 0.5341 0.4205 0.5759 0.5768 0.5034 
0.4465 0.3797 0.4590 0.4824 1.0000 0.4433 0.4173 0.5111 0.4057 0.3634 0.4760 0.4103 0.4912 0.4676 0.4139 0.4985 0.3442 0.3812 0.4813 0.5144 0.4658 0.4183 0.4712 0.4355 0.4541 0.4812 0.4407 0.4412 0.4185 0.4199 0.4037 0.4148 0.3932 0.4704 0.4181 0.4278 0.3910 0.4481 0.4438 0.3974 0.4693 0.5031 0.5822 0.3882 0.4562 0.4721 0.4296 0.4603 0.5225 0.4609 
0.4065 0.4283 0.3693 0.4068 0.4433 1.0000 0.4908 0.3815 0.3684 0.4177 0.4529 0.4335 0.4022 0.3974 0.3846 0.4218 0.3697 0.4181 0.4053 0.4428 0.3905 0.4336 0.4270 0.4514 0.4519 0.4170 0.4825 0.3933 0.3346 0.4490 0.4589 0.4461 0.4792 0.4746 0.4214 0.3820 0.4281 0.4576 0.4156 0.3982 0.3943 0.4078 0.4582 0.4163 0.4144 0.3796 0.4655 0.3468 0.4167 0.3965 
0.4448 0.4353 0.4127 0.4468 0.4173 0.4908 1.0000 0.4245 0.4415 0.4659 0.4652 0.4313 0.3737 0.3819 0.4212 0.4141 0.4026 0.3746 0.3907 0.4012 0.3763 0.4585 0.4505 0.4729 0.4522 0.4179 0.4807 0.4521 0.3559 0.4571 0.4478 0.4730 0.4484 0.4634 0.4312 0.4020 0.4016 0.4696 0.4233 0.4552 0.3923 0.4419 0.4463 0.4934 0.3779 0.4349 0.4510 0.3929 0.4521 0.4415 
0.4615 0.4277 0.4951 0.4860 0.5111 0.3815 0.4245 1.0000 0.4137 0.4215 0.4207 0.4779 0.4854 0.4697 0.4497 0.4591 0.3504 0.3812 0.5234 0.5175 0.4876 0.4299 0.4692 0.4621 0.4308 0.5041 0.4575 0.5970 0.4819 0.3881 0.4335 0.4652 0.4006 0.4559 0.4040 0.5081 0.4359 0.4659 0.4918 0.4177 0.4597 0.5477 0.5282 0.4608 0.4601 0.5276 0.4676 0.4833 0.4929 0.4899 
0.4195 0.3572 0.4083 0.4182 0.4057 0.3684 0.4415 0.4137 1.0000 0.3943 0.4130 0.4074 0.3793 0.4113 0.4136 0.4011 0.4050 0.3286 0.3658 0.3801 0.3683 0.3972 0.4459 0.4055 0.4115 0.4127 0.4675 0.3993 0.3776 0.4322 0.4032 0.4137 0.3709 0.4211 0.4328 0.3959 0.3438 0.4246 0.3767 0.4226 0.4184 0.4182 0.4288 0.4276 0.4326 0.4555 0.3922 0.3840 0.4269 0.4085 
0.4104 0.4760 0.3706 0.4236 0.3634 0.4177 0.4659 0.4215 0.3943 1.0000 0.4276 0.4794 0.4498 0.4310 0.4228 0.4479 0.4585 0.3652 0.4241 0.4314 0.3665 0.4631 0.3873 0.4695 0.4503 0.4520 0.4442 0.4277 0.3782 0.4288 0.4662 0.4347 0.4013 0.4475 0.4729 0.4360 0.4643 0.4940 0.4469 0.4525 0.3639 0.4280 0.4038 0.4597 0.4274 0.4074 0.4064 0.3851 0.4286 0.4133 
0.3976 0.4248 0.3881 0.4415 0.4760 0.4529 0.4652 0.4207 0.4130 0.4276 1.0000 0.3915 0.4407 0.3944 0.3858 0.4236 0.3922 0.4214 0.4153 0.4704 0.4256 0.4171 0.4253 0.4631 0.4237 0.4292 0.4282 0.3856 0.3479 0.4215 0.4944 0.4641 0.4040 0.5693 0.4362 0.3714 0.4270 0.4421 0.4357 0.4350 0.3892 0.4465 0.4569 0.4179 0.4071 0.4000 0.4628 0.4190 0.4303 0.4308 
0.4180 0.4903 0.3724 0.4594 0.4103 0.4335 0.4313 0.4779 0.4074 0.4794 0.3915 1.0000 0.4162 0.4655 0.4800 0.4602 0.4432 0.3715 0.4461 0.4554 0.3889 0.4365 0.4580 0.4865 0.4596 0.4173 0.5152 0.4526 0.4375 0.4217 0.4127 0.4466 0.4871 0.4279 0.4563 0.4326 0.4311 0.4123 0.4537 0.4282 0.4265 0.4891 0.4399 0.4423 0.4685 0.4144 0.4515 0.3945 0.4632 0.4323 
0.4612 0.4139 0.4027 0.4957 0.4912 0.4022 0.3737 0.4854 0.3793 0.4498 0.4407 0.4162 1.0000 0.4222 0.4117 0.4908 0.4034 0.3629 0.5480 0.5830 0.4408 0.4582 0.4374 0.4632 0.4764 0.5380 0.4198 0.4309 0.4270 0.3639 0.4133 0.3805 0.3670 0.4708 0.4396 0.4400 0.4496 0.4441 0.5162 0.3940 0.4411 0.4514 0.5440 0.4037 0.4787 0.4753 0.4313 0.4183 0.4878 0.5022 
0.4118 0.4289 0.4466 0.5009 0.4676 0.3974 0.3819 0.4697 0.4113 0.4310 0.3944 0.4655 0.4222 1.0000 0.4791 0.4205 0.4257 0.3481 0.4429 0.4215 0.4555 0.4219 0.4651 0.4208 0.3703 0.4196 0.4300 0.4574 0.3854 0.4184 0.4626 0.3965 0.4056 0.4296 0.4112 0.4601 0.3813 0.3896 0.3788 0.3914 0.4237 0.4544 0.4873 0.3953 0.5020 0.4477 0.3824 0.4724 0.4373 0.4126 
0.4351 0.4396 0.4234 0.5331 0.4139 0.3846 0.4212 0.4497 0.4136 0.4228 0.3858 0.4800 0.4117 0.4791 1.0000 0.4513 0.3931 0.3497 0.4937 0.4398 0.4161 0.3949 0.5290 0.4150 0.4194 0.4292 0.4218 0.4438 0.4228 0.4273 0.4785 0.3778 0.4201 0.3851 0.3743 0.4617 0.3430 0.3708 0.4152 0.3932 0.4207 0.4586 0.4503 0.4320 0.4812 0.4256 0.3665 0.4834 0.4543 0.4612 
0.4553 0.3881 0.4321 0.5462 0.4985 0.4218 0.4141 0.4591 0.4011 0.4479 0.4236 0.4602 0.4908 0.4205 0.4513 1.0000 0.4074 0.3645 0.4979 0.4986 0.4327 0.4228 0.4916 0.5406 0.5109 0.4788 0.4305 0.4256 0.4082 0.3838 0.3979 0.4336 0.4436 0.4393 0.4038 0.4567 0.4085 0.4362 0.4584 0.4075 0.4773 0.5015 0.5665 0.3975 0.4968 0.5281 0.4242 0.5030 0.5511 0.4583 
0.4009 0.4451 0.3434 0.4309 0.3442 0.3697 0.4026 0.3504 0.4050 0.4585 0.3922 0.4432 0.4034 0.4257 0.3931 0.4074 1.0000 0.3922 0.3809 0.4239 0.3876 0.4472 0.4366 0.4626 0.3865 0.3938 0.4337 0.3465 0.4371 0.4256 0.4508 0.4300 0.4343 0.4295 0.4993 0.4042 0.4067 0.4225 0.3921 0.5052 0.3906 0.4011 0.3902 0.4187 0.4811 0.3972 0.4176 0.3742 0.3796 0.3964 
0.3535 0.4461 0.3390 0.3549 0.3812 0.4181 0.3746 0.3812 0.3286 0.3652 0.4214 0.3715 0.3629 0.3481 0.3497 0.3645 0.3922 1.0000 0.3788 0.4358 0.3687 0.3897 0.3754 0.4300 0.3520 0.3440 0.3813 0.3455 0.3452 0.3716 0.4410 0.3887 0.3987 0.4178 0.3965 0.3280 0.3885 0.4270 0.3971 0.4190 0.3498 0.3762 0.3739 0.4009 0.3331 0.3604 0.4226 0.3462 0.3554 0.4005 
0.4480 0.4150 0.4219 0.5417 0.4813 0.4053 0.3907 0.5234 0.3658 0.4241 0.4153 0.4461 0.5480 0.4429 0.4937 0.4979 0.3809 0.3788 1.0000 0.6125 0.5114 0.4488 0.4944 0.4512 0.4461 0.5151 0.4355 0.4378 0.4503 0.3668 0.4111 0.4099 0.3963 0.4516 0.3996 0.4718 0.3999 0.4520 0.5510 0.4331 0.5000 0.4905 0.5121 0.4618 0.4488 0.4668 0.4387 0.4675 0.4926 0.5014 
0.4394 0.4333 0.4109 0.5009 0.5144 0.4428 0.4012 0.5175 0.3801 0.4314 0.4704 0.4554 0.5830 0.4215 0.4398 0.4986 0.4239 0.4358 0.6125 1.0000 0.5204 0.4659 0.4812 0.4690 0.4745 0.5597 0.4720 0.4308 0.5084 0.3992 0.4424 0.4117 0.4089 0.4853 0.4273 0.4637 0.4514 0.5050 0.5858 0.4645 0.4812 0.4799 0.5259 0.4462 0.4528 0.4584 0.4889 0.4470 0.4955 0.5087 
0.4376 0.3697 0.4092 0.4550 0.4658 0.3905 0.3763 0.4876 0.3683 0.3665 0.4256 0.3889 0.4408 0.4555 0.4161 0.4327 0.3876 0.3687 0.5114 0.5204 1.0000 0.3953 0.4700 0.4017 0.4294 0.4533 0.4357 0.4159 0.4390 0.3954 0.4188 0.3972 0.3665 0.4521 0.3765 0.5088 0.3496 0.4774 0.4261 0.4563 0.4591 0.4488 0.5478 0.4006 0.4287 0.4895 0.4056 0.4306 0.4210 0.4161 
0.4299 0.4378 0.3867 0.4256 0.4183 0.4336 0.4585 0.4299 0.3972 0.4631 0.4171 0.4365 0.4582 0.4219 0.3949 0.4228 0.4472 0.3897 0.4488 0.4659 0.3953 1.0000 0.3847 0.4466 0.4907 0.4262 0.4845 0.4708 0.3724 0.4917 0.4559 0.5053 0.4663 0.5228 0.4347 0.4092 0.4392 0.5341 0.4797 0.4783 0.4214 0.4061 0.4124 0.5088 0.4265 0.4581 0.4588 0.3893 0.4191 0.4994 
0.4630 0.4303 0.4522 0.5396 0.4712 0.4270 0.4505 0.4692 0.4459 0.3873 0.4253 0.4580 0.4374 0.4651 0.5290 0.4916 0.4366 0.3754 0.4944 0.4812 0.4700 0.3847 1.0000 0.4694 0.4507 0.4474 0.4420 0.4274 0.4498 0.4100 0.4421 0.4011 0.4733 0.4537 0.4302 0.4519 0.3809 0.3931 0.4031 0.4218 0.4716 0.4883 0.5234 0.4067 0.5135 0.4713 0.4625 0.4811 0.4911 0.4675 
0.4120 0.5034 0.4701 0.4928 0.4355 0.4514 0.4729 0.4621 0.4055 0.4695 0.4631 0.4865 0.4632 0.4208 0.4150 0.5406 0.4626 0.4300 0.4512 0.4690 0.4017 0.4466 0.4694 1.0000 0.4447 0.4474 0.4593 0.4175 0.3769 0.4282 0.4871 0.4847 0.5015 0.4893 0.4695 0.4526 0.4844 0.5031 0.4750 0.4814 0.4197 0.4795 0.4770 0.4566 0.3969 0.4737 0.4716 0.4522 0.4681 0.4552 
0.4354 0.3821 0.3687 0.4851 0.4541 0.4519 0.4522 0.4308 0.4115 0.4503 0.4237 0.4596 0.4764 0.3703 0.4194 0.5109 0.3865 0.3520 0.4461 0.4745 0.4294 0.4907 0.4507 0.4447 1.0000 0.4862 0.4134 0.4316 0.3924 0.4134 0.4011 0.4143 0.4286 0.4830 0.4388 0.4593 0.4252 0.4778 0.4374 0.4170 0.4011 0.4333 0.5169 0.4804 0.4637 0.4881 0.4113 0.4306 0.5306 0.4945 
0.4074 0.3668 0.3843 0.4748 0.4812 0.4170 0.4179 0.5041 0.4127 0.4520 0.4292 0.4173 0.5380 0.4196 0.4292 0.4788 0.3938 0.3440 0.5151 0.5597 0.4533 0.4262 0.4474 0.4474 0.4862 1.0000 0.4143 0.4391 0.4253 0.3783 0.4098 0.3878 0.3687 0.4703 0.4187 0.4986 0.4267 0.4762 0.4923 0.4153 0.4934 0.4192 0.5209 0.4323 0.4563 0.4346 0.4236 0.4107 0.5031 0.4276 
0.4834 0.4419 0.4384 0.4423 0.4407 0.4825 0.4807 0.4575 0.4675 0.4442 0.4282 0.5152 0.4198 0.4300 0.4218 0.4305 0.4337 0.3813 0.4355 0.4720 0.4357 0.4845 0.4420 0.4593 0.4134 0.4143 1.0000 0.4523 0.3991 0.5439 0.4289 0.5113 0.4551 0.4909 0.4362 0.4223 0.4153 0.4951 0.4709 0.4780 0.4447 0.4592 0.4558 0.4804 0.4355 0.4665 0.4521 0.3904 0.4278 0.4411 
0.4726 0.3876 0.4466 0.4530 0.4412 0.3933 0.4521 0.5970 0.3993 0.4277 0.3856 0.4526 0.4309 0.4574 0.4438 0.4256 0.3465 0.3455 0.4378 0.4308 0.4159 0.4708 0.4274 0.4175 0.4316 0.4391 0.4523 1.0000 0.4057 0.4372 0.4364 0.4537 0.4020 0.4727 0.3975 0.5047 0.4464 0.4450 0.4311 0.3972 0.4281 0.4589 0.4870 0.4159 0.4280 0.4795 0.4177 0.4624 0.4833 0.4532 
0.4053 0.3562 0.3995 0.4259 0.4185 0.3346 0.3559 0.4819 0.3776 0.3782 0.3479 0.4375 0.4270 0.3854 0.4228 0.4082 0.4371 0.3452 0.4503 0.5084 0.4390 0.3724 0.4498 0.3769 0.3924 0.4253 0.3991 0.4057 1.0000 0.3501 0.3599 0.3628 0.4071 0.3638 0.3923 0.4046 0.3497 0.3563 0.4750 0.4377 0.4299 0.4630 0.4540 0.3792 0.4726 0.4212 0.4002 0.4127 0.4191 0.4241 
0.4245 0.4089 0.3962 0.3992 0.4199 0.4490 0.4571 0.3881 0.4322 0.4288 0.4215 0.4217 0.3639 0.4184 0.4273 0.3838 0.4256 0.3716 0.3668 0.3992 0.3954 0.4917 0.4100 0.4282 0.4134 0.3783 0.5439 0.4372 0.3501 1.0000 0.4703 0.4956 0.4437 0.5287 0.4238 0.4187 0.4325 0.5057 0.3885 0.4386 0.4142 0.4007 0.4017 0.4583 0.4074 0.4238 0.4135 0.3898 0.3849 0.4245 
0.4072 0.5207 0.4182 0.4576 0.4037 0.4589 0.4478 0.4335 0.4032 0.4662 0.4944 0.4127 0.4133 0.4626 0.4785 0.3979 0.4508 0.4410 0.4111 0.4424 0.4188 0.4559 0.4421 0.4871 0.4011 0.4098 0.4289 0.4364 0.3599 0.4703 1.0000 0.4681 0.4625 0.5272 0.4599 0.4677 0.4143 0.4637 0.4026 0.4321 0.3917 0.4210 0.3963 0.4591 0.4026 0.4393 0.4181 0.4623 0.4276 0.4286 
0.4428 0.4588 0.4674 0.4206 0.4148 0.4461 0.4730 0.4652 0.4137 0.4347 0.4641 0.4466 0.3805 0.3965 0.3778 0.4336 0.4300 0.3887 0.4099 0.4117 0.3972 0.5053 0.4011 0.4847 0.4143 0.3878 0.5113 0.4537 0.3628 0.4956 0.4681 1.0000 0.4607 0.5173 0.4373 0.4148 0.4335 0.4675 0.4223 0.5203 0.4381 0.4367 0.4198 0.5046 0.3880 0.4449 0.4770 0.3911 0.4154 0.4320 
0.3683 0.4486 0.3948 0.4445 0.3932 0.4792 0.4484 0.4006 0.3709 0.4013 0.4040 0.4871 0.3670 0.4056 0.4201 0.4436 0.4343 0.3987 0.3963 0.4089 0.3665 0.4663 0.4733 0.5015 0.4286 0.3687 0.4551 0.4020 0.4071 0.4437 0.4625 0.4607 1.0000 0.4730 0.4002 0.3661 0.4185 0.4218 0.4182 0.4079 0.3887 0.4363 0.4051 0.4487 0.4168 0.3837 0.4380 0.3950 0.4417 0.4125 
0.4259 0.4224 0.4169 0.4480 0.4704 0.4746 0.4634 0.4559 0.4211 0.4475 0.5693 0.4279 0.4708 0.4296 0.3851 0.4393 0.4295 0.4178 0.4516 0.4853 0.4521 0.5228 0.4537 0.4893 0.4830 0.4703 0.4909 0.4727 0.3638 0.5287 0.5272 0.5173 0.4730 1.0000 0.4716 0.4186 0.4947 0.5399 0.4593 0.4561 0.4416 0.4385 0.4697 0.4552 0.4261 0.4474 0.4884 0.4370 0.4645 0.4448 
0.4449 0.4786 0.3791 0.4407 0.4181 0.4214 0.4312 0.4040 0.4328 0.4729 0.4362 0.4563 0.4396 0.4112 0.3743 0.4038 0.4993 0.3965 0.3996 0.4273 0.3765 0.4347 0.4302 0.4695 0.4388 0.4187 0.4362 0.3975 0.3923 0.4238 0.4599 0.4373 0.4002 0.4716 1.0000 0.3763 0.4646 0.4448 0.4155 0.4782 0.3834 0.4054 0.4484 0.4336 0.4630 0.4194 0.4240 0.3907 0.4507 0.4266 
0.4359 0.4000 0.4125 0.5129 0.4278 0.3820 0.4020 0.5081 0.3959 0.4360 0.3714 0.4326 0.4400 0.4601 0.4617 0.4567 0.4042 0.3280 0.4718 0.4637 0.5088 0.4092 0.4519 0.4526 0.4593 0.4986 0.4223 0.5047 0.4046 0.4187 0.4677 0.4148 0.3661 0.4186 0.3763 1.0000 0.3497 0.4802 0.4018 0.4164 0.4655 0.4525 0.4877 0.4123 0.4372 0.5116 0.3748 0.4851 0.4933 0.4244 
0.3744 0.4162 0.3823 0.3797 0.3910 0.4281 0.4016 0.4359 0.3438 0.4643 0.4270 0.4311 0.4496 0.3813 0.3430 0.4085 0.4067 0.3885 0.3999 0.4514 0.3496 0.4392 0.3809 0.4844 0.4252 0.4267 0.4153 0.4464 0.3497 0.4325 0.4143 0.4335 0.4185 0.4947 0.4646 0.3497 1.0000 0.4431 0.4319 0.3850 0.3647 0.3863 0.4181 0.4074 0.3799 0.3813 0.4487 0.3376 0.4059 0.3913 
0.4119 0.4124 0.4195 0.4168 0.4481 0.4576 0.4696 0.4659 0.4246 0.4940 0.4421 0.4123 0.4441 0.3896 0.3708 0.4362 0.4225 0.4270 0.4520 0.5050 0.4774 0.5341 0.3931 0.5031 0.4778 0.4762 0.4951 0.4450 0.3563 0.5057 0.4637 0.4675 0.4218 0.5399 0.4448 0.4802 0.4431 1.0000 0.4913 0.4964 0.4138 0.4135 0.4569 0.5059 0.3656 0.4355 0.4394 0.3953 0.4458 0.4452 
0.3989 0.4217 0.3939 0.4672 0.4438 0.4156 0.4233 0.4918 0.3767 0.4469 0.4357 0.4537 0.5162 0.3788 0.4152 0.4584 0.3921 0.3971 0.5510 0.5858 0.4261 0.4797 0.4031 0.4750 0.4374 0.4923 0.4709 0.4311 0.4750 0.3885 0.4026 0.4223 0.4182 0.4593 0.4155 0.4018 0.4319 0.4913 1.0000 0.4660 0.4435 0.4841 0.4638 0.4776 0.4094 0.4281 0.4800 0.4289 0.4408 0.4882 
0.4385 0.4455 0.4130 0.4125 0.3974 0.3982 0.4552 0.4177 0.4226 0.4525 0.4350 0.4282 0.3940 0.3914 0.3932 0.4075 0.5052 0.4190 0.4331 0.4645 0.4563 0.4783 0.4218 0.4814 0.4170 0.4153 0.4780 0.3972 0.4377 0.4386 0.4321 0.5203 0.4079 0.4561 0.4782 0.4164 0.3850 0.4964 0.4660 1.0000 0.4439 0.4154 0.4474 0.4884 0.3809 0.4355 0.4478 0.4141 0.3901 0.4522 
0.4437 0.3788 0.4326 0.4822 0.4693 0.3943 0.3923 0.4597 0.4184 0.3639 0.3892 0.4265 0.4411 0.4237 0.4207 0.4773 0.3906 0.3498 0.5000 0.4812 0.4591 0.4214 0.4716 0.4197 0.4011 0.4934 0.4447 0.4281 0.4299 0.4142 0.3917 0.4381 0.3887 0.4416 0.3834 0.4655 0.3647 0.4138 0.4435 0.4439 1.0000 0.4503 0.4914 0.4307 0.4605 0.4963 0.4491 0.4519 0.4622 0.4133 
0.4661 0.4493 0.4724 0.5613 0.5031 0.4078 0.4419 0.5477 0.4182 0.4280 0.4465 0.4891 0.4514 0.4544 0.4586 0.5015 0.4011 0.3762 0.4905 0.4799 0.4488 0.4061 0.4883 0.4795 0.4333 0.4192 0.4592 0.4589 0.4630 0.4007 0.4210 0.4367 0.4363 0.4385 0.4054 0.4525 0.3863 0.4135 0.4841 0.4154 0.4503 1.0000 0.4919 0.4255 0.4790 0.5056 0.4708 0.5156 0.5394 0.4726 
0.4746 0.3725 0.4551 0.5358 0.5822 0.4582 0.4463 0.5282 0.4288 0.4038 0.4569 0.4399 0.5440 0.4873 0.4503 0.5665 0.3902 0.3739 0.5121 0.5259 0.5478 0.4124 0.5234 0.4770 0.5169 0.5209 0.4558 0.4870 0.4540 0.4017 0.3963 0.4198 0.4051 0.4697 0.4484 0.4877 0.4181 0.4569 0.4638 0.4474 0.4914 0.4919 1.0000 0.4126 0.5001 0.5058 0.4196 0.4976 0.5402 0.4586 
0.4554 0.4610 0.4454 0.4480 0.3882 0.4163 0.4934 0.4608 0.4276 0.4597 0.4179 0.4423 0.4037 0.3953 0.4320 0.3975 0.4187 0.4009 0.4618 0.4462 0.4006 0.5088 0.4067 0.4566 0.4804 0.4323 0.4804 0.4159 0.3792 0.4583 0.4591 0.5046 0.4487 0.4552 0.4336 0.4123 0.4074 0.5059 0.4776 0.4884 0.4307 0.4255 0.4126 1.0000 0.3976 0.4375 0.4351 0.3774 0.4409 0.4681 
0.4589 0.3890 0.3912 0.5261 0.4562 0.4144 0.3779 0.4601 0.4326 0.4274 0.4071 0.4685 0.4787 0.5020 0.4812 0.4968 0.4811 0.3331 0.4488 0.4528 0.4287 0.4265 0.5135 0.3969 0.4637 0.4563 0.4355 0.4280 0.4726 0.4074 0.4026 0.3880 0.4168 0.4261 0.4630 0.4372 0.3799 0.3656 0.4094 0.3809 0.4605 0.4790 0.5001 0.3976 1.0000 0.4874 0.4061 0.4571 0.4678 0.4459 
0.5290 0.4070 0.4980 0.5341 0.4721 0.3796 0.4349 0.5276 0.4555 0.4074 0.4000 0.4144 0.4753 0.4477 0.4256 0.5281 0.3972 0.3604 0.4668 0.4584 0.4895 0.4581 0.4713 0.4737 0.4881 0.4346 0.4665 0.4795 0.4212 0.4238 0.4393 0.4449 0.3837 0.4474 0.4194 0.5116 0.3813 0.4355 0.4281 0.4355 0.4963 0.5056 0.5058 0.4375 0.4874 1.0000 0.4299 0.4889 0.4928 0.5101 
0.3794 0.4630 0.4007 0.4205 0.4296 0.4655 0.4510 0.4676 0.3922 0.4064 0.4628 0.4515 0.4313 0.3824 0.3665 0.4242 0.4176 0.4226 0.4387 0.4889 0.4056 0.4588 0.4625 0.4716 0.4113 0.4236 0.4521 0.4177 0.4002 0.4135 0.4181 0.4770 0.4380 0.4884 0.4240 0.3748 0.4487 0.4394 0.4800 0.4478 0.4491 0.4708 0.4196 0.4351 0.4061 0.4299 1.0000 0.3880 0.4216 0.4558 
0.4182 0.3802 0.4714 0.5759 0.4603 0.3468 0.3929 0.4833 0.3840 0.3851 0.4190 0.3945 0.4183 0.4724 0.4834 0.5030 0.3742 0.3462 0.4675 0.4470 0.4306 0.3893 0.4811 0.4522 0.4306 0.4107 0.3904 0.4624 0.4127 0.3898 0.4623 0.3911 0.3950 0.4370 0.3907 0.4851 0.3376 0.3953 0.4289 0.4141 0.4519 0.5156 0.4976 0.3774 0.4571 0.4889 0.3880 1.0000 0.4643 0.4900 
0.4544 0.3967 0.4176 0.5768 0.5225 0.4167 0.4521 0.4929 0.4269 0.4286 0.4303 0.4632 0.4878 0.4373 0.4543 0.5511 0.3796 0.3554 0.4926 0.4955 0.4210 0.4191 0.4911 0.4681 0.5306 0.5031 0.4278 0.4833 0.4191 0.3849 0.4276 0.4154 0.4417 0.4645 0.4507 0.4933 0.4059 0.4458 0.4408 0.3901 0.4622 0.5394 0.5402 0.4409 0.4678 0.4928 0.4216 0.4643 1.0000 0.4580 
0.4928 0.4226 0.4437 0.5034 0.4609 0.3965 0.4415 0.4899 0.4085 0.4133 0.4308 0.4323 0.5022 0.4126 0.4612 0.4583 0.3964 0.4005 0.5014 0.5087 0.4161 0.4994 0.4675 0.4552 0.4945 0.4276 0.4411 0.4532 0.4241 0.4245 0.4286 0.4320 0.4125 0.4448 0.4266 0.4244 0.3913 0.4452 0.4882 0.4522 0.4133 0.4726 0.4586 0.4681 0.4459 0.5101 0.4558 0.4900 0.4580 1.0000 
