
Using the parameter settings in the file: 
''1763151118/clumpp.paramfile''

Parameter settings
----------------------- Main parameters -------------------------
DATATYPE = 0
INDFILE = 1763151118/ClumppIndFile
POPFILE = 
OUTFILE = 1763151118/ClumppIndFile.output
MISCFILE = 1763151118/ClumppIndFile.misc
K = 7
C = 105
R = 44
M = 3
W = 0
S = 2
- Additional options for the Greedy and LargeKGreedy algorithms -
GREEDY_OPTION = 2
REPEATS = 2000
PERMUTATIONFILE = 
----------------------- Optional outputs ------------------------
PRINT_PERMUTED_DATA = 0
PERMUTED_DATAFILE = 
PRINT_EVERY_PERM = 0
EVERY_PERMFILE = 
PRINT_RANDOM_INPUTORDER = 0
RANDOM_INPUTORDERFILE = 
----------------------- Advanced options ------------------------
OVERRIDE_WARNINGS = 0
ORDER_BY_RUN = 1


In total, 2000 configurations of runs and clusters will be tested.

Results
------------------------------
The highest value of H' is: 0.52039122511095

The list of permutations of the clusters that produces that
H' value is (runs are listed sequentially on separate rows)

1 2 3 4 5 6 7 
4 6 1 3 2 7 5 
7 1 5 6 3 2 4 
4 7 5 1 2 6 3 
1 3 4 2 5 7 6 
3 4 1 7 2 5 6 
1 4 6 2 3 7 5 
4 7 2 1 5 3 6 
2 3 5 4 1 6 7 
3 2 7 4 1 6 5 
1 3 2 6 5 4 7 
6 2 1 5 3 7 4 
7 3 4 6 2 5 1 
5 6 3 4 7 1 2 
2 7 3 4 6 1 5 
5 4 7 1 6 3 2 
5 6 4 2 7 1 3 
7 6 2 5 3 1 4 
1 3 2 5 4 7 6 
6 4 1 5 7 3 2 
6 3 1 7 2 5 4 
7 1 3 6 5 2 4 
2 6 5 4 3 7 1 
4 1 3 6 2 7 5 
5 6 3 4 1 7 2 
7 4 6 2 5 1 3 
1 6 2 7 3 4 5 
3 4 7 1 2 6 5 
1 7 2 6 3 5 4 
5 7 1 3 2 6 4 
7 2 5 6 3 1 4 
7 6 5 3 2 1 4 
6 4 1 3 2 7 5 
2 6 5 7 3 4 1 
6 5 3 4 7 2 1 
6 7 1 3 2 5 4 
1 2 5 4 7 3 6 
1 5 7 6 4 3 2 
3 7 5 1 6 4 2 
5 7 2 6 1 4 3 
6 3 7 5 1 2 4 
7 3 2 4 6 5 1 
6 1 3 4 2 5 7 
7 2 3 5 4 6 1 

The pairwise G' values for each pair of runs where the clusters
of each run are permuted according to the list of permutations above

1.0000 0.5387 0.5236 0.5363 0.5105 0.4560 0.5544 0.4813 0.5206 0.5367 0.4815 0.4840 0.5425 0.4836 0.4379 0.5729 0.5006 0.5130 0.5526 0.4953 0.5610 0.4993 0.4685 0.4780 0.5070 0.4841 0.4715 0.4718 0.6431 0.5283 0.5606 0.5446 0.5353 0.4573 0.4929 0.4876 0.5514 0.5693 0.4738 0.5174 0.5913 0.4599 0.4975 0.5351 
0.5387 1.0000 0.5382 0.5237 0.5001 0.5103 0.5400 0.4778 0.5189 0.5438 0.4954 0.4413 0.4679 0.5370 0.4157 0.5544 0.4919 0.4606 0.5058 0.5886 0.5025 0.5160 0.4764 0.5070 0.4721 0.4334 0.4836 0.4965 0.5681 0.5734 0.5390 0.5299 0.5325 0.4886 0.4520 0.4559 0.5846 0.5291 0.5347 0.4604 0.5242 0.5041 0.4485 0.6729 
0.5236 0.5382 1.0000 0.5600 0.4635 0.4715 0.5035 0.5196 0.5448 0.4635 0.4577 0.4135 0.4851 0.5621 0.4696 0.5683 0.4762 0.4777 0.5806 0.6704 0.5729 0.5320 0.5251 0.5031 0.5435 0.4836 0.5258 0.5092 0.5302 0.4813 0.4983 0.5203 0.6072 0.4600 0.4846 0.4534 0.4724 0.5224 0.4590 0.5143 0.5278 0.5036 0.4826 0.5875 
0.5363 0.5237 0.5600 1.0000 0.6112 0.5564 0.5033 0.6035 0.6762 0.5664 0.5460 0.5588 0.5970 0.5851 0.5421 0.4858 0.5095 0.5445 0.5444 0.5659 0.6281 0.7015 0.6275 0.6594 0.5289 0.5686 0.5640 0.6280 0.5142 0.6263 0.5071 0.5440 0.5734 0.5429 0.5604 0.5180 0.5434 0.5330 0.6091 0.5572 0.5344 0.6044 0.5233 0.5639 
0.5105 0.5001 0.4635 0.6112 1.0000 0.5419 0.4873 0.5807 0.5754 0.6228 0.6028 0.5494 0.5575 0.4857 0.5173 0.4975 0.5195 0.5962 0.5276 0.4684 0.5911 0.5438 0.6293 0.5407 0.4886 0.4899 0.6056 0.4944 0.4956 0.6223 0.5242 0.5197 0.5080 0.5424 0.4798 0.5521 0.5160 0.4947 0.5486 0.5077 0.4506 0.5124 0.4857 0.5477 
0.4560 0.5103 0.4715 0.5564 0.5419 1.0000 0.4858 0.5368 0.5478 0.5910 0.5480 0.5550 0.5273 0.4768 0.4571 0.4699 0.4865 0.4759 0.5155 0.4893 0.5427 0.5765 0.5386 0.5923 0.4561 0.5857 0.5190 0.5448 0.4381 0.5591 0.4813 0.5010 0.5216 0.5712 0.5674 0.4774 0.5149 0.4854 0.6444 0.4534 0.5195 0.4887 0.4877 0.5015 
0.5544 0.5400 0.5035 0.5033 0.4873 0.4858 1.0000 0.5043 0.4966 0.5046 0.4698 0.4706 0.5203 0.4947 0.4792 0.5854 0.5321 0.5528 0.5518 0.5047 0.4974 0.5335 0.4692 0.5144 0.4640 0.5047 0.4491 0.5625 0.5484 0.5277 0.5681 0.5364 0.4854 0.5280 0.4633 0.4857 0.4938 0.6446 0.5300 0.4772 0.5874 0.4963 0.4820 0.5200 
0.4813 0.4778 0.5196 0.6035 0.5807 0.5368 0.5043 1.0000 0.5802 0.5191 0.5242 0.5069 0.5408 0.5466 0.5066 0.4778 0.4956 0.5303 0.5049 0.4837 0.5713 0.5669 0.6046 0.5567 0.5662 0.5500 0.5454 0.4853 0.4939 0.5617 0.4939 0.4731 0.5172 0.4868 0.5182 0.5106 0.5045 0.5077 0.5080 0.5267 0.4610 0.4980 0.5215 0.5762 
0.5206 0.5189 0.5448 0.6762 0.5754 0.5478 0.4966 0.5802 1.0000 0.5769 0.5549 0.5372 0.5278 0.5640 0.5096 0.5196 0.5625 0.5417 0.6254 0.5423 0.5946 0.6406 0.6101 0.5882 0.6162 0.5728 0.5813 0.5628 0.5449 0.6321 0.5451 0.4997 0.6543 0.5354 0.6123 0.5100 0.5132 0.5263 0.5723 0.5792 0.5051 0.5937 0.5962 0.5879 
0.5367 0.5438 0.4635 0.5664 0.6228 0.5910 0.5046 0.5191 0.5769 1.0000 0.6259 0.6065 0.4945 0.4715 0.5140 0.5466 0.5073 0.5270 0.5617 0.4823 0.5640 0.5497 0.5397 0.5172 0.5369 0.4818 0.5203 0.4655 0.5283 0.6275 0.5706 0.5413 0.5140 0.5747 0.5313 0.5025 0.5571 0.4803 0.5693 0.4951 0.4671 0.4802 0.5766 0.5305 
0.4815 0.4954 0.4577 0.5460 0.6028 0.5480 0.4698 0.5242 0.5549 0.6259 1.0000 0.5806 0.4657 0.4978 0.5627 0.4659 0.5244 0.5109 0.5123 0.4457 0.5826 0.5338 0.5593 0.5378 0.5637 0.4825 0.5160 0.4525 0.4953 0.6130 0.5587 0.4610 0.4830 0.5681 0.5130 0.5628 0.5530 0.4871 0.5509 0.5021 0.4768 0.4880 0.5340 0.5186 
0.4840 0.4413 0.4135 0.5588 0.5494 0.5550 0.4706 0.5069 0.5372 0.6065 0.5806 1.0000 0.4974 0.4794 0.5249 0.4616 0.4817 0.4928 0.4868 0.4562 0.5374 0.5824 0.4930 0.5411 0.4792 0.5684 0.4884 0.5070 0.4319 0.5136 0.5049 0.4858 0.4642 0.5406 0.6021 0.4953 0.5103 0.4872 0.5923 0.5079 0.4525 0.4704 0.6502 0.4445 
0.5425 0.4679 0.4851 0.5970 0.5575 0.5273 0.5203 0.5408 0.5278 0.4945 0.4657 0.4974 1.0000 0.4890 0.4235 0.4487 0.4436 0.5182 0.5113 0.4763 0.5548 0.5198 0.5076 0.6193 0.4214 0.5760 0.5353 0.5255 0.4520 0.5085 0.4399 0.4413 0.5068 0.4777 0.5428 0.5547 0.4434 0.5413 0.5370 0.5314 0.5061 0.4916 0.4593 0.5051 
0.4836 0.5370 0.5621 0.5851 0.4857 0.4768 0.4947 0.5466 0.5640 0.4715 0.4978 0.4794 0.4890 1.0000 0.4526 0.5272 0.4755 0.4256 0.5329 0.5315 0.5695 0.5384 0.5421 0.5195 0.5442 0.5327 0.5050 0.5593 0.4843 0.5172 0.5099 0.4983 0.5193 0.4499 0.5441 0.4729 0.5058 0.5052 0.5085 0.5316 0.5088 0.5977 0.5389 0.5637 
0.4379 0.4157 0.4696 0.5421 0.5173 0.4571 0.4792 0.5066 0.5096 0.5140 0.5627 0.5249 0.4235 0.4526 1.0000 0.4351 0.4541 0.5423 0.4731 0.4667 0.5170 0.5384 0.5308 0.4904 0.5635 0.4565 0.4960 0.4700 0.4622 0.4957 0.4908 0.4792 0.4290 0.5549 0.4947 0.4903 0.4661 0.4618 0.4783 0.5198 0.4662 0.4551 0.5314 0.4282 
0.5729 0.5544 0.5683 0.4858 0.4975 0.4699 0.5854 0.4778 0.5196 0.5466 0.4659 0.4616 0.4487 0.5272 0.4351 1.0000 0.4934 0.4790 0.5739 0.5109 0.5611 0.4908 0.4931 0.4403 0.4976 0.4593 0.4754 0.4535 0.5631 0.5067 0.5563 0.5780 0.5101 0.4308 0.4529 0.4177 0.5371 0.5352 0.4590 0.4773 0.4895 0.4813 0.5161 0.5449 
0.5006 0.4919 0.4762 0.5095 0.5195 0.4865 0.5321 0.4956 0.5625 0.5073 0.5244 0.4817 0.4436 0.4755 0.4541 0.4934 1.0000 0.4939 0.5796 0.4697 0.4862 0.5095 0.4733 0.4900 0.4734 0.4622 0.4428 0.4935 0.5474 0.5452 0.5408 0.5065 0.5196 0.4753 0.4509 0.4974 0.5462 0.5369 0.4695 0.4828 0.5039 0.5343 0.4443 0.5397 
0.5130 0.4606 0.4777 0.5445 0.5962 0.4759 0.5528 0.5303 0.5417 0.5270 0.5109 0.4928 0.5182 0.4256 0.5423 0.4790 0.4939 1.0000 0.5150 0.4797 0.4722 0.5625 0.5240 0.5126 0.4922 0.4552 0.5370 0.4990 0.5117 0.5055 0.5062 0.4870 0.4995 0.5187 0.4834 0.5004 0.4964 0.5262 0.4953 0.5341 0.5031 0.4288 0.5050 0.4795 
0.5526 0.5058 0.5806 0.5444 0.5276 0.5155 0.5518 0.5049 0.6254 0.5617 0.5123 0.4868 0.5113 0.5329 0.4731 0.5739 0.5796 0.5150 1.0000 0.5404 0.5724 0.5065 0.5396 0.5165 0.5413 0.5267 0.5160 0.5701 0.5380 0.5342 0.5456 0.5657 0.6063 0.5008 0.5697 0.4952 0.5153 0.5804 0.5103 0.5323 0.5557 0.5755 0.5236 0.5490 
0.4953 0.5886 0.6704 0.5659 0.4684 0.4893 0.5047 0.4837 0.5423 0.4823 0.4457 0.4562 0.4763 0.5315 0.4667 0.5109 0.4697 0.4797 0.5404 1.0000 0.5054 0.5483 0.5037 0.5059 0.4859 0.4604 0.5107 0.5374 0.4844 0.4746 0.4987 0.5371 0.6060 0.5112 0.4996 0.4316 0.4965 0.4927 0.5010 0.5087 0.5003 0.4989 0.4811 0.5676 
0.5610 0.5025 0.5729 0.6281 0.5911 0.5427 0.4974 0.5713 0.5946 0.5640 0.5826 0.5374 0.5548 0.5695 0.5170 0.5611 0.4862 0.4722 0.5724 0.5054 1.0000 0.5525 0.5802 0.5516 0.5795 0.5881 0.5293 0.4888 0.5485 0.6203 0.5250 0.5088 0.5294 0.4985 0.5276 0.5435 0.4793 0.5310 0.5544 0.5343 0.4938 0.5304 0.5317 0.5318 
0.4993 0.5160 0.5320 0.7015 0.5438 0.5765 0.5335 0.5669 0.6406 0.5497 0.5338 0.5824 0.5198 0.5384 0.5384 0.4908 0.5095 0.5625 0.5065 0.5483 0.5525 1.0000 0.5710 0.6410 0.5177 0.5828 0.5271 0.6133 0.4823 0.5759 0.4900 0.4917 0.5442 0.5390 0.5314 0.4639 0.5271 0.5024 0.6107 0.5394 0.5232 0.5280 0.5749 0.5046 
0.4685 0.4764 0.5251 0.6275 0.6293 0.5386 0.4692 0.6046 0.6101 0.5397 0.5593 0.4930 0.5076 0.5421 0.5308 0.4931 0.4733 0.5240 0.5396 0.5037 0.5802 0.5710 1.0000 0.5626 0.5407 0.5230 0.6360 0.5210 0.4732 0.5612 0.5076 0.4847 0.5358 0.5137 0.4991 0.5175 0.4926 0.4975 0.5463 0.5476 0.4721 0.5291 0.5053 0.5435 
0.4780 0.5070 0.5031 0.6594 0.5407 0.5923 0.5144 0.5567 0.5882 0.5172 0.5378 0.5411 0.6193 0.5195 0.4904 0.4403 0.4900 0.5126 0.5165 0.5059 0.5516 0.6410 0.5626 1.0000 0.4598 0.5971 0.5549 0.6008 0.4532 0.5853 0.4798 0.4499 0.5334 0.5410 0.5459 0.5395 0.5024 0.5735 0.6743 0.4993 0.5570 0.5443 0.4912 0.5220 
0.5070 0.4721 0.5435 0.5289 0.4886 0.4561 0.4640 0.5662 0.6162 0.5369 0.5637 0.4792 0.4214 0.5442 0.5635 0.4976 0.4734 0.4922 0.5413 0.4859 0.5795 0.5177 0.5407 0.4598 1.0000 0.4905 0.5481 0.4226 0.5534 0.5465 0.5399 0.4671 0.5225 0.5156 0.5675 0.4910 0.4584 0.4897 0.4719 0.5493 0.4380 0.4826 0.6234 0.5159 
0.4841 0.4334 0.4836 0.5686 0.4899 0.5857 0.5047 0.5500 0.5728 0.4818 0.4825 0.5684 0.5760 0.5327 0.4565 0.4593 0.4622 0.4552 0.5267 0.4604 0.5881 0.5828 0.5230 0.5971 0.4905 1.0000 0.5043 0.5635 0.4377 0.4964 0.4693 0.4520 0.5405 0.5100 0.6042 0.5107 0.4278 0.5353 0.5723 0.5186 0.5107 0.4984 0.5797 0.4481 
0.4715 0.4836 0.5258 0.5640 0.6056 0.5190 0.4491 0.5454 0.5813 0.5203 0.5160 0.4884 0.5353 0.5050 0.4960 0.4754 0.4428 0.5370 0.5160 0.5107 0.5293 0.5271 0.6360 0.5549 0.5481 0.5043 1.0000 0.5002 0.4650 0.5381 0.5024 0.4837 0.5405 0.5256 0.5248 0.5228 0.4625 0.5082 0.5422 0.5353 0.4680 0.5186 0.5126 0.5263 
0.4718 0.4965 0.5092 0.6280 0.4944 0.5448 0.5625 0.4853 0.5628 0.4655 0.4525 0.5070 0.5255 0.5593 0.4700 0.4535 0.4935 0.4990 0.5701 0.5374 0.4888 0.6133 0.5210 0.6008 0.4226 0.5635 0.5002 1.0000 0.4146 0.4847 0.4801 0.5720 0.5436 0.5275 0.5303 0.4504 0.4760 0.5575 0.5970 0.4933 0.5865 0.5998 0.4730 0.5000 
0.6431 0.5681 0.5302 0.5142 0.4956 0.4381 0.5484 0.4939 0.5449 0.5283 0.4953 0.4319 0.4520 0.4843 0.4622 0.5631 0.5474 0.5117 0.5380 0.4844 0.5485 0.4823 0.4732 0.4532 0.5534 0.4377 0.4650 0.4146 1.0000 0.5568 0.5912 0.5611 0.5309 0.4658 0.4533 0.4791 0.5470 0.5411 0.4719 0.4857 0.5395 0.4614 0.4866 0.5426 
0.5283 0.5734 0.4813 0.6263 0.6223 0.5591 0.5277 0.5617 0.6321 0.6275 0.6130 0.5136 0.5085 0.5172 0.4957 0.5067 0.5452 0.5055 0.5342 0.4746 0.6203 0.5759 0.5612 0.5853 0.5465 0.4964 0.5381 0.4847 0.5568 1.0000 0.6116 0.4838 0.5355 0.5482 0.4844 0.5462 0.5556 0.5286 0.6265 0.4885 0.4938 0.5633 0.4954 0.5883 
0.5606 0.5390 0.4983 0.5071 0.5242 0.4813 0.5681 0.4939 0.5451 0.5706 0.5587 0.5049 0.4399 0.5099 0.4908 0.5563 0.5408 0.5062 0.5456 0.4987 0.5250 0.4900 0.5076 0.4798 0.5399 0.4693 0.5024 0.4801 0.5912 0.6116 1.0000 0.5913 0.5278 0.5527 0.4928 0.5367 0.5745 0.5623 0.5216 0.4833 0.5584 0.5034 0.5439 0.5320 
0.5446 0.5299 0.5203 0.5440 0.5197 0.5010 0.5364 0.4731 0.4997 0.5413 0.4610 0.4858 0.4413 0.4983 0.4792 0.5780 0.5065 0.4870 0.5657 0.5371 0.5088 0.4917 0.4847 0.4499 0.4671 0.4520 0.4837 0.5720 0.5611 0.4838 0.5913 1.0000 0.5126 0.5320 0.4834 0.4390 0.5282 0.5044 0.4931 0.4644 0.5500 0.5104 0.4892 0.4934 
0.5353 0.5325 0.6072 0.5734 0.5080 0.5216 0.4854 0.5172 0.6543 0.5140 0.4830 0.4642 0.5068 0.5193 0.4290 0.5101 0.5196 0.4995 0.6063 0.6060 0.5294 0.5442 0.5358 0.5334 0.5225 0.5405 0.5405 0.5436 0.5309 0.5355 0.5278 0.5126 1.0000 0.4897 0.5749 0.5000 0.4995 0.5209 0.5132 0.5397 0.5268 0.5477 0.5200 0.5745 
0.4573 0.4886 0.4600 0.5429 0.5424 0.5712 0.5280 0.4868 0.5354 0.5747 0.5681 0.5406 0.4777 0.4499 0.5549 0.4308 0.4753 0.5187 0.5008 0.5112 0.4985 0.5390 0.5137 0.5410 0.5156 0.5100 0.5256 0.5275 0.4658 0.5482 0.5527 0.5320 0.4897 1.0000 0.5313 0.5592 0.4636 0.5276 0.5851 0.4916 0.4990 0.4537 0.5481 0.4674 
0.4929 0.4520 0.4846 0.5604 0.4798 0.5674 0.4633 0.5182 0.6123 0.5313 0.5130 0.6021 0.5428 0.5441 0.4947 0.4529 0.4509 0.4834 0.5697 0.4996 0.5276 0.5314 0.4991 0.5459 0.5675 0.6042 0.5248 0.5303 0.4533 0.4844 0.4928 0.4834 0.5749 0.5313 1.0000 0.4870 0.4635 0.5140 0.5875 0.5639 0.5062 0.5298 0.6516 0.4853 
0.4876 0.4559 0.4534 0.5180 0.5521 0.4774 0.4857 0.5106 0.5100 0.5025 0.5628 0.4953 0.5547 0.4729 0.4903 0.4177 0.4974 0.5004 0.4952 0.4316 0.5435 0.4639 0.5175 0.5395 0.4910 0.5107 0.5228 0.4504 0.4791 0.5462 0.5367 0.4390 0.5000 0.5592 0.4870 1.0000 0.4552 0.5292 0.4783 0.5303 0.4877 0.4546 0.4753 0.4963 
0.5514 0.5846 0.4724 0.5434 0.5160 0.5149 0.4938 0.5045 0.5132 0.5571 0.5530 0.5103 0.4434 0.5058 0.4661 0.5371 0.5462 0.4964 0.5153 0.4965 0.4793 0.5271 0.4926 0.5024 0.4584 0.4278 0.4625 0.4760 0.5470 0.5556 0.5745 0.5282 0.4995 0.4636 0.4635 0.4552 1.0000 0.4896 0.5177 0.4347 0.5610 0.5112 0.4588 0.5455 
0.5693 0.5291 0.5224 0.5330 0.4947 0.4854 0.6446 0.5077 0.5263 0.4803 0.4871 0.4872 0.5413 0.5052 0.4618 0.5352 0.5369 0.5262 0.5804 0.4927 0.5310 0.5024 0.4975 0.5735 0.4897 0.5353 0.5082 0.5575 0.5411 0.5286 0.5623 0.5044 0.5209 0.5276 0.5140 0.5292 0.4896 1.0000 0.5595 0.4977 0.6606 0.5393 0.5017 0.5384 
0.4738 0.5347 0.4590 0.6091 0.5486 0.6444 0.5300 0.5080 0.5723 0.5693 0.5509 0.5923 0.5370 0.5085 0.4783 0.4590 0.4695 0.4953 0.5103 0.5010 0.5544 0.6107 0.5463 0.6743 0.4719 0.5723 0.5422 0.5970 0.4719 0.6265 0.5216 0.4931 0.5132 0.5851 0.5875 0.4783 0.5177 0.5595 1.0000 0.4703 0.5388 0.5333 0.5364 0.4941 
0.5174 0.4604 0.5143 0.5572 0.5077 0.4534 0.4772 0.5267 0.5792 0.4951 0.5021 0.5079 0.5314 0.5316 0.5198 0.4773 0.4828 0.5341 0.5323 0.5087 0.5343 0.5394 0.5476 0.4993 0.5493 0.5186 0.5353 0.4933 0.4857 0.4885 0.4833 0.4644 0.5397 0.4916 0.5639 0.5303 0.4347 0.4977 0.4703 1.0000 0.4623 0.4715 0.5597 0.5182 
0.5913 0.5242 0.5278 0.5344 0.4506 0.5195 0.5874 0.4610 0.5051 0.4671 0.4768 0.4525 0.5061 0.5088 0.4662 0.4895 0.5039 0.5031 0.5557 0.5003 0.4938 0.5232 0.4721 0.5570 0.4380 0.5107 0.4680 0.5865 0.5395 0.4938 0.5584 0.5500 0.5268 0.4990 0.5062 0.4877 0.5610 0.6606 0.5388 0.4623 1.0000 0.5224 0.4498 0.4925 
0.4599 0.5041 0.5036 0.6044 0.5124 0.4887 0.4963 0.4980 0.5937 0.4802 0.4880 0.4704 0.4916 0.5977 0.4551 0.4813 0.5343 0.4288 0.5755 0.4989 0.5304 0.5280 0.5291 0.5443 0.4826 0.4984 0.5186 0.5998 0.4614 0.5633 0.5034 0.5104 0.5477 0.4537 0.5298 0.4546 0.5112 0.5393 0.5333 0.4715 0.5224 1.0000 0.4505 0.5446 
0.4975 0.4485 0.4826 0.5233 0.4857 0.4877 0.4820 0.5215 0.5962 0.5766 0.5340 0.6502 0.4593 0.5389 0.5314 0.5161 0.4443 0.5050 0.5236 0.4811 0.5317 0.5749 0.5053 0.4912 0.6234 0.5797 0.5126 0.4730 0.4866 0.4954 0.5439 0.4892 0.5200 0.5481 0.6516 0.4753 0.4588 0.5017 0.5364 0.5597 0.4498 0.4505 1.0000 0.4545 
0.5351 0.6729 0.5875 0.5639 0.5477 0.5015 0.5200 0.5762 0.5879 0.5305 0.5186 0.4445 0.5051 0.5637 0.4282 0.5449 0.5397 0.4795 0.5490 0.5676 0.5318 0.5046 0.5435 0.5220 0.5159 0.4481 0.5263 0.5000 0.5426 0.5883 0.5320 0.4934 0.5745 0.4674 0.4853 0.4963 0.5455 0.5384 0.4941 0.5182 0.4925 0.5446 0.4545 1.0000 
