1:	0.1458 0.2793 0.0163 0.0039 0.3217 0.1328 0.1002 	9
2:	0.2316 0.1246 0.0000 0.0013 0.5032 0.0410 0.0984 	3
3:	0.1769 0.0670 0.2523 0.2504 0.1749 0.0527 0.0259 	4
4:	0.1418 0.0005 0.2927 0.2130 0.0032 0.2676 0.0811 	2
5:	0.1622 0.2272 0.1229 0.0180 0.1658 0.2020 0.1019 	17
6:	0.3086 0.0250 0.0868 0.0250 0.0442 0.3644 0.1460 	12
7:	0.3249 0.1295 0.0000 0.0015 0.0592 0.3690 0.1159 	3
8:	0.6458 0.0000 0.1145 0.0000 0.0000 0.1171 0.1226 	2
9:	0.5397 0.0000 0.0000 0.0070 0.0000 0.3320 0.1213 	1
10:	0.1307 0.0410 0.2500 0.0009 0.1936 0.3156 0.0682 	4
11:	0.3130 0.1270 0.2536 0.0005 0.0894 0.1304 0.0861 	14
12:	0.1991 0.3902 0.0315 0.0000 0.1804 0.1070 0.0919 	9
13:	0.0589 0.3879 0.1063 0.0022 0.3078 0.0653 0.0716 	14
14:	0.3415 0.1834 0.0000 0.0047 0.2929 0.1246 0.0527 	2
15:	0.1579 0.0422 0.1111 0.3960 0.0118 0.2374 0.0437 	9
