1:	0.0128 0.0834 0.0075 0.0011 0.1842 0.0895 0.1362 0.0000 0.1734 0.1667 0.0896 0.0556 	9
2:	0.3333 0.0000 0.0000 0.0000 0.1667 0.0000 0.0000 0.0000 0.3333 0.1667 0.0000 0.0000 	3
3:	0.0501 0.0181 0.2500 0.2500 0.0271 0.0015 0.1521 0.0103 0.1772 0.0086 0.0478 0.0073 	4
4:	0.1344 0.0000 0.2763 0.1658 0.0000 0.0619 0.2532 0.0129 0.0000 0.0000 0.0323 0.0631 	2
5:	0.0496 0.1279 0.1189 0.0017 0.1366 0.1286 0.0571 0.0661 0.0952 0.0360 0.0711 0.1111 	17
6:	0.2133 0.0000 0.0851 0.0020 0.0054 0.1436 0.1606 0.0853 0.0316 0.0000 0.1781 0.0951 	12
7:	0.2682 0.0713 0.0000 0.0004 0.0414 0.0822 0.3002 0.0163 0.0174 0.0512 0.0886 0.0628 	3
8:	0.5944 0.0000 0.0948 0.0000 0.0000 0.1080 0.0000 0.0018 0.0000 0.0000 0.2004 0.0008 	2
9:	0.0000 0.0000 0.0000 0.0000 0.0000 0.0000 1.0000 0.0000 0.0000 0.0000 0.0000 0.0000 	1
10:	0.1456 0.0000 0.2500 0.0000 0.0000 0.0311 0.2974 0.0000 0.2500 0.0000 0.0259 0.0000 	4
11:	0.1876 0.1293 0.2266 0.0000 0.0309 0.1353 0.0613 0.0000 0.0208 0.0048 0.1015 0.1018 	14
12:	0.0674 0.1016 0.0261 0.0000 0.1262 0.0854 0.0242 0.0078 0.0000 0.3751 0.1774 0.0087 	9
13:	0.0182 0.3947 0.0848 0.0000 0.0529 0.0480 0.0105 0.0407 0.2392 0.0137 0.0490 0.0483 	14
14:	0.0000 0.0000 0.0000 0.0000 0.0000 0.0000 0.2500 0.0000 0.5000 0.0000 0.2500 0.0000 	2
15:	0.0345 0.0000 0.1111 0.3931 0.0256 0.0556 0.0206 0.0000 0.0263 0.0000 0.1803 0.1530 	9
