1.0000 0.3005 0.3147 0.2698 0.3415 0.2714 0.3274 0.3284 0.3444 0.2737 0.3107 0.2967 0.2986 0.3332 0.3477 0.2883 0.2818 0.3357 0.3279 0.2878 0.3292 0.3159 0.2777 0.3176 0.2998 0.3085 0.2954 0.3028 0.3182 0.3448 0.3141 0.2732 0.3190 0.3507 0.3105 0.3259 0.2788 0.3434 0.3305 0.2894 0.3166 0.3086 0.2991 0.2930 0.3201 0.2824 0.3143 0.3537 0.2971 0.3475
0.3005 1.0000 0.3139 0.2987 0.3626 0.3286 0.3181 0.2803 0.3149 0.3205 0.2956 0.3399 0.2656 0.3377 0.3605 0.3151 0.2767 0.3238 0.3255 0.3263 0.3136 0.2736 0.2580 0.3499 0.2913 0.2806 0.2910 0.3883 0.3455 0.3213 0.3060 0.3031 0.3078 0.3127 0.3081 0.3214 0.3344 0.3394 0.3485 0.2990 0.2862 0.2942 0.2974 0.2909 0.3013 0.2538 0.2862 0.3538 0.3134 0.3063
0.3147 0.3139 1.0000 0.2749 0.2788 0.2602 0.2914 0.3479 0.2812 0.3049 0.3013 0.3187 0.3151 0.3168 0.2583 0.2785 0.3202 0.2651 0.3232 0.2956 0.3120 0.2394 0.2581 0.2941 0.2592 0.3249 0.2901 0.2600 0.2877 0.3383 0.2701 0.3342 0.3036 0.2983 0.2780 0.3061 0.2935 0.2927 0.2920 0.2915 0.2693 0.3361 0.3140 0.2578 0.3354 0.2630 0.2880 0.2391 0.2880 0.2864
0.2698 0.2987 0.2749 1.0000 0.3102 0.2292 0.2811 0.2981 0.2939 0.2604 0.2651 0.2665 0.2226 0.2849 0.3002 0.2764 0.2266 0.2585 0.3340 0.2536 0.2926 0.2882 0.2628 0.2774 0.2401 0.2407 0.2603 0.2732 0.2472 0.2633 0.2661 0.2497 0.3192 0.3036 0.2931 0.2728 0.2588 0.2430 0.3130 0.3479 0.2835 0.2647 0.3038 0.3108 0.2846 0.2894 0.2884 0.2284 0.2601 0.2775
0.3415 0.3626 0.2788 0.3102 1.0000 0.3129 0.3161 0.3399 0.3350 0.2923 0.3531 0.3464 0.3077 0.3081 0.3586 0.3179 0.2488 0.3251 0.3708 0.3175 0.3911 0.3411 0.2817 0.3337 0.3287 0.2890 0.3045 0.3378 0.3421 0.3375 0.3107 0.3211 0.3451 0.3503 0.3422 0.2994 0.3331 0.2996 0.3647 0.3138 0.3257 0.3605 0.2906 0.2860 0.3543 0.2421 0.3015 0.3282 0.3143 0.3156
0.2714 0.3286 0.2602 0.2292 0.3129 1.0000 0.3109 0.2672 0.3180 0.2959 0.2877 0.3078 0.2753 0.3109 0.2764 0.3047 0.3020 0.2810 0.2853 0.3441 0.3253 0.2960 0.2615 0.3097 0.2826 0.2915 0.2925 0.3224 0.3111 0.2764 0.2529 0.2935 0.3080 0.3422 0.2973 0.2986 0.3250 0.2531 0.3127 0.3138 0.3210 0.2864 0.2814 0.2882 0.2773 0.2545 0.3170 0.2924 0.3391 0.2921
0.3274 0.3181 0.2914 0.2811 0.3161 0.3109 1.0000 0.2898 0.3125 0.3029 0.3191 0.3329 0.3325 0.3285 0.2791 0.3391 0.2767 0.2901 0.3415 0.3239 0.3120 0.3798 0.2955 0.3334 0.2807 0.3100 0.3295 0.2907 0.3522 0.2937 0.3218 0.3469 0.3208 0.3617 0.3032 0.3477 0.3194 0.2803 0.3390 0.3019 0.3399 0.3315 0.2964 0.2860 0.3771 0.2749 0.3226 0.2929 0.3131 0.3578
0.3284 0.2803 0.3479 0.2981 0.3399 0.2672 0.2898 1.0000 0.3309 0.2495 0.3082 0.2633 0.3781 0.3032 0.3228 0.2650 0.2731 0.2619 0.3396 0.3104 0.3470 0.2680 0.2776 0.2813 0.2798 0.3086 0.2798 0.2942 0.2816 0.3242 0.2672 0.3032 0.2841 0.3180 0.2589 0.3192 0.2953 0.2764 0.3392 0.2871 0.3092 0.2692 0.3482 0.3035 0.3529 0.2525 0.3154 0.2891 0.3066 0.3426
0.3444 0.3149 0.2812 0.2939 0.3350 0.3180 0.3125 0.3309 1.0000 0.3049 0.3504 0.3124 0.2779 0.3324 0.3102 0.3220 0.3035 0.3053 0.3603 0.2996 0.3263 0.3177 0.2969 0.3032 0.2801 0.3459 0.3149 0.3361 0.3746 0.2980 0.3189 0.2974 0.3185 0.3165 0.3477 0.3463 0.2911 0.3267 0.3125 0.3323 0.3294 0.3289 0.3489 0.3216 0.3312 0.3096 0.3699 0.3334 0.3410 0.3424
0.2737 0.3205 0.3049 0.2604 0.2923 0.2959 0.3029 0.2495 0.3049 1.0000 0.2802 0.3525 0.3070 0.3247 0.3053 0.3789 0.3043 0.3055 0.2814 0.3352 0.2803 0.2913 0.2232 0.3173 0.2508 0.3233 0.2636 0.2901 0.3141 0.2784 0.2751 0.2953 0.2887 0.3035 0.3039 0.2722 0.3129 0.2663 0.2873 0.2673 0.2899 0.3038 0.2799 0.2738 0.3326 0.2860 0.3163 0.2456 0.2939 0.2949
0.3107 0.2956 0.3013 0.2651 0.3531 0.2877 0.3191 0.3082 0.3504 0.2802 1.0000 0.3506 0.3239 0.3582 0.3161 0.3031 0.2701 0.3031 0.2937 0.3103 0.3137 0.2946 0.2491 0.3123 0.2807 0.3007 0.2703 0.3255 0.3249 0.3359 0.2965 0.3372 0.2874 0.2875 0.3255 0.3550 0.3337 0.2951 0.3265 0.2712 0.3304 0.2910 0.3259 0.3087 0.3342 0.2853 0.2970 0.3002 0.3315 0.3142
0.2967 0.3399 0.3187 0.2665 0.3464 0.3078 0.3329 0.2633 0.3124 0.3525 0.3506 1.0000 0.3391 0.3407 0.3283 0.3560 0.2798 0.3493 0.3315 0.3171 0.3116 0.3193 0.2622 0.3437 0.2765 0.3194 0.3024 0.3321 0.3243 0.3071 0.3194 0.3581 0.3265 0.3718 0.3301 0.3462 0.3293 0.2969 0.3232 0.2705 0.2879 0.2909 0.3000 0.3177 0.3638 0.2488 0.2852 0.3178 0.3292 0.2974
0.2986 0.2656 0.3151 0.2226 0.3077 0.2753 0.3325 0.3781 0.2779 0.3070 0.3239 0.3391 1.0000 0.3202 0.2733 0.2620 0.3340 0.3212 0.2980 0.3230 0.3054 0.3154 0.2878 0.2897 0.3028 0.3036 0.3016 0.2969 0.2942 0.3424 0.2756 0.3045 0.3148 0.3384 0.2875 0.3356 0.3228 0.2953 0.3375 0.2774 0.2957 0.3132 0.3228 0.2971 0.3358 0.2488 0.3007 0.2736 0.3038 0.3412
0.3332 0.3377 0.3168 0.2849 0.3081 0.3109 0.3285 0.3032 0.3324 0.3247 0.3582 0.3407 0.3202 1.0000 0.3255 0.3339 0.2773 0.3342 0.2963 0.3352 0.3254 0.2927 0.2475 0.3158 0.3057 0.3044 0.2980 0.3109 0.3331 0.3235 0.2957 0.3097 0.3310 0.3004 0.3234 0.3416 0.3191 0.3278 0.3532 0.3176 0.3168 0.3077 0.3137 0.3524 0.3277 0.3239 0.3028 0.3041 0.3406 0.3744
0.3477 0.3605 0.2583 0.3002 0.3586 0.2764 0.2791 0.3228 0.3102 0.3053 0.3161 0.3283 0.2733 0.3255 1.0000 0.2801 0.2732 0.3089 0.3177 0.3002 0.3075 0.2884 0.2558 0.3310 0.3511 0.3179 0.2829 0.3102 0.2942 0.3089 0.2961 0.2810 0.3148 0.3175 0.3034 0.2979 0.2974 0.2946 0.3271 0.2933 0.3038 0.2906 0.3239 0.3377 0.2959 0.3098 0.3283 0.2917 0.2863 0.3224
0.2883 0.3151 0.2785 0.2764 0.3179 0.3047 0.3391 0.2650 0.3220 0.3789 0.3031 0.3560 0.2620 0.3339 0.2801 1.0000 0.2669 0.3322 0.2755 0.3112 0.2917 0.2897 0.2583 0.2932 0.3174 0.2721 0.2747 0.3149 0.3238 0.2996 0.2952 0.3278 0.2855 0.3301 0.3409 0.3261 0.2862 0.2797 0.3105 0.2624 0.2877 0.3301 0.3128 0.2737 0.3380 0.2862 0.2730 0.2681 0.2791 0.3404
0.2818 0.2767 0.3202 0.2266 0.2488 0.3020 0.2767 0.2731 0.3035 0.3043 0.2701 0.2798 0.3340 0.2773 0.2732 0.2669 1.0000 0.2986 0.2778 0.2922 0.2627 0.2764 0.2571 0.2912 0.2959 0.3365 0.2630 0.2713 0.3346 0.2771 0.2398 0.2628 0.2945 0.2717 0.2892 0.2710 0.2817 0.2741 0.3008 0.2654 0.2551 0.3208 0.2609 0.2448 0.2664 0.2892 0.2895 0.2527 0.2908 0.2871
0.3357 0.3238 0.2651 0.2585 0.3251 0.2810 0.2901 0.2619 0.3053 0.3055 0.3031 0.3493 0.3212 0.3342 0.3089 0.3322 0.2986 1.0000 0.2920 0.3289 0.3012 0.2649 0.3229 0.3326 0.2873 0.2773 0.3000 0.3300 0.3328 0.3478 0.2895 0.3032 0.3178 0.3006 0.3220 0.3353 0.2860 0.3242 0.3330 0.2871 0.3062 0.2928 0.3122 0.2896 0.3148 0.2799 0.2887 0.3152 0.3081 0.3140
0.3279 0.3255 0.3232 0.3340 0.3708 0.2853 0.3415 0.3396 0.3603 0.2814 0.2937 0.3315 0.2980 0.2963 0.3177 0.2755 0.2778 0.2920 1.0000 0.2715 0.3520 0.2987 0.3020 0.3151 0.2460 0.3494 0.3158 0.3187 0.3253 0.3331 0.3338 0.3321 0.3756 0.3501 0.2876 0.2984 0.2849 0.2997 0.3643 0.3449 0.3068 0.3201 0.2974 0.2922 0.3306 0.2798 0.3481 0.3011 0.3241 0.2936
0.2878 0.3263 0.2956 0.2536 0.3175 0.3441 0.3239 0.3104 0.2996 0.3352 0.3103 0.3171 0.3230 0.3352 0.3002 0.3112 0.2922 0.3289 0.2715 1.0000 0.3350 0.2967 0.2636 0.2991 0.3084 0.3121 0.2712 0.3365 0.3211 0.3101 0.2748 0.2841 0.2719 0.2876 0.2672 0.3271 0.2965 0.3287 0.2907 0.2925 0.3366 0.2994 0.3469 0.3281 0.3544 0.2509 0.3195 0.2948 0.3282 0.3280
0.3292 0.3136 0.3120 0.2926 0.3911 0.3253 0.3120 0.3470 0.3263 0.2803 0.3137 0.3116 0.3054 0.3254 0.3075 0.2917 0.2627 0.3012 0.3520 0.3350 1.0000 0.3196 0.2784 0.3267 0.2751 0.3034 0.2881 0.3237 0.3178 0.3570 0.3080 0.3184 0.3215 0.3604 0.3027 0.3379 0.2890 0.3416 0.3321 0.3425 0.3439 0.3127 0.3227 0.3361 0.3563 0.2649 0.3130 0.3198 0.3704 0.3350
0.3159 0.2736 0.2394 0.2882 0.3411 0.2960 0.3798 0.2680 0.3177 0.2913 0.2946 0.3193 0.3154 0.2927 0.2884 0.2897 0.2764 0.2649 0.2987 0.2967 0.3196 1.0000 0.2784 0.3404 0.3121 0.2977 0.3067 0.2725 0.2948 0.2769 0.3209 0.3122 0.3233 0.4388 0.3271 0.3321 0.3175 0.2734 0.3430 0.3090 0.3108 0.3075 0.3084 0.3364 0.3361 0.2726 0.3076 0.2979 0.3150 0.3150
0.2777 0.2580 0.2581 0.2628 0.2817 0.2615 0.2955 0.2776 0.2969 0.2232 0.2491 0.2622 0.2878 0.2475 0.2558 0.2583 0.2571 0.3229 0.3020 0.2636 0.2784 0.2784 1.0000 0.2869 0.2617 0.2972 0.2965 0.2548 0.2927 0.2751 0.2462 0.2992 0.3110 0.3146 0.2786 0.2734 0.2764 0.2601 0.3028 0.3003 0.3092 0.2760 0.3058 0.2711 0.2718 0.2833 0.3276 0.2803 0.2476 0.3087
0.3176 0.3499 0.2941 0.2774 0.3337 0.3097 0.3334 0.2813 0.3032 0.3173 0.3123 0.3437 0.2897 0.3158 0.3310 0.2932 0.2912 0.3326 0.3151 0.2991 0.3267 0.3404 0.2869 1.0000 0.2746 0.3173 0.3109 0.3337 0.3399 0.3122 0.3058 0.3128 0.3334 0.3584 0.3692 0.3346 0.3093 0.2995 0.3112 0.2893 0.3244 0.3067 0.2983 0.2887 0.3147 0.2898 0.3100 0.2804 0.3347 0.3099
0.2998 0.2913 0.2592 0.2401 0.3287 0.2826 0.2807 0.2798 0.2801 0.2508 0.2807 0.2765 0.3028 0.3057 0.3511 0.3174 0.2959 0.2873 0.2460 0.3084 0.2751 0.3121 0.2617 0.2746 1.0000 0.2878 0.2537 0.3014 0.2957 0.2972 0.2675 0.2443 0.2870 0.2951 0.2870 0.2810 0.3164 0.3017 0.2958 0.2673 0.2997 0.3038 0.3099 0.2854 0.3063 0.2537 0.2796 0.2830 0.3063 0.3218
0.3085 0.2806 0.3249 0.2407 0.2890 0.2915 0.3100 0.3086 0.3459 0.3233 0.3007 0.3194 0.3036 0.3044 0.3179 0.2721 0.3365 0.2773 0.3494 0.3121 0.3034 0.2977 0.2972 0.3173 0.2878 1.0000 0.3201 0.2777 0.3503 0.3455 0.2591 0.3403 0.2910 0.3297 0.3158 0.2746 0.3250 0.2715 0.2740 0.3170 0.3063 0.3043 0.3063 0.2970 0.3095 0.2710 0.3653 0.3152 0.3239 0.3008
0.2954 0.2910 0.2901 0.2603 0.3045 0.2925 0.3295 0.2798 0.3149 0.2636 0.2703 0.3024 0.3016 0.2980 0.2829 0.2747 0.2630 0.3000 0.3158 0.2712 0.2881 0.3067 0.2965 0.3109 0.2537 0.3201 1.0000 0.2996 0.3109 0.3058 0.3466 0.3261 0.3428 0.3590 0.2938 0.2828 0.2738 0.2944 0.2858 0.3068 0.3271 0.2879 0.2869 0.2888 0.3207 0.2822 0.3167 0.2996 0.2966 0.3205
0.3028 0.3883 0.2600 0.2732 0.3378 0.3224 0.2907 0.2942 0.3361 0.2901 0.3255 0.3321 0.2969 0.3109 0.3102 0.3149 0.2713 0.3300 0.3187 0.3365 0.3237 0.2725 0.2548 0.3337 0.3014 0.2777 0.2996 1.0000 0.3120 0.3263 0.2744 0.2808 0.3030 0.2855 0.3138 0.2851 0.3508 0.3358 0.3156 0.3272 0.3132 0.2908 0.2955 0.2948 0.3231 0.2456 0.2976 0.3271 0.3311 0.3126
0.3182 0.3455 0.2877 0.2472 0.3421 0.3111 0.3522 0.2816 0.3746 0.3141 0.3249 0.3243 0.2942 0.3331 0.2942 0.3238 0.3346 0.3328 0.3253 0.3211 0.3178 0.2948 0.2927 0.3399 0.2957 0.3503 0.3109 0.3120 1.0000 0.3106 0.2893 0.3056 0.3164 0.3141 0.3253 0.3161 0.3455 0.3067 0.3360 0.2895 0.3050 0.3466 0.2725 0.3184 0.3327 0.3228 0.2995 0.2987 0.3531 0.2970
0.3448 0.3213 0.3383 0.2633 0.3375 0.2764 0.2937 0.3242 0.2980 0.2784 0.3359 0.3071 0.3424 0.3235 0.3089 0.2996 0.2771 0.3478 0.3331 0.3101 0.3570 0.2769 0.2751 0.3122 0.2972 0.3455 0.3058 0.3263 0.3106 1.0000 0.2987 0.3112 0.2952 0.3095 0.3201 0.3001 0.2755 0.3424 0.3170 0.3309 0.3124 0.2828 0.3558 0.3156 0.3139 0.3017 0.3213 0.3552 0.3505 0.3126
0.3141 0.3060 0.2701 0.2661 0.3107 0.2529 0.3218 0.2672 0.3189 0.2751 0.2965 0.3194 0.2756 0.2957 0.2961 0.2952 0.2398 0.2895 0.3338 0.2748 0.3080 0.3209 0.2462 0.3058 0.2675 0.2591 0.3466 0.2744 0.2893 0.2987 1.0000 0.2983 0.3463 0.3481 0.2814 0.2905 0.2699 0.3247 0.3343 0.2640 0.2867 0.2928 0.2806 0.3095 0.2797 0.2532 0.2542 0.2652 0.2760 0.2864
0.2732 0.3031 0.3342 0.2497 0.3211 0.2935 0.3469 0.3032 0.2974 0.2953 0.3372 0.3581 0.3045 0.3097 0.2810 0.3278 0.2628 0.3032 0.3321 0.2841 0.3184 0.3122 0.2992 0.3128 0.2443 0.3403 0.3261 0.2808 0.3056 0.3112 0.2983 1.0000 0.3076 0.3517 0.2829 0.3373 0.3130 0.2896 0.3272 0.3103 0.2969 0.3033 0.3007 0.2684 0.3835 0.2767 0.3211 0.2961 0.2827 0.3007
0.3190 0.3078 0.3036 0.3192 0.3451 0.3080 0.3208 0.2841 0.3185 0.2887 0.2874 0.3265 0.3148 0.3310 0.3148 0.2855 0.2945 0.3178 0.3756 0.2719 0.3215 0.3233 0.3110 0.3334 0.2870 0.2910 0.3428 0.3030 0.3164 0.2952 0.3463 0.3076 1.0000 0.3345 0.3080 0.2933 0.2940 0.3332 0.3863 0.3400 0.3200 0.2777 0.3183 0.3585 0.2644 0.3037 0.3179 0.2652 0.3187 0.3057
0.3507 0.3127 0.2983 0.3036 0.3503 0.3422 0.3617 0.3180 0.3165 0.3035 0.2875 0.3718 0.3384 0.3004 0.3175 0.3301 0.2717 0.3006 0.3501 0.2876 0.3604 0.4388 0.3146 0.3584 0.2951 0.3297 0.3590 0.2855 0.3141 0.3095 0.3481 0.3517 0.3345 1.0000 0.3102 0.3235 0.3365 0.3004 0.3738 0.3042 0.3480 0.3432 0.3154 0.3186 0.3063 0.2734 0.3218 0.3132 0.3021 0.3651
0.3105 0.3081 0.2780 0.2931 0.3422 0.2973 0.3032 0.2589 0.3477 0.3039 0.3255 0.3301 0.2875 0.3234 0.3034 0.3409 0.2892 0.3220 0.2876 0.2672 0.3027 0.3271 0.2786 0.3692 0.2870 0.3158 0.2938 0.3138 0.3253 0.3201 0.2814 0.2829 0.3080 0.3102 1.0000 0.2796 0.2728 0.2731 0.3273 0.3077 0.2786 0.3460 0.3052 0.3104 0.3070 0.3058 0.3343 0.2719 0.3298 0.3224
0.3259 0.3214 0.3061 0.2728 0.2994 0.2986 0.3477 0.3192 0.3463 0.2722 0.3550 0.3462 0.3356 0.3416 0.2979 0.3261 0.2710 0.3353 0.2984 0.3271 0.3379 0.3321 0.2734 0.3346 0.2810 0.2746 0.2828 0.2851 0.3161 0.3001 0.2905 0.3373 0.2933 0.3235 0.2796 1.0000 0.2991 0.3071 0.3149 0.2764 0.3106 0.2648 0.3237 0.3011 0.3311 0.3175 0.3226 0.2758 0.3369 0.3332
0.2788 0.3344 0.2935 0.2588 0.3331 0.3250 0.3194 0.2953 0.2911 0.3129 0.3337 0.3293 0.3228 0.3191 0.2974 0.2862 0.2817 0.2860 0.2849 0.2965 0.2890 0.3175 0.2764 0.3093 0.3164 0.3250 0.2738 0.3508 0.3455 0.2755 0.2699 0.3130 0.2940 0.3365 0.2728 0.2991 1.0000 0.2814 0.2978 0.2963 0.2833 0.3209 0.2947 0.3477 0.3236 0.2550 0.3011 0.2782 0.3706 0.3235
0.3434 0.3394 0.2927 0.2430 0.2996 0.2531 0.2803 0.2764 0.3267 0.2663 0.2951 0.2969 0.2953 0.3278 0.2946 0.2797 0.2741 0.3242 0.2997 0.3287 0.3416 0.2734 0.2601 0.2995 0.3017 0.2715 0.2944 0.3358 0.3067 0.3424 0.3247 0.2896 0.3332 0.3004 0.2731 0.3071 0.2814 1.0000 0.2969 0.3127 0.2819 0.3210 0.3133 0.2885 0.2974 0.3106 0.2986 0.3233 0.3125 0.3260
0.3305 0.3485 0.2920 0.3130 0.3647 0.3127 0.3390 0.3392 0.3125 0.2873 0.3265 0.3232 0.3375 0.3532 0.3271 0.3105 0.3008 0.3330 0.3643 0.2907 0.3321 0.3430 0.3028 0.3112 0.2958 0.2740 0.2858 0.3156 0.3360 0.3170 0.3343 0.3272 0.3863 0.3738 0.3273 0.3149 0.2978 0.2969 1.0000 0.2861 0.3338 0.3184 0.3136 0.3440 0.2938 0.2859 0.2956 0.2761 0.2765 0.3243
0.2894 0.2990 0.2915 0.3479 0.3138 0.3138 0.3019 0.2871 0.3323 0.2673 0.2712 0.2705 0.2774 0.3176 0.2933 0.2624 0.2654 0.2871 0.3449 0.2925 0.3425 0.3090 0.3003 0.2893 0.2673 0.3170 0.3068 0.3272 0.2895 0.3309 0.2640 0.3103 0.3400 0.3042 0.3077 0.2764 0.2963 0.3127 0.2861 1.0000 0.3475 0.3150 0.3414 0.2991 0.3118 0.3324 0.3815 0.3178 0.3454 0.3628
0.3166 0.2862 0.2693 0.2835 0.3257 0.3210 0.3399 0.3092 0.3294 0.2899 0.3304 0.2879 0.2957 0.3168 0.3038 0.2877 0.2551 0.3062 0.3068 0.3366 0.3439 0.3108 0.3092 0.3244 0.2997 0.3063 0.3271 0.3132 0.3050 0.3124 0.2867 0.2969 0.3200 0.3480 0.2786 0.3106 0.2833 0.2819 0.3338 0.3475 1.0000 0.2814 0.3495 0.3250 0.3072 0.2890 0.3364 0.2868 0.3040 0.3607
0.3086 0.2942 0.3361 0.2647 0.3605 0.2864 0.3315 0.2692 0.3289 0.3038 0.2910 0.2909 0.3132 0.3077 0.2906 0.3301 0.3208 0.2928 0.3201 0.2994 0.3127 0.3075 0.2760 0.3067 0.3038 0.3043 0.2879 0.2908 0.3466 0.2828 0.2928 0.3033 0.2777 0.3432 0.3460 0.2648 0.3209 0.3210 0.3184 0.3150 0.2814 1.0000 0.3325 0.2580 0.3365 0.3175 0.3236 0.2802 0.2863 0.3034
0.2991 0.2974 0.3140 0.3038 0.2906 0.2814 0.2964 0.3482 0.3489 0.2799 0.3259 0.3000 0.3228 0.3137 0.3239 0.3128 0.2609 0.3122 0.2974 0.3469 0.3227 0.3084 0.3058 0.2983 0.3099 0.3063 0.2869 0.2955 0.2725 0.3558 0.2806 0.3007 0.3183 0.3154 0.3052 0.3237 0.2947 0.3133 0.3136 0.3414 0.3495 0.3325 1.0000 0.3275 0.3032 0.2865 0.3698 0.3198 0.3239 0.3340
0.2930 0.2909 0.2578 0.3108 0.2860 0.2882 0.2860 0.3035 0.3216 0.2738 0.3087 0.3177 0.2971 0.3524 0.3377 0.2737 0.2448 0.2896 0.2922 0.3281 0.3361 0.3364 0.2711 0.2887 0.2854 0.2970 0.2888 0.2948 0.3184 0.3156 0.3095 0.2684 0.3585 0.3186 0.3104 0.3011 0.3477 0.2885 0.3440 0.2991 0.3250 0.2580 0.3275 1.0000 0.2795 0.2757 0.2946 0.2779 0.3630 0.3072
0.3201 0.3013 0.3354 0.2846 0.3543 0.2773 0.3771 0.3529 0.3312 0.3326 0.3342 0.3638 0.3358 0.3277 0.2959 0.3380 0.2664 0.3148 0.3306 0.3544 0.3563 0.3361 0.2718 0.3147 0.3063 0.3095 0.3207 0.3231 0.3327 0.3139 0.2797 0.3835 0.2644 0.3063 0.3070 0.3311 0.3236 0.2974 0.2938 0.3118 0.3072 0.3365 0.3032 0.2795 1.0000 0.2696 0.3235 0.3121 0.3355 0.3306
0.2824 0.2538 0.2630 0.2894 0.2421 0.2545 0.2749 0.2525 0.3096 0.2860 0.2853 0.2488 0.2488 0.3239 0.3098 0.2862 0.2892 0.2799 0.2798 0.2509 0.2649 0.2726 0.2833 0.2898 0.2537 0.2710 0.2822 0.2456 0.3228 0.3017 0.2532 0.2767 0.3037 0.2734 0.3058 0.3175 0.2550 0.3106 0.2859 0.3324 0.2890 0.3175 0.2865 0.2757 0.2696 1.0000 0.3345 0.2686 0.2887 0.2752
0.3143 0.2862 0.2880 0.2884 0.3015 0.3170 0.3226 0.3154 0.3699 0.3163 0.2970 0.2852 0.3007 0.3028 0.3283 0.2730 0.2895 0.2887 0.3481 0.3195 0.3130 0.3076 0.3276 0.3100 0.2796 0.3653 0.3167 0.2976 0.2995 0.3213 0.2542 0.3211 0.3179 0.3218 0.3343 0.3226 0.3011 0.2986 0.2956 0.3815 0.3364 0.3236 0.3698 0.2946 0.3235 0.3345 1.0000 0.3203 0.2858 0.3154
0.3537 0.3538 0.2391 0.2284 0.3282 0.2924 0.2929 0.2891 0.3334 0.2456 0.3002 0.3178 0.2736 0.3041 0.2917 0.2681 0.2527 0.3152 0.3011 0.2948 0.3198 0.2979 0.2803 0.2804 0.2830 0.3152 0.2996 0.3271 0.2987 0.3552 0.2652 0.2961 0.2652 0.3132 0.2719 0.2758 0.2782 0.3233 0.2761 0.3178 0.2868 0.2802 0.3198 0.2779 0.3121 0.2686 0.3203 1.0000 0.3471 0.2892
0.2971 0.3134 0.2880 0.2601 0.3143 0.3391 0.3131 0.3066 0.3410 0.2939 0.3315 0.3292 0.3038 0.3406 0.2863 0.2791 0.2908 0.3081 0.3241 0.3282 0.3704 0.3150 0.2476 0.3347 0.3063 0.3239 0.2966 0.3311 0.3531 0.3505 0.2760 0.2827 0.3187 0.3021 0.3298 0.3369 0.3706 0.3125 0.2765 0.3454 0.3040 0.2863 0.3239 0.3630 0.3355 0.2887 0.2858 0.3471 1.0000 0.3263
0.3475 0.3063 0.2864 0.2775 0.3156 0.2921 0.3578 0.3426 0.3424 0.2949 0.3142 0.2974 0.3412 0.3744 0.3224 0.3404 0.2871 0.3140 0.2936 0.3280 0.3350 0.3150 0.3087 0.3099 0.3218 0.3008 0.3205 0.3126 0.2970 0.3126 0.2864 0.3007 0.3057 0.3651 0.3224 0.3332 0.3235 0.3260 0.3243 0.3628 0.3607 0.3034 0.3340 0.3072 0.3306 0.2752 0.3154 0.2892 0.3263 1.0000
