1.0000 0.4274 0.3952 0.3670 0.4390 0.4013 0.4100 0.4016 0.4084 0.4298 0.4082 0.4531 0.4186 0.3907 0.3688 0.4045 0.3896 0.4173 0.4899 0.4140 0.4920 0.4356 0.4046 0.4007 0.4195 0.4716 0.4032 0.3830 0.4269 0.4541 0.3940 0.3950 0.3931 0.4260 0.3998 0.3886 0.4419 0.4445 0.4049 0.4056 0.3991 0.4207 0.4208 0.4002 0.4033 0.4097 0.3775 0.4180 0.4442 0.4291
0.4274 1.0000 0.4280 0.4352 0.4195 0.5015 0.4475 0.4731 0.4758 0.4801 0.4083 0.4615 0.4345 0.4321 0.4356 0.4733 0.4243 0.4557 0.4824 0.4328 0.3922 0.5450 0.4348 0.4610 0.4295 0.4483 0.4639 0.3881 0.3822 0.4820 0.4171 0.4354 0.4517 0.3972 0.4519 0.4198 0.4301 0.4095 0.4326 0.4332 0.4693 0.4410 0.4136 0.4357 0.4143 0.4777 0.3874 0.4599 0.4450 0.4529
0.3952 0.4280 1.0000 0.4067 0.4348 0.4115 0.4058 0.4181 0.4645 0.4555 0.4083 0.4442 0.4433 0.3878 0.4315 0.4427 0.4263 0.4356 0.4606 0.3729 0.3775 0.4259 0.4525 0.4491 0.4308 0.4079 0.4592 0.3990 0.4060 0.4414 0.3899 0.4921 0.4232 0.3854 0.4273 0.3852 0.4366 0.4112 0.4269 0.4004 0.4053 0.4513 0.3792 0.3954 0.4165 0.4615 0.3943 0.4418 0.4448 0.4727
0.3670 0.4352 0.4067 1.0000 0.4197 0.4348 0.4467 0.4164 0.4460 0.4287 0.3841 0.4647 0.4319 0.4112 0.3977 0.4032 0.3824 0.3841 0.4334 0.3856 0.3578 0.4447 0.4484 0.3862 0.3796 0.3950 0.4184 0.3292 0.3693 0.4010 0.3787 0.4035 0.4272 0.3895 0.4542 0.4032 0.4172 0.3584 0.4713 0.4446 0.3887 0.4297 0.3862 0.4068 0.3998 0.4221 0.3577 0.4778 0.4489 0.4757
0.4390 0.4195 0.4348 0.4197 1.0000 0.4522 0.4165 0.4411 0.4997 0.4461 0.4493 0.4718 0.4684 0.4062 0.4435 0.4459 0.4245 0.4481 0.5143 0.4348 0.4039 0.4484 0.4524 0.4440 0.4381 0.4862 0.4815 0.4002 0.4049 0.4514 0.4046 0.4336 0.4403 0.4137 0.4751 0.4511 0.4011 0.4324 0.4842 0.4136 0.4308 0.4591 0.3954 0.3971 0.4148 0.4257 0.3932 0.4736 0.5107 0.5082
0.4013 0.5015 0.4115 0.4348 0.4522 1.0000 0.4545 0.4378 0.4795 0.4444 0.4209 0.4754 0.4409 0.4045 0.4081 0.4319 0.3924 0.4276 0.4642 0.4187 0.3856 0.5189 0.4507 0.4327 0.4499 0.4521 0.4672 0.3704 0.3736 0.4337 0.4053 0.4076 0.4452 0.4058 0.4566 0.4264 0.3988 0.3907 0.4317 0.4122 0.4067 0.4318 0.4066 0.4269 0.4104 0.4329 0.4021 0.4945 0.4476 0.4559
0.4100 0.4475 0.4058 0.4467 0.4165 0.4545 1.0000 0.4819 0.4704 0.4631 0.4145 0.4660 0.4288 0.4111 0.3981 0.4439 0.4110 0.4131 0.5201 0.4006 0.4153 0.4608 0.4727 0.4375 0.4433 0.4775 0.4573 0.3670 0.3968 0.4296 0.3960 0.4438 0.4577 0.4278 0.4975 0.4378 0.4327 0.4186 0.4692 0.4749 0.4379 0.5105 0.4068 0.4142 0.4339 0.4595 0.3986 0.4995 0.4812 0.4957
0.4016 0.4731 0.4181 0.4164 0.4411 0.4378 0.4819 1.0000 0.5085 0.4691 0.3799 0.4646 0.4423 0.4283 0.4582 0.5024 0.4174 0.4199 0.5201 0.4242 0.3941 0.4703 0.4604 0.4755 0.4525 0.4794 0.4732 0.3872 0.3970 0.4374 0.3772 0.4326 0.4441 0.4140 0.4504 0.4257 0.4516 0.3938 0.4498 0.4601 0.4272 0.4875 0.3804 0.4065 0.4175 0.4526 0.3745 0.5104 0.4777 0.4698
0.4084 0.4758 0.4645 0.4460 0.4997 0.4795 0.4704 0.5085 1.0000 0.4962 0.4291 0.4752 0.4436 0.4342 0.4768 0.4796 0.4190 0.4632 0.5206 0.4247 0.4269 0.4935 0.4963 0.4218 0.4688 0.4524 0.4564 0.3752 0.4325 0.4482 0.4347 0.4585 0.4379 0.4400 0.4749 0.3952 0.4482 0.4193 0.4516 0.4581 0.4557 0.4920 0.4335 0.4303 0.4240 0.4610 0.4320 0.5174 0.5294 0.4739
0.4298 0.4801 0.4555 0.4287 0.4461 0.4444 0.4631 0.4691 0.4962 1.0000 0.4036 0.4766 0.4333 0.4251 0.4620 0.4798 0.4305 0.4445 0.4827 0.4052 0.4294 0.5185 0.5089 0.4512 0.4694 0.4649 0.4477 0.4097 0.4344 0.4742 0.4432 0.4354 0.4318 0.4038 0.4925 0.4708 0.4475 0.4448 0.4506 0.4686 0.5018 0.4717 0.4367 0.4479 0.4309 0.5272 0.4241 0.5186 0.5237 0.4865
0.4082 0.4083 0.4083 0.3841 0.4493 0.4209 0.4145 0.3799 0.4291 0.4036 1.0000 0.4459 0.3944 0.3535 0.3728 0.3820 0.3957 0.4131 0.4138 0.3823 0.4318 0.4153 0.4061 0.4239 0.4608 0.4142 0.4272 0.4565 0.4122 0.4267 0.3483 0.3811 0.3843 0.4124 0.4258 0.3610 0.4289 0.4614 0.4010 0.3656 0.3941 0.4162 0.4159 0.3587 0.3532 0.4041 0.3580 0.4324 0.4494 0.4660
0.4531 0.4615 0.4442 0.4647 0.4718 0.4754 0.4660 0.4646 0.4752 0.4766 0.4459 1.0000 0.4814 0.4433 0.4133 0.4663 0.4344 0.4860 0.4945 0.4497 0.4415 0.4685 0.4803 0.4724 0.4668 0.4638 0.4965 0.4054 0.4344 0.4682 0.3951 0.4520 0.5042 0.4395 0.4842 0.4164 0.4522 0.4201 0.4949 0.4413 0.4222 0.4855 0.4459 0.4160 0.4648 0.4834 0.4051 0.5217 0.4544 0.4788
0.4186 0.4345 0.4433 0.4319 0.4684 0.4409 0.4288 0.4423 0.4436 0.4333 0.3944 0.4814 1.0000 0.4056 0.4074 0.4549 0.3800 0.4603 0.5096 0.3947 0.4003 0.4501 0.4739 0.4518 0.4403 0.4449 0.4537 0.3875 0.4179 0.4921 0.4296 0.4270 0.4723 0.4346 0.4539 0.4224 0.4080 0.3982 0.4560 0.3762 0.4294 0.4342 0.4180 0.4210 0.4432 0.4366 0.4040 0.5224 0.4293 0.4950
0.3907 0.4321 0.3878 0.4112 0.4062 0.4045 0.4111 0.4283 0.4342 0.4251 0.3535 0.4433 0.4056 1.0000 0.4157 0.4188 0.4117 0.4197 0.4354 0.4212 0.4014 0.4450 0.3988 0.4025 0.3812 0.4265 0.3989 0.3706 0.3217 0.4372 0.4307 0.4175 0.3880 0.3512 0.4657 0.4412 0.3777 0.3665 0.4291 0.3785 0.4142 0.4099 0.3790 0.4430 0.4335 0.4039 0.4010 0.4135 0.4170 0.4080
0.3688 0.4356 0.4315 0.3977 0.4435 0.4081 0.3981 0.4582 0.4768 0.4620 0.3728 0.4133 0.4074 0.4157 1.0000 0.4376 0.3946 0.4525 0.4310 0.3991 0.3756 0.4212 0.4958 0.4383 0.4115 0.4560 0.4426 0.3540 0.3966 0.4039 0.4051 0.4263 0.4364 0.3992 0.4610 0.3925 0.3810 0.3923 0.4148 0.3814 0.4351 0.4481 0.3710 0.3843 0.4180 0.4290 0.4099 0.4408 0.4960 0.4447
0.4045 0.4733 0.4427 0.4032 0.4459 0.4319 0.4439 0.5024 0.4796 0.4798 0.3820 0.4663 0.4549 0.4188 0.4376 1.0000 0.4093 0.4534 0.5197 0.4460 0.3979 0.4558 0.4429 0.4956 0.4285 0.4682 0.4592 0.4153 0.3927 0.4621 0.3899 0.4741 0.4797 0.3907 0.4865 0.4086 0.4199 0.4407 0.4798 0.4268 0.4365 0.5102 0.3874 0.4457 0.4206 0.4827 0.3890 0.5086 0.4498 0.4731
0.3896 0.4243 0.4263 0.3824 0.4245 0.3924 0.4110 0.4174 0.4190 0.4305 0.3957 0.4344 0.3800 0.4117 0.3946 0.4093 1.0000 0.4424 0.4827 0.4192 0.3984 0.4136 0.4317 0.4144 0.4317 0.4543 0.4214 0.3879 0.3627 0.4534 0.3864 0.4058 0.4350 0.3553 0.4009 0.3984 0.4074 0.3792 0.4444 0.4043 0.4093 0.4536 0.3463 0.4273 0.3853 0.4477 0.3803 0.4167 0.4503 0.4494
0.4173 0.4557 0.4356 0.3841 0.4481 0.4276 0.4131 0.4199 0.4632 0.4445 0.4131 0.4860 0.4603 0.4197 0.4525 0.4534 0.4424 1.0000 0.4466 0.4480 0.4103 0.4440 0.4417 0.4525 0.4568 0.4581 0.4449 0.4077 0.4100 0.4511 0.3899 0.4478 0.4815 0.3798 0.4440 0.4249 0.4211 0.4340 0.4546 0.3955 0.4464 0.4595 0.3816 0.4338 0.4051 0.4742 0.3785 0.4595 0.4853 0.4671
0.4899 0.4824 0.4606 0.4334 0.5143 0.4642 0.5201 0.5201 0.5206 0.4827 0.4138 0.4945 0.5096 0.4354 0.4310 0.5197 0.4827 0.4466 1.0000 0.4505 0.4944 0.4954 0.4784 0.4817 0.4688 0.5350 0.4838 0.4078 0.4271 0.5239 0.4381 0.4984 0.5018 0.4441 0.5089 0.4549 0.4583 0.4536 0.4959 0.4534 0.4696 0.5466 0.4261 0.4476 0.4866 0.4994 0.4349 0.5551 0.4811 0.5040
0.4140 0.4328 0.3729 0.3856 0.4348 0.4187 0.4006 0.4242 0.4247 0.4052 0.3823 0.4497 0.3947 0.4212 0.3991 0.4460 0.4192 0.4480 0.4505 1.0000 0.4125 0.4304 0.3910 0.4923 0.4333 0.4745 0.4181 0.3700 0.3931 0.4315 0.4030 0.4106 0.4081 0.3632 0.4071 0.4068 0.3974 0.4072 0.4413 0.4053 0.4217 0.4116 0.3689 0.4231 0.4082 0.4357 0.4099 0.4406 0.4377 0.4174
0.4920 0.3922 0.3775 0.3578 0.4039 0.3856 0.4153 0.3941 0.4269 0.4294 0.4318 0.4415 0.4003 0.4014 0.3756 0.3979 0.3984 0.4103 0.4944 0.4125 1.0000 0.4311 0.4076 0.4132 0.4123 0.4744 0.3777 0.4229 0.4139 0.4790 0.3819 0.4238 0.4193 0.4108 0.4447 0.4096 0.4670 0.4438 0.3897 0.3781 0.3933 0.4373 0.4445 0.3967 0.4478 0.4325 0.3714 0.4619 0.4120 0.4285
0.4356 0.5450 0.4259 0.4447 0.4484 0.5189 0.4608 0.4703 0.4935 0.5185 0.4153 0.4685 0.4501 0.4450 0.4212 0.4558 0.4136 0.4440 0.4954 0.4304 0.4311 1.0000 0.4799 0.4506 0.4538 0.4830 0.4651 0.4037 0.3757 0.4846 0.4143 0.4321 0.4450 0.4167 0.5005 0.4969 0.4135 0.4114 0.4599 0.4441 0.4296 0.4527 0.4452 0.4594 0.4213 0.4773 0.4032 0.5086 0.4861 0.4978
0.4046 0.4348 0.4525 0.4484 0.4524 0.4507 0.4727 0.4604 0.4963 0.5089 0.4061 0.4803 0.4739 0.3988 0.4958 0.4429 0.4317 0.4417 0.4784 0.3910 0.4076 0.4799 1.0000 0.4361 0.4797 0.4840 0.4758 0.3763 0.4374 0.4484 0.3932 0.4421 0.4775 0.4363 0.4925 0.3999 0.4871 0.4064 0.4303 0.4513 0.4262 0.4911 0.4346 0.4158 0.4407 0.4754 0.4184 0.5214 0.5275 0.5099
0.4007 0.4610 0.4491 0.3862 0.4440 0.4327 0.4375 0.4755 0.4218 0.4512 0.4239 0.4724 0.4518 0.4025 0.4383 0.4956 0.4144 0.4525 0.4817 0.4923 0.4132 0.4506 0.4361 1.0000 0.4404 0.4531 0.4655 0.4385 0.4060 0.4644 0.4046 0.4606 0.4621 0.3937 0.4437 0.4329 0.4247 0.5028 0.4426 0.4072 0.4067 0.4618 0.3957 0.4176 0.4404 0.4932 0.3896 0.4790 0.4350 0.4648
0.4195 0.4295 0.4308 0.3796 0.4381 0.4499 0.4433 0.4525 0.4688 0.4694 0.4608 0.4668 0.4403 0.3812 0.4115 0.4285 0.4317 0.4568 0.4688 0.4333 0.4123 0.4538 0.4797 0.4404 1.0000 0.4818 0.4659 0.3942 0.4167 0.4642 0.4127 0.4076 0.4370 0.4098 0.4247 0.4000 0.4294 0.4214 0.4731 0.4311 0.4319 0.4486 0.4152 0.4007 0.4243 0.4684 0.3939 0.4730 0.5010 0.5292
0.4716 0.4483 0.4079 0.3950 0.4862 0.4521 0.4775 0.4794 0.4524 0.4649 0.4142 0.4638 0.4449 0.4265 0.4560 0.4682 0.4543 0.4581 0.5350 0.4745 0.4744 0.4830 0.4840 0.4531 0.4818 1.0000 0.4627 0.3784 0.3945 0.4743 0.4106 0.4601 0.4937 0.4131 0.4957 0.4600 0.4210 0.4019 0.4714 0.4715 0.4450 0.4657 0.4282 0.4617 0.4528 0.4672 0.4198 0.5181 0.5319 0.4563
0.4032 0.4639 0.4592 0.4184 0.4815 0.4672 0.4573 0.4732 0.4564 0.4477 0.4272 0.4965 0.4537 0.3989 0.4426 0.4592 0.4214 0.4449 0.4838 0.4181 0.3777 0.4651 0.4758 0.4655 0.4659 0.4627 1.0000 0.3937 0.4021 0.4350 0.3757 0.4578 0.4593 0.3897 0.4492 0.3908 0.4340 0.4049 0.4942 0.4352 0.4393 0.4732 0.4119 0.4011 0.3887 0.4665 0.3706 0.4446 0.4792 0.5498
0.3830 0.3881 0.3990 0.3292 0.4002 0.3704 0.3670 0.3872 0.3752 0.4097 0.4565 0.4054 0.3875 0.3706 0.3540 0.4153 0.3879 0.4077 0.4078 0.3700 0.4229 0.4037 0.3763 0.4385 0.3942 0.3784 0.3937 1.0000 0.4109 0.4161 0.3740 0.4089 0.3948 0.4146 0.4331 0.4060 0.4336 0.4770 0.3969 0.3337 0.4152 0.4131 0.3884 0.3640 0.3698 0.4242 0.3511 0.3987 0.3983 0.4167
0.4269 0.3822 0.4060 0.3693 0.4049 0.3736 0.3968 0.3970 0.4325 0.4344 0.4122 0.4344 0.4179 0.3217 0.3966 0.3927 0.3627 0.4100 0.4271 0.3931 0.4139 0.3757 0.4374 0.4060 0.4167 0.3945 0.4021 0.4109 1.0000 0.3749 0.3708 0.4203 0.4111 0.4465 0.3991 0.3579 0.4404 0.4283 0.3954 0.3889 0.4014 0.4320 0.4164 0.3567 0.4112 0.4181 0.3843 0.4523 0.4217 0.4125
0.4541 0.4820 0.4414 0.4010 0.4514 0.4337 0.4296 0.4374 0.4482 0.4742 0.4267 0.4682 0.4921 0.4372 0.4039 0.4621 0.4534 0.4511 0.5239 0.4315 0.4790 0.4846 0.4484 0.4644 0.4642 0.4743 0.4350 0.4161 0.3749 1.0000 0.4561 0.4357 0.4486 0.3871 0.4576 0.4275 0.4094 0.4428 0.4405 0.3884 0.4650 0.4628 0.4140 0.4335 0.4237 0.4726 0.4199 0.4814 0.4430 0.5168
0.3940 0.4171 0.3899 0.3787 0.4046 0.4053 0.3960 0.3772 0.4347 0.4432 0.3483 0.3951 0.4296 0.4307 0.4051 0.3899 0.3864 0.3899 0.4381 0.4030 0.3819 0.4143 0.3932 0.4046 0.4127 0.4106 0.3757 0.3740 0.3708 0.4561 1.0000 0.3916 0.3806 0.3996 0.3885 0.3900 0.3516 0.3750 0.3957 0.3373 0.4469 0.3886 0.3692 0.4097 0.4082 0.4125 0.4382 0.4311 0.3889 0.4231
0.3950 0.4354 0.4921 0.4035 0.4336 0.4076 0.4438 0.4326 0.4585 0.4354 0.3811 0.4520 0.4270 0.4175 0.4263 0.4741 0.4058 0.4478 0.4984 0.4106 0.4238 0.4321 0.4421 0.4606 0.4076 0.4601 0.4578 0.4089 0.4203 0.4357 0.3916 1.0000 0.4542 0.4011 0.4882 0.4059 0.4147 0.4011 0.4707 0.4366 0.4305 0.4703 0.4293 0.4250 0.4798 0.4637 0.4103 0.4439 0.4347 0.4671
0.3931 0.4517 0.4232 0.4272 0.4403 0.4452 0.4577 0.4441 0.4379 0.4318 0.3843 0.5042 0.4723 0.3880 0.4364 0.4797 0.4350 0.4815 0.5018 0.4081 0.4193 0.4450 0.4775 0.4621 0.4370 0.4937 0.4593 0.3948 0.4111 0.4486 0.3806 0.4542 1.0000 0.3955 0.4601 0.4047 0.4279 0.4336 0.4869 0.4154 0.4354 0.4794 0.3789 0.4106 0.4620 0.4678 0.3982 0.5188 0.4517 0.4720
0.4260 0.3972 0.3854 0.3895 0.4137 0.4058 0.4278 0.4140 0.4400 0.4038 0.4124 0.4395 0.4346 0.3512 0.3992 0.3907 0.3553 0.3798 0.4441 0.3632 0.4108 0.4167 0.4363 0.3937 0.4098 0.4131 0.3897 0.4146 0.4465 0.3871 0.3996 0.4011 0.3955 1.0000 0.4306 0.3990 0.4188 0.4218 0.4151 0.3802 0.3821 0.4405 0.4500 0.3627 0.4103 0.3978 0.3780 0.4644 0.4252 0.4144
0.3998 0.4519 0.4273 0.4542 0.4751 0.4566 0.4975 0.4504 0.4749 0.4925 0.4258 0.4842 0.4539 0.4657 0.4610 0.4865 0.4009 0.4440 0.5089 0.4071 0.4447 0.5005 0.4925 0.4437 0.4247 0.4957 0.4492 0.4331 0.3991 0.4576 0.3885 0.4882 0.4601 0.4306 1.0000 0.4848 0.4220 0.4312 0.4894 0.4076 0.4356 0.4997 0.4264 0.4759 0.4608 0.4716 0.4468 0.5213 0.4850 0.5007
0.3886 0.4198 0.3852 0.4032 0.4511 0.4264 0.4378 0.4257 0.3952 0.4708 0.3610 0.4164 0.4224 0.4412 0.3925 0.4086 0.3984 0.4249 0.4549 0.4068 0.4096 0.4969 0.3999 0.4329 0.4000 0.4600 0.3908 0.4060 0.3579 0.4275 0.3900 0.4059 0.4047 0.3990 0.4848 1.0000 0.3716 0.4296 0.4444 0.4080 0.4080 0.4532 0.4218 0.4486 0.4495 0.4454 0.3958 0.4601 0.4475 0.4449
0.4419 0.4301 0.4366 0.4172 0.4011 0.3988 0.4327 0.4516 0.4482 0.4475 0.4289 0.4522 0.4080 0.3777 0.3810 0.4199 0.4074 0.4211 0.4583 0.3974 0.4670 0.4135 0.4871 0.4247 0.4294 0.4210 0.4340 0.4336 0.4404 0.4094 0.3516 0.4147 0.4279 0.4188 0.4220 0.3716 1.0000 0.4146 0.4214 0.4197 0.4266 0.4588 0.4529 0.3831 0.3898 0.4435 0.3556 0.4472 0.4516 0.4305
0.4445 0.4095 0.4112 0.3584 0.4324 0.3907 0.4186 0.3938 0.4193 0.4448 0.4614 0.4201 0.3982 0.3665 0.3923 0.4407 0.3792 0.4340 0.4536 0.4072 0.4438 0.4114 0.4064 0.5028 0.4214 0.4019 0.4049 0.4770 0.4283 0.4428 0.3750 0.4011 0.4336 0.4218 0.4312 0.4296 0.4146 1.0000 0.4224 0.3677 0.4220 0.4402 0.4005 0.3853 0.3795 0.4344 0.3639 0.4493 0.4357 0.4624
0.4049 0.4326 0.4269 0.4713 0.4842 0.4317 0.4692 0.4498 0.4516 0.4506 0.4010 0.4949 0.4560 0.4291 0.4148 0.4798 0.4444 0.4546 0.4959 0.4413 0.3897 0.4599 0.4303 0.4426 0.4731 0.4714 0.4942 0.3969 0.3954 0.4405 0.3957 0.4707 0.4869 0.4151 0.4894 0.4444 0.4214 0.4224 1.0000 0.4494 0.4436 0.4839 0.4216 0.4491 0.4307 0.4709 0.4000 0.4884 0.4894 0.4989
0.4056 0.4332 0.4004 0.4446 0.4136 0.4122 0.4749 0.4601 0.4581 0.4686 0.3656 0.4413 0.3762 0.3785 0.3814 0.4268 0.4043 0.3955 0.4534 0.4053 0.3781 0.4441 0.4513 0.4072 0.4311 0.4715 0.4352 0.3337 0.3889 0.3884 0.3373 0.4366 0.4154 0.3802 0.4076 0.4080 0.4197 0.3677 0.4494 1.0000 0.4039 0.4515 0.4153 0.3807 0.3885 0.4303 0.3686 0.4749 0.4750 0.4343
0.3991 0.4693 0.4053 0.3887 0.4308 0.4067 0.4379 0.4272 0.4557 0.5018 0.3941 0.4222 0.4294 0.4142 0.4351 0.4365 0.4093 0.4464 0.4696 0.4217 0.3933 0.4296 0.4262 0.4067 0.4319 0.4450 0.4393 0.4152 0.4014 0.4650 0.4469 0.4305 0.4354 0.3821 0.4356 0.4080 0.4266 0.4220 0.4436 0.4039 1.0000 0.4484 0.3990 0.3942 0.3898 0.4580 0.4454 0.4383 0.4782 0.4518
0.4207 0.4410 0.4513 0.4297 0.4591 0.4318 0.5105 0.4875 0.4920 0.4717 0.4162 0.4855 0.4342 0.4099 0.4481 0.5102 0.4536 0.4595 0.5466 0.4116 0.4373 0.4527 0.4911 0.4618 0.4486 0.4657 0.4732 0.4131 0.4320 0.4628 0.3886 0.4703 0.4794 0.4405 0.4997 0.4532 0.4588 0.4402 0.4839 0.4515 0.4484 1.0000 0.4162 0.4254 0.4623 0.5494 0.3957 0.5003 0.4907 0.5188
0.4208 0.4136 0.3792 0.3862 0.3954 0.4066 0.4068 0.3804 0.4335 0.4367 0.4159 0.4459 0.4180 0.3790 0.3710 0.3874 0.3463 0.3816 0.4261 0.3689 0.4445 0.4452 0.4346 0.3957 0.4152 0.4282 0.4119 0.3884 0.4164 0.4140 0.3692 0.4293 0.3789 0.4500 0.4264 0.4218 0.4529 0.4005 0.4216 0.4153 0.3990 0.4162 1.0000 0.4244 0.3880 0.4264 0.3613 0.4509 0.4250 0.4339
0.4002 0.4357 0.3954 0.4068 0.3971 0.4269 0.4142 0.4065 0.4303 0.4479 0.3587 0.4160 0.4210 0.4430 0.3843 0.4457 0.4273 0.4338 0.4476 0.4231 0.3967 0.4594 0.4158 0.4176 0.4007 0.4617 0.4011 0.3640 0.3567 0.4335 0.4097 0.4250 0.4106 0.3627 0.4759 0.4486 0.3831 0.3853 0.4491 0.3807 0.3942 0.4254 0.4244 1.0000 0.4271 0.4461 0.3880 0.4309 0.4090 0.4222
0.4033 0.4143 0.4165 0.3998 0.4148 0.4104 0.4339 0.4175 0.4240 0.4309 0.3532 0.4648 0.4432 0.4335 0.4180 0.4206 0.3853 0.4051 0.4866 0.4082 0.4478 0.4213 0.4407 0.4404 0.4243 0.4528 0.3887 0.3698 0.4112 0.4237 0.4082 0.4798 0.4620 0.4103 0.4608 0.4495 0.3898 0.3795 0.4307 0.3885 0.3898 0.4623 0.3880 0.4271 1.0000 0.4672 0.4128 0.4715 0.4119 0.4165
0.4097 0.4777 0.4615 0.4221 0.4257 0.4329 0.4595 0.4526 0.4610 0.5272 0.4041 0.4834 0.4366 0.4039 0.4290 0.4827 0.4477 0.4742 0.4994 0.4357 0.4325 0.4773 0.4754 0.4932 0.4684 0.4672 0.4665 0.4242 0.4181 0.4726 0.4125 0.4637 0.4678 0.3978 0.4716 0.4454 0.4435 0.4344 0.4709 0.4303 0.4580 0.5494 0.4264 0.4461 0.4672 1.0000 0.4034 0.5013 0.4822 0.4728
0.3775 0.3874 0.3943 0.3577 0.3932 0.4021 0.3986 0.3745 0.4320 0.4241 0.3580 0.4051 0.4040 0.4010 0.4099 0.3890 0.3803 0.3785 0.4349 0.4099 0.3714 0.4032 0.4184 0.3896 0.3939 0.4198 0.3706 0.3511 0.3843 0.4199 0.4382 0.4103 0.3982 0.3780 0.4468 0.3958 0.3556 0.3639 0.4000 0.3686 0.4454 0.3957 0.3613 0.3880 0.4128 0.4034 1.0000 0.4353 0.4039 0.3968
0.4180 0.4599 0.4418 0.4778 0.4736 0.4945 0.4995 0.5104 0.5174 0.5186 0.4324 0.5217 0.5224 0.4135 0.4408 0.5086 0.4167 0.4595 0.5551 0.4406 0.4619 0.5086 0.5214 0.4790 0.4730 0.5181 0.4446 0.3987 0.4523 0.4814 0.4311 0.4439 0.5188 0.4644 0.5213 0.4601 0.4472 0.4493 0.4884 0.4749 0.4383 0.5003 0.4509 0.4309 0.4715 0.5013 0.4353 1.0000 0.4896 0.5103
0.4442 0.4450 0.4448 0.4489 0.5107 0.4476 0.4812 0.4777 0.5294 0.5237 0.4494 0.4544 0.4293 0.4170 0.4960 0.4498 0.4503 0.4853 0.4811 0.4377 0.4120 0.4861 0.5275 0.4350 0.5010 0.5319 0.4792 0.3983 0.4217 0.4430 0.3889 0.4347 0.4517 0.4252 0.4850 0.4475 0.4516 0.4357 0.4894 0.4750 0.4782 0.4907 0.4250 0.4090 0.4119 0.4822 0.4039 0.4896 1.0000 0.5071
0.4291 0.4529 0.4727 0.4757 0.5082 0.4559 0.4957 0.4698 0.4739 0.4865 0.4660 0.4788 0.4950 0.4080 0.4447 0.4731 0.4494 0.4671 0.5040 0.4174 0.4285 0.4978 0.5099 0.4648 0.5292 0.4563 0.5498 0.4167 0.4125 0.5168 0.4231 0.4671 0.4720 0.4144 0.5007 0.4449 0.4305 0.4624 0.4989 0.4343 0.4518 0.5188 0.4339 0.4222 0.4165 0.4728 0.3968 0.5103 0.5071 1.0000
