1.0000 0.2914 0.3394 0.3190 0.3439 0.3027 0.3360 0.2942 0.3659 0.3294 0.3564 0.3488 0.3252 0.2733 0.2816 0.3068 0.3052 0.2857 0.3476 0.3397 0.3490 0.3760 0.3451 0.3117 0.3252 0.3115 0.3166 0.3164 0.3416 0.3977 0.3598 0.3317 0.3613 0.3343 0.3088 0.2697 0.3275 0.3489 0.3437 0.3364 0.3169 0.3010 0.3791 0.3280 0.3600 0.3097 0.3351 0.3139 0.2744 0.3559
0.2914 1.0000 0.2556 0.2760 0.3080 0.2806 0.3409 0.3303 0.3217 0.3137 0.3019 0.3220 0.2766 0.3106 0.2758 0.3050 0.3097 0.2891 0.3484 0.2769 0.2578 0.3137 0.2605 0.3510 0.2746 0.3142 0.3069 0.2936 0.2976 0.3189 0.2961 0.2593 0.2846 0.2511 0.3142 0.3292 0.2942 0.2751 0.3036 0.3046 0.2830 0.2912 0.3134 0.2565 0.2538 0.2493 0.2939 0.3119 0.2862 0.3276
0.3394 0.2556 1.0000 0.3114 0.3060 0.2985 0.3307 0.2866 0.3661 0.3379 0.2836 0.3601 0.3119 0.2847 0.3167 0.3215 0.3212 0.3498 0.3116 0.3425 0.3077 0.3050 0.3400 0.2875 0.2730 0.3080 0.3106 0.2611 0.3039 0.3417 0.2911 0.3095 0.3494 0.3133 0.2969 0.2646 0.2792 0.3468 0.3002 0.3533 0.2813 0.3051 0.3287 0.2708 0.2573 0.2586 0.3336 0.2972 0.2909 0.3165
0.3190 0.2760 0.3114 1.0000 0.3002 0.3394 0.3248 0.2603 0.3113 0.2976 0.2562 0.3295 0.3073 0.2645 0.3056 0.2888 0.3349 0.3181 0.3840 0.3015 0.3052 0.2921 0.2983 0.2972 0.3035 0.3099 0.2679 0.2894 0.2836 0.3687 0.3107 0.2996 0.3247 0.3233 0.2883 0.2948 0.2979 0.3514 0.2792 0.3239 0.2949 0.3130 0.2830 0.2969 0.2361 0.2665 0.3120 0.3154 0.3079 0.2737
0.3439 0.3080 0.3060 0.3002 1.0000 0.3081 0.3367 0.2828 0.3286 0.3417 0.3558 0.3184 0.3776 0.2662 0.3421 0.3507 0.3170 0.3173 0.3499 0.3305 0.3528 0.3389 0.3119 0.3131 0.3265 0.3003 0.3655 0.3408 0.3411 0.3218 0.3019 0.3021 0.3333 0.3083 0.2866 0.3470 0.3343 0.2900 0.3035 0.3170 0.3186 0.3062 0.3554 0.3277 0.3092 0.2781 0.3747 0.3186 0.3028 0.3708
0.3027 0.2806 0.2985 0.3394 0.3081 1.0000 0.3561 0.3338 0.3053 0.3138 0.3272 0.3572 0.3077 0.2979 0.2796 0.3337 0.3149 0.2932 0.2814 0.3236 0.3159 0.3266 0.2730 0.3454 0.3358 0.3070 0.3133 0.2865 0.2968 0.3294 0.3117 0.3293 0.3598 0.3061 0.2950 0.3211 0.3282 0.3487 0.2895 0.3216 0.2996 0.3359 0.3391 0.3052 0.2638 0.2483 0.2674 0.3486 0.3046 0.3204
0.3360 0.3409 0.3307 0.3248 0.3367 0.3561 1.0000 0.3423 0.2934 0.3245 0.3478 0.3712 0.3379 0.3547 0.3287 0.3465 0.3252 0.3212 0.3247 0.3221 0.3116 0.3334 0.3087 0.3147 0.3110 0.3603 0.3034 0.3349 0.3370 0.3411 0.3527 0.3147 0.3007 0.3330 0.2995 0.3373 0.3882 0.3554 0.3323 0.3694 0.3023 0.3112 0.3487 0.3035 0.2953 0.2476 0.3192 0.3412 0.3102 0.3662
0.2942 0.3303 0.2866 0.2603 0.2828 0.3338 0.3423 1.0000 0.3128 0.3086 0.3659 0.3687 0.3142 0.2960 0.2750 0.3401 0.3459 0.3035 0.2989 0.3194 0.3277 0.2948 0.2663 0.3258 0.3219 0.3116 0.2713 0.3255 0.3362 0.2951 0.3318 0.3176 0.3315 0.3277 0.3136 0.3026 0.2944 0.3391 0.2919 0.3269 0.3356 0.2820 0.3368 0.3055 0.2901 0.2696 0.2828 0.3573 0.3275 0.3542
0.3659 0.3217 0.3661 0.3113 0.3286 0.3053 0.2934 0.3128 1.0000 0.3150 0.2780 0.3705 0.2753 0.2686 0.2907 0.3211 0.3074 0.3283 0.3078 0.3349 0.3232 0.3413 0.2727 0.3197 0.3083 0.3330 0.3161 0.2700 0.3244 0.3722 0.3476 0.2954 0.3383 0.2869 0.3160 0.2961 0.3047 0.3076 0.2985 0.3274 0.2777 0.3243 0.3359 0.2885 0.2837 0.3005 0.2724 0.2988 0.3029 0.2984
0.3294 0.3137 0.3379 0.2976 0.3417 0.3138 0.3245 0.3086 0.3150 1.0000 0.3046 0.3276 0.3628 0.3332 0.3117 0.3553 0.3597 0.3867 0.3503 0.2940 0.3574 0.3214 0.3171 0.3071 0.3707 0.3639 0.3453 0.3171 0.3176 0.3826 0.3187 0.3561 0.3017 0.3417 0.3217 0.3325 0.2890 0.3282 0.2981 0.3227 0.3295 0.2753 0.3285 0.3240 0.2974 0.2617 0.3458 0.3529 0.3653 0.3673
0.3564 0.3019 0.2836 0.2562 0.3558 0.3272 0.3478 0.3659 0.2780 0.3046 1.0000 0.3256 0.3384 0.2700 0.2800 0.3036 0.3029 0.2733 0.2944 0.2813 0.3472 0.2925 0.3040 0.3086 0.3766 0.2870 0.2964 0.3298 0.3513 0.2996 0.2900 0.3314 0.3445 0.3308 0.3364 0.2894 0.3079 0.3262 0.2970 0.3291 0.3055 0.3020 0.3551 0.3277 0.2972 0.2752 0.3092 0.3363 0.3052 0.4017
0.3488 0.3220 0.3601 0.3295 0.3184 0.3572 0.3712 0.3687 0.3705 0.3276 0.3256 1.0000 0.3658 0.3117 0.3286 0.3617 0.3373 0.3471 0.3271 0.3166 0.3346 0.3480 0.2920 0.3479 0.3246 0.3394 0.3047 0.3090 0.3625 0.3735 0.3292 0.3457 0.3440 0.3345 0.3613 0.3292 0.3261 0.3607 0.3105 0.3755 0.3033 0.2980 0.3472 0.3097 0.2725 0.2940 0.3364 0.3200 0.3222 0.3661
0.3252 0.2766 0.3119 0.3073 0.3776 0.3077 0.3379 0.3142 0.2753 0.3628 0.3384 0.3658 1.0000 0.2647 0.3914 0.3313 0.3655 0.3513 0.3169 0.3048 0.3685 0.3292 0.3563 0.3067 0.3113 0.3304 0.3349 0.3253 0.3687 0.3481 0.3097 0.3359 0.3498 0.3695 0.3219 0.3246 0.3199 0.3129 0.2882 0.3471 0.3597 0.3058 0.3174 0.3222 0.3558 0.2916 0.3398 0.3476 0.3546 0.4181
0.2733 0.3106 0.2847 0.2645 0.2662 0.2979 0.3547 0.2960 0.2686 0.3332 0.2700 0.3117 0.2647 1.0000 0.2377 0.2938 0.3719 0.3500 0.3138 0.2499 0.2514 0.2788 0.2842 0.2925 0.2584 0.3006 0.2677 0.2707 0.2716 0.3195 0.3193 0.2895 0.2926 0.2948 0.2923 0.2711 0.2843 0.3365 0.3375 0.3213 0.2674 0.2682 0.2903 0.2733 0.2318 0.2518 0.2895 0.3031 0.2730 0.3196
0.2816 0.2758 0.3167 0.3056 0.3421 0.2796 0.3287 0.2750 0.2907 0.3117 0.2800 0.3286 0.3914 0.2377 1.0000 0.3129 0.3251 0.3414 0.3345 0.3149 0.3186 0.3338 0.3229 0.2763 0.2587 0.3058 0.3083 0.3269 0.3054 0.3140 0.3140 0.3160 0.3414 0.3298 0.3161 0.3413 0.3340 0.3315 0.2577 0.3379 0.3107 0.3150 0.3143 0.3125 0.3180 0.2687 0.3399 0.3163 0.3004 0.3622
0.3068 0.3050 0.3215 0.2888 0.3507 0.3337 0.3465 0.3401 0.3211 0.3553 0.3036 0.3617 0.3313 0.2938 0.3129 1.0000 0.3483 0.3137 0.3195 0.3524 0.3544 0.3480 0.3079 0.3073 0.3228 0.3654 0.3260 0.3140 0.3339 0.3273 0.3120 0.2631 0.3381 0.3292 0.3366 0.3603 0.3420 0.3325 0.3601 0.3298 0.2914 0.3041 0.3448 0.2960 0.2964 0.2726 0.3195 0.3552 0.3222 0.3290
0.3052 0.3097 0.3212 0.3349 0.3170 0.3149 0.3252 0.3459 0.3074 0.3597 0.3029 0.3373 0.3655 0.3719 0.3251 0.3483 1.0000 0.3377 0.3519 0.3200 0.3218 0.3418 0.3344 0.3053 0.3058 0.3410 0.3252 0.3519 0.3167 0.3454 0.3343 0.2899 0.3014 0.3313 0.3453 0.3419 0.3435 0.3149 0.2846 0.3593 0.3064 0.3069 0.3010 0.3274 0.3024 0.2907 0.3254 0.3315 0.3516 0.3498
0.2857 0.2891 0.3498 0.3181 0.3173 0.2932 0.3212 0.3035 0.3283 0.3867 0.2733 0.3471 0.3513 0.3500 0.3414 0.3137 0.3377 1.0000 0.3120 0.2993 0.3120 0.2974 0.3433 0.3104 0.2947 0.3375 0.2820 0.2814 0.3641 0.3594 0.3047 0.3303 0.2958 0.3062 0.3346 0.3444 0.2763 0.3414 0.3284 0.3668 0.3178 0.2835 0.2962 0.2729 0.2870 0.2611 0.3213 0.3471 0.3591 0.3028
0.3476 0.3484 0.3116 0.3840 0.3499 0.2814 0.3247 0.2989 0.3078 0.3503 0.2944 0.3271 0.3169 0.3138 0.3345 0.3195 0.3519 0.3120 1.0000 0.3160 0.3169 0.3542 0.2917 0.2696 0.3368 0.3236 0.3478 0.3459 0.3117 0.3373 0.3189 0.3303 0.3340 0.3489 0.2869 0.2823 0.3029 0.3208 0.3102 0.3451 0.2948 0.2692 0.2930 0.2918 0.2693 0.2628 0.3580 0.3252 0.2848 0.3209
0.3397 0.2769 0.3425 0.3015 0.3305 0.3236 0.3221 0.3194 0.3349 0.2940 0.2813 0.3166 0.3048 0.2499 0.3149 0.3524 0.3200 0.2993 0.3160 1.0000 0.3266 0.3263 0.2832 0.2852 0.2905 0.3103 0.3061 0.3119 0.3172 0.3658 0.3330 0.2717 0.3044 0.2856 0.2919 0.3105 0.3381 0.3428 0.2856 0.3022 0.2451 0.3430 0.3028 0.3154 0.3246 0.2675 0.2808 0.3268 0.3019 0.2932
0.3490 0.2578 0.3077 0.3052 0.3528 0.3159 0.3116 0.3277 0.3232 0.3574 0.3472 0.3346 0.3685 0.2514 0.3186 0.3544 0.3218 0.3120 0.3169 0.3266 1.0000 0.2979 0.2938 0.2912 0.4350 0.3531 0.3127 0.3366 0.3169 0.3143 0.3022 0.3268 0.3225 0.4058 0.3191 0.3449 0.3697 0.3147 0.3189 0.4120 0.4029 0.3219 0.3358 0.3126 0.3186 0.3074 0.3276 0.3322 0.3332 0.3416
0.3760 0.3137 0.3050 0.2921 0.3389 0.3266 0.3334 0.2948 0.3413 0.3214 0.2925 0.3480 0.3292 0.2788 0.3338 0.3480 0.3418 0.2974 0.3542 0.3263 0.2979 1.0000 0.3077 0.3366 0.2979 0.3007 0.3165 0.3234 0.3414 0.3176 0.3455 0.3102 0.3555 0.2908 0.3293 0.2773 0.3268 0.3116 0.2882 0.3098 0.2877 0.3013 0.3922 0.3731 0.2727 0.3070 0.3130 0.3462 0.3071 0.3425
0.3451 0.2605 0.3400 0.2983 0.3119 0.2730 0.3087 0.2663 0.2727 0.3171 0.3040 0.2920 0.3563 0.2842 0.3229 0.3079 0.3344 0.3433 0.2917 0.2832 0.2938 0.3077 1.0000 0.2751 0.3026 0.3300 0.2787 0.2904 0.3066 0.2899 0.3028 0.3007 0.3142 0.3096 0.3168 0.2559 0.3029 0.3105 0.2940 0.3056 0.2841 0.2944 0.3227 0.2923 0.2725 0.2591 0.3304 0.2919 0.2920 0.3612
0.3117 0.3510 0.2875 0.2972 0.3131 0.3454 0.3147 0.3258 0.3197 0.3071 0.3086 0.3479 0.3067 0.2925 0.2763 0.3073 0.3053 0.3104 0.2696 0.2852 0.2912 0.3366 0.2751 1.0000 0.3078 0.2822 0.3181 0.2556 0.3477 0.3166 0.3051 0.2811 0.3158 0.2732 0.3372 0.3253 0.3336 0.2983 0.2720 0.3006 0.2914 0.3304 0.3652 0.3133 0.2864 0.2695 0.2729 0.3255 0.3182 0.3254
0.3252 0.2746 0.2730 0.3035 0.3265 0.3358 0.3110 0.3219 0.3083 0.3707 0.3766 0.3246 0.3113 0.2584 0.2587 0.3228 0.3058 0.2947 0.3368 0.2905 0.4350 0.2979 0.3026 0.3078 1.0000 0.3016 0.3564 0.3342 0.2982 0.3030 0.2897 0.3087 0.3221 0.3805 0.3090 0.2795 0.3741 0.3151 0.3248 0.3685 0.3381 0.2766 0.3321 0.3108 0.3044 0.2490 0.3116 0.3333 0.3606 0.2955
0.3115 0.3142 0.3080 0.3099 0.3003 0.3070 0.3603 0.3116 0.3330 0.3639 0.2870 0.3394 0.3304 0.3006 0.3058 0.3654 0.3410 0.3375 0.3236 0.3103 0.3531 0.3007 0.3300 0.2822 0.3016 1.0000 0.3190 0.3227 0.3345 0.3152 0.3337 0.2981 0.2538 0.3269 0.3232 0.3457 0.2930 0.2847 0.3118 0.3414 0.2915 0.2731 0.3312 0.2552 0.2793 0.2581 0.3178 0.3302 0.2991 0.3901
0.3166 0.3069 0.3106 0.2679 0.3655 0.3133 0.3034 0.2713 0.3161 0.3453 0.2964 0.3047 0.3349 0.2677 0.3083 0.3260 0.3252 0.2820 0.3478 0.3061 0.3127 0.3165 0.2787 0.3181 0.3564 0.3190 1.0000 0.3260 0.2891 0.2930 0.2764 0.2634 0.3182 0.3489 0.2996 0.3746 0.3141 0.2720 0.2563 0.3075 0.2987 0.2594 0.3237 0.2751 0.3415 0.2638 0.3365 0.3233 0.3122 0.2977
0.3164 0.2936 0.2611 0.2894 0.3408 0.2865 0.3349 0.3255 0.2700 0.3171 0.3298 0.3090 0.3253 0.2707 0.3269 0.3140 0.3519 0.2814 0.3459 0.3119 0.3366 0.3234 0.2904 0.2556 0.3342 0.3227 0.3260 1.0000 0.3005 0.3011 0.3066 0.3059 0.3020 0.3300 0.2814 0.3049 0.3689 0.2648 0.2838 0.3378 0.3208 0.2571 0.3124 0.2962 0.2987 0.2721 0.3294 0.3149 0.3017 0.3260
0.3416 0.2976 0.3039 0.2836 0.3411 0.2968 0.3370 0.3362 0.3244 0.3176 0.3513 0.3625 0.3687 0.2716 0.3054 0.3339 0.3167 0.3641 0.3117 0.3172 0.3169 0.3414 0.3066 0.3477 0.2982 0.3345 0.2891 0.3005 1.0000 0.3067 0.3017 0.2816 0.3077 0.3061 0.3182 0.3488 0.3213 0.3489 0.3076 0.3214 0.3155 0.3226 0.3386 0.3318 0.3078 0.3394 0.3159 0.3771 0.3251 0.3569
0.3977 0.3189 0.3417 0.3687 0.3218 0.3294 0.3411 0.2951 0.3722 0.3826 0.2996 0.3735 0.3481 0.3195 0.3140 0.3273 0.3454 0.3594 0.3373 0.3658 0.3143 0.3176 0.2899 0.3166 0.3030 0.3152 0.2930 0.3011 0.3067 1.0000 0.3405 0.3753 0.3330 0.3500 0.3026 0.3324 0.3082 0.3586 0.3146 0.3593 0.3149 0.2955 0.3059 0.2904 0.3024 0.2543 0.3287 0.3223 0.3339 0.3170
0.3598 0.2961 0.2911 0.3107 0.3019 0.3117 0.3527 0.3318 0.3476 0.3187 0.2900 0.3292 0.3097 0.3193 0.3140 0.3120 0.3343 0.3047 0.3189 0.3330 0.3022 0.3455 0.3028 0.3051 0.2897 0.3337 0.2764 0.3066 0.3017 0.3405 1.0000 0.3597 0.3275 0.3058 0.3211 0.2743 0.3432 0.3311 0.3122 0.2888 0.3120 0.3089 0.3202 0.3182 0.2993 0.3122 0.2912 0.3199 0.2908 0.3585
0.3317 0.2593 0.3095 0.2996 0.3021 0.3293 0.3147 0.3176 0.2954 0.3561 0.3314 0.3457 0.3359 0.2895 0.3160 0.2631 0.2899 0.3303 0.3303 0.2717 0.3268 0.3102 0.3007 0.2811 0.3087 0.2981 0.2634 0.3059 0.2816 0.3753 0.3597 1.0000 0.3377 0.3208 0.2859 0.2655 0.2745 0.2785 0.2527 0.3486 0.3592 0.2924 0.2922 0.2931 0.2672 0.2364 0.3162 0.2991 0.3304 0.3948
0.3613 0.2846 0.3494 0.3247 0.3333 0.3598 0.3007 0.3315 0.3383 0.3017 0.3445 0.3440 0.3498 0.2926 0.3414 0.3381 0.3014 0.2958 0.3340 0.3044 0.3225 0.3555 0.3142 0.3158 0.3221 0.2538 0.3182 0.3020 0.3077 0.3330 0.3275 0.3377 1.0000 0.3539 0.3171 0.2807 0.3418 0.3169 0.2887 0.3497 0.3309 0.3475 0.3698 0.3478 0.3190 0.2510 0.3369 0.3292 0.2936 0.3396
0.3343 0.2511 0.3133 0.3233 0.3083 0.3061 0.3330 0.3277 0.2869 0.3417 0.3308 0.3345 0.3695 0.2948 0.3298 0.3292 0.3313 0.3062 0.3489 0.2856 0.4058 0.2908 0.3096 0.2732 0.3805 0.3269 0.3489 0.3300 0.3061 0.3500 0.3058 0.3208 0.3539 1.0000 0.2759 0.3196 0.3906 0.3462 0.3340 0.4039 0.3467 0.2701 0.2972 0.2788 0.3470 0.2639 0.3676 0.3102 0.3343 0.3314
0.3088 0.3142 0.2969 0.2883 0.2866 0.2950 0.2995 0.3136 0.3160 0.3217 0.3364 0.3613 0.3219 0.2923 0.3161 0.3366 0.3453 0.3346 0.2869 0.2919 0.3191 0.3293 0.3168 0.3372 0.3090 0.3232 0.2996 0.2814 0.3182 0.3026 0.3211 0.2859 0.3171 0.2759 1.0000 0.3144 0.3008 0.3048 0.2975 0.3291 0.2792 0.2983 0.3368 0.3520 0.2954 0.2812 0.2919 0.3397 0.3456 0.3605
0.2697 0.3292 0.2646 0.2948 0.3470 0.3211 0.3373 0.3026 0.2961 0.3325 0.2894 0.3292 0.3246 0.2711 0.3413 0.3603 0.3419 0.3444 0.2823 0.3105 0.3449 0.2773 0.2559 0.3253 0.2795 0.3457 0.3746 0.3049 0.3488 0.3324 0.2743 0.2655 0.2807 0.3196 0.3144 1.0000 0.3248 0.3031 0.2822 0.3787 0.3097 0.2795 0.2823 0.2665 0.3168 0.2664 0.3180 0.3231 0.3314 0.3037
0.3275 0.2942 0.2792 0.2979 0.3343 0.3282 0.3882 0.2944 0.3047 0.2890 0.3079 0.3261 0.3199 0.2843 0.3340 0.3420 0.3435 0.2763 0.3029 0.3381 0.3697 0.3268 0.3029 0.3336 0.3741 0.2930 0.3141 0.3689 0.3213 0.3082 0.3432 0.2745 0.3418 0.3906 0.3008 0.3248 1.0000 0.3141 0.3038 0.3809 0.2963 0.3324 0.3309 0.3379 0.2863 0.2784 0.3054 0.3070 0.3184 0.3165
0.3489 0.2751 0.3468 0.3514 0.2900 0.3487 0.3554 0.3391 0.3076 0.3282 0.3262 0.3607 0.3129 0.3365 0.3315 0.3325 0.3149 0.3414 0.3208 0.3428 0.3147 0.3116 0.3105 0.2983 0.3151 0.2847 0.2720 0.2648 0.3489 0.3586 0.3311 0.2785 0.3169 0.3462 0.3048 0.3031 0.3141 1.0000 0.3599 0.3591 0.2929 0.2862 0.3286 0.3125 0.2850 0.3147 0.3038 0.3183 0.3017 0.3019
0.3437 0.3036 0.3002 0.2792 0.3035 0.2895 0.3323 0.2919 0.2985 0.2981 0.2970 0.3105 0.2882 0.3375 0.2577 0.3601 0.2846 0.3284 0.3102 0.2856 0.3189 0.2882 0.2940 0.2720 0.3248 0.3118 0.2563 0.2838 0.3076 0.3146 0.3122 0.2527 0.2887 0.3340 0.2975 0.2822 0.3038 0.3599 1.0000 0.3493 0.2895 0.2718 0.3296 0.2719 0.2502 0.2607 0.3093 0.3104 0.2547 0.2914
0.3364 0.3046 0.3533 0.3239 0.3170 0.3216 0.3694 0.3269 0.3274 0.3227 0.3291 0.3755 0.3471 0.3213 0.3379 0.3298 0.3593 0.3668 0.3451 0.3022 0.4120 0.3098 0.3056 0.3006 0.3685 0.3414 0.3075 0.3378 0.3214 0.3593 0.2888 0.3486 0.3497 0.4039 0.3291 0.3787 0.3809 0.3591 0.3493 1.0000 0.3898 0.2739 0.3241 0.2737 0.2963 0.2602 0.3372 0.3416 0.3448 0.3187
0.3169 0.2830 0.2813 0.2949 0.3186 0.2996 0.3023 0.3356 0.2777 0.3295 0.3055 0.3033 0.3597 0.2674 0.3107 0.2914 0.3064 0.3178 0.2948 0.2451 0.4029 0.2877 0.2841 0.2914 0.3381 0.2915 0.2987 0.3208 0.3155 0.3149 0.3120 0.3592 0.3309 0.3467 0.2792 0.3097 0.2963 0.2929 0.2895 0.3898 1.0000 0.2957 0.3227 0.2888 0.3000 0.2759 0.2989 0.3285 0.2970 0.3641
0.3010 0.2912 0.3051 0.3130 0.3062 0.3359 0.3112 0.2820 0.3243 0.2753 0.3020 0.2980 0.3058 0.2682 0.3150 0.3041 0.3069 0.2835 0.2692 0.3430 0.3219 0.3013 0.2944 0.3304 0.2766 0.2731 0.2594 0.2571 0.3226 0.2955 0.3089 0.2924 0.3475 0.2701 0.2983 0.2795 0.3324 0.2862 0.2718 0.2739 0.2957 1.0000 0.3513 0.3846 0.2654 0.3022 0.2787 0.2870 0.3087 0.3336
0.3791 0.3134 0.3287 0.2830 0.3554 0.3391 0.3487 0.3368 0.3359 0.3285 0.3551 0.3472 0.3174 0.2903 0.3143 0.3448 0.3010 0.2962 0.2930 0.3028 0.3358 0.3922 0.3227 0.3652 0.3321 0.3312 0.3237 0.3124 0.3386 0.3059 0.3202 0.2922 0.3698 0.2972 0.3368 0.2823 0.3309 0.3286 0.3296 0.3241 0.3227 0.3513 1.0000 0.3799 0.3102 0.2987 0.3408 0.3325 0.3077 0.3429
0.3280 0.2565 0.2708 0.2969 0.3277 0.3052 0.3035 0.3055 0.2885 0.3240 0.3277 0.3097 0.3222 0.2733 0.3125 0.2960 0.3274 0.2729 0.2918 0.3154 0.3126 0.3731 0.2923 0.3133 0.3108 0.2552 0.2751 0.2962 0.3318 0.2904 0.3182 0.2931 0.3478 0.2788 0.3520 0.2665 0.3379 0.3125 0.2719 0.2737 0.2888 0.3846 0.3799 1.0000 0.3048 0.2789 0.2744 0.3322 0.3234 0.3367
0.3600 0.2538 0.2573 0.2361 0.3092 0.2638 0.2953 0.2901 0.2837 0.2974 0.2972 0.2725 0.3558 0.2318 0.3180 0.2964 0.3024 0.2870 0.2693 0.3246 0.3186 0.2727 0.2725 0.2864 0.3044 0.2793 0.3415 0.2987 0.3078 0.3024 0.2993 0.2672 0.3190 0.3470 0.2954 0.3168 0.2863 0.2850 0.2502 0.2963 0.3000 0.2654 0.3102 0.3048 1.0000 0.2466 0.2834 0.3244 0.3316 0.3376
0.3097 0.2493 0.2586 0.2665 0.2781 0.2483 0.2476 0.2696 0.3005 0.2617 0.2752 0.2940 0.2916 0.2518 0.2687 0.2726 0.2907 0.2611 0.2628 0.2675 0.3074 0.3070 0.2591 0.2695 0.2490 0.2581 0.2638 0.2721 0.3394 0.2543 0.3122 0.2364 0.2510 0.2639 0.2812 0.2664 0.2784 0.3147 0.2607 0.2602 0.2759 0.3022 0.2987 0.2789 0.2466 1.0000 0.2812 0.2889 0.2900 0.3059
0.3351 0.2939 0.3336 0.3120 0.3747 0.2674 0.3192 0.2828 0.2724 0.3458 0.3092 0.3364 0.3398 0.2895 0.3399 0.3195 0.3254 0.3213 0.3580 0.2808 0.3276 0.3130 0.3304 0.2729 0.3116 0.3178 0.3365 0.3294 0.3159 0.3287 0.2912 0.3162 0.3369 0.3676 0.2919 0.3180 0.3054 0.3038 0.3093 0.3372 0.2989 0.2787 0.3408 0.2744 0.2834 0.2812 1.0000 0.2838 0.2959 0.3298
0.3139 0.3119 0.2972 0.3154 0.3186 0.3486 0.3412 0.3573 0.2988 0.3529 0.3363 0.3200 0.3476 0.3031 0.3163 0.3552 0.3315 0.3471 0.3252 0.3268 0.3322 0.3462 0.2919 0.3255 0.3333 0.3302 0.3233 0.3149 0.3771 0.3223 0.3199 0.2991 0.3292 0.3102 0.3397 0.3231 0.3070 0.3183 0.3104 0.3416 0.3285 0.2870 0.3325 0.3322 0.3244 0.2889 0.2838 1.0000 0.3183 0.3290
0.2744 0.2862 0.2909 0.3079 0.3028 0.3046 0.3102 0.3275 0.3029 0.3653 0.3052 0.3222 0.3546 0.2730 0.3004 0.3222 0.3516 0.3591 0.2848 0.3019 0.3332 0.3071 0.2920 0.3182 0.3606 0.2991 0.3122 0.3017 0.3251 0.3339 0.2908 0.3304 0.2936 0.3343 0.3456 0.3314 0.3184 0.3017 0.2547 0.3448 0.2970 0.3087 0.3077 0.3234 0.3316 0.2900 0.2959 0.3183 1.0000 0.3528
0.3559 0.3276 0.3165 0.2737 0.3708 0.3204 0.3662 0.3542 0.2984 0.3673 0.4017 0.3661 0.4181 0.3196 0.3622 0.3290 0.3498 0.3028 0.3209 0.2932 0.3416 0.3425 0.3612 0.3254 0.2955 0.3901 0.2977 0.3260 0.3569 0.3170 0.3585 0.3948 0.3396 0.3314 0.3605 0.3037 0.3165 0.3019 0.2914 0.3187 0.3641 0.3336 0.3429 0.3367 0.3376 0.3059 0.3298 0.3290 0.3528 1.0000
