1.0000 0.5436 0.5872 0.5430 0.5386 0.5138 0.5577 0.4439 0.5339 0.5161 0.4459 0.4451 0.4182 0.4545 0.5420 0.5480 0.4973 0.5340 0.5048 0.4265 0.5217 0.5664 0.5772 0.3961 0.4432 0.4325 0.4661 0.5212 0.4933 0.4706 0.4987 0.5270 0.4686 0.4142 0.4491 0.4347 0.5227 0.5500 0.5487 0.6452 0.5354 0.5843 0.5048 0.4137 0.4400 0.5441 0.4791 0.4953 0.5398 0.5276
0.5436 1.0000 0.5249 0.5961 0.5002 0.6089 0.5966 0.4572 0.5162 0.5884 0.4978 0.4259 0.4030 0.5293 0.5186 0.4478 0.5381 0.5476 0.5994 0.4656 0.4578 0.5540 0.4669 0.4829 0.4035 0.3918 0.4794 0.4922 0.4691 0.4185 0.4816 0.5527 0.4295 0.4051 0.4318 0.4711 0.5371 0.5517 0.5676 0.6157 0.5623 0.5467 0.5287 0.3895 0.3893 0.5855 0.4553 0.5367 0.5643 0.4139
0.5872 0.5249 1.0000 0.5243 0.5748 0.5265 0.5750 0.4231 0.5111 0.4745 0.4250 0.4676 0.4107 0.4787 0.5431 0.5352 0.4907 0.5671 0.4475 0.4415 0.4674 0.5496 0.5653 0.3928 0.4280 0.4569 0.5131 0.5111 0.5132 0.4296 0.5222 0.5604 0.4962 0.4004 0.4188 0.4244 0.4867 0.5007 0.6152 0.5958 0.4867 0.5838 0.5239 0.3574 0.4284 0.5078 0.4393 0.4865 0.5916 0.4621
0.5430 0.5961 0.5243 1.0000 0.5301 0.6286 0.5997 0.4499 0.4935 0.5209 0.4825 0.4600 0.4478 0.5339 0.6046 0.4852 0.5297 0.5747 0.5120 0.4931 0.5027 0.6287 0.5265 0.4789 0.4344 0.4345 0.5097 0.5667 0.5668 0.4236 0.4605 0.5179 0.4404 0.4471 0.4740 0.5159 0.5143 0.5978 0.5197 0.5858 0.5586 0.6312 0.4706 0.4592 0.4291 0.5223 0.4865 0.5132 0.5428 0.4870
0.5386 0.5002 0.5748 0.5301 1.0000 0.5082 0.5579 0.4101 0.5210 0.4687 0.4231 0.4759 0.4283 0.4777 0.4959 0.5357 0.5191 0.5484 0.4713 0.4270 0.4887 0.5372 0.5381 0.3837 0.3778 0.3922 0.5005 0.5106 0.4967 0.4434 0.4684 0.5245 0.4700 0.4206 0.3957 0.4578 0.4914 0.4966 0.5458 0.5327 0.5189 0.5586 0.5170 0.4187 0.4280 0.5211 0.4105 0.4906 0.5190 0.4588
0.5138 0.6089 0.5265 0.6286 0.5082 1.0000 0.6137 0.4479 0.5113 0.5664 0.4872 0.4459 0.4572 0.5152 0.5189 0.4978 0.5812 0.5838 0.5554 0.5047 0.4803 0.5819 0.5402 0.4389 0.3934 0.4465 0.5068 0.5106 0.4969 0.4315 0.4762 0.6400 0.4331 0.4634 0.4666 0.4331 0.5725 0.6395 0.5785 0.5630 0.5472 0.6206 0.5199 0.4137 0.4186 0.6274 0.4374 0.4789 0.5518 0.4619
0.5577 0.5966 0.5750 0.5997 0.5579 0.6137 1.0000 0.4060 0.5312 0.5323 0.4348 0.5123 0.4316 0.4636 0.5844 0.5047 0.5562 0.5525 0.5335 0.4777 0.4516 0.5419 0.5165 0.4306 0.4588 0.4262 0.5645 0.5164 0.5762 0.4254 0.4905 0.5488 0.5481 0.4113 0.4048 0.4513 0.4831 0.5145 0.5355 0.5709 0.4734 0.6837 0.4429 0.4206 0.4140 0.5915 0.4412 0.5471 0.5287 0.4477
0.4439 0.4572 0.4231 0.4499 0.4101 0.4479 0.4060 1.0000 0.4420 0.4402 0.5660 0.4294 0.4784 0.5229 0.4374 0.3726 0.4186 0.5083 0.4505 0.5697 0.4577 0.4293 0.4723 0.5557 0.4312 0.5370 0.4770 0.3880 0.5212 0.4310 0.5356 0.4262 0.4828 0.4100 0.5952 0.5222 0.4562 0.4746 0.5080 0.4684 0.4901 0.4528 0.4379 0.4804 0.5973 0.4248 0.6202 0.4503 0.4945 0.4026
0.5339 0.5162 0.5111 0.4935 0.5210 0.5113 0.5312 0.4420 1.0000 0.5030 0.4526 0.3860 0.3959 0.4893 0.4784 0.4642 0.4729 0.5162 0.5132 0.4345 0.4886 0.4854 0.4660 0.4039 0.4320 0.3936 0.4760 0.5378 0.4762 0.4178 0.4242 0.5578 0.4122 0.4230 0.4279 0.4271 0.5522 0.5131 0.5614 0.5688 0.4953 0.5010 0.5023 0.4259 0.3897 0.5461 0.4327 0.4408 0.5958 0.4673
0.5161 0.5884 0.4745 0.5209 0.4687 0.5664 0.5323 0.4402 0.5030 1.0000 0.4548 0.4206 0.3971 0.4634 0.4532 0.4423 0.5850 0.4559 0.6390 0.4422 0.4579 0.5593 0.4560 0.4490 0.3850 0.3876 0.5023 0.4721 0.4398 0.4036 0.4460 0.5204 0.4092 0.3887 0.4713 0.4535 0.4938 0.5589 0.5053 0.5224 0.5707 0.4911 0.4513 0.3766 0.3995 0.5721 0.4510 0.5114 0.5225 0.4171
0.4459 0.4978 0.4250 0.4825 0.4231 0.4872 0.4348 0.5660 0.4526 0.4548 1.0000 0.3988 0.4828 0.4720 0.3894 0.3550 0.4361 0.4350 0.5259 0.5710 0.3779 0.4534 0.4647 0.5356 0.3740 0.4616 0.4864 0.4186 0.5088 0.5762 0.4418 0.4526 0.4702 0.3767 0.5439 0.5027 0.4282 0.4881 0.5372 0.4929 0.4743 0.4293 0.4205 0.4879 0.5035 0.4738 0.5616 0.4767 0.5024 0.4349
0.4451 0.4259 0.4676 0.4600 0.4759 0.4459 0.5123 0.4294 0.3860 0.4206 0.3988 1.0000 0.5246 0.4347 0.4612 0.5124 0.4649 0.4402 0.4500 0.4771 0.4316 0.4114 0.5010 0.4843 0.4723 0.4483 0.4564 0.4082 0.5288 0.5024 0.4618 0.3874 0.5698 0.4466 0.4009 0.4663 0.3807 0.4025 0.4752 0.4134 0.3901 0.5243 0.3957 0.5287 0.4023 0.4511 0.4827 0.4527 0.3946 0.4692
0.4182 0.4030 0.4107 0.4478 0.4283 0.4572 0.4316 0.4784 0.3959 0.3971 0.4828 0.5246 1.0000 0.4441 0.3811 0.4362 0.4387 0.4570 0.4286 0.5422 0.3824 0.3892 0.5146 0.5099 0.5002 0.4866 0.4971 0.3936 0.5422 0.5392 0.4182 0.3810 0.4376 0.4568 0.4127 0.5046 0.3611 0.4187 0.4669 0.3925 0.3913 0.4539 0.4019 0.5408 0.4760 0.4228 0.4518 0.4197 0.4185 0.4341
0.4545 0.5293 0.4787 0.5339 0.4777 0.5152 0.4636 0.5229 0.4893 0.4634 0.4720 0.4347 0.4441 1.0000 0.4776 0.4222 0.4886 0.5212 0.5427 0.5376 0.4644 0.4517 0.5139 0.5825 0.4172 0.4180 0.5119 0.4239 0.4968 0.4088 0.5427 0.4766 0.4238 0.4556 0.4090 0.5296 0.5076 0.4723 0.5855 0.5400 0.4963 0.5105 0.5023 0.4608 0.4225 0.4409 0.4996 0.5647 0.5186 0.4606
0.5420 0.5186 0.5431 0.6046 0.4959 0.5189 0.5844 0.4374 0.4784 0.4532 0.3894 0.4612 0.3811 0.4776 1.0000 0.5076 0.4569 0.5747 0.4460 0.4402 0.4650 0.5003 0.5091 0.3841 0.4143 0.4720 0.4779 0.5144 0.5167 0.3851 0.4554 0.4598 0.4727 0.3872 0.4542 0.4354 0.4870 0.5373 0.4976 0.5007 0.4518 0.6046 0.4509 0.4018 0.4112 0.4668 0.4931 0.4886 0.5029 0.4364
0.5480 0.4478 0.5352 0.4852 0.5357 0.4978 0.5047 0.3726 0.4642 0.4423 0.3550 0.5124 0.4362 0.4222 0.5076 1.0000 0.4683 0.4893 0.4403 0.3678 0.5412 0.4782 0.5949 0.3518 0.4069 0.4405 0.4250 0.4863 0.4522 0.4355 0.4851 0.4452 0.4413 0.4030 0.3861 0.3759 0.4904 0.4769 0.4936 0.4591 0.4514 0.5734 0.4900 0.4149 0.3917 0.4783 0.3810 0.4257 0.4308 0.4559
0.4973 0.5381 0.4907 0.5297 0.5191 0.5812 0.5562 0.4186 0.4729 0.5850 0.4361 0.4649 0.4387 0.4886 0.4569 0.4683 1.0000 0.4782 0.5435 0.5534 0.4519 0.5011 0.5017 0.4211 0.4426 0.4102 0.4763 0.4628 0.4794 0.4165 0.4881 0.5543 0.4841 0.4539 0.3908 0.4749 0.5270 0.5343 0.5333 0.4952 0.5198 0.5437 0.5109 0.3953 0.4198 0.5773 0.4484 0.4755 0.4824 0.4587
0.5340 0.5476 0.5671 0.5747 0.5484 0.5838 0.5525 0.5083 0.5162 0.4559 0.4350 0.4402 0.4570 0.5212 0.5747 0.4893 0.4782 1.0000 0.4237 0.4556 0.5034 0.4915 0.5824 0.4041 0.4254 0.4299 0.5045 0.4763 0.5123 0.3667 0.5196 0.5217 0.4674 0.4661 0.4562 0.4326 0.5174 0.5811 0.5417 0.5720 0.5198 0.6139 0.5196 0.3992 0.4618 0.5057 0.4429 0.4684 0.5752 0.4491
0.5048 0.5994 0.4475 0.5120 0.4713 0.5554 0.5335 0.4505 0.5132 0.6390 0.5259 0.4500 0.4286 0.5427 0.4460 0.4403 0.5435 0.4237 1.0000 0.4910 0.4382 0.5141 0.5027 0.5189 0.3814 0.3955 0.5417 0.4682 0.4599 0.4836 0.4939 0.5061 0.4560 0.4127 0.4851 0.5297 0.4872 0.5194 0.5330 0.5197 0.5112 0.4806 0.4309 0.4632 0.4089 0.5792 0.4861 0.5960 0.5037 0.4505
0.4265 0.4656 0.4415 0.4931 0.4270 0.5047 0.4777 0.5697 0.4345 0.4422 0.5710 0.4771 0.5422 0.5376 0.4402 0.3678 0.5534 0.4556 0.4910 1.0000 0.3764 0.4372 0.4596 0.6016 0.4734 0.5202 0.5021 0.4254 0.6343 0.4851 0.4642 0.4892 0.5409 0.4255 0.4950 0.5643 0.4733 0.4936 0.5531 0.4767 0.4509 0.4717 0.4170 0.5098 0.4867 0.4499 0.6086 0.4999 0.4648 0.4018
0.5217 0.4578 0.4674 0.5027 0.4887 0.4803 0.4516 0.4577 0.4886 0.4579 0.3779 0.4316 0.3824 0.4644 0.4650 0.5412 0.4519 0.5034 0.4382 0.3764 1.0000 0.4743 0.4776 0.3745 0.3985 0.3647 0.4193 0.4433 0.4335 0.3990 0.5118 0.4446 0.4150 0.4374 0.4309 0.3805 0.5238 0.4904 0.4710 0.5077 0.5404 0.5213 0.5015 0.3581 0.4560 0.4475 0.4404 0.3946 0.4659 0.4431
0.5664 0.5540 0.5496 0.6287 0.5372 0.5819 0.5419 0.4293 0.4854 0.5593 0.4534 0.4114 0.3892 0.4517 0.5003 0.4782 0.5011 0.4915 0.5141 0.4372 0.4743 1.0000 0.4977 0.4182 0.4063 0.4121 0.5079 0.4970 0.4758 0.4035 0.4674 0.6323 0.4118 0.4001 0.4719 0.4521 0.4903 0.5485 0.5167 0.5953 0.6109 0.5599 0.4647 0.3732 0.4283 0.5269 0.4293 0.4774 0.5290 0.4640
0.5772 0.4669 0.5653 0.5265 0.5381 0.5402 0.5165 0.4723 0.4660 0.4560 0.4647 0.5010 0.5146 0.5139 0.5091 0.5949 0.5017 0.5824 0.5027 0.4596 0.4776 0.4977 1.0000 0.4219 0.4368 0.5015 0.5629 0.4852 0.5060 0.5053 0.6273 0.4890 0.4985 0.4189 0.4849 0.4606 0.4867 0.5206 0.6185 0.4816 0.4617 0.5819 0.5159 0.4499 0.4895 0.4994 0.4562 0.5328 0.4701 0.5657
0.3961 0.4829 0.3928 0.4789 0.3837 0.4389 0.4306 0.5557 0.4039 0.4490 0.5356 0.4843 0.5099 0.5825 0.3841 0.3518 0.4211 0.4041 0.5189 0.6016 0.3745 0.4182 0.4219 1.0000 0.4490 0.4583 0.4406 0.3728 0.5551 0.4963 0.4523 0.3962 0.4961 0.4078 0.4865 0.6354 0.4020 0.3882 0.5049 0.4720 0.4203 0.4153 0.3807 0.5747 0.4364 0.4032 0.5413 0.4922 0.4380 0.3804
0.4432 0.4035 0.4280 0.4344 0.3778 0.3934 0.4588 0.4312 0.4320 0.3850 0.3740 0.4723 0.5002 0.4172 0.4143 0.4069 0.4426 0.4254 0.3814 0.4734 0.3985 0.4063 0.4368 0.4490 1.0000 0.4559 0.4428 0.3620 0.5165 0.4049 0.4595 0.4098 0.4413 0.5484 0.3611 0.4467 0.4024 0.4014 0.4615 0.4368 0.3889 0.4423 0.3713 0.4028 0.4703 0.4307 0.4042 0.4110 0.4338 0.4638
0.4325 0.3918 0.4569 0.4345 0.3922 0.4465 0.4262 0.5370 0.3936 0.3876 0.4616 0.4483 0.4866 0.4180 0.4720 0.4405 0.4102 0.4299 0.3955 0.5202 0.3647 0.4121 0.5015 0.4583 0.4559 1.0000 0.4482 0.4025 0.5698 0.4907 0.4681 0.4248 0.4977 0.3315 0.5732 0.4647 0.4400 0.4552 0.4947 0.4132 0.3928 0.4846 0.4120 0.4803 0.5511 0.3996 0.5329 0.3915 0.4003 0.3890
0.4661 0.4794 0.5131 0.5097 0.5005 0.5068 0.5645 0.4770 0.4760 0.5023 0.4864 0.4564 0.4971 0.5119 0.4779 0.4250 0.4763 0.5045 0.5417 0.5021 0.4193 0.5079 0.5629 0.4406 0.4428 0.4482 1.0000 0.4509 0.5519 0.4460 0.5829 0.4718 0.4564 0.3892 0.4318 0.4598 0.4182 0.4645 0.5555 0.4933 0.4755 0.5398 0.4092 0.4148 0.4775 0.4717 0.4333 0.5661 0.5270 0.4570
0.5212 0.4922 0.5111 0.5667 0.5106 0.5106 0.5164 0.3880 0.5378 0.4721 0.4186 0.4082 0.3936 0.4239 0.5144 0.4863 0.4628 0.4763 0.4682 0.4254 0.4433 0.4970 0.4852 0.3728 0.3620 0.4025 0.4509 1.0000 0.4862 0.3920 0.3894 0.4851 0.3682 0.3396 0.4357 0.4178 0.4894 0.5227 0.4702 0.5130 0.4577 0.5286 0.4768 0.4035 0.3443 0.4466 0.4169 0.4391 0.5312 0.4291
0.4933 0.4691 0.5132 0.5668 0.4967 0.4969 0.5762 0.5212 0.4762 0.4398 0.5088 0.5288 0.5422 0.4968 0.5167 0.4522 0.4794 0.5123 0.4599 0.6343 0.4335 0.4758 0.5060 0.5551 0.5165 0.5698 0.5519 0.4862 1.0000 0.5242 0.4742 0.4695 0.5644 0.4177 0.4929 0.5550 0.4589 0.4728 0.5190 0.5331 0.4315 0.5698 0.3927 0.5632 0.4858 0.4432 0.5262 0.5096 0.4885 0.4112
0.4706 0.4185 0.4296 0.4236 0.4434 0.4315 0.4254 0.4310 0.4178 0.4036 0.5762 0.5024 0.5392 0.4088 0.3851 0.4355 0.4165 0.3667 0.4836 0.4851 0.3990 0.4035 0.5053 0.4963 0.4049 0.4907 0.4460 0.3920 0.5242 1.0000 0.4221 0.3940 0.4912 0.3734 0.4694 0.5057 0.3675 0.4044 0.5295 0.4102 0.3775 0.4517 0.4001 0.5589 0.4682 0.4416 0.4966 0.4316 0.4088 0.4657
0.4987 0.4816 0.5222 0.4605 0.4684 0.4762 0.4905 0.5356 0.4242 0.4460 0.4418 0.4618 0.4182 0.5427 0.4554 0.4851 0.4881 0.5196 0.4939 0.4642 0.5118 0.4674 0.6273 0.4523 0.4595 0.4681 0.5829 0.3894 0.4742 0.4221 1.0000 0.4723 0.5153 0.4266 0.4541 0.4122 0.4617 0.4513 0.5960 0.4947 0.4729 0.5351 0.4944 0.3863 0.5572 0.4553 0.4744 0.5116 0.4553 0.4621
0.5270 0.5527 0.5604 0.5179 0.5245 0.6400 0.5488 0.4262 0.5578 0.5204 0.4526 0.3874 0.3810 0.4766 0.4598 0.4452 0.5543 0.5217 0.5061 0.4892 0.4446 0.6323 0.4890 0.3962 0.4098 0.4248 0.4718 0.4851 0.4695 0.3940 0.4723 1.0000 0.4221 0.4185 0.4454 0.4166 0.5746 0.5588 0.5920 0.5982 0.5417 0.5341 0.5034 0.3759 0.4169 0.5903 0.4295 0.4363 0.5669 0.4384
0.4686 0.4295 0.4962 0.4404 0.4700 0.4331 0.5481 0.4828 0.4122 0.4092 0.4702 0.5698 0.4376 0.4238 0.4727 0.4413 0.4841 0.4674 0.4560 0.5409 0.4150 0.4118 0.4985 0.4961 0.4413 0.4977 0.4564 0.3682 0.5644 0.4912 0.5153 0.4221 1.0000 0.4045 0.4700 0.5086 0.4125 0.4124 0.5228 0.4463 0.4045 0.5227 0.4004 0.4379 0.5228 0.4719 0.5379 0.4785 0.3981 0.4278
0.4142 0.4051 0.4004 0.4471 0.4206 0.4634 0.4113 0.4100 0.4230 0.3887 0.3767 0.4466 0.4568 0.4556 0.3872 0.4030 0.4539 0.4661 0.4127 0.4255 0.4374 0.4001 0.4189 0.4078 0.5484 0.3315 0.3892 0.3396 0.4177 0.3734 0.4266 0.4185 0.4045 1.0000 0.3100 0.3976 0.4060 0.4327 0.4358 0.4239 0.4203 0.4510 0.4086 0.4131 0.4247 0.4742 0.3636 0.3872 0.4208 0.4863
0.4491 0.4318 0.4188 0.4740 0.3957 0.4666 0.4048 0.5952 0.4279 0.4713 0.5439 0.4009 0.4127 0.4090 0.4542 0.3861 0.3908 0.4562 0.4851 0.4950 0.4309 0.4719 0.4849 0.4865 0.3611 0.5732 0.4318 0.4357 0.4929 0.4694 0.4541 0.4454 0.4700 0.3100 1.0000 0.4995 0.4424 0.5413 0.4829 0.4593 0.4854 0.4181 0.3766 0.4520 0.5389 0.4370 0.6105 0.3862 0.4581 0.3884
0.4347 0.4711 0.4244 0.5159 0.4578 0.4331 0.4513 0.5222 0.4271 0.4535 0.5027 0.4663 0.5046 0.5296 0.4354 0.3759 0.4749 0.4326 0.5297 0.5643 0.3805 0.4521 0.4606 0.6354 0.4467 0.4647 0.4598 0.4178 0.5550 0.5057 0.4122 0.4166 0.5086 0.3976 0.4995 1.0000 0.4088 0.4223 0.4766 0.4413 0.4266 0.4436 0.4141 0.5478 0.4710 0.4280 0.5573 0.5183 0.4595 0.4313
0.5227 0.5371 0.4867 0.5143 0.4914 0.5725 0.4831 0.4562 0.5522 0.4938 0.4282 0.3807 0.3611 0.5076 0.4870 0.4904 0.5270 0.5174 0.4872 0.4733 0.5238 0.4903 0.4867 0.4020 0.4024 0.4400 0.4182 0.4894 0.4589 0.3675 0.4617 0.5746 0.4125 0.4060 0.4424 0.4088 1.0000 0.5678 0.5692 0.5415 0.5251 0.4870 0.5619 0.3853 0.3990 0.5393 0.4412 0.4407 0.5005 0.4225
0.5500 0.5517 0.5007 0.5978 0.4966 0.6395 0.5145 0.4746 0.5131 0.5589 0.4881 0.4025 0.4187 0.4723 0.5373 0.4769 0.5343 0.5811 0.5194 0.4936 0.4904 0.5485 0.5206 0.3882 0.4014 0.4552 0.4645 0.5227 0.4728 0.4044 0.4513 0.5588 0.4124 0.4327 0.5413 0.4223 0.5678 1.0000 0.5250 0.5762 0.6161 0.5394 0.5022 0.3856 0.4138 0.6260 0.4844 0.4479 0.5669 0.4425
0.5487 0.5676 0.6152 0.5197 0.5458 0.5785 0.5355 0.5080 0.5614 0.5053 0.5372 0.4752 0.4669 0.5855 0.4976 0.4936 0.5333 0.5417 0.5330 0.5531 0.4710 0.5167 0.6185 0.5049 0.4615 0.4947 0.5555 0.4702 0.5190 0.5295 0.5960 0.5920 0.5228 0.4358 0.4829 0.4766 0.5692 0.5250 1.0000 0.5819 0.5067 0.5400 0.5332 0.4264 0.4842 0.5617 0.5021 0.5141 0.5510 0.5304
0.6452 0.6157 0.5958 0.5858 0.5327 0.5630 0.5709 0.4684 0.5688 0.5224 0.4929 0.4134 0.3925 0.5400 0.5007 0.4591 0.4952 0.5720 0.5197 0.4767 0.5077 0.5953 0.4816 0.4720 0.4368 0.4132 0.4933 0.5130 0.5331 0.4102 0.4947 0.5982 0.4463 0.4239 0.4593 0.4413 0.5415 0.5762 0.5819 1.0000 0.5914 0.5465 0.4817 0.4058 0.4052 0.5379 0.4541 0.4977 0.6462 0.4308
0.5354 0.5623 0.4867 0.5586 0.5189 0.5472 0.4734 0.4901 0.4953 0.5707 0.4743 0.3901 0.3913 0.4963 0.4518 0.4514 0.5198 0.5198 0.5112 0.4509 0.5404 0.6109 0.4617 0.4203 0.3889 0.3928 0.4755 0.4577 0.4315 0.3775 0.4729 0.5417 0.4045 0.4203 0.4854 0.4266 0.5251 0.6161 0.5067 0.5914 1.0000 0.5041 0.5235 0.3380 0.4429 0.5405 0.4639 0.4427 0.5520 0.4408
0.5843 0.5467 0.5838 0.6312 0.5586 0.6206 0.6837 0.4528 0.5010 0.4911 0.4293 0.5243 0.4539 0.5105 0.6046 0.5734 0.5437 0.6139 0.4806 0.4717 0.5213 0.5599 0.5819 0.4153 0.4423 0.4846 0.5398 0.5286 0.5698 0.4517 0.5351 0.5341 0.5227 0.4510 0.4181 0.4436 0.4870 0.5394 0.5400 0.5465 0.5041 1.0000 0.5092 0.4281 0.4525 0.5256 0.4572 0.5096 0.5136 0.5448
0.5048 0.5287 0.5239 0.4706 0.5170 0.5199 0.4429 0.4379 0.5023 0.4513 0.4205 0.3957 0.4019 0.5023 0.4509 0.4900 0.5109 0.5196 0.4309 0.4170 0.5015 0.4647 0.5159 0.3807 0.3713 0.4120 0.4092 0.4768 0.3927 0.4001 0.4944 0.5034 0.4004 0.4086 0.3766 0.4141 0.5619 0.5022 0.5332 0.4817 0.5235 0.5092 1.0000 0.3343 0.4108 0.4785 0.4199 0.4480 0.5042 0.4433
0.4137 0.3895 0.3574 0.4592 0.4187 0.4137 0.4206 0.4804 0.4259 0.3766 0.4879 0.5287 0.5408 0.4608 0.4018 0.4149 0.3953 0.3992 0.4632 0.5098 0.3581 0.3732 0.4499 0.5747 0.4028 0.4803 0.4148 0.4035 0.5632 0.5589 0.3863 0.3759 0.4379 0.4131 0.4520 0.5478 0.3853 0.3856 0.4264 0.4058 0.3380 0.4281 0.3343 1.0000 0.4097 0.3967 0.5132 0.4177 0.3923 0.3951
0.4400 0.3893 0.4284 0.4291 0.4280 0.4186 0.4140 0.5973 0.3897 0.3995 0.5035 0.4023 0.4760 0.4225 0.4112 0.3917 0.4198 0.4618 0.4089 0.4867 0.4560 0.4283 0.4895 0.4364 0.4703 0.5511 0.4775 0.3443 0.4858 0.4682 0.5572 0.4169 0.5228 0.4247 0.5389 0.4710 0.3990 0.4138 0.4842 0.4052 0.4429 0.4525 0.4108 0.4097 1.0000 0.4013 0.5120 0.3993 0.3987 0.4017
0.5441 0.5855 0.5078 0.5223 0.5211 0.6274 0.5915 0.4248 0.5461 0.5721 0.4738 0.4511 0.4228 0.4409 0.4668 0.4783 0.5773 0.5057 0.5792 0.4499 0.4475 0.5269 0.4994 0.4032 0.4307 0.3996 0.4717 0.4466 0.4432 0.4416 0.4553 0.5903 0.4719 0.4742 0.4370 0.4280 0.5393 0.6260 0.5617 0.5379 0.5405 0.5256 0.4785 0.3967 0.4013 1.0000 0.4244 0.4598 0.5264 0.4537
0.4791 0.4553 0.4393 0.4865 0.4105 0.4374 0.4412 0.6202 0.4327 0.4510 0.5616 0.4827 0.4518 0.4996 0.4931 0.3810 0.4484 0.4429 0.4861 0.6086 0.4404 0.4293 0.4562 0.5413 0.4042 0.5329 0.4333 0.4169 0.5262 0.4966 0.4744 0.4295 0.5379 0.3636 0.6105 0.5573 0.4412 0.4844 0.5021 0.4541 0.4639 0.4572 0.4199 0.5132 0.5120 0.4244 1.0000 0.4802 0.4490 0.4308
0.4953 0.5367 0.4865 0.5132 0.4906 0.4789 0.5471 0.4503 0.4408 0.5114 0.4767 0.4527 0.4197 0.5647 0.4886 0.4257 0.4755 0.4684 0.5960 0.4999 0.3946 0.4774 0.5328 0.4922 0.4110 0.3915 0.5661 0.4391 0.5096 0.4316 0.5116 0.4363 0.4785 0.3872 0.3862 0.5183 0.4407 0.4479 0.5141 0.4977 0.4427 0.5096 0.4480 0.4177 0.3993 0.4598 0.4802 1.0000 0.4860 0.4475
0.5398 0.5643 0.5916 0.5428 0.5190 0.5518 0.5287 0.4945 0.5958 0.5225 0.5024 0.3946 0.4185 0.5186 0.5029 0.4308 0.4824 0.5752 0.5037 0.4648 0.4659 0.5290 0.4701 0.4380 0.4338 0.4003 0.5270 0.5312 0.4885 0.4088 0.4553 0.5669 0.3981 0.4208 0.4581 0.4595 0.5005 0.5669 0.5510 0.6462 0.5520 0.5136 0.5042 0.3923 0.3987 0.5264 0.4490 0.4860 1.0000 0.4458
0.5276 0.4139 0.4621 0.4870 0.4588 0.4619 0.4477 0.4026 0.4673 0.4171 0.4349 0.4692 0.4341 0.4606 0.4364 0.4559 0.4587 0.4491 0.4505 0.4018 0.4431 0.4640 0.5657 0.3804 0.4638 0.3890 0.4570 0.4291 0.4112 0.4657 0.4621 0.4384 0.4278 0.4863 0.3884 0.4313 0.4225 0.4425 0.5304 0.4308 0.4408 0.5448 0.4433 0.3951 0.4017 0.4537 0.4308 0.4475 0.4458 1.0000
