1.0000 0.3745 0.3577 0.3803 0.3415 0.4323 0.4134 0.4018 0.4369 0.3672 0.4018 0.3669 0.3551 0.3951 0.4911 0.4413 0.4441 0.4166 0.4478 0.4415 0.4074 0.4293 0.4193 0.4055 0.4216 0.4133 0.4748 0.4582 0.4584 0.3919 0.3722 0.4739 0.3745 0.3970 0.3300 0.3870 0.4479 0.4342 0.4059 0.4072 0.3957 0.3383 0.4458 0.4220 0.4045 0.3638 0.4325 0.4052 0.4232 0.3630
0.3745 1.0000 0.3850 0.4150 0.4013 0.3756 0.3641 0.4270 0.3595 0.4463 0.3873 0.3313 0.4066 0.4047 0.4276 0.3910 0.4373 0.3931 0.3906 0.3727 0.3795 0.4021 0.3908 0.4016 0.4242 0.3490 0.4123 0.3638 0.4015 0.3775 0.3826 0.3865 0.3781 0.3811 0.3182 0.3687 0.3960 0.3331 0.4164 0.3335 0.4358 0.3383 0.3356 0.3062 0.3648 0.3878 0.3214 0.3993 0.4384 0.3368
0.3577 0.3850 1.0000 0.3864 0.4271 0.3862 0.3404 0.4059 0.3910 0.4168 0.3334 0.3098 0.4464 0.4227 0.4069 0.3434 0.4583 0.3562 0.4620 0.3761 0.4128 0.4179 0.3983 0.3694 0.4273 0.3746 0.4398 0.3579 0.3568 0.3779 0.3954 0.4059 0.4370 0.4317 0.3923 0.3768 0.3879 0.3578 0.3645 0.3664 0.3973 0.3601 0.3526 0.3937 0.3758 0.4394 0.3369 0.3993 0.3549 0.3299
0.3803 0.4150 0.3864 1.0000 0.3705 0.3666 0.3934 0.4416 0.3696 0.4303 0.3752 0.3836 0.4339 0.4106 0.4042 0.4167 0.4870 0.4435 0.4001 0.3895 0.3970 0.4107 0.4493 0.3660 0.4667 0.3847 0.4012 0.5050 0.4082 0.4182 0.4341 0.3665 0.4076 0.4055 0.3579 0.4180 0.3719 0.4103 0.4632 0.3965 0.3673 0.3944 0.3585 0.3823 0.3256 0.3566 0.3913 0.3800 0.4080 0.3943
0.3415 0.4013 0.4271 0.3705 1.0000 0.3691 0.3624 0.4521 0.3555 0.4173 0.3457 0.3533 0.3546 0.4372 0.3906 0.3607 0.4216 0.3764 0.4530 0.3604 0.3755 0.4954 0.3824 0.4029 0.4077 0.3712 0.4316 0.3565 0.3545 0.3663 0.3616 0.4151 0.3767 0.4373 0.3183 0.4158 0.4082 0.3361 0.4010 0.3682 0.3608 0.3674 0.3189 0.3032 0.3793 0.4297 0.3227 0.4128 0.3914 0.3051
0.4323 0.3756 0.3862 0.3666 0.3691 1.0000 0.3922 0.3826 0.4914 0.4053 0.3921 0.3572 0.3847 0.3872 0.4325 0.3806 0.4050 0.4126 0.4127 0.3878 0.4654 0.3663 0.3888 0.4180 0.3873 0.4113 0.4181 0.3987 0.3573 0.4237 0.4250 0.4264 0.3842 0.3985 0.3888 0.3689 0.4398 0.4175 0.3953 0.3735 0.4109 0.4306 0.4375 0.4002 0.3982 0.3988 0.3940 0.3909 0.4135 0.3494
0.4134 0.3641 0.3404 0.3934 0.3624 0.3922 1.0000 0.3799 0.3585 0.3842 0.4091 0.4343 0.4069 0.4844 0.4622 0.4613 0.4556 0.4284 0.3638 0.4153 0.4003 0.3830 0.4647 0.4476 0.3944 0.4593 0.4100 0.3869 0.4340 0.4063 0.3808 0.4643 0.4126 0.4779 0.3979 0.4223 0.4298 0.4528 0.3882 0.3876 0.4325 0.4148 0.4570 0.3856 0.3607 0.4053 0.4186 0.4228 0.4579 0.3771
0.4018 0.4270 0.4059 0.4416 0.4521 0.3826 0.3799 1.0000 0.3619 0.4216 0.4375 0.3816 0.3631 0.3921 0.4230 0.4349 0.4380 0.4487 0.4201 0.3719 0.3854 0.3934 0.3993 0.4683 0.3845 0.3970 0.4596 0.4135 0.3789 0.3806 0.4127 0.3866 0.4198 0.4333 0.3442 0.4083 0.4022 0.3632 0.4292 0.3776 0.3552 0.3653 0.3631 0.3296 0.3879 0.4225 0.3531 0.4471 0.4381 0.4099
0.4369 0.3595 0.3910 0.3696 0.3555 0.4914 0.3585 0.3619 1.0000 0.3716 0.3600 0.3481 0.3515 0.3771 0.3936 0.3368 0.4054 0.3790 0.3937 0.4621 0.4040 0.4057 0.4140 0.3867 0.4066 0.4149 0.3876 0.4401 0.3883 0.3630 0.4234 0.4310 0.3754 0.3801 0.3366 0.3597 0.3668 0.3733 0.3664 0.3391 0.3871 0.3502 0.3919 0.4383 0.3633 0.3761 0.4226 0.3582 0.3735 0.3318
0.3672 0.4463 0.4168 0.4303 0.4173 0.4053 0.3842 0.4216 0.3716 1.0000 0.3678 0.3458 0.3625 0.4360 0.3861 0.4031 0.4018 0.3807 0.3779 0.3906 0.4245 0.3830 0.3796 0.4487 0.4278 0.3648 0.4031 0.3975 0.3831 0.3577 0.3798 0.3852 0.4183 0.3863 0.3484 0.4276 0.3652 0.3484 0.3968 0.3361 0.3974 0.3754 0.3806 0.3208 0.3294 0.4275 0.3692 0.3868 0.4129 0.3375
0.4018 0.3873 0.3334 0.3752 0.3457 0.3921 0.4091 0.4375 0.3600 0.3678 1.0000 0.3567 0.3391 0.3830 0.3712 0.4721 0.3703 0.3878 0.3434 0.3716 0.3727 0.3445 0.3514 0.4204 0.3695 0.3145 0.3957 0.3507 0.4220 0.3542 0.3812 0.3683 0.3538 0.4653 0.4002 0.3890 0.3947 0.3680 0.3672 0.3223 0.3674 0.4155 0.3853 0.3398 0.3749 0.3601 0.3110 0.3754 0.4469 0.3633
0.3669 0.3313 0.3098 0.3836 0.3533 0.3572 0.4343 0.3816 0.3481 0.3458 0.3567 1.0000 0.3433 0.3711 0.3817 0.3846 0.3664 0.3994 0.3507 0.3717 0.3621 0.3629 0.3714 0.4233 0.3447 0.4050 0.3501 0.3790 0.3665 0.3600 0.3505 0.3704 0.3320 0.4190 0.3821 0.4178 0.4010 0.3390 0.3519 0.4035 0.3364 0.3259 0.4253 0.3619 0.3321 0.3782 0.3603 0.4071 0.3750 0.4183
0.3551 0.4066 0.4464 0.4339 0.3546 0.3847 0.4069 0.3631 0.3515 0.3625 0.3391 0.3433 1.0000 0.4185 0.3859 0.3644 0.4461 0.4107 0.3864 0.3999 0.4077 0.4330 0.4003 0.3742 0.4919 0.4112 0.3975 0.3807 0.3780 0.3942 0.4461 0.3600 0.3937 0.4748 0.3614 0.3954 0.4466 0.3464 0.4079 0.3517 0.3883 0.3944 0.3433 0.3515 0.3285 0.3442 0.3398 0.4126 0.4314 0.3840
0.3951 0.4047 0.4227 0.4106 0.4372 0.3872 0.4844 0.3921 0.3771 0.4360 0.3830 0.3711 0.4185 1.0000 0.4715 0.4597 0.4891 0.4646 0.4297 0.4607 0.4158 0.4358 0.3978 0.4107 0.4583 0.4227 0.4976 0.4076 0.4167 0.3871 0.3875 0.4688 0.4211 0.4630 0.4155 0.4081 0.4315 0.3898 0.4125 0.4712 0.4410 0.4282 0.4029 0.3515 0.3409 0.4105 0.3939 0.4396 0.4445 0.3358
0.4911 0.4276 0.4069 0.4042 0.3906 0.4325 0.4622 0.4230 0.3936 0.3861 0.3712 0.3817 0.3859 0.4715 1.0000 0.4770 0.4890 0.4617 0.5178 0.4462 0.4370 0.4070 0.4978 0.4265 0.4046 0.4580 0.5185 0.4542 0.4315 0.4573 0.3685 0.4744 0.4047 0.4439 0.3620 0.3972 0.4558 0.4153 0.4271 0.4176 0.4468 0.3855 0.4502 0.3940 0.4291 0.3900 0.3941 0.4173 0.4391 0.4000
0.4413 0.3910 0.3434 0.4167 0.3607 0.3806 0.4613 0.4349 0.3368 0.4031 0.4721 0.3846 0.3644 0.4597 0.4770 1.0000 0.4290 0.4325 0.3835 0.3964 0.3941 0.3720 0.3913 0.4060 0.4007 0.3812 0.4213 0.4046 0.3846 0.4311 0.3558 0.4037 0.3944 0.4464 0.3502 0.3779 0.4074 0.4128 0.3846 0.3854 0.4037 0.3746 0.4261 0.3384 0.3614 0.3690 0.3469 0.4207 0.4058 0.3984
0.4441 0.4373 0.4583 0.4870 0.4216 0.4050 0.4556 0.4380 0.4054 0.4018 0.3703 0.3664 0.4461 0.4891 0.4890 0.4290 1.0000 0.4755 0.4522 0.4814 0.4356 0.4611 0.4382 0.4110 0.4826 0.4368 0.4757 0.4563 0.4301 0.4325 0.4038 0.4982 0.4340 0.4483 0.3690 0.3957 0.4341 0.4210 0.4533 0.4361 0.4146 0.3974 0.4434 0.3939 0.3932 0.4034 0.4547 0.4642 0.4251 0.3828
0.4166 0.3931 0.3562 0.4435 0.3764 0.4126 0.4284 0.4487 0.3790 0.3807 0.3878 0.3994 0.4107 0.4646 0.4617 0.4325 0.4755 1.0000 0.4102 0.4197 0.4007 0.4483 0.4105 0.5003 0.4210 0.4135 0.4695 0.4802 0.4336 0.4088 0.4385 0.4046 0.4022 0.4294 0.3741 0.4827 0.4852 0.3919 0.4884 0.5053 0.3593 0.4166 0.3990 0.3771 0.3854 0.3512 0.4001 0.3767 0.5098 0.4186
0.4478 0.3906 0.4620 0.4001 0.4530 0.4127 0.3638 0.4201 0.3937 0.3779 0.3434 0.3507 0.3864 0.4297 0.5178 0.3835 0.4522 0.4102 1.0000 0.4258 0.4232 0.4305 0.4262 0.3959 0.4386 0.4028 0.5329 0.4389 0.3957 0.4288 0.3541 0.4630 0.3954 0.4142 0.3292 0.4162 0.3981 0.3608 0.4397 0.3790 0.3698 0.3427 0.3779 0.4072 0.4134 0.4049 0.3892 0.3785 0.4043 0.3478
0.4415 0.3727 0.3761 0.3895 0.3604 0.3878 0.4153 0.3719 0.4621 0.3906 0.3716 0.3717 0.3999 0.4607 0.4462 0.3964 0.4814 0.4197 0.4258 1.0000 0.5106 0.4012 0.3936 0.4124 0.4501 0.4844 0.4680 0.4661 0.4264 0.4027 0.4024 0.4291 0.3908 0.4242 0.3889 0.4111 0.3827 0.3970 0.3738 0.3747 0.4657 0.3595 0.4630 0.3923 0.3835 0.3633 0.4472 0.3820 0.4108 0.3514
0.4074 0.3795 0.4128 0.3970 0.3755 0.4654 0.4003 0.3854 0.4040 0.4245 0.3727 0.3621 0.4077 0.4158 0.4370 0.3941 0.4356 0.4007 0.4232 0.5106 1.0000 0.3655 0.3963 0.4085 0.4267 0.4181 0.4795 0.4089 0.3777 0.4263 0.4017 0.3962 0.4445 0.4373 0.3849 0.3464 0.3809 0.4272 0.4215 0.3814 0.4935 0.3708 0.4884 0.3621 0.3654 0.3825 0.4108 0.4096 0.4040 0.3478
0.4293 0.4021 0.4179 0.4107 0.4954 0.3663 0.3830 0.3934 0.4057 0.3830 0.3445 0.3629 0.4330 0.4358 0.4070 0.3720 0.4611 0.4483 0.4305 0.4012 0.3655 1.0000 0.3760 0.4088 0.4875 0.3786 0.4643 0.4317 0.4303 0.3643 0.4119 0.4289 0.3662 0.4443 0.3160 0.4673 0.4415 0.3344 0.4053 0.4143 0.3458 0.3991 0.3651 0.3672 0.4039 0.4428 0.3875 0.4244 0.4357 0.3485
0.4193 0.3908 0.3983 0.4493 0.3824 0.3888 0.4647 0.3993 0.4140 0.3796 0.3514 0.3714 0.4003 0.3978 0.4978 0.3913 0.4382 0.4105 0.4262 0.3936 0.3963 0.3760 1.0000 0.3889 0.3937 0.4124 0.4095 0.4866 0.4490 0.3981 0.3814 0.4588 0.3932 0.4451 0.3548 0.3671 0.3955 0.4780 0.4314 0.3832 0.4471 0.4002 0.4158 0.4341 0.3122 0.4267 0.4161 0.3794 0.4158 0.3626
0.4055 0.4016 0.3694 0.3660 0.4029 0.4180 0.4476 0.4683 0.3867 0.4487 0.4204 0.4233 0.3742 0.4107 0.4265 0.4060 0.4110 0.5003 0.3959 0.4124 0.4085 0.4088 0.3889 1.0000 0.3747 0.3894 0.4321 0.4231 0.4466 0.3969 0.4458 0.3717 0.3961 0.4245 0.3765 0.4617 0.4673 0.3677 0.4483 0.3978 0.3846 0.3886 0.4266 0.3698 0.4142 0.3793 0.3675 0.3842 0.5348 0.4420
0.4216 0.4242 0.4273 0.4667 0.4077 0.3873 0.3944 0.3845 0.4066 0.4278 0.3695 0.3447 0.4919 0.4583 0.4046 0.4007 0.4826 0.4210 0.4386 0.4501 0.4267 0.4875 0.3937 0.3747 1.0000 0.3973 0.4711 0.4180 0.4554 0.4239 0.4410 0.4119 0.4043 0.4501 0.3532 0.4381 0.3975 0.3372 0.4391 0.3816 0.4028 0.3945 0.3989 0.3741 0.3664 0.3514 0.4148 0.4299 0.4238 0.3554
0.4133 0.3490 0.3746 0.3847 0.3712 0.4113 0.4593 0.3970 0.4149 0.3648 0.3145 0.4050 0.4112 0.4227 0.4580 0.3812 0.4368 0.4135 0.4028 0.4844 0.4181 0.3786 0.4124 0.3894 0.3973 1.0000 0.4128 0.4367 0.3857 0.4146 0.3903 0.4211 0.4269 0.4055 0.3833 0.3896 0.4155 0.3909 0.4034 0.3970 0.4115 0.3626 0.4106 0.3848 0.3283 0.3795 0.4626 0.3825 0.3771 0.4091
0.4748 0.4123 0.4398 0.4012 0.4316 0.4181 0.4100 0.4596 0.3876 0.4031 0.3957 0.3501 0.3975 0.4976 0.5185 0.4213 0.4757 0.4695 0.5329 0.4680 0.4795 0.4643 0.4095 0.4321 0.4711 0.4128 1.0000 0.4482 0.4755 0.3889 0.3942 0.4808 0.4552 0.4396 0.3831 0.4112 0.4582 0.3460 0.4440 0.4028 0.4304 0.3999 0.4254 0.3737 0.4174 0.4057 0.3979 0.4490 0.4504 0.3623
0.4582 0.3638 0.3579 0.5050 0.3565 0.3987 0.3869 0.4135 0.4401 0.3975 0.3507 0.3790 0.3807 0.4076 0.4542 0.4046 0.4563 0.4802 0.4389 0.4661 0.4089 0.4317 0.4866 0.4231 0.4180 0.4367 0.4482 1.0000 0.3947 0.4128 0.4235 0.4138 0.3959 0.3889 0.3692 0.4236 0.4133 0.4358 0.4206 0.4221 0.3704 0.3769 0.3885 0.4287 0.3640 0.3651 0.4426 0.3648 0.4176 0.3809
0.4584 0.4015 0.3568 0.4082 0.3545 0.3573 0.4340 0.3789 0.3883 0.3831 0.4220 0.3665 0.3780 0.4167 0.4315 0.3846 0.4301 0.4336 0.3957 0.4264 0.3777 0.4303 0.4490 0.4466 0.4554 0.3857 0.4755 0.3947 1.0000 0.3675 0.4116 0.4207 0.3440 0.4353 0.3718 0.4003 0.3827 0.3689 0.4487 0.3512 0.3814 0.3743 0.4352 0.3731 0.3372 0.3616 0.4170 0.3576 0.4629 0.3850
0.3919 0.3775 0.3779 0.4182 0.3663 0.4237 0.4063 0.3806 0.3630 0.3577 0.3542 0.3600 0.3942 0.3871 0.4573 0.4311 0.4325 0.4088 0.4288 0.4027 0.4263 0.3643 0.3981 0.3969 0.4239 0.4146 0.3889 0.4128 0.3675 1.0000 0.3443 0.3580 0.4191 0.4746 0.3485 0.3997 0.3720 0.3545 0.4028 0.3660 0.4145 0.3523 0.3984 0.3517 0.3814 0.3320 0.3459 0.3485 0.3485 0.3549
0.3722 0.3826 0.3954 0.4341 0.3616 0.4250 0.3808 0.4127 0.4234 0.3798 0.3812 0.3505 0.4461 0.3875 0.3685 0.3558 0.4038 0.4385 0.3541 0.4024 0.4017 0.4119 0.3814 0.4458 0.4410 0.3903 0.3942 0.4235 0.4116 0.3443 1.0000 0.3597 0.4164 0.4187 0.4121 0.3984 0.4120 0.3906 0.4476 0.3624 0.3534 0.4282 0.3452 0.3981 0.4105 0.3401 0.3626 0.3805 0.4644 0.4279
0.4739 0.3865 0.4059 0.3665 0.4151 0.4264 0.4643 0.3866 0.4310 0.3852 0.3683 0.3704 0.3600 0.4688 0.4744 0.4037 0.4982 0.4046 0.4630 0.4291 0.3962 0.4289 0.4588 0.3717 0.4119 0.4211 0.4808 0.4138 0.4207 0.3580 0.3597 1.0000 0.4162 0.4064 0.3535 0.3654 0.4422 0.4368 0.4193 0.3640 0.4112 0.3808 0.4329 0.4162 0.3874 0.4540 0.4274 0.4578 0.4161 0.3440
0.3745 0.3781 0.4370 0.4076 0.3767 0.3842 0.4126 0.4198 0.3754 0.4183 0.3538 0.3320 0.3937 0.4211 0.4047 0.3944 0.4340 0.4022 0.3954 0.3908 0.4445 0.3662 0.3932 0.3961 0.4043 0.4269 0.4552 0.3959 0.3440 0.4191 0.4164 0.4162 1.0000 0.4263 0.3686 0.3716 0.3927 0.3920 0.4592 0.3693 0.3957 0.3381 0.4018 0.3605 0.3464 0.3531 0.3843 0.4400 0.3514 0.3599
0.3970 0.3811 0.4317 0.4055 0.4373 0.3985 0.4779 0.4333 0.3801 0.3863 0.4653 0.4190 0.4748 0.4630 0.4439 0.4464 0.4483 0.4294 0.4142 0.4242 0.4373 0.4443 0.4451 0.4245 0.4501 0.4055 0.4396 0.3889 0.4353 0.4746 0.4187 0.4064 0.4263 1.0000 0.4087 0.4157 0.4336 0.3928 0.3912 0.3965 0.4399 0.4679 0.4276 0.3698 0.3477 0.4150 0.3934 0.4469 0.4413 0.3546
0.3300 0.3182 0.3923 0.3579 0.3183 0.3888 0.3979 0.3442 0.3366 0.3484 0.4002 0.3821 0.3614 0.4155 0.3620 0.3502 0.3690 0.3741 0.3292 0.3889 0.3849 0.3160 0.3548 0.3765 0.3532 0.3833 0.3831 0.3692 0.3718 0.3485 0.4121 0.3535 0.3686 0.4087 1.0000 0.3343 0.3498 0.3823 0.3464 0.3767 0.4146 0.4154 0.3980 0.4121 0.3217 0.3296 0.3233 0.3160 0.3880 0.3815
0.3870 0.3687 0.3768 0.4180 0.4158 0.3689 0.4223 0.4083 0.3597 0.4276 0.3890 0.4178 0.3954 0.4081 0.3972 0.3779 0.3957 0.4827 0.4162 0.4111 0.3464 0.4673 0.3671 0.4617 0.4381 0.3896 0.4112 0.4236 0.4003 0.3997 0.3984 0.3654 0.3716 0.4157 0.3343 1.0000 0.4621 0.3192 0.3865 0.4010 0.3304 0.3780 0.3393 0.3709 0.3985 0.4058 0.3861 0.3726 0.4726 0.3770
0.4479 0.3960 0.3879 0.3719 0.4082 0.4398 0.4298 0.4022 0.3668 0.3652 0.3947 0.4010 0.4466 0.4315 0.4558 0.4074 0.4341 0.4852 0.3981 0.3827 0.3809 0.4415 0.3955 0.4673 0.3975 0.4155 0.4582 0.4133 0.3827 0.3720 0.4120 0.4422 0.3927 0.4336 0.3498 0.4621 1.0000 0.3800 0.4266 0.4313 0.3731 0.4125 0.4002 0.3701 0.4265 0.3747 0.3899 0.4246 0.5024 0.3614
0.4342 0.3331 0.3578 0.4103 0.3361 0.4175 0.4528 0.3632 0.3733 0.3484 0.3680 0.3390 0.3464 0.3898 0.4153 0.4128 0.4210 0.3919 0.3608 0.3970 0.4272 0.3344 0.4780 0.3677 0.3372 0.3909 0.3460 0.4358 0.3689 0.3545 0.3906 0.4368 0.3920 0.3928 0.3823 0.3192 0.3800 1.0000 0.3805 0.3968 0.3861 0.3883 0.4430 0.3846 0.3136 0.3600 0.3978 0.3592 0.3904 0.3635
0.4059 0.4164 0.3645 0.4632 0.4010 0.3953 0.3882 0.4292 0.3664 0.3968 0.3672 0.3519 0.4079 0.4125 0.4271 0.3846 0.4533 0.4884 0.4397 0.3738 0.4215 0.4053 0.4314 0.4483 0.4391 0.4034 0.4440 0.4206 0.4487 0.4028 0.4476 0.4193 0.4592 0.3912 0.3464 0.3865 0.4266 0.3805 1.0000 0.3840 0.3710 0.4140 0.3815 0.3571 0.3522 0.3528 0.3887 0.3808 0.4435 0.4069
0.4072 0.3335 0.3664 0.3965 0.3682 0.3735 0.3876 0.3776 0.3391 0.3361 0.3223 0.4035 0.3517 0.4712 0.4176 0.3854 0.4361 0.5053 0.3790 0.3747 0.3814 0.4143 0.3832 0.3978 0.3816 0.3970 0.4028 0.4221 0.3512 0.3660 0.3624 0.3640 0.3693 0.3965 0.3767 0.4010 0.4313 0.3968 0.3840 1.0000 0.3478 0.3794 0.4293 0.3715 0.3229 0.3508 0.4075 0.3776 0.4202 0.3600
0.3957 0.4358 0.3973 0.3673 0.3608 0.4109 0.4325 0.3552 0.3871 0.3974 0.3674 0.3364 0.3883 0.4410 0.4468 0.4037 0.4146 0.3593 0.3698 0.4657 0.4935 0.3458 0.4471 0.3846 0.4028 0.4115 0.4304 0.3704 0.3814 0.4145 0.3534 0.4112 0.3957 0.4399 0.4146 0.3304 0.3731 0.3861 0.3710 0.3478 1.0000 0.3731 0.4249 0.3390 0.3356 0.3857 0.3843 0.3446 0.3861 0.3300
0.3383 0.3383 0.3601 0.3944 0.3674 0.4306 0.4148 0.3653 0.3502 0.3754 0.4155 0.3259 0.3944 0.4282 0.3855 0.3746 0.3974 0.4166 0.3427 0.3595 0.3708 0.3991 0.4002 0.3886 0.3945 0.3626 0.3999 0.3769 0.3743 0.3523 0.4282 0.3808 0.3381 0.4679 0.4154 0.3780 0.4125 0.3883 0.4140 0.3794 0.3731 1.0000 0.3340 0.3422 0.3424 0.3637 0.3282 0.3612 0.4488 0.3248
0.4458 0.3356 0.3526 0.3585 0.3189 0.4375 0.4570 0.3631 0.3919 0.3806 0.3853 0.4253 0.3433 0.4029 0.4502 0.4261 0.4434 0.3990 0.3779 0.4630 0.4884 0.3651 0.4158 0.4266 0.3989 0.4106 0.4254 0.3885 0.4352 0.3984 0.3452 0.4329 0.4018 0.4276 0.3980 0.3393 0.4002 0.4430 0.3815 0.4293 0.4249 0.3340 1.0000 0.4138 0.3420 0.3539 0.4245 0.4069 0.3889 0.4072
0.4220 0.3062 0.3937 0.3823 0.3032 0.4002 0.3856 0.3296 0.4383 0.3208 0.3398 0.3619 0.3515 0.3515 0.3940 0.3384 0.3939 0.3771 0.4072 0.3923 0.3621 0.3672 0.4341 0.3698 0.3741 0.3848 0.3737 0.4287 0.3731 0.3517 0.3981 0.4162 0.3605 0.3698 0.4121 0.3709 0.3701 0.3846 0.3571 0.3715 0.3390 0.3422 0.4138 1.0000 0.3334 0.3613 0.3802 0.3455 0.3826 0.4115
0.4045 0.3648 0.3758 0.3256 0.3793 0.3982 0.3607 0.3879 0.3633 0.3294 0.3749 0.3321 0.3285 0.3409 0.4291 0.3614 0.3932 0.3854 0.4134 0.3835 0.3654 0.4039 0.3122 0.4142 0.3664 0.3283 0.4174 0.3640 0.3372 0.3814 0.4105 0.3874 0.3464 0.3477 0.3217 0.3985 0.4265 0.3136 0.3522 0.3229 0.3356 0.3424 0.3420 0.3334 1.0000 0.3479 0.3264 0.3329 0.4069 0.3408
0.3638 0.3878 0.4394 0.3566 0.4297 0.3988 0.4053 0.4225 0.3761 0.4275 0.3601 0.3782 0.3442 0.4105 0.3900 0.3690 0.4034 0.3512 0.4049 0.3633 0.3825 0.4428 0.4267 0.3793 0.3514 0.3795 0.4057 0.3651 0.3616 0.3320 0.3401 0.4540 0.3531 0.4150 0.3296 0.4058 0.3747 0.3600 0.3528 0.3508 0.3857 0.3637 0.3539 0.3613 0.3479 1.0000 0.3942 0.3985 0.3863 0.3652
0.4325 0.3214 0.3369 0.3913 0.3227 0.3940 0.4186 0.3531 0.4226 0.3692 0.3110 0.3603 0.3398 0.3939 0.3941 0.3469 0.4547 0.4001 0.3892 0.4472 0.4108 0.3875 0.4161 0.3675 0.4148 0.4626 0.3979 0.4426 0.4170 0.3459 0.3626 0.4274 0.3843 0.3934 0.3233 0.3861 0.3899 0.3978 0.3887 0.4075 0.3843 0.3282 0.4245 0.3802 0.3264 0.3942 1.0000 0.3741 0.3944 0.3292
0.4052 0.3993 0.3993 0.3800 0.4128 0.3909 0.4228 0.4471 0.3582 0.3868 0.3754 0.4071 0.4126 0.4396 0.4173 0.4207 0.4642 0.3767 0.3785 0.3820 0.4096 0.4244 0.3794 0.3842 0.4299 0.3825 0.4490 0.3648 0.3576 0.3485 0.3805 0.4578 0.4400 0.4469 0.3160 0.3726 0.4246 0.3592 0.3808 0.3776 0.3446 0.3612 0.4069 0.3455 0.3329 0.3985 0.3741 1.0000 0.4085 0.3497
0.4232 0.4384 0.3549 0.4080 0.3914 0.4135 0.4579 0.4381 0.3735 0.4129 0.4469 0.3750 0.4314 0.4445 0.4391 0.4058 0.4251 0.5098 0.4043 0.4108 0.4040 0.4357 0.4158 0.5348 0.4238 0.3771 0.4504 0.4176 0.4629 0.3485 0.4644 0.4161 0.3514 0.4413 0.3880 0.4726 0.5024 0.3904 0.4435 0.4202 0.3861 0.4488 0.3889 0.3826 0.4069 0.3863 0.3944 0.4085 1.0000 0.4238
0.3630 0.3368 0.3299 0.3943 0.3051 0.3494 0.3771 0.4099 0.3318 0.3375 0.3633 0.4183 0.3840 0.3358 0.4000 0.3984 0.3828 0.4186 0.3478 0.3514 0.3478 0.3485 0.3626 0.4420 0.3554 0.4091 0.3623 0.3809 0.3850 0.3549 0.4279 0.3440 0.3599 0.3546 0.3815 0.3770 0.3614 0.3635 0.4069 0.3600 0.3300 0.3248 0.4072 0.4115 0.3408 0.3652 0.3292 0.3497 0.4238 1.0000
