1:	0.0000 0.9084 0.0000 0.0000 0.0000 0.0000 0.0000 0.0000 0.0000 0.0000 0.0000 0.0000 0.0916 	1
2:	0.4027 0.0000 0.0025 0.0000 0.0000 0.4556 0.0000 0.0000 0.0184 0.0095 0.0104 0.0653 0.0356 	2
3:	0.1612 0.0000 0.0053 0.1331 0.0065 0.0247 0.0002 0.0000 0.4427 0.0052 0.0257 0.1508 0.0446 	6
4:	0.3876 0.0000 0.0000 0.0000 0.0000 0.0006 0.1203 0.0000 0.1313 0.0059 0.0060 0.2732 0.0751 	4
5:	0.1594 0.0000 0.0749 0.2471 0.0000 0.0644 0.1916 0.0011 0.0269 0.0165 0.0563 0.1414 0.0203 	15
6:	0.1291 0.3794 0.1034 0.0000 0.1050 0.0005 0.0177 0.1164 0.0706 0.0047 0.0242 0.0245 0.0243 	8
7:	0.1306 0.0953 0.1184 0.0479 0.1411 0.0988 0.1434 0.0010 0.0251 0.0041 0.0318 0.1352 0.0272 	20
8:	0.1146 0.1620 0.1559 0.0471 0.0869 0.0000 0.0338 0.0024 0.0591 0.0070 0.0744 0.1985 0.0585 	21
9:	0.1419 0.0621 0.2358 0.0004 0.1263 0.0060 0.0206 0.0065 0.0397 0.0591 0.1139 0.1388 0.0487 	14
10:	0.0216 0.0000 0.1650 0.0000 0.0000 0.4822 0.0000 0.0000 0.0230 0.0199 0.1975 0.0000 0.0907 	1
11:	0.0074 0.0084 0.0000 0.2728 0.0000 0.2732 0.0000 0.0240 0.0000 0.3245 0.0069 0.0000 0.0827 	3
12:	0.0000 0.2000 0.0000 0.7900 0.0000 0.0000 0.0000 0.0000 0.0000 0.0000 0.0000 0.0000 0.0100 	5
13:	0.0000 0.4271 0.0000 0.4869 0.0000 0.0000 0.0000 0.0000 0.0000 0.0208 0.0000 0.0000 0.0653 	2
14:	0.0000 0.3195 0.0712 0.0002 0.1729 0.0428 0.0000 0.1887 0.0085 0.0101 0.1055 0.0000 0.0806 	5
15:	0.0877 0.3682 0.0412 0.0189 0.0000 0.1499 0.0000 0.2009 0.0114 0.0069 0.0480 0.0385 0.0284 	7
