
Using the parameter settings in the file: 
''1763151071/clumpp.paramfile''

Parameter settings
----------------------- Main parameters -------------------------
DATATYPE = 0
INDFILE = 1763151071/ClumppIndFile
POPFILE = 
OUTFILE = 1763151071/ClumppIndFile.output
MISCFILE = 1763151071/ClumppIndFile.misc
K = 13
C = 114
R = 48
M = 3
W = 0
S = 2
- Additional options for the Greedy and LargeKGreedy algorithms -
GREEDY_OPTION = 2
REPEATS = 2000
PERMUTATIONFILE = 
----------------------- Optional outputs ------------------------
PRINT_PERMUTED_DATA = 0
PERMUTED_DATAFILE = 
PRINT_EVERY_PERM = 0
EVERY_PERMFILE = 
PRINT_RANDOM_INPUTORDER = 0
RANDOM_INPUTORDERFILE = 
----------------------- Advanced options ------------------------
OVERRIDE_WARNINGS = 0
ORDER_BY_RUN = 1


In total, 2000 configurations of runs and clusters will be tested.

Results
------------------------------
The highest value of H' is: 0.52067214654054

The list of permutations of the clusters that produces that
H' value is (runs are listed sequentially on separate rows)

1 2 3 4 5 6 7 8 9 10 11 12 13 
12 1 11 7 5 2 13 4 6 10 3 9 8 
5 1 11 9 2 7 13 3 12 4 6 8 10 
4 3 6 10 12 13 1 11 5 9 7 8 2 
2 11 3 13 5 9 12 6 7 8 1 10 4 
10 3 2 11 6 8 12 13 9 5 1 4 7 
8 12 6 10 1 5 9 2 11 4 7 13 3 
7 11 5 10 2 6 8 4 3 1 9 13 12 
3 13 10 6 12 8 1 9 5 7 2 11 4 
5 10 4 9 6 11 8 1 2 3 7 12 13 
5 3 12 4 9 7 6 1 13 8 11 10 2 
2 6 1 4 13 7 11 3 10 12 8 9 5 
13 5 12 6 9 7 4 8 1 2 10 3 11 
7 12 9 3 10 13 5 11 6 8 2 1 4 
13 2 12 4 8 9 3 10 7 5 6 1 11 
5 7 13 10 6 11 12 1 9 2 8 3 4 
7 11 6 12 10 8 4 9 1 3 2 13 5 
3 1 6 2 13 4 9 5 12 7 11 8 10 
8 10 1 11 5 7 6 2 4 3 12 13 9 
7 5 2 3 4 13 8 11 1 12 6 10 9 
5 10 6 8 11 13 3 1 12 2 9 4 7 
6 8 4 11 1 7 12 13 10 2 5 9 3 
5 13 12 9 3 7 2 10 6 8 1 4 11 
4 3 7 12 8 2 1 6 13 10 5 9 11 
6 10 5 7 9 1 11 2 13 4 8 3 12 
8 7 10 6 13 2 12 1 3 11 5 4 9 
11 1 6 13 3 7 5 9 2 4 10 8 12 
7 8 5 11 6 1 2 3 10 9 13 4 12 
3 13 4 11 8 2 10 5 6 9 12 7 1 
5 7 13 8 4 11 2 3 12 10 1 9 6 
10 12 2 1 9 4 3 6 5 13 11 7 8 
10 7 8 9 12 2 3 6 13 4 5 11 1 
11 10 8 4 9 1 13 12 3 2 7 5 6 
2 6 9 10 13 11 5 8 3 12 4 1 7 
5 2 6 8 3 10 1 11 7 4 12 13 9 
9 4 11 3 2 13 6 12 7 10 1 5 8 
9 5 8 2 6 3 7 10 4 13 1 11 12 
10 7 1 5 3 11 6 9 12 8 2 13 4 
13 5 10 4 1 11 9 8 6 7 3 12 2 
9 4 13 3 5 1 2 7 11 8 10 6 12 
6 3 2 10 12 5 13 7 9 1 4 8 11 
8 7 1 13 6 4 9 11 12 5 10 2 3 
11 3 13 6 2 4 12 7 9 1 5 10 8 
11 9 5 10 3 2 8 13 1 6 7 4 12 
10 5 11 7 3 6 13 4 9 2 1 8 12 
13 3 12 8 2 9 11 1 10 4 5 7 6 
6 3 9 13 4 10 8 2 7 1 11 5 12 
8 13 5 12 3 9 4 10 7 11 1 6 2 

The pairwise G' values for each pair of runs where the clusters
of each run are permuted according to the list of permutations above

1.0000 0.5189 0.5387 0.6328 0.5261 0.6009 0.4668 0.5660 0.5881 0.6277 0.5992 0.5685 0.5476 0.5548 0.5681 0.4262 0.4923 0.6503 0.5285 0.5905 0.5670 0.5757 0.5684 0.5112 0.4826 0.6145 0.4910 0.4635 0.5382 0.4618 0.5852 0.5613 0.5780 0.5263 0.5304 0.4911 0.4587 0.4727 0.5948 0.5882 0.6080 0.4968 0.5864 0.4517 0.5340 0.5530 0.6152 0.5701 
0.5189 1.0000 0.4758 0.5754 0.4616 0.5085 0.5144 0.4843 0.5069 0.4776 0.5498 0.5178 0.4612 0.4432 0.4843 0.4377 0.5886 0.5017 0.4839 0.5457 0.5213 0.5484 0.4589 0.5165 0.5615 0.5727 0.5204 0.5710 0.4894 0.5609 0.5151 0.5324 0.4867 0.4526 0.5589 0.4425 0.5921 0.4278 0.5532 0.5469 0.5565 0.4849 0.5369 0.4375 0.4833 0.4501 0.5332 0.4988 
0.5387 0.4758 1.0000 0.5249 0.4438 0.5333 0.4480 0.5250 0.5229 0.5243 0.4820 0.4563 0.4750 0.4488 0.5085 0.3768 0.5213 0.5326 0.4794 0.5426 0.4590 0.5618 0.4696 0.5001 0.4473 0.5130 0.5090 0.4342 0.5038 0.4468 0.4918 0.5469 0.5369 0.5077 0.4511 0.4590 0.4108 0.4245 0.4830 0.5001 0.5299 0.4501 0.4663 0.4324 0.5209 0.5036 0.5342 0.4911 
0.6328 0.5754 0.5249 1.0000 0.5179 0.5392 0.4640 0.5393 0.5664 0.5781 0.5563 0.5880 0.5176 0.4998 0.5598 0.4502 0.5123 0.5460 0.5555 0.6033 0.6253 0.5793 0.5187 0.5113 0.4978 0.6091 0.5238 0.4789 0.5320 0.4725 0.5826 0.5993 0.5936 0.5158 0.5260 0.5136 0.4717 0.4681 0.5856 0.6539 0.5991 0.5510 0.5438 0.4933 0.5531 0.5292 0.5798 0.5766 
0.5261 0.4616 0.4438 0.5179 1.0000 0.4754 0.4145 0.4523 0.4657 0.5132 0.5059 0.4814 0.5825 0.4650 0.5231 0.4502 0.3943 0.5582 0.4162 0.5385 0.4761 0.4649 0.4263 0.3898 0.5112 0.5342 0.4411 0.4171 0.4310 0.4066 0.4670 0.4980 0.4351 0.4339 0.5268 0.5446 0.3981 0.6003 0.4839 0.5373 0.4876 0.5329 0.5665 0.4749 0.4218 0.4730 0.4974 0.4809 
0.6009 0.5085 0.5333 0.5392 0.4754 1.0000 0.4875 0.7308 0.5768 0.6330 0.6790 0.5626 0.5483 0.5483 0.5341 0.4608 0.5074 0.6117 0.5377 0.5879 0.5192 0.5498 0.5474 0.5274 0.4859 0.6006 0.5325 0.4948 0.6036 0.4950 0.6183 0.5961 0.5542 0.5309 0.5997 0.5130 0.4740 0.4687 0.5146 0.5651 0.6507 0.4848 0.5986 0.4754 0.5574 0.5856 0.6163 0.5642 
0.4668 0.5144 0.4480 0.4640 0.4145 0.4875 1.0000 0.4780 0.5440 0.5216 0.4725 0.5019 0.5046 0.5448 0.5302 0.3558 0.6129 0.4896 0.5231 0.4512 0.4089 0.5670 0.4342 0.4386 0.5309 0.4323 0.4945 0.4508 0.5558 0.6060 0.5333 0.4474 0.4693 0.4882 0.5156 0.4781 0.5470 0.4492 0.4359 0.4597 0.5072 0.4625 0.4561 0.4530 0.5554 0.5084 0.4527 0.4561 
0.5660 0.4843 0.5250 0.5393 0.4523 0.7308 0.4780 1.0000 0.6255 0.6354 0.6287 0.5861 0.5220 0.5464 0.4931 0.4753 0.5348 0.6000 0.5733 0.5855 0.5130 0.5172 0.5825 0.4927 0.4809 0.6147 0.5389 0.4966 0.5767 0.4654 0.6803 0.6249 0.5205 0.5415 0.5637 0.5435 0.5306 0.4672 0.4879 0.5380 0.6246 0.5060 0.5726 0.4733 0.5634 0.6212 0.6387 0.5859 
0.5881 0.5069 0.5229 0.5664 0.4657 0.5768 0.5440 0.6255 1.0000 0.5929 0.6408 0.5858 0.5329 0.6109 0.5848 0.4576 0.5752 0.5861 0.6404 0.5516 0.5279 0.5744 0.5476 0.4751 0.5302 0.5958 0.5560 0.4976 0.6191 0.5480 0.6756 0.5553 0.5127 0.5430 0.5763 0.5049 0.5703 0.4618 0.5103 0.5582 0.6335 0.5550 0.5814 0.4979 0.6576 0.5659 0.6479 0.5654 
0.6277 0.4776 0.5243 0.5781 0.5132 0.6330 0.5216 0.6354 0.5929 1.0000 0.6182 0.5638 0.5808 0.5663 0.5573 0.4497 0.5414 0.6444 0.5283 0.5869 0.5193 0.5906 0.5488 0.4615 0.5140 0.5883 0.4881 0.4690 0.5702 0.4745 0.6187 0.5640 0.5414 0.5432 0.5488 0.5232 0.4735 0.5196 0.5015 0.6224 0.6287 0.5732 0.5635 0.4826 0.5762 0.5896 0.6273 0.5811 
0.5992 0.5498 0.4820 0.5563 0.5059 0.6790 0.4725 0.6287 0.6408 0.6182 1.0000 0.6116 0.5492 0.5424 0.5509 0.5015 0.4980 0.6216 0.5273 0.6049 0.5462 0.5292 0.5389 0.4999 0.5216 0.6098 0.5380 0.5336 0.5652 0.4748 0.6149 0.5357 0.5101 0.5142 0.6435 0.5341 0.5142 0.5249 0.5406 0.5947 0.6199 0.5375 0.6436 0.4958 0.5555 0.5636 0.6326 0.5298 
0.5685 0.5178 0.4563 0.5880 0.4814 0.5626 0.5019 0.5861 0.5858 0.5638 0.6116 1.0000 0.5259 0.5813 0.5088 0.4587 0.4684 0.5533 0.6373 0.6077 0.5242 0.5240 0.5778 0.4680 0.4724 0.5897 0.5620 0.4598 0.6036 0.4996 0.6424 0.6100 0.5490 0.5451 0.6146 0.4918 0.5374 0.4746 0.5585 0.5352 0.5560 0.5795 0.5876 0.5120 0.5686 0.5130 0.5796 0.5549 
0.5476 0.4612 0.4750 0.5176 0.5825 0.5483 0.5046 0.5220 0.5329 0.5808 0.5492 0.5259 1.0000 0.5690 0.5566 0.5166 0.4694 0.6424 0.4880 0.5563 0.5163 0.5227 0.4827 0.4481 0.5680 0.5373 0.4699 0.4969 0.5345 0.4381 0.5607 0.4831 0.4767 0.5321 0.6282 0.5291 0.4261 0.5678 0.5058 0.5526 0.5402 0.5248 0.5973 0.4755 0.5117 0.5763 0.5355 0.5158 
0.5548 0.4432 0.4488 0.4998 0.4650 0.5483 0.5448 0.5464 0.6109 0.5663 0.5424 0.5813 0.5690 1.0000 0.5193 0.4554 0.5120 0.5900 0.6237 0.5468 0.4811 0.5264 0.5495 0.4531 0.4795 0.5317 0.5412 0.4539 0.6115 0.5207 0.6279 0.4969 0.4857 0.5234 0.5874 0.4717 0.5190 0.4912 0.5058 0.4797 0.5630 0.5236 0.5482 0.4880 0.6182 0.5547 0.5155 0.4942 
0.5681 0.4843 0.5085 0.5598 0.5231 0.5341 0.5302 0.4931 0.5848 0.5573 0.5509 0.5088 0.5566 0.5193 1.0000 0.3625 0.4826 0.5500 0.5145 0.5147 0.4890 0.6715 0.4676 0.4586 0.5139 0.5187 0.4602 0.3943 0.5292 0.5281 0.5343 0.4898 0.5085 0.5286 0.5254 0.5097 0.4115 0.4923 0.5259 0.5557 0.5890 0.4715 0.5475 0.4866 0.5541 0.5326 0.5538 0.5262 
0.4262 0.4377 0.3768 0.4502 0.4502 0.4608 0.3558 0.4753 0.4576 0.4497 0.5015 0.4587 0.5166 0.4554 0.3625 1.0000 0.4074 0.5019 0.4269 0.4949 0.4728 0.3732 0.4967 0.3741 0.4565 0.5186 0.4210 0.5084 0.4190 0.3432 0.4904 0.4535 0.3866 0.4424 0.5240 0.4160 0.4252 0.4456 0.4344 0.4840 0.4782 0.4855 0.4861 0.4326 0.4267 0.4617 0.4696 0.4417 
0.4923 0.5886 0.5213 0.5123 0.3943 0.5074 0.6129 0.5348 0.5752 0.5414 0.4980 0.4684 0.4694 0.5120 0.4826 0.4074 1.0000 0.5163 0.5257 0.4868 0.4482 0.5353 0.4923 0.4825 0.5568 0.5030 0.4922 0.5392 0.5306 0.5768 0.5655 0.4770 0.4441 0.4833 0.4883 0.4592 0.6006 0.4342 0.4450 0.4846 0.5560 0.4655 0.4523 0.4456 0.5741 0.5077 0.5076 0.4765 
0.6503 0.5017 0.5326 0.5460 0.5582 0.6117 0.4896 0.6000 0.5861 0.6444 0.6216 0.5533 0.6424 0.5900 0.5500 0.5019 0.5163 1.0000 0.5171 0.5953 0.5234 0.5555 0.5223 0.4868 0.5555 0.5877 0.4861 0.5167 0.5509 0.4445 0.6106 0.5426 0.5255 0.5248 0.5633 0.5290 0.4762 0.5627 0.5245 0.5603 0.5888 0.5263 0.6025 0.4938 0.5236 0.6302 0.6167 0.5395 
0.5285 0.4839 0.4794 0.5555 0.4162 0.5377 0.5231 0.5733 0.6404 0.5283 0.5273 0.6373 0.4880 0.6237 0.5145 0.4269 0.5257 0.5171 1.0000 0.5352 0.4879 0.5467 0.5790 0.4682 0.4628 0.5497 0.5568 0.4581 0.6402 0.5526 0.6910 0.5231 0.5226 0.5301 0.5537 0.4725 0.5416 0.4146 0.5226 0.4934 0.5808 0.5289 0.5240 0.4827 0.6535 0.5088 0.5377 0.5504 
0.5905 0.5457 0.5426 0.6033 0.5385 0.5879 0.4512 0.5855 0.5516 0.5869 0.6049 0.6077 0.5563 0.5468 0.5147 0.4949 0.4868 0.5953 0.5352 1.0000 0.5781 0.5386 0.5483 0.5526 0.4912 0.6962 0.5900 0.4754 0.5789 0.4730 0.5529 0.6250 0.5671 0.5545 0.5602 0.4601 0.4897 0.4738 0.5959 0.6148 0.5955 0.5661 0.5921 0.5010 0.5533 0.5137 0.5911 0.5972 
0.5670 0.5213 0.4590 0.6253 0.4761 0.5192 0.4089 0.5130 0.5279 0.5193 0.5462 0.5242 0.5163 0.4811 0.4890 0.4728 0.4482 0.5234 0.4879 0.5781 1.0000 0.5111 0.4804 0.4753 0.5052 0.5896 0.4826 0.5029 0.4980 0.4350 0.5318 0.5468 0.5097 0.4619 0.5079 0.4374 0.4170 0.4141 0.5336 0.6281 0.5873 0.5117 0.4965 0.4385 0.5123 0.4988 0.5745 0.5814 
0.5757 0.5484 0.5618 0.5793 0.4649 0.5498 0.5670 0.5172 0.5744 0.5906 0.5292 0.5240 0.5227 0.5264 0.6715 0.3732 0.5353 0.5555 0.5467 0.5386 0.5111 1.0000 0.4940 0.5082 0.4849 0.5459 0.5313 0.4171 0.5802 0.5348 0.5626 0.5322 0.5665 0.5302 0.5560 0.4881 0.4460 0.4550 0.5463 0.5331 0.6303 0.4776 0.5316 0.4839 0.5827 0.5134 0.5672 0.5520 
0.5684 0.4589 0.4696 0.5187 0.4263 0.5474 0.4342 0.5825 0.5476 0.5488 0.5389 0.5778 0.4827 0.5495 0.4676 0.4967 0.4923 0.5223 0.5790 0.5483 0.4804 0.4940 1.0000 0.4431 0.4345 0.5826 0.4702 0.4337 0.5266 0.4351 0.6019 0.5193 0.4819 0.5779 0.5371 0.4511 0.4830 0.4180 0.5205 0.4911 0.5592 0.4684 0.5539 0.4414 0.5266 0.4865 0.5501 0.5202 
0.5112 0.5165 0.5001 0.5113 0.3898 0.5274 0.4386 0.4927 0.4751 0.4615 0.4999 0.4680 0.4481 0.4531 0.4586 0.3741 0.4825 0.4868 0.4682 0.5526 0.4753 0.5082 0.4431 1.0000 0.4127 0.5094 0.4825 0.4504 0.5177 0.4474 0.4710 0.4955 0.4923 0.4929 0.4717 0.4085 0.4194 0.3467 0.4866 0.4837 0.5185 0.4064 0.4565 0.3896 0.5019 0.4911 0.4703 0.4976 
0.4826 0.5615 0.4473 0.4978 0.5112 0.4859 0.5309 0.4809 0.5302 0.5140 0.5216 0.4724 0.5680 0.4795 0.5139 0.4565 0.5568 0.5555 0.4628 0.4912 0.5052 0.4849 0.4345 0.4127 1.0000 0.5012 0.4687 0.5483 0.4360 0.5008 0.5104 0.4624 0.3987 0.4410 0.5094 0.4860 0.5126 0.5447 0.4606 0.5337 0.5346 0.5650 0.5091 0.4764 0.4927 0.5174 0.5331 0.4803 
0.6145 0.5727 0.5130 0.6091 0.5342 0.6006 0.4323 0.6147 0.5958 0.5883 0.6098 0.5897 0.5373 0.5317 0.5187 0.5186 0.5030 0.5877 0.5497 0.6962 0.5896 0.5459 0.5826 0.5094 0.5012 1.0000 0.5313 0.4882 0.5528 0.4656 0.5759 0.6393 0.5498 0.5034 0.5944 0.4699 0.5228 0.4630 0.5983 0.6417 0.6329 0.5659 0.6375 0.4598 0.5617 0.5231 0.6371 0.6112 
0.4910 0.5204 0.5090 0.5238 0.4411 0.5325 0.4945 0.5389 0.5560 0.4881 0.5380 0.5620 0.4699 0.5412 0.4602 0.4210 0.4922 0.4861 0.5568 0.5900 0.4826 0.5313 0.4702 0.4825 0.4687 0.5313 1.0000 0.4474 0.5456 0.5000 0.5478 0.5207 0.5135 0.4833 0.5364 0.4611 0.5204 0.4718 0.5089 0.4832 0.5318 0.5320 0.5200 0.5026 0.5442 0.4663 0.5054 0.4803 
0.4635 0.5710 0.4342 0.4789 0.4171 0.4948 0.4508 0.4966 0.4976 0.4690 0.5336 0.4598 0.4969 0.4539 0.3943 0.5084 0.5392 0.5167 0.4581 0.4754 0.5029 0.4171 0.4337 0.4504 0.5483 0.4882 0.4474 1.0000 0.4501 0.4504 0.5395 0.4454 0.4162 0.4369 0.5022 0.4551 0.5378 0.4437 0.4419 0.5188 0.4992 0.4726 0.4508 0.4335 0.4615 0.5040 0.4976 0.4528 
0.5382 0.4894 0.5038 0.5320 0.4310 0.6036 0.5558 0.5767 0.6191 0.5702 0.5652 0.6036 0.5345 0.6115 0.5292 0.4190 0.5306 0.5509 0.6402 0.5789 0.4980 0.5802 0.5266 0.5177 0.4360 0.5528 0.5456 0.4501 1.0000 0.5567 0.6070 0.5360 0.5604 0.5698 0.5970 0.4509 0.4948 0.4068 0.5184 0.5058 0.6059 0.5043 0.5294 0.4579 0.6635 0.5232 0.5596 0.5747 
0.4618 0.5609 0.4468 0.4725 0.4066 0.4950 0.6060 0.4654 0.5480 0.4745 0.4748 0.4996 0.4381 0.5207 0.5281 0.3432 0.5768 0.4445 0.5526 0.4730 0.4350 0.5348 0.4351 0.4474 0.5008 0.4656 0.5000 0.4504 0.5567 1.0000 0.5214 0.4489 0.4452 0.4668 0.4865 0.4230 0.5504 0.3943 0.4555 0.4491 0.5432 0.4450 0.4624 0.4859 0.5724 0.4277 0.4677 0.4736 
0.5852 0.5151 0.4918 0.5826 0.4670 0.6183 0.5333 0.6803 0.6756 0.6187 0.6149 0.6424 0.5607 0.6279 0.5343 0.4904 0.5655 0.6106 0.6910 0.5529 0.5318 0.5626 0.6019 0.4710 0.5104 0.5759 0.5478 0.5395 0.6070 0.5214 1.0000 0.5543 0.5472 0.5607 0.6028 0.5552 0.5648 0.4928 0.5276 0.5308 0.6415 0.5222 0.5744 0.5058 0.6040 0.5905 0.6273 0.5813 
0.5613 0.5324 0.5469 0.5993 0.4980 0.5961 0.4474 0.6249 0.5553 0.5640 0.5357 0.6100 0.4831 0.4969 0.4898 0.4535 0.4770 0.5426 0.5231 0.6250 0.5468 0.5322 0.5193 0.4955 0.4624 0.6393 0.5207 0.4454 0.5360 0.4489 0.5543 1.0000 0.5849 0.5048 0.5209 0.4813 0.4825 0.4364 0.5360 0.6057 0.5746 0.5363 0.5535 0.4915 0.5209 0.5510 0.6385 0.6206 
0.5780 0.4867 0.5369 0.5936 0.4351 0.5542 0.4693 0.5205 0.5127 0.5414 0.5101 0.5490 0.4767 0.4857 0.5085 0.3866 0.4441 0.5255 0.5226 0.5671 0.5097 0.5665 0.4819 0.4923 0.3987 0.5498 0.5135 0.4162 0.5604 0.4452 0.5472 0.5849 1.0000 0.5018 0.4989 0.4710 0.4359 0.4059 0.5271 0.5340 0.5317 0.4388 0.5063 0.4415 0.5038 0.4828 0.5746 0.5374 
0.5263 0.4526 0.5077 0.5158 0.4339 0.5309 0.4882 0.5415 0.5430 0.5432 0.5142 0.5451 0.5321 0.5234 0.5286 0.4424 0.4833 0.5248 0.5301 0.5545 0.4619 0.5302 0.5779 0.4929 0.4410 0.5034 0.4833 0.4369 0.5698 0.4668 0.5607 0.5048 0.5018 1.0000 0.5251 0.4556 0.4442 0.4267 0.4752 0.4828 0.5534 0.4680 0.5084 0.4569 0.5424 0.5063 0.5298 0.5267 
0.5304 0.5589 0.4511 0.5260 0.5268 0.5997 0.5156 0.5637 0.5763 0.5488 0.6435 0.6146 0.6282 0.5874 0.5254 0.5240 0.4883 0.5633 0.5537 0.5602 0.5079 0.5560 0.5371 0.4717 0.5094 0.5944 0.5364 0.5022 0.5970 0.4865 0.6028 0.5209 0.4989 0.5251 1.0000 0.5177 0.5181 0.5302 0.5460 0.5100 0.5872 0.5504 0.6907 0.4512 0.5566 0.5276 0.5532 0.4971 
0.4911 0.4425 0.4590 0.5136 0.5446 0.5130 0.4781 0.5435 0.5049 0.5232 0.5341 0.4918 0.5291 0.4717 0.5097 0.4160 0.4592 0.5290 0.4725 0.4601 0.4374 0.4881 0.4511 0.4085 0.4860 0.4699 0.4611 0.4551 0.4509 0.4230 0.5552 0.4813 0.4710 0.4556 0.5177 1.0000 0.4443 0.5974 0.4562 0.4943 0.4912 0.4929 0.4972 0.5054 0.4669 0.5448 0.5137 0.4517 
0.4587 0.5921 0.4108 0.4717 0.3981 0.4740 0.5470 0.5306 0.5703 0.4735 0.5142 0.5374 0.4261 0.5190 0.4115 0.4252 0.6006 0.4762 0.5416 0.4897 0.4170 0.4460 0.4830 0.4194 0.5126 0.5228 0.5204 0.5378 0.4948 0.5504 0.5648 0.4825 0.4359 0.4442 0.5181 0.4443 1.0000 0.4242 0.4623 0.4415 0.4849 0.5027 0.5031 0.4551 0.5355 0.4540 0.4937 0.4366 
0.4727 0.4278 0.4245 0.4681 0.6003 0.4687 0.4492 0.4672 0.4618 0.5196 0.5249 0.4746 0.5678 0.4912 0.4923 0.4456 0.4342 0.5627 0.4146 0.4738 0.4141 0.4550 0.4180 0.3467 0.5447 0.4630 0.4718 0.4437 0.4068 0.3943 0.4928 0.4364 0.4059 0.4267 0.5302 0.5974 0.4242 1.0000 0.4444 0.4635 0.4649 0.5312 0.5334 0.5043 0.4318 0.5095 0.4726 0.3929 
0.5948 0.5532 0.4830 0.5856 0.4839 0.5146 0.4359 0.4879 0.5103 0.5015 0.5406 0.5585 0.5058 0.5058 0.5259 0.4344 0.4450 0.5245 0.5226 0.5959 0.5336 0.5463 0.5205 0.4866 0.4606 0.5983 0.5089 0.4419 0.5184 0.4555 0.5276 0.5360 0.5271 0.4752 0.5460 0.4562 0.4623 0.4444 1.0000 0.5536 0.5410 0.5035 0.5510 0.4582 0.5114 0.4797 0.5274 0.5147 
0.5882 0.5469 0.5001 0.6539 0.5373 0.5651 0.4597 0.5380 0.5582 0.6224 0.5947 0.5352 0.5526 0.4797 0.5557 0.4840 0.4846 0.5603 0.4934 0.6148 0.6281 0.5331 0.4911 0.4837 0.5337 0.6417 0.4832 0.5188 0.5058 0.4491 0.5308 0.6057 0.5340 0.4828 0.5100 0.4943 0.4415 0.4635 0.5536 1.0000 0.5921 0.5482 0.5591 0.5001 0.5475 0.5543 0.5956 0.6253 
0.6080 0.5565 0.5299 0.5991 0.4876 0.6507 0.5072 0.6246 0.6335 0.6287 0.6199 0.5560 0.5402 0.5630 0.5890 0.4782 0.5560 0.5888 0.5808 0.5955 0.5873 0.6303 0.5592 0.5185 0.5346 0.6329 0.5318 0.4992 0.6059 0.5432 0.6415 0.5746 0.5317 0.5534 0.5872 0.4912 0.4849 0.4649 0.5410 0.5921 1.0000 0.5078 0.5606 0.4794 0.6351 0.5728 0.6342 0.6214 
0.4968 0.4849 0.4501 0.5510 0.5329 0.4848 0.4625 0.5060 0.5550 0.5732 0.5375 0.5795 0.5248 0.5236 0.4715 0.4855 0.4655 0.5263 0.5289 0.5661 0.5117 0.4776 0.4684 0.4064 0.5650 0.5659 0.5320 0.4726 0.5043 0.4450 0.5222 0.5363 0.4388 0.4680 0.5504 0.4929 0.5027 0.5312 0.5035 0.5482 0.5078 1.0000 0.5379 0.4895 0.5374 0.4950 0.5131 0.4854 
0.5864 0.5369 0.4663 0.5438 0.5665 0.5986 0.4561 0.5726 0.5814 0.5635 0.6436 0.5876 0.5973 0.5482 0.5475 0.4861 0.4523 0.6025 0.5240 0.5921 0.4965 0.5316 0.5539 0.4565 0.5091 0.6375 0.5200 0.4508 0.5294 0.4624 0.5744 0.5535 0.5063 0.5084 0.6907 0.4972 0.5031 0.5334 0.5510 0.5591 0.5606 0.5379 1.0000 0.4969 0.5080 0.5160 0.5939 0.5263 
0.4517 0.4375 0.4324 0.4933 0.4749 0.4754 0.4530 0.4733 0.4979 0.4826 0.4958 0.5120 0.4755 0.4880 0.4866 0.4326 0.4456 0.4938 0.4827 0.5010 0.4385 0.4839 0.4414 0.3896 0.4764 0.4598 0.5026 0.4335 0.4579 0.4859 0.5058 0.4915 0.4415 0.4569 0.4512 0.5054 0.4551 0.5043 0.4582 0.5001 0.4794 0.4895 0.4969 1.0000 0.4782 0.4629 0.4783 0.4700 
0.5340 0.4833 0.5209 0.5531 0.4218 0.5574 0.5554 0.5634 0.6576 0.5762 0.5555 0.5686 0.5117 0.6182 0.5541 0.4267 0.5741 0.5236 0.6535 0.5533 0.5123 0.5827 0.5266 0.5019 0.4927 0.5617 0.5442 0.4615 0.6635 0.5724 0.6040 0.5209 0.5038 0.5424 0.5566 0.4669 0.5355 0.4318 0.5114 0.5475 0.6351 0.5374 0.5080 0.4782 1.0000 0.5360 0.5406 0.5507 
0.5530 0.4501 0.5036 0.5292 0.4730 0.5856 0.5084 0.6212 0.5659 0.5896 0.5636 0.5130 0.5763 0.5547 0.5326 0.4617 0.5077 0.6302 0.5088 0.5137 0.4988 0.5134 0.4865 0.4911 0.5174 0.5231 0.4663 0.5040 0.5232 0.4277 0.5905 0.5510 0.4828 0.5063 0.5276 0.5448 0.4540 0.5095 0.4797 0.5543 0.5728 0.4950 0.5160 0.4629 0.5360 1.0000 0.5321 0.5155 
0.6152 0.5332 0.5342 0.5798 0.4974 0.6163 0.4527 0.6387 0.6479 0.6273 0.6326 0.5796 0.5355 0.5155 0.5538 0.4696 0.5076 0.6167 0.5377 0.5911 0.5745 0.5672 0.5501 0.4703 0.5331 0.6371 0.5054 0.4976 0.5596 0.4677 0.6273 0.6385 0.5746 0.5298 0.5532 0.5137 0.4937 0.4726 0.5274 0.5956 0.6342 0.5131 0.5939 0.4783 0.5406 0.5321 1.0000 0.6155 
0.5701 0.4988 0.4911 0.5766 0.4809 0.5642 0.4561 0.5859 0.5654 0.5811 0.5298 0.5549 0.5158 0.4942 0.5262 0.4417 0.4765 0.5395 0.5504 0.5972 0.5814 0.5520 0.5202 0.4976 0.4803 0.6112 0.4803 0.4528 0.5747 0.4736 0.5813 0.6206 0.5374 0.5267 0.4971 0.4517 0.4366 0.3929 0.5147 0.6253 0.6214 0.4854 0.5263 0.4700 0.5507 0.5155 0.6155 1.0000 
