1:	0.8586 0.0053 0.1360 	23
2:	0.9001 0.0809 0.0190 	13
3:	0.9987 0.0000 0.0013 	5
4:	0.6883 0.3005 0.0112 	15
5:	0.5570 0.4301 0.0129 	18
6:	0.2921 0.6320 0.0759 	24
7:	0.6379 0.1288 0.2334 	9
8:	0.9020 0.0048 0.0932 	11
9:	0.0000 1.0000 0.0000 	1
10:	0.9633 0.0072 0.0295 	17
11:	0.0000 0.9095 0.0905 	1
12:	0.7584 0.0657 0.1759 	8
13:	0.0000 1.0000 0.0000 	5
14:	0.5000 0.5000 0.0000 	2
15:	0.2040 0.6418 0.1542 	2
16:	0.9658 0.0000 0.0342 	2
17:	0.6434 0.1328 0.2238 	2
18:	0.9930 0.0000 0.0070 	3
19:	0.8286 0.0608 0.1106 	3
