1:	0.0000 1.0000 0.0000 0.0000 0.0000 0.0000 0.0000 0.0000 0.0000 0.0000 0.0000 0.0000 0.0000 0.0000 0.0000 0.0000 	1
2:	0.4057 0.0000 0.0000 0.0000 0.0000 0.5000 0.0000 0.0000 0.0000 0.0000 0.0000 0.0290 0.0000 0.0153 0.0000 0.0500 	2
3:	0.0672 0.0000 0.0029 0.0602 0.0019 0.0054 0.0000 0.0000 0.4090 0.0006 0.0252 0.0147 0.0805 0.0943 0.0255 0.2127 	6
4:	0.3597 0.0000 0.0000 0.0000 0.0000 0.0000 0.1062 0.0000 0.2148 0.0000 0.0000 0.1444 0.0000 0.0651 0.0445 0.0652 	4
5:	0.1161 0.0000 0.0871 0.2297 0.0000 0.0667 0.1538 0.0000 0.0201 0.0072 0.0395 0.0919 0.0284 0.0289 0.0437 0.0868 	15
6:	0.1232 0.3750 0.1041 0.0000 0.0973 0.0000 0.0116 0.1000 0.0720 0.0000 0.0347 0.0000 0.0004 0.0161 0.0452 0.0203 	8
7:	0.0850 0.0972 0.1250 0.0392 0.1400 0.1000 0.1253 0.0013 0.0084 0.0008 0.0221 0.1187 0.0095 0.0696 0.0180 0.0400 	20
8:	0.0745 0.1871 0.1668 0.0395 0.0857 0.0000 0.0376 0.0024 0.0459 0.0095 0.0594 0.1439 0.0058 0.0517 0.0256 0.0645 	21
9:	0.1368 0.0714 0.2908 0.0000 0.1265 0.0000 0.0216 0.0000 0.0616 0.0465 0.0621 0.0474 0.0286 0.0617 0.0117 0.0332 	14
10:	0.0180 0.0000 0.2219 0.0000 0.0000 0.4904 0.0000 0.0000 0.0000 0.0000 0.1101 0.0000 0.0000 0.0508 0.1000 0.0089 	1
11:	0.0000 0.0000 0.0000 0.1621 0.0000 0.2333 0.0000 0.0000 0.0000 0.2923 0.0000 0.0000 0.2402 0.0721 0.0000 0.0000 	3
12:	0.0000 0.2000 0.0000 0.7986 0.0000 0.0000 0.0000 0.0000 0.0000 0.0000 0.0000 0.0000 0.0014 0.0000 0.0000 0.0000 	5
13:	0.0000 0.4838 0.0000 0.2963 0.0000 0.0000 0.0000 0.0000 0.0000 0.0000 0.0500 0.0000 0.1537 0.0000 0.0162 0.0000 	2
14:	0.0000 0.3402 0.0932 0.0000 0.1804 0.0318 0.0000 0.2004 0.0000 0.0000 0.1055 0.0000 0.0000 0.0013 0.0472 0.0000 	5
15:	0.0811 0.3431 0.0468 0.0088 0.0000 0.1463 0.0000 0.2229 0.0000 0.0019 0.0663 0.0046 0.0210 0.0000 0.0143 0.0429 	7
