1.0000 0.3185 0.4459 0.4157 0.3432 0.4170 0.3634 0.3843 0.3176 0.3497 0.4031 0.3940 0.3633 0.4511 0.4252 0.3555 0.3536 0.3863 0.3853 0.3660 0.3610 0.3844 0.3986 0.3549 0.3663 0.3705 0.4375 0.3785 0.4176 0.3808 0.3594 0.4025 0.3764 0.3627 0.3370 0.3837 0.3820 0.4170 0.4203 0.3121 0.3734 0.4332 0.3752 0.3596 0.3830 0.3888 0.3513 0.3693 0.4496 0.3680
0.3185 1.0000 0.4116 0.4286 0.3735 0.3308 0.3869 0.3429 0.3473 0.3422 0.4500 0.4244 0.4108 0.3380 0.3095 0.3547 0.4006 0.4302 0.4018 0.3909 0.3610 0.3843 0.4237 0.3722 0.4078 0.3955 0.3064 0.3893 0.4179 0.3862 0.3522 0.3363 0.2944 0.4354 0.3436 0.3570 0.3552 0.4077 0.3656 0.4200 0.4251 0.4497 0.3259 0.3570 0.4005 0.3639 0.4337 0.4058 0.3012 0.4304
0.4459 0.4116 1.0000 0.3969 0.3263 0.4314 0.3771 0.4035 0.3333 0.3424 0.4485 0.3962 0.3821 0.4548 0.4009 0.3577 0.3529 0.3786 0.3755 0.3785 0.4198 0.4131 0.4082 0.3651 0.4395 0.3713 0.4382 0.4045 0.4691 0.3778 0.3647 0.4209 0.3957 0.3751 0.3255 0.3719 0.4274 0.3961 0.3641 0.3846 0.4413 0.5127 0.3969 0.3426 0.3418 0.3779 0.4358 0.3883 0.3936 0.3847
0.4157 0.4286 0.3969 1.0000 0.4442 0.3534 0.4490 0.4090 0.4265 0.4652 0.3742 0.4589 0.4679 0.3894 0.4114 0.4325 0.4537 0.4810 0.4623 0.3956 0.4080 0.4703 0.4234 0.4622 0.4386 0.4847 0.4206 0.4900 0.4175 0.3939 0.3421 0.3524 0.3687 0.4552 0.3777 0.4520 0.4134 0.4956 0.4966 0.3721 0.4404 0.4380 0.4279 0.4118 0.4640 0.4151 0.4530 0.4532 0.4201 0.4782
0.3432 0.3735 0.3263 0.4442 1.0000 0.3138 0.3696 0.3664 0.3666 0.4308 0.3364 0.3814 0.4091 0.3457 0.3810 0.4432 0.3794 0.4256 0.4258 0.3971 0.3492 0.4195 0.3771 0.4086 0.3742 0.3459 0.3431 0.3899 0.3708 0.3599 0.2606 0.3536 0.3414 0.4221 0.3378 0.3958 0.3687 0.4056 0.4003 0.3788 0.3543 0.3460 0.3438 0.3713 0.4213 0.3815 0.3587 0.3771 0.3903 0.4811
0.4170 0.3308 0.4314 0.3534 0.3138 1.0000 0.3584 0.3064 0.3290 0.2931 0.3945 0.4443 0.3175 0.4669 0.4046 0.3010 0.3404 0.3619 0.3825 0.3448 0.3586 0.4123 0.3459 0.3256 0.3629 0.4133 0.3442 0.3554 0.3906 0.3784 0.3554 0.4321 0.3646 0.3252 0.2880 0.3739 0.4438 0.3622 0.3904 0.3406 0.3701 0.3933 0.3673 0.3539 0.3566 0.3437 0.3635 0.3691 0.3936 0.3194
0.3634 0.3869 0.3771 0.4490 0.3696 0.3584 1.0000 0.3516 0.4229 0.3853 0.3660 0.4424 0.3941 0.3813 0.3745 0.4076 0.4350 0.4289 0.4464 0.3665 0.3686 0.4172 0.4282 0.4114 0.3921 0.4201 0.3571 0.3526 0.3426 0.3969 0.3288 0.3698 0.3635 0.3739 0.3008 0.4060 0.4045 0.4232 0.4257 0.3740 0.3985 0.3957 0.3506 0.3644 0.4360 0.4447 0.3968 0.3931 0.3878 0.4155
0.3843 0.3429 0.4035 0.4090 0.3664 0.3064 0.3516 1.0000 0.3470 0.3499 0.3313 0.3581 0.3621 0.3460 0.3405 0.3560 0.3100 0.3879 0.3813 0.3407 0.3588 0.3524 0.4174 0.3369 0.4063 0.3352 0.3400 0.3615 0.3794 0.3572 0.2906 0.3013 0.3492 0.3535 0.3930 0.3268 0.3506 0.3593 0.3457 0.3331 0.3642 0.4040 0.3507 0.3577 0.3244 0.3551 0.3994 0.3730 0.3237 0.3706
0.3176 0.3473 0.3333 0.4265 0.3666 0.3290 0.4229 0.3470 1.0000 0.3679 0.3296 0.4430 0.3690 0.3940 0.4269 0.4079 0.3722 0.4386 0.4353 0.4337 0.3712 0.4155 0.3678 0.4279 0.4143 0.4565 0.3442 0.3902 0.3867 0.3642 0.2968 0.3525 0.4206 0.3864 0.3308 0.4128 0.4455 0.4489 0.3642 0.3753 0.4187 0.3538 0.3309 0.4314 0.4537 0.4653 0.4085 0.4121 0.3729 0.3968
0.3497 0.3422 0.3424 0.4652 0.4308 0.2931 0.3853 0.3499 0.3679 1.0000 0.3443 0.3713 0.4170 0.3680 0.3581 0.4158 0.3862 0.3605 0.4068 0.3861 0.3743 0.3840 0.3444 0.4096 0.3378 0.3885 0.3626 0.4019 0.3358 0.3438 0.2841 0.3483 0.3351 0.3950 0.3137 0.3632 0.3272 0.4327 0.4215 0.3428 0.4029 0.3603 0.3957 0.3621 0.3715 0.3752 0.3742 0.3890 0.4059 0.4129
0.4031 0.4500 0.4485 0.3742 0.3364 0.3945 0.3660 0.3313 0.3296 0.3443 1.0000 0.3773 0.4015 0.4327 0.4066 0.3361 0.3504 0.3625 0.4099 0.3779 0.3706 0.3806 0.3897 0.3595 0.3636 0.3629 0.3711 0.3504 0.4378 0.3910 0.4129 0.4266 0.3810 0.3640 0.3032 0.3970 0.4272 0.3991 0.3539 0.3882 0.4050 0.4225 0.3607 0.3247 0.3677 0.3786 0.3917 0.4102 0.4072 0.4094
0.3940 0.4244 0.3962 0.4589 0.3814 0.4443 0.4424 0.3581 0.4430 0.3713 0.3773 1.0000 0.3764 0.3889 0.4135 0.4340 0.4478 0.4571 0.4307 0.4307 0.4508 0.4810 0.4438 0.4095 0.4467 0.4796 0.3433 0.4352 0.4043 0.4310 0.3539 0.4224 0.3507 0.4201 0.3378 0.4447 0.4922 0.4533 0.4447 0.4163 0.4183 0.3815 0.3524 0.3689 0.4615 0.4261 0.4044 0.3990 0.4108 0.3818
0.3633 0.4108 0.3821 0.4679 0.4091 0.3175 0.3941 0.3621 0.3690 0.4170 0.4015 0.3764 1.0000 0.3506 0.3569 0.4055 0.4864 0.4342 0.4145 0.3668 0.3494 0.3801 0.4251 0.4004 0.3909 0.3751 0.3912 0.4137 0.3685 0.2968 0.3084 0.3511 0.3471 0.4397 0.3260 0.3507 0.3552 0.4378 0.4701 0.3421 0.3826 0.3923 0.3474 0.3686 0.3981 0.3636 0.3929 0.4430 0.3979 0.4719
0.4511 0.3380 0.4548 0.3894 0.3457 0.4669 0.3813 0.3460 0.3940 0.3680 0.4327 0.3889 0.3506 1.0000 0.4429 0.3599 0.3332 0.3739 0.4064 0.3932 0.4236 0.3741 0.3688 0.3727 0.3638 0.3916 0.4334 0.3687 0.4542 0.3917 0.3717 0.4837 0.4817 0.3431 0.3122 0.3919 0.4407 0.4388 0.3793 0.3557 0.4118 0.4445 0.4106 0.3834 0.3444 0.4495 0.3865 0.4103 0.4120 0.3525
0.4252 0.3095 0.4009 0.4114 0.3810 0.4046 0.3745 0.3405 0.4269 0.3581 0.4066 0.4135 0.3569 0.4429 1.0000 0.3561 0.3971 0.3851 0.4234 0.3908 0.3690 0.4145 0.3378 0.4334 0.4151 0.3657 0.4370 0.3984 0.3871 0.3654 0.3487 0.4349 0.4818 0.4227 0.3372 0.4921 0.4809 0.4490 0.3955 0.3624 0.3944 0.4336 0.3997 0.3556 0.3860 0.3980 0.3590 0.4262 0.4933 0.3802
0.3555 0.3547 0.3577 0.4325 0.4432 0.3010 0.4076 0.3560 0.4079 0.4158 0.3361 0.4340 0.4055 0.3599 0.3561 1.0000 0.3594 0.4364 0.3987 0.4069 0.3566 0.3890 0.4073 0.3974 0.3886 0.3927 0.3500 0.4343 0.3471 0.3968 0.2780 0.3570 0.3410 0.3523 0.3312 0.4056 0.3778 0.4282 0.3582 0.3566 0.4047 0.3614 0.3816 0.3681 0.4027 0.4055 0.3617 0.3809 0.3934 0.4399
0.3536 0.4006 0.3529 0.4537 0.3794 0.3404 0.4350 0.3100 0.3722 0.3862 0.3504 0.4478 0.4864 0.3332 0.3971 0.3594 1.0000 0.4093 0.4050 0.3738 0.3337 0.4384 0.4400 0.4337 0.3857 0.3787 0.3933 0.3981 0.3443 0.3115 0.2998 0.3679 0.3331 0.4440 0.3237 0.3736 0.3639 0.4767 0.5422 0.3512 0.3458 0.3979 0.3158 0.3849 0.4264 0.3687 0.4111 0.4342 0.3799 0.4313
0.3863 0.4302 0.3786 0.4810 0.4256 0.3619 0.4289 0.3879 0.4386 0.3605 0.3625 0.4571 0.4342 0.3739 0.3851 0.4364 0.4093 1.0000 0.4550 0.3676 0.3868 0.4014 0.4806 0.4270 0.4584 0.4441 0.3491 0.4288 0.4283 0.3847 0.3272 0.3669 0.3633 0.4462 0.3474 0.3869 0.3932 0.4408 0.4340 0.3985 0.4475 0.4317 0.3531 0.3806 0.4664 0.4067 0.4227 0.4499 0.3962 0.4820
0.3853 0.4018 0.3755 0.4623 0.4258 0.3825 0.4464 0.3813 0.4353 0.4068 0.4099 0.4307 0.4145 0.4064 0.4234 0.3987 0.4050 0.4550 1.0000 0.4273 0.3923 0.4414 0.4529 0.4692 0.3771 0.4674 0.3722 0.3995 0.4160 0.4077 0.3853 0.3979 0.3834 0.4730 0.3572 0.4149 0.4381 0.4625 0.4260 0.4187 0.4795 0.4302 0.3925 0.4763 0.4382 0.4115 0.4563 0.5096 0.4145 0.5076
0.3660 0.3909 0.3785 0.3956 0.3971 0.3448 0.3665 0.3407 0.4337 0.3861 0.3779 0.4307 0.3668 0.3932 0.3908 0.4069 0.3738 0.3676 0.4273 1.0000 0.3832 0.3915 0.3886 0.3920 0.3936 0.3965 0.3619 0.3906 0.3321 0.4106 0.3316 0.3483 0.3453 0.3773 0.3451 0.3904 0.4346 0.4754 0.3847 0.3724 0.4332 0.4050 0.3703 0.4575 0.3977 0.3750 0.3673 0.4345 0.4137 0.3873
0.3610 0.3610 0.4198 0.4080 0.3492 0.3586 0.3686 0.3588 0.3712 0.3743 0.3706 0.4508 0.3494 0.4236 0.3690 0.3566 0.3337 0.3868 0.3923 0.3832 1.0000 0.3637 0.4069 0.3606 0.3936 0.4041 0.3711 0.3680 0.4208 0.3726 0.3342 0.3862 0.3501 0.3626 0.2963 0.4012 0.4044 0.4208 0.3756 0.3857 0.4035 0.3895 0.3614 0.3172 0.3420 0.3789 0.3947 0.3690 0.3709 0.3456
0.3844 0.3843 0.4131 0.4703 0.4195 0.4123 0.4172 0.3524 0.4155 0.3840 0.3806 0.4810 0.3801 0.3741 0.4145 0.3890 0.4384 0.4014 0.4414 0.3915 0.3637 1.0000 0.4002 0.4488 0.4095 0.4079 0.3876 0.4246 0.4065 0.3858 0.3242 0.3785 0.3674 0.4331 0.3471 0.4224 0.4485 0.4128 0.4574 0.3978 0.3834 0.3859 0.3828 0.4257 0.4239 0.3961 0.4435 0.4391 0.4227 0.4372
0.3986 0.4237 0.4082 0.4234 0.3771 0.3459 0.4282 0.4174 0.3678 0.3444 0.3897 0.4438 0.4251 0.3688 0.3378 0.4073 0.4400 0.4806 0.4529 0.3886 0.4069 0.4002 1.0000 0.3599 0.4049 0.4118 0.3720 0.4010 0.3914 0.4026 0.3219 0.3936 0.3299 0.3897 0.3208 0.3741 0.3787 0.4496 0.4131 0.3788 0.4590 0.4323 0.3483 0.4198 0.4019 0.4197 0.4656 0.3884 0.3551 0.4350
0.3549 0.3722 0.3651 0.4622 0.4086 0.3256 0.4114 0.3369 0.4279 0.4096 0.3595 0.4095 0.4004 0.3727 0.4334 0.3974 0.4337 0.4270 0.4692 0.3920 0.3606 0.4488 0.3599 1.0000 0.4126 0.3875 0.3783 0.4241 0.3728 0.3543 0.3073 0.3582 0.3661 0.4736 0.3190 0.4292 0.3909 0.4693 0.4173 0.4037 0.4385 0.3976 0.4193 0.3686 0.4535 0.4082 0.3752 0.4808 0.4210 0.4452
0.3663 0.4078 0.4395 0.4386 0.3742 0.3629 0.3921 0.4063 0.4143 0.3378 0.3636 0.4467 0.3909 0.3638 0.4151 0.3886 0.3857 0.4584 0.3771 0.3936 0.3936 0.4095 0.4049 0.4126 1.0000 0.3753 0.4101 0.4107 0.4206 0.3747 0.3425 0.3809 0.3582 0.3997 0.3918 0.4085 0.4348 0.4094 0.3962 0.3979 0.4505 0.4442 0.3695 0.3363 0.3896 0.3547 0.4032 0.4457 0.3997 0.3889
0.3705 0.3955 0.3713 0.4847 0.3459 0.4133 0.4201 0.3352 0.4565 0.3885 0.3629 0.4796 0.3751 0.3916 0.3657 0.3927 0.3787 0.4441 0.4674 0.3965 0.4041 0.4079 0.4118 0.3875 0.3753 1.0000 0.3457 0.3750 0.3771 0.3922 0.3508 0.3667 0.3567 0.3772 0.3332 0.4108 0.4378 0.4523 0.3988 0.3639 0.4617 0.3861 0.3962 0.4249 0.4381 0.4473 0.4161 0.4371 0.3543 0.3936
0.4375 0.3064 0.4382 0.4206 0.3431 0.3442 0.3571 0.3400 0.3442 0.3626 0.3711 0.3433 0.3912 0.4334 0.4370 0.3500 0.3933 0.3491 0.3722 0.3619 0.3711 0.3876 0.3720 0.3783 0.4101 0.3457 1.0000 0.3879 0.3778 0.3352 0.4057 0.3726 0.4179 0.4006 0.3210 0.4195 0.4216 0.4417 0.4017 0.3334 0.3648 0.4419 0.4371 0.3539 0.3552 0.3881 0.3658 0.4545 0.4343 0.3623
0.3785 0.3893 0.4045 0.4900 0.3899 0.3554 0.3526 0.3615 0.3902 0.4019 0.3504 0.4352 0.4137 0.3687 0.3984 0.4343 0.3981 0.4288 0.3995 0.3906 0.3680 0.4246 0.4010 0.4241 0.4107 0.3750 0.3879 1.0000 0.3898 0.3786 0.3022 0.3916 0.3216 0.4427 0.3255 0.4268 0.3960 0.4231 0.3867 0.3598 0.4013 0.3729 0.3613 0.3756 0.3985 0.3517 0.3633 0.3936 0.3811 0.4031
0.4176 0.4179 0.4691 0.4175 0.3708 0.3906 0.3426 0.3794 0.3867 0.3358 0.4378 0.4043 0.3685 0.4542 0.3871 0.3471 0.3443 0.4283 0.4160 0.3321 0.4208 0.4065 0.3914 0.3728 0.4206 0.3771 0.3778 0.3898 1.0000 0.3797 0.3708 0.4237 0.3777 0.3816 0.3598 0.4012 0.3927 0.3815 0.3765 0.3810 0.3815 0.4574 0.3803 0.3382 0.3784 0.4144 0.3938 0.3908 0.3842 0.4072
0.3808 0.3862 0.3778 0.3939 0.3599 0.3784 0.3969 0.3572 0.3642 0.3438 0.3910 0.4310 0.2968 0.3917 0.3654 0.3968 0.3115 0.3847 0.4077 0.4106 0.3726 0.3858 0.4026 0.3543 0.3747 0.3922 0.3352 0.3786 0.3797 1.0000 0.3858 0.3886 0.3180 0.3631 0.3836 0.4066 0.4381 0.4192 0.3890 0.3903 0.4504 0.4097 0.3814 0.3829 0.3932 0.3912 0.4044 0.4053 0.3442 0.3712
0.3594 0.3522 0.3647 0.3421 0.2606 0.3554 0.3288 0.2906 0.2968 0.2841 0.4129 0.3539 0.3084 0.3717 0.3487 0.2780 0.2998 0.3272 0.3853 0.3316 0.3342 0.3242 0.3219 0.3073 0.3425 0.3508 0.4057 0.3022 0.3708 0.3858 1.0000 0.3412 0.3239 0.3316 0.3205 0.3446 0.4017 0.3451 0.3331 0.3000 0.3535 0.3704 0.3753 0.3192 0.3566 0.3070 0.3600 0.4000 0.3452 0.3112
0.4025 0.3363 0.4209 0.3524 0.3536 0.4321 0.3698 0.3013 0.3525 0.3483 0.4266 0.4224 0.3511 0.4837 0.4349 0.3570 0.3679 0.3669 0.3979 0.3483 0.3862 0.3785 0.3936 0.3582 0.3809 0.3667 0.3726 0.3916 0.4237 0.3886 0.3412 1.0000 0.4622 0.3191 0.2926 0.3808 0.4464 0.3901 0.3501 0.3357 0.4063 0.3965 0.3937 0.3186 0.3455 0.3714 0.3841 0.3617 0.4067 0.3520
0.3764 0.2944 0.3957 0.3687 0.3414 0.3646 0.3635 0.3492 0.4206 0.3351 0.3810 0.3507 0.3471 0.4817 0.4818 0.3410 0.3331 0.3633 0.3834 0.3453 0.3501 0.3674 0.3299 0.3661 0.3582 0.3567 0.4179 0.3216 0.3777 0.3180 0.3239 0.4622 1.0000 0.3649 0.3123 0.3728 0.4364 0.3903 0.3234 0.3021 0.3577 0.4135 0.4088 0.3298 0.3332 0.4017 0.3591 0.3932 0.4140 0.3664
0.3627 0.4354 0.3751 0.4552 0.4221 0.3252 0.3739 0.3535 0.3864 0.3950 0.3640 0.4201 0.4397 0.3431 0.4227 0.3523 0.4440 0.4462 0.4730 0.3773 0.3626 0.4331 0.3897 0.4736 0.3997 0.3772 0.4006 0.4427 0.3816 0.3631 0.3316 0.3191 0.3649 1.0000 0.3635 0.3907 0.3719 0.4784 0.4376 0.4183 0.4140 0.4360 0.3612 0.3740 0.4139 0.3813 0.3900 0.4545 0.3739 0.4691
0.3370 0.3436 0.3255 0.3777 0.3378 0.2880 0.3008 0.3930 0.3308 0.3137 0.3032 0.3378 0.3260 0.3122 0.3372 0.3312 0.3237 0.3474 0.3572 0.3451 0.2963 0.3471 0.3208 0.3190 0.3918 0.3332 0.3210 0.3255 0.3598 0.3836 0.3205 0.2926 0.3123 0.3635 1.0000 0.3200 0.3451 0.3550 0.3475 0.2976 0.3236 0.3791 0.3428 0.3627 0.2940 0.3022 0.3296 0.4226 0.2912 0.3701
0.3837 0.3570 0.3719 0.4520 0.3958 0.3739 0.4060 0.3268 0.4128 0.3632 0.3970 0.4447 0.3507 0.3919 0.4921 0.4056 0.3736 0.3869 0.4149 0.3904 0.4012 0.4224 0.3741 0.4292 0.4085 0.4108 0.4195 0.4268 0.4012 0.4066 0.3446 0.3808 0.3728 0.3907 0.3200 1.0000 0.4751 0.4515 0.3838 0.3983 0.4000 0.4046 0.3973 0.3399 0.4516 0.4653 0.3462 0.4018 0.4168 0.4027
0.3820 0.3552 0.4274 0.4134 0.3687 0.4438 0.4045 0.3506 0.4455 0.3272 0.4272 0.4922 0.3552 0.4407 0.4809 0.3778 0.3639 0.3932 0.4381 0.4346 0.4044 0.4485 0.3787 0.3909 0.4348 0.4378 0.4216 0.3960 0.3927 0.4381 0.4017 0.4464 0.4364 0.3719 0.3451 0.4751 1.0000 0.4237 0.3815 0.4122 0.4364 0.3924 0.4015 0.3971 0.4082 0.3990 0.3944 0.4352 0.4313 0.3911
0.4170 0.4077 0.3961 0.4956 0.4056 0.3622 0.4232 0.3593 0.4489 0.4327 0.3991 0.4533 0.4378 0.4388 0.4490 0.4282 0.4767 0.4408 0.4625 0.4754 0.4208 0.4128 0.4496 0.4693 0.4094 0.4523 0.4417 0.4231 0.3815 0.4192 0.3451 0.3901 0.3903 0.4784 0.3550 0.4515 0.4237 1.0000 0.4425 0.3885 0.4718 0.4707 0.4296 0.4495 0.4667 0.4693 0.4163 0.4843 0.3905 0.4474
0.4203 0.3656 0.3641 0.4966 0.4003 0.3904 0.4257 0.3457 0.3642 0.4215 0.3539 0.4447 0.4701 0.3793 0.3955 0.3582 0.5422 0.4340 0.4260 0.3847 0.3756 0.4574 0.4131 0.4173 0.3962 0.3988 0.4017 0.3867 0.3765 0.3890 0.3331 0.3501 0.3234 0.4376 0.3475 0.3838 0.3815 0.4425 1.0000 0.3453 0.3714 0.3911 0.3314 0.4063 0.4201 0.3662 0.4150 0.4403 0.4171 0.4123
0.3121 0.4200 0.3846 0.3721 0.3788 0.3406 0.3740 0.3331 0.3753 0.3428 0.3882 0.4163 0.3421 0.3557 0.3624 0.3566 0.3512 0.3985 0.4187 0.3724 0.3857 0.3978 0.3788 0.4037 0.3979 0.3639 0.3334 0.3598 0.3810 0.3903 0.3000 0.3357 0.3021 0.4183 0.2976 0.3983 0.4122 0.3885 0.3453 1.0000 0.4337 0.3827 0.3137 0.3103 0.3900 0.4041 0.3747 0.4391 0.3568 0.4077
0.3734 0.4251 0.4413 0.4404 0.3543 0.3701 0.3985 0.3642 0.4187 0.4029 0.4050 0.4183 0.3826 0.4118 0.3944 0.4047 0.3458 0.4475 0.4795 0.4332 0.4035 0.3834 0.4590 0.4385 0.4505 0.4617 0.3648 0.4013 0.3815 0.4504 0.3535 0.4063 0.3577 0.4140 0.3236 0.4000 0.4364 0.4718 0.3714 0.4337 1.0000 0.4511 0.3933 0.4013 0.3934 0.4374 0.4240 0.4446 0.3737 0.4106
0.4332 0.4497 0.5127 0.4380 0.3460 0.3933 0.3957 0.4040 0.3538 0.3603 0.4225 0.3815 0.3923 0.4445 0.4336 0.3614 0.3979 0.4317 0.4302 0.4050 0.3895 0.3859 0.4323 0.3976 0.4442 0.3861 0.4419 0.3729 0.4574 0.4097 0.3704 0.3965 0.4135 0.4360 0.3791 0.4046 0.3924 0.4707 0.3911 0.3827 0.4511 1.0000 0.4554 0.3887 0.3810 0.4165 0.4637 0.4586 0.3666 0.4426
0.3752 0.3259 0.3969 0.4279 0.3438 0.3673 0.3506 0.3507 0.3309 0.3957 0.3607 0.3524 0.3474 0.4106 0.3997 0.3816 0.3158 0.3531 0.3925 0.3703 0.3614 0.3828 0.3483 0.4193 0.3695 0.3962 0.4371 0.3613 0.3803 0.3814 0.3753 0.3937 0.4088 0.3612 0.3428 0.3973 0.4015 0.4296 0.3314 0.3137 0.3933 0.4554 1.0000 0.3382 0.3787 0.3561 0.3422 0.4554 0.4075 0.3787
0.3596 0.3570 0.3426 0.4118 0.3713 0.3539 0.3644 0.3577 0.4314 0.3621 0.3247 0.3689 0.3686 0.3834 0.3556 0.3681 0.3849 0.3806 0.4763 0.4575 0.3172 0.4257 0.4198 0.3686 0.3363 0.4249 0.3539 0.3756 0.3382 0.3829 0.3192 0.3186 0.3298 0.3740 0.3627 0.3399 0.3971 0.4495 0.4063 0.3103 0.4013 0.3887 0.3382 1.0000 0.3821 0.3838 0.4133 0.4326 0.3348 0.4062
0.3830 0.4005 0.3418 0.4640 0.4213 0.3566 0.4360 0.3244 0.4537 0.3715 0.3677 0.4615 0.3981 0.3444 0.3860 0.4027 0.4264 0.4664 0.4382 0.3977 0.3420 0.4239 0.4019 0.4535 0.3896 0.4381 0.3552 0.3985 0.3784 0.3932 0.3566 0.3455 0.3332 0.4139 0.2940 0.4516 0.4082 0.4667 0.4201 0.3900 0.3934 0.3810 0.3787 0.3821 1.0000 0.4891 0.3796 0.4023 0.4060 0.4658
0.3888 0.3639 0.3779 0.4151 0.3815 0.3437 0.4447 0.3551 0.4653 0.3752 0.3786 0.4261 0.3636 0.4495 0.3980 0.4055 0.3687 0.4067 0.4115 0.3750 0.3789 0.3961 0.4197 0.4082 0.3547 0.4473 0.3881 0.3517 0.4144 0.3912 0.3070 0.3714 0.4017 0.3813 0.3022 0.4653 0.3990 0.4693 0.3662 0.4041 0.4374 0.4165 0.3561 0.3838 0.4891 1.0000 0.3909 0.3664 0.3657 0.4102
0.3513 0.4337 0.4358 0.4530 0.3587 0.3635 0.3968 0.3994 0.4085 0.3742 0.3917 0.4044 0.3929 0.3865 0.3590 0.3617 0.4111 0.4227 0.4563 0.3673 0.3947 0.4435 0.4656 0.3752 0.4032 0.4161 0.3658 0.3633 0.3938 0.4044 0.3600 0.3841 0.3591 0.3900 0.3296 0.3462 0.3944 0.4163 0.4150 0.3747 0.4240 0.4637 0.3422 0.4133 0.3796 0.3909 1.0000 0.4231 0.3349 0.4207
0.3693 0.4058 0.3883 0.4532 0.3771 0.3691 0.3931 0.3730 0.4121 0.3890 0.4102 0.3990 0.4430 0.4103 0.4262 0.3809 0.4342 0.4499 0.5096 0.4345 0.3690 0.4391 0.3884 0.4808 0.4457 0.4371 0.4545 0.3936 0.3908 0.4053 0.4000 0.3617 0.3932 0.4545 0.4226 0.4018 0.4352 0.4843 0.4403 0.4391 0.4446 0.4586 0.4554 0.4326 0.4023 0.3664 0.4231 1.0000 0.3979 0.4324
0.4496 0.3012 0.3936 0.4201 0.3903 0.3936 0.3878 0.3237 0.3729 0.4059 0.4072 0.4108 0.3979 0.4120 0.4933 0.3934 0.3799 0.3962 0.4145 0.4137 0.3709 0.4227 0.3551 0.4210 0.3997 0.3543 0.4343 0.3811 0.3842 0.3442 0.3452 0.4067 0.4140 0.3739 0.2912 0.4168 0.4313 0.3905 0.4171 0.3568 0.3737 0.3666 0.4075 0.3348 0.4060 0.3657 0.3349 0.3979 1.0000 0.3884
0.3680 0.4304 0.3847 0.4782 0.4811 0.3194 0.4155 0.3706 0.3968 0.4129 0.4094 0.3818 0.4719 0.3525 0.3802 0.4399 0.4313 0.4820 0.5076 0.3873 0.3456 0.4372 0.4350 0.4452 0.3889 0.3936 0.3623 0.4031 0.4072 0.3712 0.3112 0.3520 0.3664 0.4691 0.3701 0.4027 0.3911 0.4474 0.4123 0.4077 0.4106 0.4426 0.3787 0.4062 0.4658 0.4102 0.4207 0.4324 0.3884 1.0000
