1:	0.0000 1.0000 0.0000 0.0000 0.0000 0.0000 0.0000 0.0000 0.0000 0.0000 0.0000 	1
2:	0.0725 0.0000 0.0149 0.0000 0.0000 0.4062 0.0000 0.0263 0.0001 0.0790 0.4011 	2
3:	0.0740 0.0000 0.0143 0.1365 0.0051 0.0182 0.0000 0.0016 0.4959 0.0372 0.2172 	6
4:	0.2479 0.0000 0.0000 0.0000 0.0000 0.0000 0.1261 0.0000 0.1701 0.0657 0.3902 	4
5:	0.2012 0.0000 0.1163 0.2533 0.0000 0.0664 0.1989 0.0092 0.0224 0.0262 0.1062 	15
6:	0.0036 0.4318 0.1164 0.0000 0.1206 0.0019 0.0209 0.0674 0.0772 0.0133 0.1470 	8
7:	0.1536 0.0997 0.1415 0.0500 0.1457 0.0941 0.1467 0.0003 0.0248 0.0327 0.1109 	20
8:	0.2435 0.1896 0.1997 0.0476 0.0927 0.0000 0.0350 0.0009 0.0623 0.0611 0.0676 	21
9:	0.1466 0.0714 0.2940 0.0008 0.1429 0.0259 0.0220 0.0387 0.0533 0.0965 0.1080 	14
10:	0.0000 0.0000 0.2569 0.0000 0.0000 0.3883 0.0000 0.0781 0.0645 0.1527 0.0595 	1
11:	0.0000 0.0276 0.0000 0.3255 0.0000 0.3281 0.0000 0.2366 0.0052 0.0619 0.0150 	3
12:	0.0000 0.2000 0.0000 0.8000 0.0000 0.0000 0.0000 0.0000 0.0000 0.0000 0.0000 	5
13:	0.0000 0.5000 0.0000 0.5000 0.0000 0.0000 0.0000 0.0000 0.0000 0.0000 0.0000 	2
14:	0.0000 0.4569 0.1213 0.0019 0.1984 0.0412 0.0000 0.0942 0.0260 0.0601 0.0000 	5
15:	0.0229 0.4682 0.0609 0.0264 0.0000 0.1486 0.0000 0.1013 0.0211 0.0571 0.0936 	7
