1.0000 0.4464 0.4578 0.3642 0.4164 0.4855 0.4238 0.4134 0.3926 0.4321 0.4475 0.4433 0.4748 0.4372 0.4636 0.4451 0.4278 0.3897 0.3579 0.3993 0.3997 0.4217 0.4227 0.3988 0.3880 0.4978 0.4071 0.3866 0.4136 0.4660 0.4256 0.4155 0.4799 0.4457 0.4017 0.4238 0.4019 0.3730 0.3970 0.4505 0.3914 0.3414 0.3986 0.3999 0.3578 0.4985 0.3633 0.3513 0.4512 0.3980
0.4464 1.0000 0.4375 0.3886 0.3489 0.4389 0.3760 0.4107 0.4091 0.3790 0.4069 0.4253 0.3902 0.3903 0.5011 0.3766 0.3766 0.4208 0.3934 0.4588 0.4140 0.3971 0.4312 0.4180 0.3873 0.4297 0.4057 0.3858 0.4106 0.4545 0.4356 0.4125 0.4213 0.4265 0.4035 0.4248 0.4221 0.3770 0.4121 0.4084 0.4009 0.3277 0.3650 0.3936 0.3152 0.4602 0.3757 0.3863 0.4217 0.3767
0.4578 0.4375 1.0000 0.3562 0.3845 0.4715 0.3636 0.4138 0.4355 0.4295 0.4424 0.4204 0.3606 0.3952 0.5008 0.4646 0.3861 0.3532 0.4238 0.4975 0.4390 0.4233 0.4838 0.3968 0.3771 0.4613 0.4183 0.4224 0.3955 0.4686 0.4236 0.4468 0.4614 0.4338 0.4209 0.4345 0.4213 0.4242 0.4169 0.4407 0.3608 0.3025 0.3770 0.4281 0.3302 0.4620 0.3874 0.3451 0.4693 0.3522
0.3642 0.3886 0.3562 1.0000 0.3427 0.4023 0.3488 0.3584 0.3846 0.3781 0.3692 0.3706 0.4056 0.4365 0.4016 0.3844 0.3548 0.3407 0.3708 0.3799 0.4432 0.4086 0.3554 0.3912 0.3656 0.3768 0.3832 0.3547 0.3455 0.3933 0.3518 0.3921 0.3501 0.3841 0.4085 0.3689 0.4314 0.3380 0.4547 0.3704 0.3941 0.3140 0.3732 0.3860 0.4069 0.3980 0.3453 0.3783 0.3886 0.3628
0.4164 0.3489 0.3845 0.3427 1.0000 0.4622 0.4363 0.3927 0.3850 0.3965 0.4063 0.3726 0.3777 0.3989 0.4200 0.4457 0.4381 0.3615 0.4528 0.4002 0.4075 0.3991 0.3966 0.3778 0.3690 0.4706 0.4105 0.4008 0.3278 0.4629 0.4018 0.4496 0.3937 0.4200 0.3892 0.4327 0.4167 0.4196 0.3947 0.4066 0.3726 0.3154 0.3789 0.3936 0.3638 0.3922 0.4235 0.3594 0.4053 0.3857
0.4855 0.4389 0.4715 0.4023 0.4622 1.0000 0.3936 0.4070 0.4556 0.4353 0.4406 0.4210 0.4002 0.4415 0.5579 0.4403 0.4416 0.3528 0.4185 0.4510 0.4575 0.4148 0.4187 0.4067 0.3746 0.4968 0.4210 0.4438 0.4294 0.4979 0.4366 0.4272 0.4511 0.4568 0.4200 0.4348 0.4182 0.4189 0.4190 0.4630 0.4207 0.3211 0.3962 0.4101 0.3680 0.4918 0.4194 0.3631 0.4118 0.3745
0.4238 0.3760 0.3636 0.3488 0.4363 0.3936 1.0000 0.3735 0.4634 0.3468 0.4306 0.4429 0.4458 0.3889 0.3959 0.4048 0.3833 0.3937 0.4411 0.3786 0.3780 0.3839 0.3597 0.3710 0.3834 0.4157 0.3584 0.3720 0.3321 0.4142 0.3492 0.4145 0.4187 0.3813 0.4065 0.3884 0.3534 0.3420 0.3849 0.4277 0.3444 0.3025 0.4109 0.3640 0.3467 0.4502 0.3515 0.3588 0.4540 0.3976
0.4134 0.4107 0.4138 0.3584 0.3927 0.4070 0.3735 1.0000 0.4102 0.3997 0.4034 0.4327 0.3835 0.4675 0.4422 0.4085 0.3595 0.3653 0.4593 0.3897 0.4167 0.4351 0.4282 0.3581 0.3510 0.4181 0.3713 0.3423 0.4030 0.4113 0.4130 0.4911 0.4110 0.4356 0.3904 0.4289 0.3757 0.4587 0.3817 0.4021 0.4072 0.3326 0.4131 0.4803 0.3389 0.3949 0.3771 0.3601 0.3641 0.3914
0.3926 0.4091 0.4355 0.3846 0.3850 0.4556 0.4634 0.4102 1.0000 0.3753 0.4273 0.4714 0.4966 0.4495 0.4710 0.4194 0.3540 0.3998 0.4955 0.4059 0.4318 0.4679 0.3920 0.4022 0.3524 0.3992 0.3672 0.3642 0.3694 0.4658 0.4107 0.4143 0.3899 0.4154 0.4236 0.4360 0.3641 0.3726 0.4236 0.4279 0.3658 0.3123 0.4054 0.4226 0.3545 0.4457 0.3610 0.3521 0.4239 0.4383
0.4321 0.3790 0.4295 0.3781 0.3965 0.4353 0.3468 0.3997 0.3753 1.0000 0.3763 0.3978 0.4125 0.4145 0.4255 0.4888 0.4268 0.3569 0.3723 0.4707 0.4150 0.4360 0.4394 0.4103 0.3636 0.4420 0.3347 0.4003 0.3483 0.4357 0.4453 0.4318 0.3739 0.4149 0.4173 0.4466 0.3736 0.4405 0.4223 0.3900 0.3468 0.3393 0.4016 0.3872 0.3804 0.4445 0.4028 0.3743 0.3877 0.3479
0.4475 0.4069 0.4424 0.3692 0.4063 0.4406 0.4306 0.4034 0.4273 0.3763 1.0000 0.4381 0.4020 0.4216 0.4629 0.4083 0.4374 0.3963 0.4246 0.4212 0.4186 0.4019 0.4380 0.4142 0.4486 0.4675 0.3880 0.3923 0.4126 0.4738 0.3905 0.4074 0.4559 0.4250 0.4247 0.4014 0.3976 0.4325 0.4173 0.4878 0.3990 0.3144 0.4088 0.4287 0.3485 0.4669 0.3531 0.4068 0.4192 0.3571
0.4433 0.4253 0.4204 0.3706 0.3726 0.4210 0.4429 0.4327 0.4714 0.3978 0.4381 1.0000 0.4574 0.4469 0.4675 0.3754 0.3795 0.4273 0.4288 0.4010 0.3929 0.4128 0.4069 0.4054 0.3532 0.4058 0.4060 0.3577 0.3708 0.4582 0.3902 0.4498 0.4211 0.4270 0.3999 0.4257 0.4035 0.3837 0.3799 0.4699 0.3946 0.3120 0.4155 0.4664 0.3403 0.4283 0.3360 0.3654 0.3535 0.4112
0.4748 0.3902 0.3606 0.4056 0.3777 0.4002 0.4458 0.3835 0.4966 0.4125 0.4020 0.4574 1.0000 0.4585 0.4373 0.4477 0.4103 0.4164 0.3874 0.3913 0.3898 0.4304 0.3724 0.4055 0.3813 0.4240 0.3427 0.3801 0.3525 0.4497 0.3927 0.4299 0.3800 0.4298 0.4074 0.4472 0.3898 0.3731 0.4066 0.4524 0.3564 0.3430 0.4270 0.3883 0.3824 0.4692 0.3212 0.3617 0.4240 0.4172
0.4372 0.3903 0.3952 0.4365 0.3989 0.4415 0.3889 0.4675 0.4495 0.4145 0.4216 0.4469 0.4585 1.0000 0.4600 0.4536 0.4029 0.3856 0.4093 0.3907 0.4298 0.4839 0.4466 0.3894 0.3785 0.4230 0.3822 0.3726 0.3618 0.4384 0.4713 0.4788 0.3931 0.4518 0.4362 0.4402 0.4162 0.4262 0.4412 0.4387 0.4158 0.3718 0.4520 0.4696 0.3990 0.4437 0.3617 0.3420 0.3886 0.3816
0.4636 0.5011 0.5008 0.4016 0.4200 0.5579 0.3959 0.4422 0.4710 0.4255 0.4629 0.4675 0.4373 0.4600 1.0000 0.4652 0.4348 0.3843 0.4618 0.4593 0.4979 0.4505 0.4522 0.4258 0.4396 0.4818 0.4421 0.4122 0.4562 0.5039 0.4552 0.4494 0.4259 0.4996 0.4812 0.4753 0.4454 0.4388 0.4516 0.4690 0.4309 0.3550 0.4036 0.4531 0.3592 0.4777 0.3872 0.4013 0.4286 0.4355
0.4451 0.3766 0.4646 0.3844 0.4457 0.4403 0.4048 0.4085 0.4194 0.4888 0.4083 0.3754 0.4477 0.4536 0.4652 1.0000 0.4293 0.3750 0.3764 0.4528 0.4336 0.4364 0.4358 0.3631 0.4149 0.5149 0.3600 0.4156 0.3692 0.4352 0.4596 0.4696 0.4220 0.4435 0.4253 0.4997 0.3854 0.4737 0.4551 0.4299 0.3468 0.3458 0.4615 0.4027 0.4393 0.4527 0.3836 0.3766 0.4324 0.3770
0.4278 0.3766 0.3861 0.3548 0.4381 0.4416 0.3833 0.3595 0.3540 0.4268 0.4374 0.3795 0.4103 0.4029 0.4348 0.4293 1.0000 0.4038 0.4106 0.4290 0.4535 0.4192 0.4018 0.4058 0.4155 0.4540 0.3419 0.4587 0.3924 0.4589 0.3994 0.4319 0.3918 0.4072 0.4560 0.4310 0.3894 0.4504 0.4289 0.4164 0.3875 0.3613 0.3895 0.4085 0.3813 0.4987 0.3502 0.4346 0.4197 0.3784
0.3897 0.4208 0.3532 0.3407 0.3615 0.3528 0.3937 0.3653 0.3998 0.3569 0.3963 0.4273 0.4164 0.3856 0.3843 0.3750 0.4038 1.0000 0.3682 0.3611 0.3937 0.3934 0.3821 0.3545 0.4015 0.3757 0.3523 0.3775 0.3330 0.4108 0.3696 0.3786 0.3642 0.3725 0.3980 0.3639 0.3794 0.3617 0.3834 0.3603 0.3318 0.2937 0.3399 0.3833 0.3558 0.3921 0.3368 0.3778 0.3869 0.3664
0.3579 0.3934 0.4238 0.3708 0.4528 0.4185 0.4411 0.4593 0.4955 0.3723 0.4246 0.4288 0.3874 0.4093 0.4618 0.3764 0.4106 0.3682 1.0000 0.3895 0.4216 0.4197 0.4053 0.3930 0.3750 0.3947 0.3691 0.3663 0.3729 0.4394 0.3574 0.4502 0.3967 0.4273 0.4129 0.3825 0.3668 0.4288 0.4286 0.3795 0.4154 0.3170 0.4291 0.4602 0.3219 0.4276 0.3657 0.4096 0.4029 0.4275
0.3993 0.4588 0.4975 0.3799 0.4002 0.4510 0.3786 0.3897 0.4059 0.4707 0.4212 0.4010 0.3913 0.3907 0.4593 0.4528 0.4290 0.3611 0.3895 1.0000 0.4446 0.4175 0.5201 0.4216 0.3916 0.4672 0.4188 0.4436 0.4042 0.4804 0.4193 0.4503 0.4038 0.4242 0.4057 0.4600 0.4063 0.4502 0.4551 0.4255 0.3697 0.3169 0.4137 0.3981 0.3608 0.4602 0.4322 0.4035 0.4162 0.3643
0.3997 0.4140 0.4390 0.4432 0.4075 0.4575 0.3780 0.4167 0.4318 0.4150 0.4186 0.3929 0.3898 0.4298 0.4979 0.4336 0.4535 0.3937 0.4216 0.4446 1.0000 0.4572 0.3999 0.4154 0.4340 0.4310 0.3928 0.3940 0.3800 0.4502 0.4009 0.4420 0.3995 0.4079 0.5242 0.4378 0.4096 0.4167 0.4800 0.4060 0.4435 0.3265 0.4062 0.5028 0.4152 0.4803 0.4262 0.4375 0.4080 0.4089
0.4217 0.3971 0.4233 0.4086 0.3991 0.4148 0.3839 0.4351 0.4679 0.4360 0.4019 0.4128 0.4304 0.4839 0.4505 0.4364 0.4192 0.3934 0.4197 0.4175 0.4572 1.0000 0.4416 0.4657 0.3975 0.3924 0.3541 0.3760 0.3843 0.4459 0.4200 0.4400 0.3821 0.4279 0.4738 0.4670 0.3872 0.4179 0.4259 0.4587 0.4176 0.3487 0.4093 0.4838 0.3672 0.4791 0.3636 0.3733 0.4217 0.4059
0.4227 0.4312 0.4838 0.3554 0.3966 0.4187 0.3597 0.4282 0.3920 0.4394 0.4380 0.4069 0.3724 0.4466 0.4522 0.4358 0.4018 0.3821 0.4053 0.5201 0.3999 0.4416 1.0000 0.4178 0.3704 0.4578 0.3641 0.3940 0.3917 0.4752 0.4494 0.4671 0.4459 0.4360 0.4217 0.4198 0.4190 0.4247 0.4248 0.4481 0.3455 0.3042 0.3873 0.3916 0.3330 0.4241 0.3579 0.3692 0.4287 0.3348
0.3988 0.4180 0.3968 0.3912 0.3778 0.4067 0.3710 0.3581 0.4022 0.4103 0.4142 0.4054 0.4055 0.3894 0.4258 0.3631 0.4058 0.3545 0.3930 0.4216 0.4154 0.4657 0.4178 1.0000 0.4255 0.3954 0.3501 0.4457 0.4071 0.4878 0.3779 0.4194 0.3573 0.3872 0.4472 0.4500 0.4210 0.3878 0.4451 0.3984 0.4591 0.3622 0.4078 0.4096 0.3619 0.4629 0.3171 0.3738 0.3836 0.3478
0.3880 0.3873 0.3771 0.3656 0.3690 0.3746 0.3834 0.3510 0.3524 0.3636 0.4486 0.3532 0.3813 0.3785 0.4396 0.4149 0.4155 0.4015 0.3750 0.3916 0.4340 0.3975 0.3704 0.4255 1.0000 0.4310 0.3592 0.4142 0.4020 0.4074 0.3795 0.4068 0.3936 0.4098 0.4341 0.4366 0.4375 0.3872 0.4460 0.4057 0.3968 0.3389 0.3852 0.3948 0.3879 0.4786 0.3719 0.3942 0.3827 0.4033
0.4978 0.4297 0.4613 0.3768 0.4706 0.4968 0.4157 0.4181 0.3992 0.4420 0.4675 0.4058 0.4240 0.4230 0.4818 0.5149 0.4540 0.3757 0.3947 0.4672 0.4310 0.3924 0.4578 0.3954 0.4310 1.0000 0.4169 0.4275 0.4350 0.4707 0.4576 0.4613 0.5378 0.4497 0.4222 0.4988 0.4465 0.4363 0.4585 0.4510 0.3846 0.3531 0.4177 0.4130 0.4428 0.4936 0.4305 0.3922 0.4189 0.3840
0.4071 0.4057 0.4183 0.3832 0.4105 0.4210 0.3584 0.3713 0.3672 0.3347 0.3880 0.4060 0.3427 0.3822 0.4421 0.3600 0.3419 0.3523 0.3691 0.4188 0.3928 0.3541 0.3641 0.3501 0.3592 0.4169 1.0000 0.3434 0.3799 0.4236 0.3921 0.4285 0.4014 0.3819 0.3741 0.3803 0.5020 0.3730 0.3538 0.3706 0.3886 0.2812 0.3589 0.3868 0.3351 0.3967 0.4151 0.3406 0.3726 0.4019
0.3866 0.3858 0.4224 0.3547 0.4008 0.4438 0.3720 0.3423 0.3642 0.4003 0.3923 0.3577 0.3801 0.3726 0.4122 0.4156 0.4587 0.3775 0.3663 0.4436 0.3940 0.3760 0.3940 0.4457 0.4142 0.4275 0.3434 1.0000 0.3896 0.5271 0.3980 0.4081 0.3764 0.4506 0.3989 0.4252 0.3775 0.4264 0.4428 0.3828 0.3424 0.3294 0.4039 0.3574 0.3678 0.4792 0.3741 0.3453 0.4037 0.3183
0.4136 0.4106 0.3955 0.3455 0.3278 0.4294 0.3321 0.4030 0.3694 0.3483 0.4126 0.3708 0.3525 0.3618 0.4562 0.3692 0.3924 0.3330 0.3729 0.4042 0.3800 0.3843 0.3917 0.4071 0.4020 0.4350 0.3799 0.3896 1.0000 0.4144 0.3862 0.3949 0.4328 0.3766 0.3799 0.4064 0.3644 0.3958 0.3550 0.3947 0.4496 0.3151 0.3553 0.3812 0.3536 0.4418 0.3674 0.3671 0.3787 0.4062
0.4660 0.4545 0.4686 0.3933 0.4629 0.4979 0.4142 0.4113 0.4658 0.4357 0.4738 0.4582 0.4497 0.4384 0.5039 0.4352 0.4589 0.4108 0.4394 0.4804 0.4502 0.4459 0.4752 0.4878 0.4074 0.4707 0.4236 0.5271 0.4144 1.0000 0.4608 0.4886 0.4148 0.5152 0.4924 0.4705 0.4371 0.4562 0.4808 0.4746 0.3672 0.3255 0.4223 0.4078 0.3979 0.5239 0.3641 0.3942 0.4344 0.3907
0.4256 0.4356 0.4236 0.3518 0.4018 0.4366 0.3492 0.4130 0.4107 0.4453 0.3905 0.3902 0.3927 0.4713 0.4552 0.4596 0.3994 0.3696 0.3574 0.4193 0.4009 0.4200 0.4494 0.3779 0.3795 0.4576 0.3921 0.3980 0.3862 0.4608 1.0000 0.4402 0.3999 0.4688 0.4285 0.4418 0.4040 0.3911 0.4079 0.3954 0.3312 0.3113 0.4108 0.3764 0.3768 0.4579 0.3757 0.3364 0.3944 0.3801
0.4155 0.4125 0.4468 0.3921 0.4496 0.4272 0.4145 0.4911 0.4143 0.4318 0.4074 0.4498 0.4299 0.4788 0.4494 0.4696 0.4319 0.3786 0.4502 0.4503 0.4420 0.4400 0.4671 0.4194 0.4068 0.4613 0.4285 0.4081 0.3949 0.4886 0.4402 1.0000 0.4532 0.4676 0.4467 0.4701 0.4902 0.4896 0.4481 0.4410 0.4070 0.3405 0.4471 0.4539 0.4264 0.4705 0.3539 0.3775 0.4189 0.4173
0.4799 0.4213 0.4614 0.3501 0.3937 0.4511 0.4187 0.4110 0.3899 0.3739 0.4559 0.4211 0.3800 0.3931 0.4259 0.4220 0.3918 0.3642 0.3967 0.4038 0.3995 0.3821 0.4459 0.3573 0.3936 0.5378 0.4014 0.3764 0.4328 0.4148 0.3999 0.4532 1.0000 0.4156 0.3968 0.4167 0.3932 0.3768 0.3838 0.4697 0.3858 0.3085 0.3902 0.4134 0.3483 0.4641 0.3865 0.3516 0.4110 0.3583
0.4457 0.4265 0.4338 0.3841 0.4200 0.4568 0.3813 0.4356 0.4154 0.4149 0.4250 0.4270 0.4298 0.4518 0.4996 0.4435 0.4072 0.3725 0.4273 0.4242 0.4079 0.4279 0.4360 0.3872 0.4098 0.4497 0.3819 0.4506 0.3766 0.5152 0.4688 0.4676 0.4156 1.0000 0.4185 0.4816 0.4113 0.4571 0.4288 0.4535 0.3535 0.3362 0.4258 0.4609 0.3793 0.4973 0.3660 0.3570 0.3835 0.3982
0.4017 0.4035 0.4209 0.4085 0.3892 0.4200 0.4065 0.3904 0.4236 0.4173 0.4247 0.3999 0.4074 0.4362 0.4812 0.4253 0.4560 0.3980 0.4129 0.4057 0.5242 0.4738 0.4217 0.4472 0.4341 0.4222 0.3741 0.3989 0.3799 0.4924 0.4285 0.4467 0.3968 0.4185 1.0000 0.4313 0.3938 0.3993 0.4569 0.4254 0.3882 0.3175 0.3951 0.4316 0.3926 0.4684 0.3606 0.4258 0.4182 0.3935
0.4238 0.4248 0.4345 0.3689 0.4327 0.4348 0.3884 0.4289 0.4360 0.4466 0.4014 0.4257 0.4472 0.4402 0.4753 0.4997 0.4310 0.3639 0.3825 0.4600 0.4378 0.4670 0.4198 0.4500 0.4366 0.4988 0.3803 0.4252 0.4064 0.4705 0.4418 0.4701 0.4167 0.4816 0.4313 1.0000 0.4299 0.4912 0.4254 0.5026 0.4198 0.3543 0.4193 0.4704 0.4095 0.4715 0.3761 0.4078 0.4132 0.4324
0.4019 0.4221 0.4213 0.4314 0.4167 0.4182 0.3534 0.3757 0.3641 0.3736 0.3976 0.4035 0.3898 0.4162 0.4454 0.3854 0.3894 0.3794 0.3668 0.4063 0.4096 0.3872 0.4190 0.4210 0.4375 0.4465 0.5020 0.3775 0.3644 0.4371 0.4040 0.4902 0.3932 0.4113 0.3938 0.4299 1.0000 0.4133 0.4112 0.4135 0.3763 0.3151 0.3592 0.3906 0.3735 0.4379 0.3591 0.3585 0.3878 0.3708
0.3730 0.3770 0.4242 0.3380 0.4196 0.4189 0.3420 0.4587 0.3726 0.4405 0.4325 0.3837 0.3731 0.4262 0.4388 0.4737 0.4504 0.3617 0.4288 0.4502 0.4167 0.4179 0.4247 0.3878 0.3872 0.4363 0.3730 0.4264 0.3958 0.4562 0.3911 0.4896 0.3768 0.4571 0.3993 0.4912 0.4133 1.0000 0.4258 0.4010 0.3963 0.3539 0.4282 0.4535 0.3635 0.4223 0.3828 0.4537 0.3725 0.3679
0.3970 0.4121 0.4169 0.4547 0.3947 0.4190 0.3849 0.3817 0.4236 0.4223 0.4173 0.3799 0.4066 0.4412 0.4516 0.4551 0.4289 0.3834 0.4286 0.4551 0.4800 0.4259 0.4248 0.4451 0.4460 0.4585 0.3538 0.4428 0.3550 0.4808 0.4079 0.4481 0.3838 0.4288 0.4569 0.4254 0.4112 0.4258 1.0000 0.3676 0.3582 0.3319 0.4079 0.3779 0.4136 0.4587 0.3452 0.4144 0.3963 0.3215
0.4505 0.4084 0.4407 0.3704 0.4066 0.4630 0.4277 0.4021 0.4279 0.3900 0.4878 0.4699 0.4524 0.4387 0.4690 0.4299 0.4164 0.3603 0.3795 0.4255 0.4060 0.4587 0.4481 0.3984 0.4057 0.4510 0.3706 0.3828 0.3947 0.4746 0.3954 0.4410 0.4697 0.4535 0.4254 0.5026 0.4135 0.4010 0.3676 1.0000 0.4096 0.3167 0.3908 0.4590 0.3561 0.4512 0.3429 0.3646 0.4400 0.4178
0.3914 0.4009 0.3608 0.3941 0.3726 0.4207 0.3444 0.4072 0.3658 0.3468 0.3990 0.3946 0.3564 0.4158 0.4309 0.3468 0.3875 0.3318 0.4154 0.3697 0.4435 0.4176 0.3455 0.4591 0.3968 0.3846 0.3886 0.3424 0.4496 0.3672 0.3312 0.4070 0.3858 0.3535 0.3882 0.4198 0.3763 0.3963 0.3582 0.4096 1.0000 0.3517 0.3595 0.4724 0.3341 0.4070 0.3558 0.4003 0.3625 0.3908
0.3414 0.3277 0.3025 0.3140 0.3154 0.3211 0.3025 0.3326 0.3123 0.3393 0.3144 0.3120 0.3430 0.3718 0.3550 0.3458 0.3613 0.2937 0.3170 0.3169 0.3265 0.3487 0.3042 0.3622 0.3389 0.3531 0.2812 0.3294 0.3151 0.3255 0.3113 0.3405 0.3085 0.3362 0.3175 0.3543 0.3151 0.3539 0.3319 0.3167 0.3517 1.0000 0.3492 0.3634 0.2997 0.3985 0.2869 0.3321 0.3120 0.3005
0.3986 0.3650 0.3770 0.3732 0.3789 0.3962 0.4109 0.4131 0.4054 0.4016 0.4088 0.4155 0.4270 0.4520 0.4036 0.4615 0.3895 0.3399 0.4291 0.4137 0.4062 0.4093 0.3873 0.4078 0.3852 0.4177 0.3589 0.4039 0.3553 0.4223 0.4108 0.4471 0.3902 0.4258 0.3951 0.4193 0.3592 0.4282 0.4079 0.3908 0.3595 0.3492 1.0000 0.4469 0.4159 0.4815 0.3635 0.3712 0.3787 0.3730
0.3999 0.3936 0.4281 0.3860 0.3936 0.4101 0.3640 0.4803 0.4226 0.3872 0.4287 0.4664 0.3883 0.4696 0.4531 0.4027 0.4085 0.3833 0.4602 0.3981 0.5028 0.4838 0.3916 0.4096 0.3948 0.4130 0.3868 0.3574 0.3812 0.4078 0.3764 0.4539 0.4134 0.4609 0.4316 0.4704 0.3906 0.4535 0.3779 0.4590 0.4724 0.3634 0.4469 1.0000 0.3591 0.4542 0.4057 0.3973 0.3666 0.4366
0.3578 0.3152 0.3302 0.4069 0.3638 0.3680 0.3467 0.3389 0.3545 0.3804 0.3485 0.3403 0.3824 0.3990 0.3592 0.4393 0.3813 0.3558 0.3219 0.3608 0.4152 0.3672 0.3330 0.3619 0.3879 0.4428 0.3351 0.3678 0.3536 0.3979 0.3768 0.4264 0.3483 0.3793 0.3926 0.4095 0.3735 0.3635 0.4136 0.3561 0.3341 0.2997 0.4159 0.3591 1.0000 0.4397 0.3424 0.3643 0.3782 0.3671
0.4985 0.4602 0.4620 0.3980 0.3922 0.4918 0.4502 0.3949 0.4457 0.4445 0.4669 0.4283 0.4692 0.4437 0.4777 0.4527 0.4987 0.3921 0.4276 0.4602 0.4803 0.4791 0.4241 0.4629 0.4786 0.4936 0.3967 0.4792 0.4418 0.5239 0.4579 0.4705 0.4641 0.4973 0.4684 0.4715 0.4379 0.4223 0.4587 0.4512 0.4070 0.3985 0.4815 0.4542 0.4397 1.0000 0.3971 0.4255 0.4664 0.4053
0.3633 0.3757 0.3874 0.3453 0.4235 0.4194 0.3515 0.3771 0.3610 0.4028 0.3531 0.3360 0.3212 0.3617 0.3872 0.3836 0.3502 0.3368 0.3657 0.4322 0.4262 0.3636 0.3579 0.3171 0.3719 0.4305 0.4151 0.3741 0.3674 0.3641 0.3757 0.3539 0.3865 0.3660 0.3606 0.3761 0.3591 0.3828 0.3452 0.3429 0.3558 0.2869 0.3635 0.4057 0.3424 0.3971 1.0000 0.3744 0.3708 0.3670
0.3513 0.3863 0.3451 0.3783 0.3594 0.3631 0.3588 0.3601 0.3521 0.3743 0.4068 0.3654 0.3617 0.3420 0.4013 0.3766 0.4346 0.3778 0.4096 0.4035 0.4375 0.3733 0.3692 0.3738 0.3942 0.3922 0.3406 0.3453 0.3671 0.3942 0.3364 0.3775 0.3516 0.3570 0.4258 0.4078 0.3585 0.4537 0.4144 0.3646 0.4003 0.3321 0.3712 0.3973 0.3643 0.4255 0.3744 1.0000 0.4333 0.3920
0.4512 0.4217 0.4693 0.3886 0.4053 0.4118 0.4540 0.3641 0.4239 0.3877 0.4192 0.3535 0.4240 0.3886 0.4286 0.4324 0.4197 0.3869 0.4029 0.4162 0.4080 0.4217 0.4287 0.3836 0.3827 0.4189 0.3726 0.4037 0.3787 0.4344 0.3944 0.4189 0.4110 0.3835 0.4182 0.4132 0.3878 0.3725 0.3963 0.4400 0.3625 0.3120 0.3787 0.3666 0.3782 0.4664 0.3708 0.4333 1.0000 0.4193
0.3980 0.3767 0.3522 0.3628 0.3857 0.3745 0.3976 0.3914 0.4383 0.3479 0.3571 0.4112 0.4172 0.3816 0.4355 0.3770 0.3784 0.3664 0.4275 0.3643 0.4089 0.4059 0.3348 0.3478 0.4033 0.3840 0.4019 0.3183 0.4062 0.3907 0.3801 0.4173 0.3583 0.3982 0.3935 0.4324 0.3708 0.3679 0.3215 0.4178 0.3908 0.3005 0.3730 0.4366 0.3671 0.4053 0.3670 0.3920 0.4193 1.0000
