1.052327	-0.015436	-0.003724	0.008325	0.006866	0.005916	-0.014972	-0.028219	-0.015014	-0.012531	-0.019064	-0.031203	-0.008238	-0.014811	-0.001834	-0.006603	0.003525	-0.016864	0.003883	-0.005240	-0.024880	-0.012565	-0.020713	-0.009962	-0.001099	-0.013549	0.019976	-0.000656	-0.021074	-0.027668	0.025529	-0.017682	-0.005469	-0.006949	-0.023018	-0.010729	-0.011302	-0.003460	-0.032589	-0.020086	0.024641	-0.013491	-0.028046	-0.031757	-0.032597	-0.012722	-0.012835	-0.024213	-0.005523	-0.031574	-0.015572	-0.008261	-0.027884	-0.012286	-0.038168	-0.011337	-0.002510	-0.017999	-0.010917	-0.015002	-0.016115	-0.006572	-0.004891	0.019133	-0.011191	-0.008292	-0.010398	-0.000043	-0.028807	-0.016045	-0.025024	-0.006664	-0.021390	-0.016672	-0.022607	0.007582	-0.004385	-0.010840	-0.018542	-0.002469	-0.010885	-0.024974	-0.015332	-0.019100	-0.018896	-0.016738	-0.013266	-0.005911	-0.015297	0.008647	-0.015256	
-0.015436	0.963674	-0.013204	-0.016919	-0.018284	-0.021841	-0.043673	0.005277	-0.024346	-0.005180	-0.018719	-0.017391	-0.013160	-0.035908	-0.010221	-0.007018	-0.001036	-0.004740	-0.010436	-0.009119	-0.011379	0.006772	0.004236	-0.041209	-0.030248	-0.024576	-0.014579	-0.013013	-0.009077	0.001187	-0.034182	-0.020125	-0.003932	-0.022958	-0.001089	-0.017925	-0.002518	-0.013541	-0.000229	-0.028797	-0.051086	-0.026559	-0.016900	-0.022133	-0.005823	-0.011953	-0.026677	0.006201	-0.001731	-0.019615	0.011532	-0.024329	-0.025511	0.002835	-0.003627	-0.002862	0.002655	0.008195	-0.030971	-0.004863	0.011118	-0.020775	0.011475	-0.047830	-0.034970	-0.009325	-0.008189	-0.000148	0.005073	0.006913	-0.020829	0.018567	-0.005146	-0.001629	-0.006209	-0.013035	-0.011088	0.003668	-0.006522	-0.028450	-0.020274	-0.023638	-0.014680	-0.012462	-0.000439	0.015090	0.013030	-0.002530	-0.021454	-0.007064	-0.004094	
-0.003724	-0.013204	1.031451	-0.004364	-0.019904	-0.009711	0.004944	-0.013644	0.001684	0.006718	-0.025259	-0.019608	0.001294	-0.001400	-0.016593	-0.012334	-0.020652	-0.004584	-0.005577	-0.009138	-0.012362	-0.022521	-0.031626	-0.029386	-0.017011	-0.009171	-0.011756	-0.030750	0.002050	-0.013912	-0.035579	-0.015396	-0.014416	-0.001398	-0.016183	-0.006050	-0.008995	-0.013928	0.009752	-0.019671	-0.028329	0.012510	-0.011543	-0.002989	-0.020083	-0.009748	-0.000029	-0.006161	-0.010821	-0.021825	0.001037	-0.009246	-0.022521	-0.041213	-0.007618	-0.004836	-0.010150	-0.027601	-0.010806	-0.005027	-0.009043	-0.012215	0.000784	-0.022826	0.003016	-0.023734	-0.028961	-0.014313	0.010274	-0.026163	0.002108	-0.013498	-0.010108	0.005358	-0.019834	-0.024048	-0.025966	0.003655	-0.022396	0.002182	-0.033523	-0.031228	-0.027083	-0.021359	-0.010202	-0.003210	-0.006919	-0.004303	-0.000882	-0.013148	-0.008397	
0.008325	-0.016919	-0.004364	0.970669	-0.005511	-0.027731	-0.027707	0.011832	-0.019535	0.013011	-0.032596	-0.048593	-0.006490	-0.010426	-0.012106	0.005452	-0.009149	-0.013223	-0.009198	0.001311	-0.019203	-0.010376	-0.008596	-0.014104	-0.001508	0.002046	-0.020497	-0.013599	-0.016973	-0.011630	-0.032682	0.000657	0.008933	-0.009873	-0.006190	-0.018244	-0.016375	-0.014334	-0.015176	-0.008501	-0.036667	0.001323	-0.018645	-0.016228	-0.007082	-0.015930	-0.004680	-0.022913	-0.017104	-0.009083	-0.007510	-0.009695	-0.017411	-0.010828	-0.002420	-0.012229	0.013984	-0.018337	-0.010632	0.001391	-0.007312	-0.022388	-0.006582	-0.051731	0.016338	-0.025059	-0.006433	-0.016697	0.014464	-0.025703	-0.009430	-0.016869	0.009537	-0.009512	-0.012354	-0.017504	-0.005788	-0.018703	-0.006219	0.010654	-0.027998	-0.018604	-0.022950	-0.015048	-0.031885	-0.005706	-0.003375	-0.023220	-0.017274	-0.007544	-0.006513	
0.006866	-0.018284	-0.019904	-0.005511	0.954313	0.442787	0.258016	-0.012209	-0.018072	-0.018121	-0.015584	-0.018750	-0.017771	-0.027081	-0.023632	-0.010283	-0.032768	-0.020285	-0.001738	-0.024930	-0.019377	-0.014593	-0.004180	-0.018974	-0.021070	-0.019237	-0.017173	-0.002856	-0.025286	-0.027727	-0.053727	-0.010034	-0.022969	-0.003925	-0.030807	-0.009912	-0.027499	0.004117	-0.024169	-0.021471	-0.037845	-0.026244	-0.032578	-0.029297	0.001708	-0.030419	-0.025122	-0.020513	0.000003	-0.032052	-0.017990	-0.001126	-0.032768	-0.016136	-0.023137	-0.033663	-0.014564	-0.022644	-0.006778	-0.005994	-0.010782	-0.014327	-0.015963	-0.028697	-0.022332	-0.017639	-0.018266	-0.017292	-0.022727	-0.005203	-0.009312	0.001752	-0.029498	-0.025940	-0.012567	0.005978	-0.007899	-0.020185	-0.010789	-0.028178	-0.028270	-0.026243	-0.035543	-0.019408	-0.008647	-0.024526	-0.025644	-0.033725	-0.022649	-0.006051	-0.016945	
0.005916	-0.021841	-0.009711	-0.027731	0.442787	0.972758	0.293729	-0.020234	-0.012683	-0.021946	-0.014963	-0.008786	-0.014163	-0.014663	-0.012806	-0.005724	-0.014593	-0.009544	-0.011032	-0.018629	-0.023459	-0.021347	-0.005529	-0.038612	-0.009688	-0.013433	-0.013662	-0.017637	-0.035145	-0.035481	-0.059690	-0.017203	-0.023032	-0.001127	-0.020766	-0.018817	-0.024157	-0.001333	-0.024026	-0.033928	-0.021210	-0.031777	-0.029408	-0.024501	-0.004737	-0.019418	-0.032858	-0.022061	-0.011328	-0.017945	-0.013723	-0.002421	-0.030294	-0.025332	-0.018125	-0.031418	-0.018473	-0.011554	-0.000612	-0.014962	-0.006049	-0.021979	-0.021782	-0.016613	-0.009400	-0.018963	-0.016116	-0.021682	-0.025384	-0.013244	-0.017120	-0.006480	-0.035117	-0.022825	-0.017198	-0.014335	-0.013613	-0.021315	0.000006	-0.039938	-0.025818	-0.024453	-0.029698	-0.018639	-0.020111	-0.035915	-0.021239	-0.040376	-0.015980	-0.004483	-0.022120	
-0.014972	-0.043673	0.004944	-0.027707	0.258016	0.293729	1.129665	-0.028670	-0.032270	-0.029211	-0.046430	-0.037152	-0.028521	-0.030459	-0.030117	-0.015001	-0.033516	-0.018928	-0.021226	-0.007572	-0.030287	-0.025434	-0.013959	-0.004499	-0.036491	-0.039062	-0.016553	-0.021167	-0.023081	-0.029342	0.100830	-0.032900	-0.041168	-0.016527	-0.041592	-0.041355	-0.030045	-0.015248	-0.029263	-0.045436	0.194763	0.012316	-0.001994	-0.008018	-0.022836	-0.014355	-0.048797	-0.023237	-0.007327	-0.036071	-0.019023	-0.003019	-0.032636	-0.030249	-0.033016	-0.034071	-0.021027	-0.024468	-0.020408	0.022106	-0.011488	-0.030407	-0.027402	0.191294	-0.025312	-0.046938	-0.040512	-0.032758	-0.032587	-0.033758	-0.022965	-0.027225	-0.032139	-0.028358	-0.025694	-0.028074	-0.003559	-0.033426	-0.034355	-0.036317	-0.014936	-0.005791	-0.007159	-0.023339	-0.028506	-0.028639	-0.028293	-0.039278	-0.024316	-0.018113	-0.022576	
-0.028219	0.005277	-0.013644	0.011832	-0.012209	-0.020234	-0.028670	0.985995	-0.007626	-0.001175	0.030177	0.009687	0.012912	-0.010576	0.005389	-0.015907	0.002949	-0.010508	-0.023266	-0.023669	-0.018840	-0.006720	-0.017378	-0.005770	0.003962	0.002598	-0.014061	0.011491	-0.014215	-0.000111	-0.029670	-0.001313	-0.020987	-0.001098	-0.019486	-0.023176	-0.032926	-0.032964	-0.005848	-0.023151	-0.039881	-0.008881	-0.017020	-0.005698	-0.013291	-0.010817	-0.025180	-0.013552	-0.023648	-0.023253	-0.006312	-0.004439	-0.016587	-0.006451	-0.007517	-0.036480	-0.010030	-0.014131	-0.000318	-0.028951	-0.006394	-0.006671	-0.017119	-0.045664	-0.014382	0.006465	-0.004329	-0.006833	-0.014745	-0.020694	0.004651	-0.002241	-0.012168	-0.015214	-0.000505	-0.012638	-0.021872	-0.024138	-0.009024	0.008002	-0.014173	-0.016003	0.001857	-0.016338	0.000443	-0.009738	-0.028895	-0.018291	-0.020764	-0.009481	-0.021475	
-0.015014	-0.024346	0.001684	-0.019535	-0.018072	-0.012683	-0.032270	-0.007626	0.989371	-0.022129	-0.002825	-0.004881	-0.010437	-0.025055	-0.011429	-0.009885	-0.002806	0.011847	-0.004501	-0.011557	0.106643	-0.020344	-0.021155	-0.010255	-0.006043	-0.009685	-0.010225	-0.015576	-0.023308	-0.020971	-0.037831	-0.005145	-0.019542	-0.016889	-0.014930	-0.023725	-0.014297	-0.007728	-0.026883	-0.008249	-0.054036	-0.014532	-0.006305	-0.005808	-0.037581	-0.016914	-0.022275	-0.017144	-0.025962	-0.016676	-0.002149	0.000196	0.101232	-0.022019	-0.018557	-0.014450	-0.013017	-0.009401	-0.013020	-0.005068	-0.007102	0.004439	-0.021559	-0.051270	-0.019434	-0.032212	0.004650	-0.001662	-0.005659	-0.006266	-0.013129	-0.004440	-0.003069	-0.019382	-0.015090	-0.020867	-0.000237	-0.001939	-0.014836	-0.001767	-0.031919	-0.021982	-0.021560	-0.007419	-0.025207	0.005852	-0.011835	-0.021377	-0.019353	-0.000476	-0.034508	
-0.012531	-0.005180	0.006718	0.013011	-0.018121	-0.021946	-0.029211	-0.001175	-0.022129	0.975949	-0.026538	-0.023273	0.003524	0.012751	-0.005350	-0.007224	-0.004340	0.001608	-0.022638	0.000790	-0.031742	-0.024745	0.010565	-0.012985	-0.011919	-0.007216	-0.013246	-0.008256	0.000299	-0.011703	-0.041843	0.004376	0.008415	-0.002555	-0.011044	-0.011969	-0.013281	-0.019027	-0.014708	-0.012947	-0.032048	-0.038830	-0.021333	-0.036576	-0.002623	-0.018779	-0.021619	-0.023039	-0.008227	-0.011452	-0.028719	-0.021820	-0.025949	-0.024778	0.010209	-0.015049	0.007648	-0.016412	-0.000536	0.003962	0.015055	-0.016591	-0.007537	-0.043481	-0.018377	-0.029139	-0.016319	-0.017035	-0.019207	-0.026899	-0.014414	-0.000931	0.006220	-0.012399	0.017169	-0.006897	-0.009761	0.001925	-0.000786	-0.008317	-0.024567	-0.024077	-0.029410	-0.010198	-0.010599	-0.017318	-0.013848	0.010701	-0.004013	0.001711	-0.003736	
-0.019064	-0.018719	-0.025259	-0.032596	-0.015584	-0.014963	-0.046430	0.030177	-0.002825	-0.026538	0.977909	0.431840	-0.013973	-0.012787	0.001006	-0.019426	-0.022334	-0.010292	-0.001678	-0.009647	-0.020471	-0.013111	-0.018648	-0.006002	-0.017943	-0.022332	-0.026234	-0.023415	-0.005493	-0.007582	-0.036113	-0.016524	-0.010107	-0.016600	-0.015638	-0.019068	-0.025122	-0.012122	-0.020735	-0.013273	-0.049749	-0.036547	-0.029119	-0.042403	-0.031520	-0.022739	-0.009794	-0.007516	-0.028887	-0.002385	-0.023566	-0.025823	-0.016855	0.000470	-0.004135	-0.002196	-0.017749	-0.024648	-0.013074	-0.028062	-0.030886	-0.011490	-0.014445	-0.038902	-0.010957	-0.017724	-0.009142	-0.026918	-0.021438	-0.002732	-0.018964	-0.000017	-0.003072	-0.010591	-0.024334	-0.003986	-0.008990	-0.016353	-0.019277	-0.025818	-0.027428	-0.025909	-0.020841	0.002529	-0.015278	-0.014556	-0.017539	0.011105	-0.004082	-0.020974	-0.020419	
-0.031203	-0.017391	-0.019608	-0.048593	-0.018750	-0.008786	-0.037152	0.009687	-0.004881	-0.023273	0.431840	0.951287	-0.017174	-0.015515	-0.022617	-0.027782	-0.022284	-0.019720	-0.009923	-0.014530	-0.013252	-0.005382	-0.005583	-0.003454	-0.026625	-0.021800	-0.028991	-0.023110	0.004521	-0.013779	-0.047425	-0.024273	-0.019297	-0.014900	-0.016435	-0.024700	-0.037040	-0.014570	-0.023973	-0.002567	-0.057797	-0.024009	-0.028333	-0.028735	-0.016434	-0.027622	-0.015642	-0.014729	-0.028762	-0.008873	-0.020298	-0.015712	-0.007709	-0.000745	-0.012425	-0.012297	-0.014344	-0.013186	-0.020764	-0.014988	-0.010006	-0.009527	-0.008796	-0.058035	0.002712	-0.012328	-0.006836	-0.008364	-0.005124	-0.009567	0.009994	-0.005545	-0.006377	-0.018794	-0.022803	-0.008371	-0.007562	-0.018614	0.003027	-0.033538	-0.021622	-0.020334	-0.014640	-0.007279	-0.028242	-0.010911	-0.007889	0.009356	-0.007982	-0.009285	-0.022313	
-0.008238	-0.013160	0.001294	-0.006490	-0.017771	-0.014163	-0.028521	0.012912	-0.010437	0.003524	-0.013973	-0.017174	0.954872	0.173189	-0.003863	-0.019586	-0.021293	-0.023441	-0.016878	0.003138	-0.016265	0.002479	-0.013890	0.006263	-0.020168	-0.031290	-0.023181	-0.000715	-0.007203	-0.017532	-0.043163	-0.019609	-0.006919	-0.018167	-0.015568	-0.019433	-0.009918	0.013958	-0.015796	-0.028317	-0.061461	-0.031587	-0.031390	-0.036585	-0.007231	-0.008584	-0.017394	-0.012121	0.012961	-0.029418	-0.001074	-0.002515	-0.004913	-0.010336	-0.016474	-0.011170	0.002889	-0.009444	-0.018702	-0.005503	-0.006817	0.002808	-0.006954	-0.063697	-0.002863	-0.006415	-0.013462	0.003310	-0.009257	-0.024555	-0.005118	-0.014045	-0.011540	-0.017266	0.006362	-0.012476	-0.013110	-0.030249	-0.016739	-0.018384	-0.031041	-0.024169	-0.036775	-0.015865	-0.009182	0.000003	-0.006588	-0.015936	-0.005406	-0.017549	-0.007019	
-0.014811	-0.035908	-0.001400	-0.010426	-0.027081	-0.014663	-0.030459	-0.010576	-0.025055	0.012751	-0.012787	-0.015515	0.173189	1.026837	0.070897	-0.017496	-0.020010	-0.011468	-0.008218	-0.000052	-0.014738	-0.004713	-0.019039	-0.004598	-0.025186	-0.031371	-0.010693	-0.025748	-0.018704	-0.001297	-0.037515	-0.006527	0.001785	-0.022452	-0.018874	-0.015334	-0.003449	-0.001566	-0.017225	-0.016484	-0.032167	-0.026587	-0.031035	-0.041812	-0.022694	-0.008562	-0.028621	-0.026240	-0.009823	-0.035561	-0.016517	-0.009992	-0.025947	-0.029985	-0.023688	0.000472	0.001384	-0.007806	-0.011810	-0.002091	-0.023834	-0.001666	-0.000909	-0.030221	-0.008844	-0.005366	-0.018860	-0.008802	-0.029465	-0.022154	-0.005570	-0.016403	-0.016323	-0.018975	-0.002490	-0.002116	-0.011325	-0.005679	-0.000072	-0.004954	-0.025500	-0.036869	-0.043570	-0.004427	0.001762	0.001446	-0.024224	-0.010767	-0.001859	-0.013083	-0.012646	
-0.001834	-0.010221	-0.016593	-0.012106	-0.023632	-0.012806	-0.030117	0.005389	-0.011429	-0.005350	0.001006	-0.022617	-0.003863	0.070897	1.026831	-0.007297	-0.014373	-0.020407	-0.010987	-0.001359	0.003326	-0.012615	-0.018287	-0.002755	-0.013394	-0.009282	-0.014122	-0.012528	-0.007941	-0.014439	0.057671	-0.004073	-0.016032	-0.017912	-0.025914	-0.024881	-0.022846	-0.024512	-0.012019	-0.025169	0.066736	-0.026007	-0.033502	-0.022227	0.001195	-0.010649	-0.032190	-0.027802	-0.013628	-0.011451	-0.024597	0.004199	0.011879	-0.020370	-0.022967	-0.009720	-0.004132	-0.014054	-0.020643	-0.010238	-0.017671	-0.004984	-0.001839	0.079812	-0.006555	-0.011176	-0.024159	-0.011307	-0.022092	-0.006968	-0.019388	-0.014073	-0.029284	-0.025376	-0.008786	-0.026201	-0.021287	-0.025198	-0.020007	-0.019628	-0.040028	-0.033009	-0.028978	-0.022987	0.000113	-0.017873	-0.010519	-0.008536	-0.016982	-0.016225	-0.018024	
-0.006603	-0.007018	-0.012334	0.005452	-0.010283	-0.005724	-0.015001	-0.015907	-0.009885	-0.007224	-0.019426	-0.027782	-0.019586	-0.017496	-0.007297	0.986894	-0.016444	-0.002219	-0.004881	-0.011693	-0.004056	-0.005814	0.006498	-0.009065	-0.016743	-0.015688	0.002277	-0.002154	-0.006900	-0.023738	-0.035134	-0.005863	0.000972	-0.017132	-0.010140	-0.007299	-0.013933	-0.013673	-0.020954	-0.022508	-0.046523	-0.030333	-0.028874	-0.023475	-0.020549	-0.005737	-0.006436	-0.015061	-0.014189	-0.016491	-0.018672	-0.015745	-0.004241	0.006074	-0.011710	-0.006729	-0.010647	-0.012798	-0.010670	-0.009896	-0.002149	-0.018773	-0.008017	-0.061471	-0.013442	-0.019107	0.007115	-0.015280	-0.008622	-0.013438	-0.025126	-0.013787	0.002176	-0.004744	0.009060	-0.016322	0.012476	0.003353	-0.004002	0.016339	-0.023991	-0.023189	-0.015188	-0.005248	-0.007536	-0.013931	-0.000481	-0.020647	-0.008871	0.000248	-0.022287	
0.003525	-0.001036	-0.020652	-0.009149	-0.032768	-0.014593	-0.033516	0.002949	-0.002806	-0.004340	-0.022334	-0.022284	-0.021293	-0.020010	-0.014373	-0.016444	0.932633	0.001668	-0.007719	0.010047	-0.016399	-0.019658	0.004226	-0.003577	-0.021221	-0.021502	-0.003041	-0.015918	-0.012163	-0.005154	-0.054868	-0.011009	-0.010684	0.001262	-0.005040	-0.022534	-0.007414	-0.007248	-0.015660	-0.007948	-0.046496	-0.031659	-0.006078	-0.014276	-0.012235	-0.003325	-0.020947	-0.024129	-0.009047	-0.008067	0.000597	-0.008249	-0.021775	-0.031806	0.000571	-0.003193	-0.021657	-0.002592	-0.000614	-0.021595	-0.022700	-0.010708	-0.017073	-0.047393	-0.016494	0.003640	-0.012417	0.007647	-0.011896	-0.004056	-0.011697	-0.003613	0.000550	-0.005023	-0.013988	-0.009657	-0.012169	0.007985	-0.013768	0.002234	-0.011267	-0.015925	-0.018007	0.009297	-0.014642	0.011072	0.001472	-0.010166	-0.001883	0.001800	-0.004309	
-0.016864	-0.004740	-0.004584	-0.013223	-0.020285	-0.009544	-0.018928	-0.010508	0.011847	0.001608	-0.010292	-0.019720	-0.023441	-0.011468	-0.020407	-0.002219	0.001668	0.977445	0.011107	-0.000643	-0.009312	-0.019321	0.004716	-0.002554	-0.025607	-0.036034	-0.012840	-0.013677	-0.010977	-0.003231	-0.028106	-0.001174	-0.004528	-0.011877	-0.002833	-0.013581	-0.010693	-0.018793	-0.032502	-0.025605	-0.036717	-0.026464	-0.015540	-0.005401	-0.019298	-0.014296	-0.008213	-0.028603	-0.012231	-0.018245	-0.007089	-0.003601	-0.010416	0.008238	-0.013080	0.007522	-0.011036	-0.015997	-0.002710	-0.002755	0.003277	0.005297	-0.007112	-0.038458	-0.019336	-0.001776	-0.007097	-0.024765	-0.021213	-0.006203	-0.015370	0.007514	-0.023757	-0.004660	-0.004883	-0.018898	0.008365	0.000069	-0.006917	-0.005893	-0.021506	-0.035609	-0.028861	-0.011369	-0.001991	-0.024555	-0.009415	-0.024297	-0.004674	-0.008836	-0.011610	
0.003883	-0.010436	-0.005577	-0.009198	-0.001738	-0.011032	-0.021226	-0.023266	-0.004501	-0.022638	-0.001678	-0.009923	-0.016878	-0.008218	-0.010987	-0.004881	-0.007719	0.011107	1.000712	-0.020754	0.004542	-0.024893	-0.004571	-0.019282	-0.016731	-0.024902	-0.000462	-0.005001	-0.019880	0.001280	-0.030969	-0.007983	-0.010575	-0.001866	0.011523	-0.015620	-0.014291	-0.023131	-0.020690	-0.019180	-0.028776	-0.032245	-0.027678	-0.021803	0.010007	-0.012539	-0.012661	-0.019873	-0.022033	-0.024839	-0.017427	-0.015368	-0.010527	-0.007251	-0.002040	0.012562	-0.014907	-0.004487	0.001963	-0.008558	-0.005344	-0.009662	-0.017258	-0.030976	-0.013309	-0.004752	-0.012526	-0.033410	-0.004695	-0.008758	-0.009582	-0.005666	-0.014475	-0.015272	-0.004378	-0.018651	0.001480	0.001765	0.004580	-0.018637	-0.028068	-0.024313	-0.026847	-0.004636	-0.008885	-0.010593	-0.007384	-0.006046	-0.012776	-0.016157	-0.015916	
-0.005240	-0.009119	-0.009138	0.001311	-0.024930	-0.018629	-0.007572	-0.023669	-0.011557	0.000790	-0.009647	-0.014530	0.003138	-0.000052	-0.001359	-0.011693	0.010047	-0.000643	-0.020754	0.950105	-0.012711	-0.008052	-0.006671	-0.012339	-0.022223	-0.018590	-0.021048	-0.008773	-0.001696	-0.010997	-0.037545	0.000294	0.011199	0.001571	0.005459	-0.029589	-0.021436	0.008076	-0.025337	-0.019689	-0.056754	-0.025993	-0.022523	-0.042620	-0.006999	-0.004968	-0.030304	-0.016614	0.003669	-0.022861	-0.002576	0.004565	-0.013532	-0.011914	0.005634	-0.003136	-0.000111	-0.035059	-0.010987	-0.012795	-0.019783	0.010050	-0.022447	-0.050377	-0.000590	-0.020098	-0.007374	-0.001806	-0.020847	-0.027768	0.002219	0.000766	-0.002661	0.009160	-0.023577	-0.010371	-0.011368	-0.010203	-0.013376	-0.006409	-0.018455	-0.013985	-0.023618	0.005622	-0.017787	0.000583	0.011343	-0.000588	-0.002506	-0.019184	-0.018434	
-0.024880	-0.011379	-0.012362	-0.019203	-0.019377	-0.023459	-0.030287	-0.018840	0.106643	-0.031742	-0.020471	-0.013252	-0.016265	-0.014738	0.003326	-0.004056	-0.016399	-0.009312	0.004542	-0.012711	1.017396	-0.027724	-0.010023	-0.002142	-0.018823	-0.022383	-0.014025	-0.037707	-0.007548	0.001344	-0.032646	-0.008903	-0.015770	-0.031037	-0.023153	-0.028418	-0.016358	-0.021877	-0.043675	-0.002437	-0.019280	-0.020008	-0.022234	-0.031042	-0.009474	-0.038012	-0.031615	-0.026473	-0.029984	-0.015937	-0.000048	-0.014438	0.473684	-0.033404	-0.020960	-0.010185	-0.008641	-0.018719	-0.000458	-0.013725	-0.010013	-0.011482	-0.017543	-0.012206	-0.053036	-0.019011	-0.025004	-0.029873	-0.023524	-0.014640	-0.011127	-0.029071	-0.014187	-0.010953	-0.007448	-0.018892	-0.006738	-0.004000	-0.023055	-0.017592	-0.049365	-0.047985	-0.043967	-0.018917	-0.004371	-0.035968	-0.026052	-0.004877	-0.019090	-0.005554	-0.012917	
-0.012565	0.006772	-0.022521	-0.010376	-0.014593	-0.021347	-0.025434	-0.006720	-0.020344	-0.024745	-0.013111	-0.005382	0.002479	-0.004713	-0.012615	-0.005814	-0.019658	-0.019321	-0.024893	-0.008052	-0.027724	0.965539	-0.019049	-0.013746	-0.000940	-0.017336	-0.031512	-0.003271	-0.016427	-0.008470	-0.051518	-0.019704	-0.009610	-0.017407	-0.031314	-0.019996	-0.020068	-0.019942	-0.016914	-0.017416	-0.057716	-0.040083	-0.025750	-0.038791	0.004809	-0.028326	-0.020860	-0.023073	-0.030190	-0.025198	-0.012128	-0.012388	-0.022306	0.480117	-0.020100	-0.025513	-0.016103	-0.004288	-0.019205	-0.000563	-0.022971	-0.012941	-0.013585	-0.049331	-0.011372	-0.017402	-0.004502	-0.000222	-0.004258	-0.017459	-0.030925	-0.003348	-0.021320	-0.015011	-0.001707	-0.005244	-0.004458	-0.014246	-0.014798	-0.014313	-0.025506	-0.016913	-0.027848	-0.014341	-0.026740	-0.011360	-0.021612	-0.014829	-0.013861	-0.021621	-0.008900	
-0.020713	0.004236	-0.031626	-0.008596	-0.004180	-0.005529	-0.013959	-0.017378	-0.021155	0.010565	-0.018648	-0.005583	-0.013890	-0.019039	-0.018287	0.006498	0.004226	0.004716	-0.004571	-0.006671	-0.010023	-0.019049	0.953454	-0.017951	-0.026696	-0.019427	-0.002355	0.000919	-0.011626	0.004676	-0.035557	-0.013111	-0.008240	-0.015896	0.003111	-0.021949	-0.003459	0.001284	-0.011583	-0.013537	-0.063653	-0.028086	-0.029915	-0.032138	-0.017733	-0.005829	-0.012123	-0.001871	-0.009274	-0.010694	-0.009925	-0.010456	-0.018806	-0.014099	-0.017235	-0.006751	0.007216	-0.017559	-0.012036	0.001620	-0.013638	-0.010318	-0.003243	-0.055055	-0.017117	-0.003882	-0.002412	-0.006298	-0.016856	0.006061	-0.015765	-0.005208	-0.021872	-0.002466	-0.004110	-0.006466	0.001464	0.005439	-0.003178	0.027541	-0.034819	-0.029271	-0.030111	-0.011862	-0.008701	-0.018085	-0.018348	-0.015512	-0.010357	-0.004783	0.014854	
-0.009962	-0.041209	-0.029386	-0.014104	-0.018974	-0.038612	-0.004499	-0.005770	-0.010255	-0.012985	-0.006002	-0.003454	0.006263	-0.004598	-0.002755	-0.009065	-0.003577	-0.002554	-0.019282	-0.012339	-0.002142	-0.013746	-0.017951	1.032034	-0.005809	-0.010043	-0.004005	-0.008842	0.018743	-0.001283	0.023779	-0.015837	-0.008198	-0.001101	0.007114	-0.021402	-0.018827	-0.032054	-0.016964	-0.005880	-0.026686	-0.016976	-0.026600	-0.012060	-0.010292	-0.022636	-0.028080	-0.018170	-0.020425	-0.022166	-0.013801	-0.006467	-0.005434	-0.026568	-0.005699	-0.012740	-0.011955	-0.023632	-0.027183	-0.019221	0.007674	-0.006279	-0.014475	-0.031329	-0.001390	-0.006042	0.009838	-0.014696	-0.010920	-0.012097	-0.007932	-0.005701	-0.002191	-0.006933	-0.011063	0.006663	-0.004918	-0.019450	-0.002709	-0.002822	-0.023740	-0.007914	-0.030331	-0.013157	-0.012804	-0.016698	-0.025339	-0.015535	-0.008151	-0.013068	-0.020953	
-0.001099	-0.030248	-0.017011	-0.001508	-0.021070	-0.009688	-0.036491	0.003962	-0.006043	-0.011919	-0.017943	-0.026625	-0.020168	-0.025186	-0.013394	-0.016743	-0.021221	-0.025607	-0.016731	-0.022223	-0.018823	-0.000940	-0.026696	-0.005809	0.961006	0.496030	-0.014495	-0.017901	-0.004109	-0.011560	0.022925	-0.020493	0.002033	-0.016894	0.000392	-0.026509	-0.018249	-0.025814	-0.010726	-0.016854	-0.040757	-0.026096	-0.030716	-0.018948	0.008967	-0.019230	-0.004881	-0.009881	-0.018875	-0.030755	-0.006964	-0.007358	-0.012204	-0.019783	-0.002714	-0.023514	-0.014195	-0.021860	-0.010148	-0.020118	-0.017406	-0.010703	-0.022445	-0.049831	-0.013689	-0.012502	-0.009024	-0.010576	-0.029770	-0.032814	-0.020610	-0.021772	-0.010153	-0.021388	-0.014219	-0.022829	-0.011816	-0.012958	-0.014544	-0.030211	-0.037480	-0.032027	-0.037641	-0.019060	-0.021383	-0.011206	-0.018400	-0.015469	-0.010220	-0.016689	-0.018954	
-0.013549	-0.024576	-0.009171	0.002046	-0.019237	-0.013433	-0.039062	0.002598	-0.009685	-0.007216	-0.022332	-0.021800	-0.031290	-0.031371	-0.009282	-0.015688	-0.021502	-0.036034	-0.024902	-0.018590	-0.022383	-0.017336	-0.019427	-0.010043	0.496030	0.976570	-0.017971	-0.010508	-0.020175	-0.023916	0.039533	-0.023765	-0.005162	-0.007183	-0.001017	-0.032525	-0.027585	-0.011150	0.000158	-0.025623	-0.042847	-0.015885	-0.027017	-0.023221	0.001051	-0.015954	-0.019880	-0.009663	-0.022451	-0.023012	-0.007660	-0.004910	-0.007452	-0.023989	-0.008855	-0.029364	-0.003755	-0.013801	-0.016457	-0.030719	-0.012843	-0.018220	-0.020610	-0.054056	-0.009170	-0.000145	-0.013451	-0.012039	-0.028277	-0.022150	-0.022933	-0.028128	-0.027745	-0.012514	-0.006562	-0.013788	-0.008906	-0.011727	-0.003285	-0.023618	-0.028779	-0.027912	-0.031929	-0.034058	-0.011451	-0.017463	-0.020643	-0.023322	-0.002427	-0.007659	-0.016008	
0.019976	-0.014579	-0.011756	-0.020497	-0.017173	-0.013662	-0.016553	-0.014061	-0.010225	-0.013246	-0.026234	-0.028991	-0.023181	-0.010693	-0.014122	0.002277	-0.003041	-0.012840	-0.000462	-0.021048	-0.014025	-0.031512	-0.002355	-0.004005	-0.014495	-0.017971	0.989632	-0.007433	-0.022657	-0.002509	0.001383	-0.003117	-0.003497	-0.000784	0.013179	-0.011071	0.006978	-0.011464	-0.018608	-0.027768	-0.032122	-0.002731	-0.015873	-0.005170	-0.008373	0.000209	-0.016539	-0.005738	-0.011746	-0.016930	-0.034661	-0.005975	-0.017910	-0.024888	-0.011666	-0.010502	-0.021974	0.003922	-0.003782	0.008965	0.001767	-0.004344	0.000039	-0.019849	-0.015475	-0.021826	-0.008954	0.001205	-0.022692	-0.002762	-0.011775	-0.011150	-0.011976	-0.025978	-0.034832	-0.007334	-0.014973	-0.013288	-0.017954	0.007994	-0.020930	-0.008083	0.001213	-0.021147	0.005922	-0.009866	-0.008249	-0.011347	-0.022709	-0.018673	-0.018605	
-0.000656	-0.013013	-0.030750	-0.013599	-0.002856	-0.017637	-0.021167	0.011491	-0.015576	-0.008256	-0.023415	-0.023110	-0.000715	-0.025748	-0.012528	-0.002154	-0.015918	-0.013677	-0.005001	-0.008773	-0.037707	-0.003271	0.000919	-0.008842	-0.017901	-0.010508	-0.007433	0.952645	-0.005262	0.015522	0.000023	-0.001868	-0.003307	0.012061	-0.012501	-0.023214	-0.014988	-0.001611	-0.013361	-0.013669	-0.044168	-0.029267	-0.021809	-0.025544	-0.007318	-0.012511	-0.011865	-0.012516	-0.016114	-0.009552	-0.003985	-0.012004	-0.028104	-0.002458	0.011113	-0.002958	-0.007149	-0.022412	-0.024215	-0.018418	0.003806	0.008873	-0.007604	-0.051380	-0.021520	0.004301	-0.002089	-0.010680	-0.011182	-0.017079	-0.011703	-0.006397	-0.012411	-0.003146	-0.017177	0.000037	0.002932	-0.029256	-0.012349	-0.001868	-0.006499	-0.009801	-0.024544	-0.013508	-0.004106	-0.004372	-0.008828	-0.000595	-0.017269	0.002625	-0.025979	
-0.021074	-0.009077	0.002050	-0.016973	-0.025286	-0.035145	-0.023081	-0.014215	-0.023308	0.000299	-0.005493	0.004521	-0.007203	-0.018704	-0.007941	-0.006900	-0.012163	-0.010977	-0.019880	-0.001696	-0.007548	-0.016427	-0.011626	0.018743	-0.004109	-0.020175	-0.022657	-0.005262	0.992019	0.001765	0.008872	-0.026566	-0.025447	0.004806	-0.009622	-0.002559	-0.024780	-0.017823	-0.000835	-0.026612	-0.051028	-0.019632	-0.024555	-0.016757	-0.013656	-0.018555	-0.020264	-0.018900	-0.018212	-0.004362	-0.017152	0.000736	0.005005	-0.017291	-0.023930	-0.002356	-0.020716	-0.012660	-0.011452	-0.007252	0.000533	0.009914	-0.002816	-0.031929	0.000625	0.000356	-0.014255	0.008556	-0.002185	-0.001844	-0.023294	-0.002055	-0.015963	-0.017001	-0.006644	-0.004724	-0.004747	-0.009416	0.001930	-0.026166	-0.026147	-0.037346	-0.026608	-0.015086	0.005306	-0.019095	0.013316	-0.007067	-0.006133	-0.002253	-0.021176	
-0.027668	0.001187	-0.013912	-0.011630	-0.027727	-0.035481	-0.029342	-0.000111	-0.020971	-0.011703	-0.007582	-0.013779	-0.017532	-0.001297	-0.014439	-0.023738	-0.005154	-0.003231	0.001280	-0.010997	0.001344	-0.008470	0.004676	-0.001283	-0.011560	-0.023916	-0.002509	0.015522	0.001765	0.968868	0.005546	-0.003140	-0.015719	-0.015837	-0.019772	-0.033965	-0.019907	-0.038635	-0.015520	-0.010738	-0.038864	-0.019602	-0.015047	-0.017247	-0.004056	-0.016699	-0.030669	-0.015257	-0.021709	-0.018631	-0.008157	-0.010539	-0.014216	-0.011799	0.007994	-0.008960	0.025234	-0.001809	-0.017736	-0.008217	-0.021604	-0.007266	-0.011916	-0.036061	-0.016164	-0.012990	0.010143	-0.010613	-0.010071	-0.022413	-0.013828	-0.022167	-0.002619	0.011032	-0.007276	0.011060	-0.012708	-0.010976	-0.024758	-0.005153	-0.000825	-0.003440	-0.015027	-0.016799	-0.008845	0.018094	-0.023703	0.009510	-0.018658	-0.011098	-0.020735	
0.025529	-0.034182	-0.035579	-0.032682	-0.053727	-0.059690	0.100830	-0.029670	-0.037831	-0.041843	-0.036113	-0.047425	-0.043163	-0.037515	0.057671	-0.035134	-0.054868	-0.028106	-0.030969	-0.037545	-0.032646	-0.051518	-0.035557	0.023779	0.022925	0.039533	0.001383	0.000023	0.008872	0.005546	1.374971	-0.022426	-0.042463	-0.035296	-0.048930	-0.036451	-0.054685	-0.020639	-0.040624	-0.014831	0.688626	-0.021732	-0.036048	-0.051093	-0.025016	-0.047394	-0.052606	-0.058983	-0.033598	-0.016653	-0.033718	-0.012848	-0.029096	-0.060797	-0.024578	-0.014747	-0.031271	-0.050601	-0.029455	-0.043217	0.003048	-0.043241	-0.032228	0.598400	-0.043568	-0.030872	-0.052816	-0.010505	-0.046344	-0.026271	-0.015392	-0.047913	-0.042187	-0.030651	-0.034933	-0.041835	-0.012724	-0.037725	-0.052308	-0.044028	-0.050532	-0.039708	-0.037812	-0.045828	-0.047546	-0.026604	-0.010025	-0.017887	-0.042004	-0.041119	-0.035970	
-0.017682	-0.020125	-0.015396	0.000657	-0.010034	-0.017203	-0.032900	-0.001313	-0.005145	0.004376	-0.016524	-0.024273	-0.019609	-0.006527	-0.004073	-0.005863	-0.011009	-0.001174	-0.007983	0.000294	-0.008903	-0.019704	-0.013111	-0.015837	-0.020493	-0.023765	-0.003117	-0.001868	-0.026566	-0.003140	-0.022426	0.973619	-0.006331	0.008275	0.008082	-0.004302	-0.018507	-0.026336	-0.013830	-0.021381	-0.028819	-0.014540	-0.014684	-0.017843	-0.008009	-0.028473	-0.003803	-0.017860	-0.021949	-0.010950	-0.010251	-0.006162	-0.002075	-0.024459	-0.024983	-0.004181	-0.023320	0.004967	0.009761	-0.005429	-0.020467	-0.004924	-0.013735	-0.029999	0.007735	-0.009102	-0.002470	-0.003297	-0.012023	-0.019131	-0.007753	-0.007246	-0.006632	-0.005612	-0.016936	-0.010525	-0.019707	-0.003158	-0.019684	-0.024116	-0.012625	-0.006325	-0.009767	-0.006336	-0.026534	-0.000727	-0.016613	-0.005206	-0.004700	-0.005360	-0.007161	
-0.005469	-0.003932	-0.014416	0.008933	-0.022969	-0.023032	-0.041168	-0.020987	-0.019542	0.008415	-0.010107	-0.019297	-0.006919	0.001785	-0.016032	0.000972	-0.010684	-0.004528	-0.010575	0.011199	-0.015770	-0.009610	-0.008240	-0.008198	0.002033	-0.005162	-0.003497	-0.003307	-0.025447	-0.015719	-0.042463	-0.006331	0.987499	-0.000193	-0.014454	-0.000403	-0.018648	-0.000821	-0.022806	-0.028589	-0.007892	-0.024367	-0.023053	-0.035295	-0.019039	-0.016552	0.001797	-0.022903	-0.002266	-0.016990	-0.010722	-0.022048	-0.018780	-0.013942	-0.019296	0.002938	0.000846	-0.017413	-0.030101	-0.010407	-0.010379	-0.005629	-0.012354	-0.023916	-0.022115	-0.021173	-0.012525	-0.019095	-0.011645	-0.004759	-0.004441	0.005383	-0.000863	0.000504	-0.020501	-0.031718	-0.007719	0.013469	-0.015200	-0.006093	-0.029685	-0.043425	-0.023332	-0.002159	-0.007635	-0.001264	-0.002340	0.007916	-0.033913	-0.007395	0.028791	
-0.006949	-0.022958	-0.001398	-0.009873	-0.003925	-0.001127	-0.016527	-0.001098	-0.016889	-0.002555	-0.016600	-0.014900	-0.018167	-0.022452	-0.017912	-0.017132	0.001262	-0.011877	-0.001866	0.001571	-0.031037	-0.017407	-0.015896	-0.001101	-0.016894	-0.007183	-0.000784	0.012061	0.004806	-0.015837	-0.035296	0.008275	-0.000193	1.006612	-0.009581	0.003039	-0.017577	-0.028763	-0.017530	-0.001070	-0.023934	-0.023233	-0.024469	-0.026640	-0.019958	-0.021720	-0.007418	-0.005649	-0.030803	-0.008650	-0.006976	-0.016247	-0.018798	-0.021715	0.008481	-0.022467	-0.005600	-0.012057	-0.015479	-0.014856	0.000387	-0.016815	-0.017022	-0.025721	-0.012506	-0.001872	-0.003199	-0.010395	0.006861	-0.022098	-0.007765	0.000062	0.000769	-0.027692	0.000206	0.002453	-0.018566	-0.031631	0.003486	0.003737	-0.022908	-0.032821	-0.024922	-0.000378	-0.008938	-0.030838	-0.001822	-0.003427	-0.019377	-0.004633	-0.024649	
-0.023018	-0.001089	-0.016183	-0.006190	-0.030807	-0.020766	-0.041592	-0.019486	-0.014930	-0.011044	-0.015638	-0.016435	-0.015568	-0.018874	-0.025914	-0.010140	-0.005040	-0.002833	0.011523	0.005459	-0.023153	-0.031314	0.003111	0.007114	0.000392	-0.001017	0.013179	-0.012501	-0.009622	-0.019772	-0.048930	0.008082	-0.014454	-0.009581	0.997681	-0.010309	-0.000578	-0.016265	-0.039246	-0.019605	-0.044623	-0.032681	-0.030978	-0.026950	-0.007500	-0.001926	-0.001206	-0.030278	-0.005076	-0.006236	0.004234	-0.007142	-0.016124	-0.020943	-0.009089	-0.002815	-0.006182	0.002473	-0.028104	-0.002429	-0.005807	-0.003673	-0.007052	-0.037832	-0.002671	-0.007310	0.001364	-0.004703	-0.012325	-0.014795	0.007545	-0.004447	-0.027271	-0.014937	-0.017915	-0.014865	0.002277	-0.013731	-0.003071	-0.001383	-0.005664	-0.002634	-0.016429	-0.005847	-0.014607	-0.008466	-0.023318	-0.018629	0.003274	-0.025214	-0.000831	
-0.010729	-0.017925	-0.006050	-0.018244	-0.009912	-0.018817	-0.041355	-0.023176	-0.023725	-0.011969	-0.019068	-0.024700	-0.019433	-0.015334	-0.024881	-0.007299	-0.022534	-0.013581	-0.015620	-0.029589	-0.028418	-0.019996	-0.021949	-0.021402	-0.026509	-0.032525	-0.011071	-0.023214	-0.002559	-0.033965	-0.036451	-0.004302	-0.000403	0.003039	-0.010309	0.971968	-0.034773	-0.028875	-0.012030	-0.015154	-0.052788	-0.025041	-0.016723	-0.014662	-0.014333	-0.031176	0.476357	0.000609	-0.017587	-0.018381	-0.002203	-0.018981	-0.022781	-0.022222	-0.015928	-0.005023	-0.021270	-0.010662	-0.019765	-0.013418	-0.003357	-0.017702	-0.004056	-0.032486	-0.007406	-0.001925	-0.006491	-0.014465	0.004463	-0.011285	-0.015915	-0.012368	-0.012671	0.008207	-0.007300	-0.009009	-0.017219	-0.019946	-0.025251	-0.024073	-0.032404	-0.041642	-0.026853	0.006865	-0.005780	-0.010395	-0.026477	-0.015944	-0.030452	-0.017521	-0.021009	
-0.011302	-0.002518	-0.008995	-0.016375	-0.027499	-0.024157	-0.030045	-0.032926	-0.014297	-0.013281	-0.025122	-0.037040	-0.009918	-0.003449	-0.022846	-0.013933	-0.007414	-0.010693	-0.014291	-0.021436	-0.016358	-0.020068	-0.003459	-0.018827	-0.018249	-0.027585	0.006978	-0.014988	-0.024780	-0.019907	-0.054685	-0.018507	-0.018648	-0.017577	-0.000578	-0.034773	1.033016	-0.015625	-0.029174	-0.010936	-0.049607	-0.030553	-0.030482	-0.023164	-0.011480	0.419508	-0.020042	-0.019487	-0.009914	-0.003973	-0.010014	-0.007122	-0.017095	-0.017481	-0.015810	-0.001661	-0.013971	-0.026304	-0.010484	-0.030790	-0.029973	-0.021938	-0.002957	-0.045740	-0.019800	-0.018366	-0.016413	-0.002762	-0.020497	0.011241	-0.000778	-0.013511	-0.028282	-0.025800	-0.013851	-0.022494	-0.014005	-0.026871	-0.008189	-0.019601	-0.014128	-0.016775	-0.012553	-0.000216	-0.014184	-0.009282	-0.031053	-0.009396	-0.021756	-0.008230	-0.007753	
-0.003460	-0.013541	-0.013928	-0.014334	0.004117	-0.001333	-0.015248	-0.032964	-0.007728	-0.019027	-0.012122	-0.014570	0.013958	-0.001566	-0.024512	-0.013673	-0.007248	-0.018793	-0.023131	0.008076	-0.021877	-0.019942	0.001284	-0.032054	-0.025814	-0.011150	-0.011464	-0.001611	-0.017823	-0.038635	-0.020639	-0.026336	-0.000821	-0.028763	-0.016265	-0.028875	-0.015625	0.996359	-0.005828	-0.006661	-0.041865	-0.013592	-0.020372	-0.038194	-0.026010	-0.007623	-0.036143	-0.019998	0.464882	-0.032729	-0.011822	-0.007370	-0.037357	-0.028236	-0.029528	-0.013648	-0.004385	-0.011986	-0.034366	-0.017170	-0.020539	-0.019733	-0.009236	-0.058319	-0.019310	-0.013319	-0.021800	-0.012323	-0.008515	-0.018756	-0.013313	-0.014755	-0.031938	-0.007627	-0.034129	-0.019124	-0.018614	-0.022525	-0.013536	0.000799	-0.033452	-0.032628	-0.028441	-0.001167	0.007255	-0.027447	-0.013066	-0.012135	-0.010305	-0.020066	-0.006686	
-0.032589	-0.000229	0.009752	-0.015176	-0.024169	-0.024026	-0.029263	-0.005848	-0.026883	-0.014708	-0.020735	-0.023973	-0.015796	-0.017225	-0.012019	-0.020954	-0.015660	-0.032502	-0.020690	-0.025337	-0.043675	-0.016914	-0.011583	-0.016964	-0.010726	0.000158	-0.018608	-0.013361	-0.000835	-0.015520	-0.040624	-0.013830	-0.022806	-0.017530	-0.039246	-0.012030	-0.029174	-0.005828	0.958717	-0.021055	-0.035921	-0.021474	-0.021615	-0.012568	0.008188	-0.025083	-0.014445	0.495251	-0.006584	-0.017837	-0.031862	-0.003321	-0.046561	-0.016771	-0.029897	-0.008177	-0.024873	0.012979	-0.010734	-0.020495	-0.026828	-0.016997	-0.008147	-0.025411	-0.009731	-0.002922	-0.012227	-0.017038	-0.021745	-0.024334	-0.034371	-0.022281	-0.015114	-0.021225	-0.014191	-0.009870	-0.011722	-0.014716	-0.018924	-0.008651	-0.020585	-0.021994	-0.025358	-0.018167	-0.010849	-0.003911	-0.010176	-0.017678	-0.008689	0.004854	-0.017285	
-0.020086	-0.028797	-0.019671	-0.008501	-0.021471	-0.033928	-0.045436	-0.023151	-0.008249	-0.012947	-0.013273	-0.002567	-0.028317	-0.016484	-0.025169	-0.022508	-0.007948	-0.025605	-0.019180	-0.019689	-0.002437	-0.017416	-0.013537	-0.005880	-0.016854	-0.025623	-0.027768	-0.013669	-0.026612	-0.010738	-0.014831	-0.021381	-0.028589	-0.001070	-0.019605	-0.015154	-0.010936	-0.006661	-0.021055	0.995293	-0.037193	-0.017458	-0.009937	-0.022658	-0.008955	-0.007911	-0.028078	-0.020493	-0.006042	0.491903	-0.005056	-0.024690	-0.016819	-0.017415	-0.019240	-0.012241	-0.026844	0.012453	-0.011877	-0.021418	-0.023305	-0.023281	-0.015350	-0.044680	0.001289	-0.024336	-0.009429	-0.023530	-0.018564	-0.030254	-0.015011	-0.015935	-0.007113	-0.019084	-0.017122	-0.018327	-0.016532	-0.021203	-0.018586	-0.013634	-0.010989	-0.012256	-0.012885	-0.005259	-0.009549	-0.010612	-0.026489	-0.016895	-0.030730	-0.032028	-0.015835	
0.024641	-0.051086	-0.028329	-0.036667	-0.037845	-0.021210	0.194763	-0.039881	-0.054036	-0.032048	-0.049749	-0.057797	-0.061461	-0.032167	0.066736	-0.046523	-0.046496	-0.036717	-0.028776	-0.056754	-0.019280	-0.057716	-0.063653	-0.026686	-0.040757	-0.042847	-0.032122	-0.044168	-0.051028	-0.038864	0.688626	-0.028819	-0.007892	-0.023934	-0.044623	-0.052788	-0.049607	-0.041865	-0.035921	-0.037193	1.718260	-0.036326	-0.051870	-0.050301	-0.020464	-0.058496	-0.069188	-0.044444	-0.013104	-0.040908	-0.037936	-0.027029	-0.029494	-0.032979	-0.019403	-0.032973	-0.027073	-0.044957	-0.031516	-0.046079	-0.038629	-0.040157	-0.052280	1.129411	-0.030101	-0.030060	-0.046731	-0.006281	-0.034500	-0.031200	-0.031763	-0.042180	-0.037380	-0.047119	-0.039648	-0.023174	-0.028150	-0.036246	-0.042631	-0.051160	-0.074377	-0.061560	-0.049098	-0.050902	-0.051826	-0.024011	-0.044520	-0.028722	-0.024117	-0.052960	-0.012110	
-0.013491	-0.026559	0.012510	0.001323	-0.026244	-0.031777	0.012316	-0.008881	-0.014532	-0.038830	-0.036547	-0.024009	-0.031587	-0.026587	-0.026007	-0.030333	-0.031659	-0.026464	-0.032245	-0.025993	-0.020008	-0.040083	-0.028086	-0.016976	-0.026096	-0.015885	-0.002731	-0.029267	-0.019632	-0.019602	-0.021732	-0.014540	-0.024367	-0.023233	-0.032681	-0.025041	-0.030553	-0.013592	-0.021474	-0.017458	-0.036326	0.992828	0.491479	0.484707	-0.015654	-0.025768	-0.024198	-0.034780	-0.021130	-0.020134	-0.012639	-0.029424	-0.025612	-0.037314	-0.024548	-0.030502	-0.025151	-0.011547	0.003817	-0.027215	-0.046556	-0.015756	-0.027497	-0.029834	-0.026246	-0.010541	-0.019134	-0.017913	0.002166	-0.011653	-0.030109	-0.024871	-0.019578	-0.009407	-0.033412	-0.028572	-0.027078	-0.005644	-0.024130	-0.034891	-0.054371	-0.048469	-0.046189	-0.024824	-0.020764	-0.024574	-0.024931	-0.034957	-0.011566	-0.009635	-0.020107	
-0.028046	-0.016900	-0.011543	-0.018645	-0.032578	-0.029408	-0.001994	-0.017020	-0.006305	-0.021333	-0.029119	-0.028333	-0.031390	-0.031035	-0.033502	-0.028874	-0.006078	-0.015540	-0.027678	-0.022523	-0.022234	-0.025750	-0.029915	-0.026600	-0.030716	-0.027017	-0.015873	-0.021809	-0.024555	-0.015047	-0.036048	-0.014684	-0.023053	-0.024469	-0.030978	-0.016723	-0.030482	-0.020372	-0.021615	-0.009937	-0.051870	0.491479	0.977526	0.483866	-0.012709	-0.040278	-0.019419	-0.045623	-0.037057	-0.020970	-0.025344	-0.034657	-0.024207	-0.031067	-0.025271	-0.027491	-0.014745	-0.023715	-0.021355	-0.014483	-0.038785	-0.019066	-0.024456	-0.032041	-0.013342	-0.029840	-0.025162	-0.030987	-0.008278	-0.022947	-0.020793	-0.011374	-0.027400	0.002845	-0.030318	-0.019064	-0.023530	-0.006463	-0.038204	-0.020751	-0.030897	-0.020465	-0.021286	-0.018564	-0.011482	-0.026846	-0.023814	-0.021575	-0.010768	-0.015619	-0.015473	
-0.031757	-0.022133	-0.002989	-0.016228	-0.029297	-0.024501	-0.008018	-0.005698	-0.005808	-0.036576	-0.042403	-0.028735	-0.036585	-0.041812	-0.022227	-0.023475	-0.014276	-0.005401	-0.021803	-0.042620	-0.031042	-0.038791	-0.032138	-0.012060	-0.018948	-0.023221	-0.005170	-0.025544	-0.016757	-0.017247	-0.051093	-0.017843	-0.035295	-0.026640	-0.026950	-0.014662	-0.023164	-0.038194	-0.012568	-0.022658	-0.050301	0.484707	0.483866	0.952017	-0.019082	-0.024539	-0.016273	-0.031390	-0.036193	-0.022338	-0.031761	-0.028194	-0.021477	-0.029278	-0.019245	-0.018001	-0.022714	-0.011549	-0.003736	-0.018246	-0.026386	-0.012363	-0.016154	-0.047021	-0.014189	-0.014038	-0.021379	-0.020827	0.000358	-0.018977	-0.022917	-0.026777	-0.006137	-0.003440	-0.032097	-0.016564	-0.027583	-0.008035	-0.035698	-0.021173	-0.049047	-0.029441	-0.039779	-0.015889	-0.021900	-0.026388	-0.034841	-0.010726	-0.018317	-0.002733	-0.015349	
