1:	0.0000 0.5116 0.0207 0.4451 0.0000 0.0225 	6
2:	0.0040 0.4708 0.0222 0.4779 0.0031 0.0220 	7
3:	0.4151 0.0000 0.0730 0.0012 0.3167 0.1940 	12
4:	0.3048 0.2389 0.0000 0.0050 0.3290 0.1223 	14
5:	0.3447 0.2950 0.0000 0.0040 0.2277 0.1286 	13
6:	0.1811 0.2305 0.2894 0.0096 0.1725 0.1171 	11
7:	0.0000 0.9372 0.0128 0.0150 0.0000 0.0350 	4
8:	0.2026 0.0089 0.2242 0.0011 0.4166 0.1466 	6
9:	0.0059 0.7680 0.0950 0.0253 0.0168 0.0890 	2
10:	0.0000 0.9591 0.0000 0.0000 0.0000 0.0408 	1
11:	0.0000 0.9592 0.0000 0.0000 0.0000 0.0408 	1
12:	0.0000 0.9796 0.0000 0.0000 0.0000 0.0204 	1
13:	0.1183 0.0000 0.2528 0.0018 0.4134 0.2137 	2
