
Using the parameter settings in the file: 
''1763151071/clumpp.paramfile''

Parameter settings
----------------------- Main parameters -------------------------
DATATYPE = 0
INDFILE = 1763151071/ClumppIndFile
POPFILE = 
OUTFILE = 1763151071/ClumppIndFile.output
MISCFILE = 1763151071/ClumppIndFile.misc
K = 8
C = 114
R = 50
M = 3
W = 0
S = 2
- Additional options for the Greedy and LargeKGreedy algorithms -
GREEDY_OPTION = 2
REPEATS = 2000
PERMUTATIONFILE = 
----------------------- Optional outputs ------------------------
PRINT_PERMUTED_DATA = 0
PERMUTED_DATAFILE = 
PRINT_EVERY_PERM = 0
EVERY_PERMFILE = 
PRINT_RANDOM_INPUTORDER = 0
RANDOM_INPUTORDERFILE = 
----------------------- Advanced options ------------------------
OVERRIDE_WARNINGS = 0
ORDER_BY_RUN = 1


In total, 2000 configurations of runs and clusters will be tested.

Results
------------------------------
The highest value of H' is: 0.72900777417026

The list of permutations of the clusters that produces that
H' value is (runs are listed sequentially on separate rows)

1 2 3 4 5 6 7 8 
6 3 1 5 7 8 4 2 
7 3 5 4 6 2 8 1 
3 8 4 1 5 6 2 7 
4 6 3 1 2 7 8 5 
6 3 5 4 7 8 2 1 
1 3 6 7 5 2 8 4 
6 3 8 4 7 1 5 2 
3 7 4 8 6 5 1 2 
5 3 7 8 6 1 2 4 
6 7 1 4 2 5 3 8 
8 7 1 3 4 5 2 6 
8 2 1 3 6 5 4 7 
7 4 8 2 6 3 5 1 
7 1 4 6 3 5 8 2 
2 4 5 8 1 3 6 7 
6 4 2 8 1 3 5 7 
3 7 4 1 5 8 6 2 
6 2 3 8 5 1 7 4 
3 4 2 7 6 5 8 1 
4 1 3 7 2 8 5 6 
8 1 5 2 7 6 4 3 
8 4 2 5 1 6 3 7 
2 6 7 4 5 1 3 8 
2 4 1 8 3 7 5 6 
4 6 3 7 1 5 8 2 
4 2 3 1 7 8 6 5 
6 2 3 7 5 1 8 4 
8 4 2 6 7 1 5 3 
3 7 5 4 8 2 1 6 
2 7 1 5 8 4 6 3 
5 2 4 6 3 7 1 8 
2 4 3 1 8 6 7 5 
3 1 7 4 5 6 8 2 
1 7 5 4 3 2 6 8 
1 3 2 6 7 5 4 8 
3 2 6 4 7 8 5 1 
3 7 6 4 8 5 1 2 
8 4 3 2 6 5 7 1 
4 2 6 5 7 3 1 8 
4 8 7 2 5 3 6 1 
6 1 8 4 7 5 3 2 
8 6 1 4 7 5 2 3 
8 4 1 2 7 6 3 5 
8 6 2 5 7 1 4 3 
7 1 2 6 4 8 3 5 
1 3 2 5 6 8 4 7 
1 2 3 8 4 5 6 7 
5 8 2 7 6 3 1 4 
7 3 1 4 2 8 5 6 

The pairwise G' values for each pair of runs where the clusters
of each run are permuted according to the list of permutations above

1.0000 0.6156 0.7776 0.6288 0.6157 0.6288 0.6150 0.6155 0.6509 0.6358 0.7840 0.5983 0.6157 0.6157 0.8773 0.6898 0.7787 0.6157 0.6292 0.6290 0.7943 0.5792 0.6290 0.6292 0.6277 0.6288 0.6155 0.7778 0.6189 0.6155 0.8241 0.7783 0.6288 0.6422 0.7600 0.7214 0.5460 0.7061 0.6290 0.6157 0.6288 0.6389 0.6157 0.6446 0.6155 0.6288 0.5895 0.6607 0.5388 0.6158 
0.6156 1.0000 0.6306 0.8183 0.9977 0.8184 0.6459 0.9960 0.6710 0.7820 0.6784 0.7301 0.9977 0.9978 0.5956 0.5818 0.6839 0.9997 0.8175 0.8184 0.6443 0.7003 0.8184 0.8175 0.6310 0.8183 0.9960 0.6528 0.7546 0.9954 0.6492 0.6576 0.8183 0.7861 0.6334 0.5890 0.6921 0.6286 0.8184 0.9978 0.8183 0.7845 0.9979 0.6877 0.9960 0.8183 0.6970 0.6722 0.7536 0.9978 
0.7776 0.6306 1.0000 0.6452 0.6306 0.6452 0.6061 0.6305 0.7017 0.6499 0.8818 0.6121 0.6306 0.6306 0.8100 0.8075 0.8865 0.6306 0.6454 0.6454 0.8658 0.5924 0.6453 0.6454 0.6953 0.6452 0.6305 0.8853 0.6355 0.6305 0.8487 0.8790 0.6452 0.6557 0.7010 0.7760 0.5594 0.6231 0.6453 0.6307 0.6452 0.6537 0.6306 0.7027 0.6305 0.6452 0.6068 0.7052 0.5500 0.6307 
0.6288 0.8183 0.6452 1.0000 0.8181 0.9980 0.6599 0.8186 0.6862 0.8042 0.6941 0.7486 0.8182 0.8182 0.6089 0.5949 0.7007 0.8184 0.9942 0.9957 0.6592 0.7172 0.9964 0.9940 0.6450 0.9980 0.8186 0.6674 0.7738 0.8187 0.6644 0.6723 0.9989 0.8120 0.6474 0.6017 0.6723 0.6416 0.9964 0.8182 0.9999 0.8090 0.8182 0.7050 0.8186 0.9980 0.7144 0.6883 0.7060 0.8182 
0.6157 0.9977 0.6306 0.8181 1.0000 0.8182 0.6459 0.9951 0.6711 0.7821 0.6785 0.7302 0.9994 0.9994 0.5956 0.5818 0.6840 0.9976 0.8173 0.8183 0.6444 0.7004 0.8183 0.8173 0.6311 0.8181 0.9950 0.6529 0.7547 0.9945 0.6492 0.6577 0.8181 0.7863 0.6334 0.5891 0.6922 0.6287 0.8183 0.9993 0.8181 0.7846 0.9991 0.6878 0.9952 0.8182 0.6970 0.6723 0.7536 0.9993 
0.6288 0.8184 0.6452 0.9980 0.8182 1.0000 0.6600 0.8187 0.6862 0.8043 0.6941 0.7486 0.8182 0.8182 0.6089 0.5950 0.7007 0.8185 0.9937 0.9965 0.6593 0.7172 0.9962 0.9942 0.6451 0.9998 0.8187 0.6674 0.7739 0.8187 0.6645 0.6724 0.9991 0.8120 0.6474 0.6017 0.6723 0.6417 0.9962 0.8182 0.9980 0.8091 0.8182 0.7050 0.8186 0.9998 0.7144 0.6883 0.7060 0.8182 
0.6150 0.6459 0.6061 0.6599 0.6459 0.6600 1.0000 0.6457 0.7329 0.6756 0.6356 0.6287 0.6460 0.6460 0.5827 0.6393 0.6310 0.6459 0.6604 0.6602 0.6092 0.6077 0.6602 0.6604 0.6934 0.6600 0.6457 0.6329 0.6495 0.6457 0.6235 0.6358 0.6600 0.7100 0.6645 0.6516 0.5714 0.7601 0.6602 0.6460 0.6599 0.6748 0.6460 0.7042 0.6458 0.6600 0.7940 0.7059 0.5635 0.6460 
0.6155 0.9960 0.6305 0.8186 0.9951 0.8187 0.6457 1.0000 0.6709 0.7818 0.6783 0.7300 0.9951 0.9952 0.5955 0.5817 0.6838 0.9960 0.8178 0.8187 0.6442 0.7002 0.8187 0.8178 0.6309 0.8186 0.9997 0.6527 0.7544 0.9980 0.6491 0.6575 0.8186 0.7859 0.6332 0.5889 0.6920 0.6285 0.8187 0.9952 0.8186 0.7843 0.9953 0.6876 0.9997 0.8186 0.6969 0.6721 0.7538 0.9952 
0.6509 0.6710 0.7017 0.6862 0.6711 0.6862 0.7329 0.6709 1.0000 0.7026 0.7111 0.6522 0.6711 0.6711 0.6302 0.7191 0.7098 0.6710 0.6866 0.6865 0.6759 0.6298 0.6865 0.6867 0.7471 0.6862 0.6709 0.7082 0.6730 0.6709 0.6729 0.7055 0.6862 0.7339 0.7332 0.7250 0.5912 0.6866 0.6865 0.6712 0.6862 0.6977 0.6711 0.8271 0.6709 0.6862 0.7148 0.7746 0.5849 0.6712 
0.6358 0.7820 0.6499 0.8042 0.7821 0.8043 0.6756 0.7818 0.7026 1.0000 0.7025 0.7549 0.7821 0.7821 0.6128 0.6032 0.7060 0.7819 0.8041 0.8045 0.6644 0.7710 0.8045 0.8042 0.6556 0.8043 0.7818 0.6765 0.7845 0.7818 0.6702 0.6816 0.8043 0.8245 0.6569 0.6130 0.6809 0.6563 0.8045 0.7821 0.8042 0.8150 0.7821 0.7183 0.7818 0.8043 0.7277 0.7034 0.6675 0.7821 
0.7840 0.6784 0.8818 0.6941 0.6785 0.6941 0.6356 0.6783 0.7111 0.7025 1.0000 0.6587 0.6785 0.6785 0.7990 0.7907 0.9576 0.6784 0.6942 0.6943 0.8998 0.6361 0.6943 0.6942 0.7131 0.6941 0.6783 0.9207 0.6861 0.6783 0.8749 0.9258 0.6941 0.7073 0.7103 0.7767 0.5992 0.6425 0.6943 0.6785 0.6941 0.7039 0.6785 0.7442 0.6783 0.6941 0.6538 0.7254 0.5881 0.6785 
0.5983 0.7301 0.6121 0.7486 0.7302 0.7486 0.6287 0.7300 0.6522 0.7549 0.6587 1.0000 0.7302 0.7302 0.5782 0.5660 0.6627 0.7301 0.7484 0.7487 0.6255 0.8131 0.7487 0.7484 0.6137 0.7486 0.7300 0.6347 0.7294 0.7300 0.6301 0.6392 0.7486 0.7545 0.6154 0.5734 0.6611 0.6119 0.7487 0.7302 0.7486 0.7544 0.7302 0.6670 0.7300 0.7486 0.6760 0.6530 0.6318 0.7302 
0.6157 0.9977 0.6306 0.8182 0.9994 0.8182 0.6460 0.9951 0.6711 0.7821 0.6785 0.7302 1.0000 0.9998 0.5956 0.5819 0.6840 0.9976 0.8174 0.8183 0.6444 0.7004 0.8183 0.8174 0.6311 0.8182 0.9951 0.6529 0.7547 0.9945 0.6493 0.6577 0.8182 0.7863 0.6334 0.5891 0.6922 0.6287 0.8183 0.9998 0.8181 0.7846 0.9994 0.6878 0.9952 0.8182 0.6971 0.6723 0.7536 0.9997 
0.6157 0.9978 0.6306 0.8182 0.9994 0.8182 0.6460 0.9952 0.6711 0.7821 0.6785 0.7302 0.9998 1.0000 0.5956 0.5819 0.6840 0.9977 0.8174 0.8183 0.6444 0.7004 0.8183 0.8174 0.6311 0.8182 0.9951 0.6529 0.7547 0.9946 0.6493 0.6577 0.8182 0.7863 0.6334 0.5891 0.6922 0.6287 0.8183 0.9998 0.8182 0.7846 0.9995 0.6878 0.9953 0.8182 0.6971 0.6723 0.7536 0.9998 
0.8773 0.5956 0.8100 0.6089 0.5956 0.6089 0.5827 0.5955 0.6302 0.6128 0.7990 0.5782 0.5956 0.5956 1.0000 0.7128 0.7984 0.5956 0.6092 0.6091 0.8238 0.5598 0.6091 0.6092 0.6204 0.6089 0.5955 0.8127 0.5998 0.5955 0.8745 0.8129 0.6089 0.6192 0.7130 0.7201 0.5287 0.6628 0.6091 0.5957 0.6089 0.6171 0.5956 0.6359 0.5955 0.6089 0.5701 0.6793 0.5211 0.5957 
0.6898 0.5818 0.8075 0.5949 0.5818 0.5950 0.6393 0.5817 0.7191 0.6032 0.7907 0.5660 0.5819 0.5819 0.7128 1.0000 0.7784 0.5818 0.5951 0.5952 0.7898 0.5485 0.5952 0.5951 0.7854 0.5950 0.5817 0.8093 0.5863 0.5817 0.7625 0.8051 0.5949 0.6271 0.6763 0.8583 0.5176 0.6277 0.5952 0.5819 0.5949 0.6030 0.5819 0.7360 0.5817 0.5950 0.6480 0.7004 0.5091 0.5819 
0.7787 0.6839 0.8865 0.7007 0.6840 0.7007 0.6310 0.6838 0.7098 0.7060 0.9576 0.6627 0.6840 0.6840 0.7984 0.7784 1.0000 0.6839 0.7008 0.7009 0.8861 0.6399 0.7009 0.7008 0.6983 0.7007 0.6838 0.9024 0.6896 0.6838 0.8666 0.9068 0.7007 0.7098 0.6992 0.7627 0.6035 0.6345 0.7009 0.6840 0.7007 0.7083 0.6840 0.7424 0.6838 0.7007 0.6454 0.7258 0.5932 0.6840 
0.6157 0.9997 0.6306 0.8184 0.9976 0.8185 0.6459 0.9960 0.6710 0.7819 0.6784 0.7301 0.9976 0.9977 0.5956 0.5818 0.6839 1.0000 0.8176 0.8185 0.6443 0.7003 0.8185 0.8176 0.6310 0.8184 0.9960 0.6528 0.7546 0.9955 0.6492 0.6576 0.8184 0.7861 0.6334 0.5890 0.6921 0.6286 0.8185 0.9977 0.8184 0.7845 0.9978 0.6877 0.9960 0.8184 0.6970 0.6722 0.7536 0.9977 
0.6292 0.8175 0.6454 0.9942 0.8173 0.9937 0.6604 0.8178 0.6866 0.8041 0.6942 0.7484 0.8174 0.8174 0.6092 0.5951 0.7008 0.8176 1.0000 0.9940 0.6593 0.7171 0.9946 0.9981 0.6451 0.9938 0.8178 0.6675 0.7737 0.8179 0.6646 0.6725 0.9940 0.8120 0.6478 0.6020 0.6720 0.6420 0.9946 0.8174 0.9942 0.8088 0.8174 0.7053 0.8178 0.9938 0.7144 0.6888 0.7056 0.8174 
0.6290 0.8184 0.6454 0.9957 0.8183 0.9965 0.6602 0.8187 0.6865 0.8045 0.6943 0.7487 0.8183 0.8183 0.6091 0.5952 0.7009 0.8185 0.9940 1.0000 0.6594 0.7174 0.9984 0.9946 0.6453 0.9964 0.8187 0.6676 0.7740 0.8188 0.6646 0.6726 0.9962 0.8124 0.6477 0.6019 0.6725 0.6419 0.9982 0.8183 0.9958 0.8092 0.8183 0.7053 0.8187 0.9964 0.7147 0.6886 0.7060 0.8183 
0.7943 0.6443 0.8658 0.6592 0.6444 0.6593 0.6092 0.6442 0.6759 0.6644 0.8998 0.6255 0.6444 0.6444 0.8238 0.7898 0.8861 0.6443 0.6593 0.6594 1.0000 0.6047 0.6594 0.6594 0.7042 0.6592 0.6442 0.9111 0.6499 0.6442 0.8888 0.9046 0.6592 0.6711 0.7027 0.7833 0.5712 0.6349 0.6594 0.6444 0.6592 0.6669 0.6444 0.7051 0.6442 0.6592 0.6249 0.7082 0.5616 0.6444 
0.5792 0.7003 0.5924 0.7172 0.7004 0.7172 0.6077 0.7002 0.6298 0.7710 0.6361 0.8131 0.7004 0.7004 0.5598 0.5485 0.6399 0.7003 0.7171 0.7174 0.6047 1.0000 0.7174 0.7171 0.5934 0.7172 0.7002 0.6134 0.6996 0.7002 0.6090 0.6176 0.7172 0.7251 0.5949 0.5557 0.6565 0.5917 0.7174 0.7004 0.7172 0.7218 0.7004 0.6446 0.7002 0.7172 0.6522 0.6315 0.6098 0.7004 
0.6290 0.8184 0.6453 0.9964 0.8183 0.9962 0.6602 0.8187 0.6865 0.8045 0.6943 0.7487 0.8183 0.8183 0.6091 0.5952 0.7009 0.8185 0.9946 0.9984 0.6594 0.7174 1.0000 0.9946 0.6453 0.9962 0.8187 0.6676 0.7740 0.8188 0.6646 0.6726 0.9964 0.8124 0.6477 0.6019 0.6725 0.6419 0.9998 0.8183 0.9964 0.8092 0.8183 0.7053 0.8187 0.9962 0.7147 0.6886 0.7060 0.8183 
0.6292 0.8175 0.6454 0.9940 0.8173 0.9942 0.6604 0.8178 0.6867 0.8042 0.6942 0.7484 0.8174 0.8174 0.6092 0.5951 0.7008 0.8176 0.9981 0.9946 0.6594 0.7171 0.9946 1.0000 0.6451 0.9942 0.8178 0.6675 0.7737 0.8179 0.6646 0.6725 0.9942 0.8120 0.6478 0.6020 0.6720 0.6420 0.9945 0.8174 0.9940 0.8088 0.8174 0.7053 0.8178 0.9942 0.7144 0.6888 0.7057 0.8174 
0.6277 0.6310 0.6953 0.6450 0.6311 0.6451 0.6934 0.6309 0.7471 0.6556 0.7131 0.6137 0.6311 0.6311 0.6204 0.7854 0.6983 0.6310 0.6451 0.6453 0.7042 0.5934 0.6453 0.6451 1.0000 0.6451 0.6309 0.7076 0.6328 0.6309 0.6770 0.7067 0.6450 0.6916 0.6850 0.7851 0.5592 0.6475 0.6453 0.6311 0.6450 0.6600 0.6311 0.7406 0.6309 0.6451 0.7500 0.7001 0.5517 0.6311 
0.6288 0.8183 0.6452 0.9980 0.8181 0.9998 0.6600 0.8186 0.6862 0.8043 0.6941 0.7486 0.8182 0.8182 0.6089 0.5950 0.7007 0.8184 0.9938 0.9964 0.6592 0.7172 0.9962 0.9942 0.6451 1.0000 0.8186 0.6674 0.7739 0.8187 0.6645 0.6724 0.9991 0.8120 0.6474 0.6017 0.6723 0.6417 0.9961 0.8182 0.9981 0.8091 0.8182 0.7050 0.8186 1.0000 0.7144 0.6883 0.7060 0.8182 
0.6155 0.9960 0.6305 0.8186 0.9950 0.8187 0.6457 0.9997 0.6709 0.7818 0.6783 0.7300 0.9951 0.9951 0.5955 0.5817 0.6838 0.9960 0.8178 0.8187 0.6442 0.7002 0.8187 0.8178 0.6309 0.8186 1.0000 0.6527 0.7544 0.9982 0.6491 0.6575 0.8186 0.7859 0.6332 0.5889 0.6921 0.6285 0.8187 0.9952 0.8186 0.7843 0.9953 0.6876 0.9995 0.8186 0.6969 0.6721 0.7538 0.9951 
0.7778 0.6528 0.8853 0.6674 0.6529 0.6674 0.6329 0.6527 0.7082 0.6765 0.9207 0.6347 0.6529 0.6529 0.8127 0.8093 0.9024 0.6528 0.6675 0.6676 0.9111 0.6134 0.6676 0.6675 0.7076 0.6674 0.6527 1.0000 0.6600 0.6527 0.9070 0.9755 0.6674 0.6851 0.7089 0.7837 0.5782 0.6408 0.6676 0.6529 0.6674 0.6768 0.6529 0.7302 0.6527 0.6674 0.6458 0.7485 0.5679 0.6529 
0.6189 0.7546 0.6355 0.7738 0.7547 0.7739 0.6495 0.7544 0.6730 0.7845 0.6861 0.7294 0.7547 0.7547 0.5998 0.5863 0.6896 0.7546 0.7737 0.7740 0.6499 0.6996 0.7740 0.7737 0.6328 0.7739 0.7544 0.6600 1.0000 0.7544 0.6545 0.6649 0.7739 0.7802 0.6338 0.5915 0.6565 0.6313 0.7740 0.7547 0.7738 0.7812 0.7547 0.6877 0.7544 0.7739 0.6989 0.6736 0.6892 0.7547 
0.6155 0.9954 0.6305 0.8187 0.9945 0.8187 0.6457 0.9980 0.6709 0.7818 0.6783 0.7300 0.9945 0.9946 0.5955 0.5817 0.6838 0.9955 0.8179 0.8188 0.6442 0.7002 0.8188 0.8179 0.6309 0.8187 0.9982 0.6527 0.7544 1.0000 0.6491 0.6575 0.8187 0.7859 0.6332 0.5889 0.6921 0.6285 0.8188 0.9946 0.8187 0.7843 0.9947 0.6876 0.9978 0.8187 0.6969 0.6721 0.7538 0.9946 
0.8241 0.6492 0.8487 0.6644 0.6492 0.6645 0.6235 0.6491 0.6729 0.6702 0.8749 0.6301 0.6493 0.6493 0.8745 0.7625 0.8666 0.6492 0.6646 0.6646 0.8888 0.6090 0.6646 0.6646 0.6770 0.6645 0.6491 0.9070 0.6545 0.6491 1.0000 0.9103 0.6645 0.6798 0.7153 0.7538 0.5750 0.6597 0.6646 0.6493 0.6644 0.6726 0.6493 0.6933 0.6491 0.6645 0.6357 0.7402 0.5658 0.6493 
0.7783 0.6576 0.8790 0.6723 0.6577 0.6724 0.6358 0.6575 0.7055 0.6816 0.9258 0.6392 0.6577 0.6577 0.8129 0.8051 0.9068 0.6576 0.6725 0.6726 0.9046 0.6176 0.6726 0.6725 0.7067 0.6724 0.6575 0.9755 0.6649 0.6575 0.9103 1.0000 0.6724 0.6901 0.7112 0.7829 0.5821 0.6439 0.6726 0.6577 0.6724 0.6820 0.6577 0.7311 0.6575 0.6724 0.6497 0.7526 0.5717 0.6577 
0.6288 0.8183 0.6452 0.9989 0.8181 0.9991 0.6600 0.8186 0.6862 0.8043 0.6941 0.7486 0.8182 0.8182 0.6089 0.5949 0.7007 0.8184 0.9940 0.9962 0.6592 0.7172 0.9964 0.9942 0.6450 0.9991 0.8186 0.6674 0.7739 0.8187 0.6645 0.6724 1.0000 0.8120 0.6474 0.6017 0.6723 0.6416 0.9964 0.8182 0.9989 0.8090 0.8182 0.7050 0.8186 0.9991 0.7144 0.6883 0.7060 0.8182 
0.6422 0.7861 0.6557 0.8120 0.7863 0.8120 0.7100 0.7859 0.7339 0.8245 0.7073 0.7545 0.7863 0.7863 0.6192 0.6271 0.7098 0.7861 0.8120 0.8124 0.6711 0.7251 0.8124 0.8120 0.6916 0.8120 0.7859 0.6851 0.7802 0.7859 0.6798 0.6901 0.8120 1.0000 0.6801 0.6348 0.6732 0.6878 0.8124 0.7862 0.8120 0.8620 0.7862 0.7520 0.7860 0.8120 0.7749 0.7333 0.6788 0.7863 
0.7600 0.6334 0.7010 0.6474 0.6334 0.6474 0.6645 0.6332 0.7332 0.6569 0.7103 0.6154 0.6334 0.6334 0.7130 0.6763 0.6992 0.6334 0.6478 0.6477 0.7027 0.5949 0.6477 0.6478 0.6850 0.6474 0.6332 0.7089 0.6338 0.6332 0.7153 0.7112 0.6474 0.6801 1.0000 0.7376 0.5602 0.7445 0.6476 0.6334 0.6474 0.6589 0.6334 0.7015 0.6333 0.6474 0.6411 0.7041 0.5546 0.6334 
0.7214 0.5890 0.7760 0.6017 0.5891 0.6017 0.6516 0.5889 0.7250 0.6130 0.7767 0.5734 0.5891 0.5891 0.7201 0.8583 0.7627 0.5890 0.6020 0.6019 0.7833 0.5557 0.6019 0.6020 0.7851 0.6017 0.5889 0.7837 0.5915 0.5889 0.7538 0.7829 0.6017 0.6348 0.7376 1.0000 0.5231 0.6637 0.6019 0.5891 0.6017 0.6116 0.5891 0.7435 0.5889 0.6017 0.6469 0.7078 0.5164 0.5891 
0.5460 0.6921 0.5594 0.6723 0.6922 0.6723 0.5714 0.6920 0.5912 0.6809 0.5992 0.6611 0.6922 0.6922 0.5287 0.5176 0.6035 0.6921 0.6720 0.6725 0.5712 0.6565 0.6725 0.6720 0.5592 0.6723 0.6921 0.5782 0.6565 0.6921 0.5750 0.5821 0.6723 0.6732 0.5602 0.5231 1.0000 0.5568 0.6725 0.6922 0.6723 0.6763 0.6922 0.6058 0.6920 0.6723 0.6126 0.5927 0.6042 0.6922 
0.7061 0.6286 0.6231 0.6416 0.6287 0.6417 0.7601 0.6285 0.6866 0.6563 0.6425 0.6119 0.6287 0.6287 0.6628 0.6277 0.6345 0.6286 0.6420 0.6419 0.6349 0.5917 0.6419 0.6420 0.6475 0.6417 0.6285 0.6408 0.6313 0.6285 0.6597 0.6439 0.6416 0.6878 0.7445 0.6637 0.5568 1.0000 0.6419 0.6288 0.6416 0.6549 0.6287 0.6825 0.6285 0.6417 0.6803 0.6783 0.5496 0.6288 
0.6290 0.8184 0.6453 0.9964 0.8183 0.9962 0.6602 0.8187 0.6865 0.8045 0.6943 0.7487 0.8183 0.8183 0.6091 0.5952 0.7009 0.8185 0.9946 0.9982 0.6594 0.7174 0.9998 0.9945 0.6453 0.9961 0.8187 0.6676 0.7740 0.8188 0.6646 0.6726 0.9964 0.8124 0.6476 0.6019 0.6725 0.6419 1.0000 0.8183 0.9964 0.8092 0.8183 0.7053 0.8187 0.9961 0.7147 0.6886 0.7060 0.8183 
0.6157 0.9978 0.6307 0.8182 0.9993 0.8182 0.6460 0.9952 0.6712 0.7821 0.6785 0.7302 0.9998 0.9998 0.5957 0.5819 0.6840 0.9977 0.8174 0.8183 0.6444 0.7004 0.8183 0.8174 0.6311 0.8182 0.9952 0.6529 0.7547 0.9946 0.6493 0.6577 0.8182 0.7862 0.6334 0.5891 0.6922 0.6288 0.8183 1.0000 0.8182 0.7846 0.9994 0.6878 0.9953 0.8182 0.6971 0.6723 0.7536 0.9997 
0.6288 0.8183 0.6452 0.9999 0.8181 0.9980 0.6599 0.8186 0.6862 0.8042 0.6941 0.7486 0.8181 0.8182 0.6089 0.5949 0.7007 0.8184 0.9942 0.9958 0.6592 0.7172 0.9964 0.9940 0.6450 0.9981 0.8186 0.6674 0.7738 0.8187 0.6644 0.6724 0.9989 0.8120 0.6474 0.6017 0.6723 0.6416 0.9964 0.8182 1.0000 0.8090 0.8182 0.7050 0.8186 0.9981 0.7144 0.6883 0.7060 0.8182 
0.6389 0.7845 0.6537 0.8090 0.7846 0.8091 0.6748 0.7843 0.6977 0.8150 0.7039 0.7544 0.7846 0.7846 0.6171 0.6030 0.7083 0.7845 0.8088 0.8092 0.6669 0.7218 0.8092 0.8088 0.6600 0.8091 0.7843 0.6768 0.7812 0.7843 0.6726 0.6820 0.8090 0.8620 0.6589 0.6116 0.6763 0.6549 0.8092 0.7846 0.8090 1.0000 0.7846 0.7093 0.7843 0.8091 0.7300 0.6975 0.6911 0.7846 
0.6157 0.9979 0.6306 0.8182 0.9991 0.8182 0.6460 0.9953 0.6711 0.7821 0.6785 0.7302 0.9994 0.9995 0.5956 0.5819 0.6840 0.9978 0.8174 0.8183 0.6444 0.7004 0.8183 0.8174 0.6311 0.8182 0.9953 0.6529 0.7547 0.9947 0.6493 0.6577 0.8182 0.7862 0.6334 0.5891 0.6922 0.6287 0.8183 0.9994 0.8182 0.7846 1.0000 0.6878 0.9954 0.8182 0.6971 0.6723 0.7536 0.9995 
0.6446 0.6877 0.7027 0.7050 0.6878 0.7050 0.7042 0.6876 0.8271 0.7183 0.7442 0.6670 0.6878 0.6878 0.6359 0.7360 0.7424 0.6877 0.7053 0.7053 0.7051 0.6446 0.7053 0.7053 0.7406 0.7050 0.6876 0.7302 0.6877 0.6876 0.6933 0.7311 0.7050 0.7520 0.7015 0.7435 0.6058 0.6825 0.7053 0.6878 0.7050 0.7093 0.6878 1.0000 0.6876 0.7050 0.7156 0.7520 0.6003 0.6878 
0.6155 0.9960 0.6305 0.8186 0.9952 0.8186 0.6458 0.9997 0.6709 0.7818 0.6783 0.7300 0.9952 0.9953 0.5955 0.5817 0.6838 0.9960 0.8178 0.8187 0.6442 0.7002 0.8187 0.8178 0.6309 0.8186 0.9995 0.6527 0.7544 0.9978 0.6491 0.6575 0.8186 0.7860 0.6333 0.5889 0.6920 0.6285 0.8187 0.9953 0.8186 0.7843 0.9954 0.6876 1.0000 0.8186 0.6969 0.6721 0.7538 0.9953 
0.6288 0.8183 0.6452 0.9980 0.8182 0.9998 0.6600 0.8186 0.6862 0.8043 0.6941 0.7486 0.8182 0.8182 0.6089 0.5950 0.7007 0.8184 0.9938 0.9964 0.6592 0.7172 0.9962 0.9942 0.6451 1.0000 0.8186 0.6674 0.7739 0.8187 0.6645 0.6724 0.9991 0.8120 0.6474 0.6017 0.6723 0.6417 0.9961 0.8182 0.9981 0.8091 0.8182 0.7050 0.8186 1.0000 0.7144 0.6883 0.7060 0.8182 
0.5895 0.6970 0.6068 0.7144 0.6970 0.7144 0.7940 0.6969 0.7148 0.7277 0.6538 0.6760 0.6971 0.6971 0.5701 0.6480 0.6454 0.6970 0.7144 0.7147 0.6249 0.6522 0.7147 0.7144 0.7500 0.7144 0.6969 0.6458 0.6989 0.6969 0.6357 0.6497 0.7144 0.7749 0.6411 0.6469 0.6126 0.6803 0.7147 0.6971 0.7144 0.7300 0.6971 0.7156 0.6969 0.7144 1.0000 0.7060 0.6049 0.6972 
0.6607 0.6722 0.7052 0.6883 0.6723 0.6883 0.7059 0.6721 0.7746 0.7034 0.7254 0.6530 0.6723 0.6723 0.6793 0.7004 0.7258 0.6722 0.6888 0.6886 0.7082 0.6315 0.6886 0.6888 0.7001 0.6883 0.6721 0.7485 0.6736 0.6721 0.7402 0.7526 0.6883 0.7333 0.7041 0.7078 0.5927 0.6783 0.6886 0.6723 0.6883 0.6975 0.6723 0.7520 0.6721 0.6883 0.7060 1.0000 0.5868 0.6723 
0.5388 0.7536 0.5500 0.7060 0.7536 0.7060 0.5635 0.7538 0.5849 0.6675 0.5881 0.6318 0.7536 0.7536 0.5211 0.5091 0.5932 0.7536 0.7056 0.7060 0.5616 0.6098 0.7060 0.7057 0.5517 0.7060 0.7538 0.5679 0.6892 0.7538 0.5658 0.5717 0.7060 0.6788 0.5546 0.5164 0.6042 0.5496 0.7060 0.7536 0.7060 0.6911 0.7536 0.6003 0.7538 0.7060 0.6049 0.5868 1.0000 0.7535 
0.6158 0.9978 0.6307 0.8182 0.9993 0.8182 0.6460 0.9952 0.6712 0.7821 0.6785 0.7302 0.9997 0.9998 0.5957 0.5819 0.6840 0.9977 0.8174 0.8183 0.6444 0.7004 0.8183 0.8174 0.6311 0.8182 0.9951 0.6529 0.7547 0.9946 0.6493 0.6577 0.8182 0.7863 0.6334 0.5891 0.6922 0.6288 0.8183 0.9997 0.8182 0.7846 0.9995 0.6878 0.9953 0.8182 0.6972 0.6723 0.7535 1.0000 
