1.0000 0.5189 0.5387 0.6328 0.5319 0.6009 0.4668 0.5660 0.5881 0.6277 0.5811 0.5685 0.5413 0.5618 0.5681 0.4494 0.4923 0.6503 0.5285 0.5916 0.5670 0.5757 0.5684 0.5534 0.4685 0.6145 0.4910 0.4635 0.5362 0.4905 0.4688 0.5852 0.5613 0.6150 0.4427 0.5161 0.5691 0.4660 0.4760 0.4267 0.6171 0.5882 0.6080 0.4915 0.5357 0.4158 0.5340 0.5519 0.6152 0.5701
0.5189 1.0000 0.4758 0.5754 0.5130 0.5085 0.5144 0.4843 0.5069 0.4776 0.5441 0.5178 0.5633 0.4476 0.4843 0.4035 0.5886 0.5017 0.4839 0.5467 0.5213 0.5484 0.4589 0.6102 0.5466 0.5727 0.5204 0.5710 0.4719 0.5222 0.4701 0.5151 0.5324 0.5193 0.5152 0.4444 0.5429 0.4692 0.6043 0.4361 0.5432 0.5469 0.5565 0.4571 0.4715 0.3995 0.4833 0.4492 0.5332 0.4988
0.5387 0.4758 1.0000 0.5249 0.5197 0.5333 0.4480 0.5250 0.5229 0.5243 0.4737 0.4563 0.5083 0.4573 0.5085 0.4115 0.5213 0.5326 0.4794 0.5426 0.4590 0.5618 0.4696 0.5137 0.4515 0.5130 0.5090 0.4342 0.5234 0.4535 0.4547 0.4918 0.5469 0.5108 0.4512 0.5137 0.4685 0.4560 0.4660 0.4340 0.4769 0.5001 0.5299 0.4710 0.5172 0.4409 0.5209 0.4976 0.5342 0.4911
0.6328 0.5754 0.5249 1.0000 0.5201 0.5392 0.4640 0.5393 0.5664 0.5781 0.5588 0.5880 0.5986 0.5355 0.5598 0.4570 0.5123 0.5460 0.5555 0.6046 0.6253 0.5793 0.5187 0.5492 0.5133 0.6091 0.5238 0.4789 0.5074 0.5043 0.4803 0.5826 0.5993 0.5625 0.4936 0.5126 0.6237 0.4735 0.4922 0.4594 0.6065 0.6539 0.5991 0.5208 0.5291 0.4237 0.5531 0.5303 0.5798 0.5766
0.5319 0.5130 0.5197 0.5201 1.0000 0.5313 0.4950 0.5325 0.5298 0.5133 0.4769 0.4964 0.5825 0.4473 0.5256 0.4502 0.4745 0.4949 0.4991 0.5001 0.4675 0.6429 0.4717 0.4898 0.5112 0.5197 0.4986 0.4114 0.5305 0.4596 0.4704 0.5484 0.5650 0.5755 0.4352 0.4802 0.5268 0.5446 0.4432 0.5698 0.4799 0.4915 0.5730 0.5329 0.5573 0.4820 0.5019 0.4843 0.5714 0.5799
0.6009 0.5085 0.5333 0.5392 0.5313 1.0000 0.4875 0.7308 0.5768 0.6330 0.6170 0.5626 0.5581 0.5509 0.5341 0.5023 0.5074 0.6117 0.5377 0.5890 0.5192 0.5498 0.5474 0.5405 0.4637 0.6006 0.5325 0.4948 0.5289 0.4996 0.5021 0.6183 0.5961 0.5653 0.5105 0.5127 0.6213 0.5072 0.4720 0.4563 0.5349 0.5651 0.6507 0.5140 0.5747 0.4441 0.5574 0.5728 0.6163 0.5642
0.4668 0.5144 0.4480 0.4640 0.4950 0.4875 1.0000 0.4780 0.5440 0.5216 0.4456 0.5019 0.4823 0.5123 0.5302 0.4541 0.6129 0.4896 0.5231 0.4520 0.4089 0.5670 0.4342 0.5157 0.5229 0.4323 0.4945 0.4508 0.4647 0.3635 0.5154 0.5333 0.4474 0.4702 0.4248 0.4782 0.5232 0.4664 0.4582 0.4694 0.4378 0.4597 0.5072 0.5329 0.4811 0.4799 0.5554 0.5064 0.4527 0.4561
0.5660 0.4843 0.5250 0.5393 0.5325 0.7308 0.4780 1.0000 0.6255 0.6354 0.5636 0.5861 0.5842 0.5559 0.4931 0.5064 0.5348 0.6000 0.5733 0.5866 0.5130 0.5172 0.5825 0.4999 0.5143 0.6147 0.5389 0.4966 0.5242 0.4910 0.4720 0.6803 0.6249 0.5300 0.5275 0.5161 0.5809 0.5127 0.4770 0.4695 0.5236 0.5380 0.6246 0.5409 0.5282 0.4281 0.5634 0.6115 0.6387 0.5859
0.5881 0.5069 0.5229 0.5664 0.5298 0.5768 0.5440 0.6255 1.0000 0.5929 0.5659 0.5858 0.5517 0.5987 0.5848 0.4972 0.5752 0.5861 0.6404 0.5521 0.5279 0.5744 0.5476 0.5168 0.5422 0.5958 0.5560 0.4976 0.5700 0.4757 0.5526 0.6756 0.5553 0.5123 0.4835 0.5345 0.5666 0.5068 0.4776 0.4764 0.5398 0.5582 0.6335 0.6154 0.5237 0.4636 0.6576 0.5640 0.6479 0.5654
0.6277 0.4776 0.5243 0.5781 0.5133 0.6330 0.5216 0.6354 0.5929 1.0000 0.5643 0.5638 0.5317 0.5639 0.5573 0.4965 0.5414 0.6444 0.5283 0.5880 0.5193 0.5906 0.5488 0.4999 0.4628 0.5883 0.4881 0.4690 0.5101 0.4580 0.4818 0.6187 0.5640 0.5521 0.4557 0.5161 0.6270 0.4596 0.4647 0.4226 0.5403 0.6224 0.6287 0.5593 0.5537 0.4684 0.5762 0.5878 0.6273 0.5811
0.5811 0.5441 0.4737 0.5588 0.4769 0.6170 0.4456 0.5636 0.5659 0.5643 1.0000 0.5723 0.5488 0.5042 0.5337 0.4725 0.4646 0.5828 0.5022 0.5951 0.5778 0.5311 0.5080 0.5400 0.4511 0.6008 0.5133 0.4970 0.5314 0.5305 0.4590 0.5514 0.5270 0.5111 0.5059 0.5142 0.5773 0.4547 0.4645 0.4512 0.5581 0.5863 0.6307 0.4694 0.5123 0.4068 0.5197 0.5240 0.5954 0.5329
0.5685 0.5178 0.4563 0.5880 0.4964 0.5626 0.5019 0.5861 0.5858 0.5638 0.5723 1.0000 0.5676 0.6183 0.5088 0.4377 0.4684 0.5533 0.6373 0.6093 0.5242 0.5240 0.5778 0.5060 0.4644 0.5897 0.5620 0.4598 0.4776 0.4817 0.5072 0.6424 0.6100 0.5356 0.4999 0.5298 0.5925 0.4802 0.5036 0.4604 0.5685 0.5352 0.5560 0.5544 0.5005 0.4622 0.5686 0.5121 0.5796 0.5549
0.5413 0.5633 0.5083 0.5986 0.5825 0.5581 0.4823 0.5842 0.5517 0.5317 0.5488 0.5676 1.0000 0.5236 0.4806 0.5166 0.5077 0.5719 0.5440 0.6247 0.5063 0.5511 0.5189 0.5329 0.5680 0.5871 0.5658 0.4940 0.5788 0.5104 0.4625 0.5856 0.5942 0.5631 0.5503 0.5264 0.6282 0.5291 0.5093 0.5348 0.5499 0.5671 0.5582 0.5248 0.5588 0.4736 0.5412 0.5114 0.5705 0.5578
0.5618 0.4476 0.4573 0.5355 0.4473 0.5509 0.5123 0.5559 0.5987 0.5639 0.5042 0.6183 0.5236 1.0000 0.4904 0.4665 0.5096 0.5352 0.6292 0.5375 0.4875 0.5024 0.5733 0.4794 0.4364 0.5324 0.5383 0.4682 0.4835 0.4160 0.5117 0.6391 0.5053 0.5153 0.4510 0.4746 0.5677 0.4617 0.4128 0.4244 0.5632 0.5057 0.5623 0.5285 0.5100 0.4457 0.5985 0.5360 0.5111 0.4957
0.5681 0.4843 0.5085 0.5598 0.5256 0.5341 0.5302 0.4931 0.5848 0.5573 0.5337 0.5088 0.4806 0.4904 1.0000 0.4461 0.4826 0.5500 0.5145 0.5155 0.4890 0.6715 0.4676 0.4941 0.4535 0.5187 0.4602 0.3943 0.5076 0.4522 0.5347 0.5343 0.4898 0.5050 0.4104 0.5251 0.5232 0.4849 0.4310 0.4444 0.5266 0.5557 0.5890 0.5351 0.4933 0.4441 0.5541 0.5322 0.5538 0.5262
0.4494 0.4035 0.4115 0.4570 0.4502 0.5023 0.4541 0.5064 0.4972 0.4965 0.4725 0.4377 0.5166 0.4665 0.4461 1.0000 0.4759 0.4857 0.4557 0.4404 0.4024 0.4579 0.5178 0.4174 0.4565 0.4671 0.3878 0.4412 0.5213 0.4694 0.3807 0.5119 0.4443 0.4670 0.5193 0.5454 0.5240 0.4160 0.3711 0.4169 0.4289 0.4764 0.5144 0.4855 0.4948 0.3906 0.4864 0.5195 0.4708 0.4602
0.4923 0.5886 0.5213 0.5123 0.4745 0.5074 0.6129 0.5348 0.5752 0.5414 0.4646 0.4684 0.5077 0.5096 0.4826 0.4759 1.0000 0.5163 0.5257 0.4868 0.4482 0.5353 0.4923 0.5590 0.5764 0.5030 0.4922 0.5392 0.5071 0.4289 0.4845 0.5655 0.4770 0.4529 0.4731 0.4703 0.4976 0.4768 0.5180 0.4364 0.4711 0.4846 0.5560 0.5209 0.4983 0.4370 0.5741 0.5128 0.5076 0.4765
0.6503 0.5017 0.5326 0.5460 0.4949 0.6117 0.4896 0.6000 0.5861 0.6444 0.5828 0.5533 0.5719 0.5352 0.5500 0.4857 0.5163 1.0000 0.5171 0.5964 0.5234 0.5555 0.5223 0.5273 0.4730 0.5877 0.4861 0.5167 0.5496 0.5013 0.4514 0.6106 0.5426 0.5204 0.4977 0.5221 0.5590 0.5154 0.4851 0.4189 0.5280 0.5603 0.5888 0.5034 0.5318 0.4421 0.5236 0.6282 0.6167 0.5395
0.5285 0.4839 0.4794 0.5555 0.4991 0.5377 0.5231 0.5733 0.6404 0.5283 0.5022 0.6373 0.5440 0.6292 0.5145 0.4557 0.5257 0.5171 1.0000 0.5357 0.4879 0.5467 0.5790 0.5063 0.5091 0.5497 0.5568 0.4581 0.5318 0.4175 0.5611 0.6910 0.5231 0.4963 0.4733 0.5295 0.5374 0.4940 0.4617 0.4892 0.5351 0.4934 0.5808 0.6168 0.4823 0.4658 0.6535 0.5079 0.5377 0.5504
0.5916 0.5467 0.5426 0.6046 0.5001 0.5890 0.4520 0.5866 0.5521 0.5880 0.5951 0.6093 0.6247 0.5375 0.5155 0.4404 0.4868 0.5964 0.5357 1.0000 0.5792 0.5396 0.5483 0.5769 0.4764 0.6977 0.5911 0.4755 0.5337 0.4988 0.4811 0.5534 0.6262 0.5513 0.4887 0.5409 0.5700 0.4791 0.5412 0.4475 0.6096 0.6155 0.5966 0.4772 0.5811 0.4737 0.5745 0.5132 0.5924 0.5929
0.5670 0.5213 0.4590 0.6253 0.4675 0.5192 0.4089 0.5130 0.5279 0.5193 0.5778 0.5242 0.5063 0.4875 0.4890 0.4024 0.4482 0.5234 0.4879 0.5792 1.0000 0.5111 0.4804 0.5144 0.4800 0.5896 0.4826 0.5029 0.4721 0.4638 0.4421 0.5318 0.5468 0.5170 0.4298 0.4605 0.5400 0.4526 0.4416 0.4231 0.5843 0.6281 0.5873 0.4880 0.5263 0.4146 0.5123 0.4973 0.5745 0.5814
0.5757 0.5484 0.5618 0.5793 0.6429 0.5498 0.5670 0.5172 0.5744 0.5906 0.5311 0.5240 0.5511 0.5024 0.6715 0.4579 0.5353 0.5555 0.5467 0.5396 0.5111 1.0000 0.4940 0.5477 0.4960 0.5459 0.5313 0.4171 0.5529 0.4649 0.5437 0.5626 0.5322 0.5677 0.4583 0.5266 0.5352 0.5278 0.4654 0.5226 0.5456 0.5331 0.6303 0.5918 0.5489 0.5219 0.5827 0.5130 0.5672 0.5520
0.5684 0.4589 0.4696 0.5187 0.4717 0.5474 0.4342 0.5825 0.5476 0.5488 0.5080 0.5778 0.5189 0.5733 0.4676 0.5178 0.4923 0.5223 0.5790 0.5483 0.4804 0.4940 1.0000 0.4624 0.4503 0.5826 0.4702 0.4337 0.5006 0.5201 0.4403 0.6019 0.5193 0.4967 0.5277 0.5659 0.5136 0.4292 0.4439 0.4217 0.5536 0.4911 0.5592 0.4854 0.4745 0.4218 0.5266 0.4856 0.5501 0.5202
0.5534 0.6102 0.5137 0.5492 0.4898 0.5405 0.5157 0.4999 0.5168 0.4999 0.5400 0.5060 0.5329 0.4794 0.4941 0.4174 0.5590 0.5273 0.5063 0.5769 0.5144 0.5477 0.4624 1.0000 0.5124 0.5564 0.5044 0.5030 0.5228 0.4491 0.4568 0.5097 0.5237 0.5178 0.4434 0.5105 0.5403 0.4204 0.5090 0.4633 0.5189 0.5246 0.5619 0.4665 0.5124 0.3989 0.5245 0.5200 0.5087 0.5341
0.4685 0.5466 0.4515 0.5133 0.5112 0.4637 0.5229 0.5143 0.5422 0.4628 0.4511 0.4644 0.5680 0.4364 0.4535 0.4565 0.5764 0.4730 0.5091 0.4764 0.4800 0.4960 0.4503 0.5124 1.0000 0.5219 0.4678 0.5074 0.5042 0.4283 0.4215 0.5242 0.5053 0.4713 0.4414 0.4806 0.5094 0.4860 0.5052 0.4980 0.4812 0.4961 0.5133 0.5650 0.4837 0.4555 0.5096 0.4796 0.5413 0.4987
0.6145 0.5727 0.5130 0.6091 0.5197 0.6006 0.4323 0.6147 0.5958 0.5883 0.6008 0.5897 0.5871 0.5324 0.5187 0.4671 0.5030 0.5877 0.5497 0.6977 0.5896 0.5459 0.5826 0.5564 0.5219 1.0000 0.5313 0.4882 0.5382 0.5495 0.4701 0.5759 0.6393 0.5689 0.4855 0.5011 0.5549 0.4840 0.5488 0.4447 0.6274 0.6417 0.6329 0.5035 0.5536 0.4580 0.5617 0.5213 0.6371 0.6112
0.4910 0.5204 0.5090 0.5238 0.4986 0.5325 0.4945 0.5389 0.5560 0.4881 0.5133 0.5620 0.5658 0.5383 0.4602 0.3878 0.4922 0.4861 0.5568 0.5911 0.4826 0.5313 0.4702 0.5044 0.4678 0.5313 1.0000 0.4474 0.4627 0.4515 0.5077 0.5478 0.5207 0.5128 0.5575 0.4660 0.5292 0.5113 0.4456 0.4718 0.5167 0.4832 0.5318 0.4927 0.5098 0.4791 0.5442 0.4845 0.5054 0.4803
0.4635 0.5710 0.4342 0.4789 0.4114 0.4948 0.4508 0.4966 0.4976 0.4690 0.4970 0.4598 0.4940 0.4682 0.3943 0.4412 0.5392 0.5167 0.4581 0.4755 0.5029 0.4171 0.4337 0.5030 0.5074 0.4882 0.4474 1.0000 0.4490 0.4668 0.3893 0.5395 0.4454 0.4373 0.4983 0.4377 0.5425 0.4509 0.4883 0.4057 0.4376 0.5188 0.4992 0.4368 0.4534 0.3811 0.4615 0.5021 0.4976 0.4528
0.5362 0.4719 0.5234 0.5074 0.5305 0.5289 0.4647 0.5242 0.5700 0.5101 0.5314 0.4776 0.5788 0.4835 0.5076 0.5213 0.5071 0.5496 0.5318 0.5337 0.4721 0.5529 0.5006 0.5228 0.5042 0.5382 0.4627 0.4490 1.0000 0.4366 0.4603 0.5450 0.5024 0.5123 0.4440 0.5478 0.5068 0.4587 0.4482 0.4862 0.4943 0.4991 0.5684 0.5192 0.5177 0.4516 0.5508 0.5038 0.5462 0.5316
0.4905 0.5222 0.4535 0.5043 0.4596 0.4996 0.3635 0.4910 0.4757 0.4580 0.5305 0.4817 0.5104 0.4160 0.4522 0.4694 0.4289 0.5013 0.4175 0.4988 0.4638 0.4649 0.5201 0.4491 0.4283 0.5495 0.4515 0.4668 0.4366 1.0000 0.3835 0.4823 0.4758 0.4793 0.5789 0.4667 0.5160 0.4396 0.4254 0.3771 0.4870 0.5110 0.4969 0.4275 0.4156 0.3821 0.4227 0.4886 0.5224 0.4487
0.4688 0.4701 0.4547 0.4803 0.4704 0.5021 0.5154 0.4720 0.5526 0.4818 0.4590 0.5072 0.4625 0.5117 0.5347 0.3807 0.4845 0.4514 0.5611 0.4811 0.4421 0.5437 0.4403 0.4568 0.4215 0.4701 0.5077 0.3893 0.4603 0.3835 1.0000 0.5294 0.4555 0.4529 0.4014 0.4681 0.5028 0.4458 0.4148 0.4469 0.4621 0.4531 0.5516 0.5318 0.4575 0.4486 0.5792 0.4327 0.4747 0.4812
0.5852 0.5151 0.4918 0.5826 0.5484 0.6183 0.5333 0.6803 0.6756 0.6187 0.5514 0.6424 0.5856 0.6391 0.5343 0.5119 0.5655 0.6106 0.6910 0.5534 0.5318 0.5626 0.6019 0.5097 0.5242 0.5759 0.5478 0.5395 0.5450 0.4823 0.5294 1.0000 0.5543 0.5240 0.5209 0.5396 0.6089 0.5653 0.4685 0.5196 0.5466 0.5308 0.6415 0.5893 0.5242 0.4526 0.6040 0.5890 0.6273 0.5813
0.5613 0.5324 0.5469 0.5993 0.5650 0.5961 0.4474 0.6249 0.5553 0.5640 0.5270 0.6100 0.5942 0.5053 0.4898 0.4443 0.4770 0.5426 0.5231 0.6262 0.5468 0.5322 0.5193 0.5237 0.5053 0.6393 0.5207 0.4454 0.5024 0.4758 0.4555 0.5543 1.0000 0.5959 0.4523 0.5057 0.5734 0.4867 0.5350 0.4696 0.5676 0.6057 0.5746 0.5148 0.5407 0.4403 0.5209 0.5119 0.6385 0.6206
0.6150 0.5193 0.5108 0.5625 0.5755 0.5653 0.4702 0.5300 0.5123 0.5521 0.5111 0.5356 0.5631 0.5153 0.5050 0.4670 0.4529 0.5204 0.4963 0.5513 0.5170 0.5677 0.4967 0.5178 0.4713 0.5689 0.5128 0.4373 0.5123 0.4793 0.4529 0.5240 0.5959 1.0000 0.4739 0.4816 0.5706 0.4527 0.4932 0.4700 0.5675 0.5723 0.5493 0.4908 0.5340 0.4593 0.5019 0.4797 0.5894 0.5502
0.4427 0.5152 0.4512 0.4936 0.4352 0.5105 0.4248 0.5275 0.4835 0.4557 0.5059 0.4999 0.5503 0.4510 0.4104 0.5193 0.4731 0.4977 0.4733 0.4887 0.4298 0.4583 0.5277 0.4434 0.4414 0.4855 0.5575 0.4983 0.4440 0.5789 0.4014 0.5209 0.4523 0.4739 1.0000 0.5037 0.5284 0.4615 0.4464 0.4109 0.4609 0.4605 0.4662 0.4412 0.4230 0.3980 0.4721 0.5017 0.4869 0.4213
0.5161 0.4444 0.5137 0.5126 0.4802 0.5127 0.4782 0.5161 0.5345 0.5161 0.5142 0.5298 0.5264 0.4746 0.5251 0.5454 0.4703 0.5221 0.5295 0.5409 0.4605 0.5266 0.5659 0.5105 0.4806 0.5011 0.4660 0.4377 0.5478 0.4667 0.4681 0.5396 0.5057 0.4816 0.5037 1.0000 0.5256 0.4206 0.4595 0.4757 0.4793 0.4848 0.5528 0.5209 0.4980 0.4256 0.5393 0.5068 0.5257 0.5263
0.5691 0.5429 0.4685 0.6237 0.5268 0.6213 0.5232 0.5809 0.5666 0.6270 0.5773 0.5925 0.6282 0.5677 0.5232 0.5240 0.4976 0.5590 0.5374 0.5700 0.5400 0.5352 0.5136 0.5403 0.5094 0.5549 0.5292 0.5425 0.5068 0.5160 0.5028 0.6089 0.5734 0.5706 0.5284 0.5256 1.0000 0.5177 0.4425 0.5083 0.5320 0.6467 0.6006 0.5504 0.5954 0.4607 0.5588 0.5912 0.5475 0.5580
0.4660 0.4692 0.4560 0.4735 0.5446 0.5072 0.4664 0.5127 0.5068 0.4596 0.4547 0.4802 0.5291 0.4617 0.4849 0.4160 0.4768 0.5154 0.4940 0.4791 0.4526 0.5278 0.4292 0.4204 0.4860 0.4840 0.5113 0.4509 0.4587 0.4396 0.4458 0.5653 0.4867 0.4527 0.4615 0.4206 0.5177 1.0000 0.3906 0.5356 0.4552 0.4419 0.5197 0.4929 0.5373 0.4760 0.4688 0.4984 0.5192 0.4465
0.4760 0.6043 0.4660 0.4922 0.4432 0.4720 0.4582 0.4770 0.4776 0.4647 0.4645 0.5036 0.5093 0.4128 0.4310 0.3711 0.5180 0.4851 0.4617 0.5412 0.4416 0.4654 0.4439 0.5090 0.5052 0.5488 0.4456 0.4883 0.4482 0.4254 0.4148 0.4685 0.5350 0.4932 0.4464 0.4595 0.4425 0.3906 1.0000 0.3863 0.4917 0.4814 0.4624 0.4225 0.4035 0.3970 0.4765 0.3916 0.5624 0.4787
0.4267 0.4361 0.4340 0.4594 0.5698 0.4563 0.4694 0.4695 0.4764 0.4226 0.4512 0.4604 0.5348 0.4244 0.4444 0.4169 0.4364 0.4189 0.4892 0.4475 0.4231 0.5226 0.4217 0.4633 0.4980 0.4447 0.4718 0.4057 0.4862 0.3771 0.4469 0.5196 0.4696 0.4700 0.4109 0.4757 0.5083 0.5356 0.3863 1.0000 0.4260 0.4186 0.5304 0.5122 0.5132 0.5043 0.4694 0.4329 0.4651 0.4677
0.6171 0.5432 0.4769 0.6065 0.4799 0.5349 0.4378 0.5236 0.5398 0.5403 0.5581 0.5685 0.5499 0.5632 0.5266 0.4289 0.4711 0.5280 0.5351 0.6096 0.5843 0.5456 0.5536 0.5189 0.4812 0.6274 0.5167 0.4376 0.4943 0.4870 0.4621 0.5466 0.5676 0.5675 0.4609 0.4793 0.5320 0.4552 0.4917 0.4260 1.0000 0.5829 0.5860 0.5001 0.4968 0.4199 0.5365 0.4947 0.5748 0.5546
0.5882 0.5469 0.5001 0.6539 0.4915 0.5651 0.4597 0.5380 0.5582 0.6224 0.5863 0.5352 0.5671 0.5057 0.5557 0.4764 0.4846 0.5603 0.4934 0.6155 0.6281 0.5331 0.4911 0.5246 0.4961 0.6417 0.4832 0.5188 0.4991 0.5110 0.4531 0.5308 0.6057 0.5723 0.4605 0.4848 0.6467 0.4419 0.4814 0.4186 0.5829 1.0000 0.5921 0.4979 0.5639 0.4148 0.5475 0.5536 0.5956 0.6253
0.6080 0.5565 0.5299 0.5991 0.5730 0.6507 0.5072 0.6246 0.6335 0.6287 0.6307 0.5560 0.5582 0.5623 0.5890 0.5144 0.5560 0.5888 0.5808 0.5966 0.5873 0.6303 0.5592 0.5619 0.5133 0.6329 0.5318 0.4992 0.5684 0.4969 0.5516 0.6415 0.5746 0.5493 0.4662 0.5528 0.6006 0.5197 0.4624 0.5304 0.5860 0.5921 1.0000 0.5896 0.5834 0.4416 0.6351 0.5711 0.6342 0.6214
0.4915 0.4571 0.4710 0.5208 0.5329 0.5140 0.5329 0.5409 0.6154 0.5593 0.4694 0.5544 0.5248 0.5285 0.5351 0.4855 0.5209 0.5034 0.6168 0.4772 0.4880 0.5918 0.4854 0.4665 0.5650 0.5035 0.4927 0.4368 0.5192 0.4275 0.5318 0.5893 0.5148 0.4908 0.4412 0.5209 0.5504 0.4929 0.4225 0.5122 0.5001 0.4979 0.5896 1.0000 0.5386 0.4961 0.6338 0.5209 0.5377 0.5549
0.5357 0.4715 0.5172 0.5291 0.5573 0.5747 0.4811 0.5282 0.5237 0.5537 0.5123 0.5005 0.5588 0.5100 0.4933 0.4948 0.4983 0.5318 0.4823 0.5811 0.5263 0.5489 0.4745 0.5124 0.4837 0.5536 0.5098 0.4534 0.5177 0.4156 0.4575 0.5242 0.5407 0.5340 0.4230 0.4980 0.5954 0.5373 0.4035 0.5132 0.4968 0.5639 0.5834 0.5386 1.0000 0.4973 0.5311 0.5084 0.5250 0.5366
0.4158 0.3995 0.4409 0.4237 0.4820 0.4441 0.4799 0.4281 0.4636 0.4684 0.4068 0.4622 0.4736 0.4457 0.4441 0.3906 0.4370 0.4421 0.4658 0.4737 0.4146 0.5219 0.4218 0.3989 0.4555 0.4580 0.4791 0.3811 0.4516 0.3821 0.4486 0.4526 0.4403 0.4593 0.3980 0.4256 0.4607 0.4760 0.3970 0.5043 0.4199 0.4148 0.4416 0.4961 0.4973 1.0000 0.4854 0.3914 0.4504 0.4131
0.5340 0.4833 0.5209 0.5531 0.5019 0.5574 0.5554 0.5634 0.6576 0.5762 0.5197 0.5686 0.5412 0.5985 0.5541 0.4864 0.5741 0.5236 0.6535 0.5745 0.5123 0.5827 0.5266 0.5245 0.5096 0.5617 0.5442 0.4615 0.5508 0.4227 0.5792 0.6040 0.5209 0.5019 0.4721 0.5393 0.5588 0.4688 0.4765 0.4694 0.5365 0.5475 0.6351 0.6338 0.5311 0.4854 1.0000 0.5344 0.5406 0.5507
0.5519 0.4492 0.4976 0.5303 0.4843 0.5728 0.5064 0.6115 0.5640 0.5878 0.5240 0.5121 0.5114 0.5360 0.5322 0.5195 0.5128 0.6282 0.5079 0.5132 0.4973 0.5130 0.4856 0.5200 0.4796 0.5213 0.4845 0.5021 0.5038 0.4886 0.4327 0.5890 0.5119 0.4797 0.5017 0.5068 0.5912 0.4984 0.3916 0.4329 0.4947 0.5536 0.5711 0.5209 0.5084 0.3914 0.5344 1.0000 0.5312 0.5140
0.6152 0.5332 0.5342 0.5798 0.5714 0.6163 0.4527 0.6387 0.6479 0.6273 0.5954 0.5796 0.5705 0.5111 0.5538 0.4708 0.5076 0.6167 0.5377 0.5924 0.5745 0.5672 0.5501 0.5087 0.5413 0.6371 0.5054 0.4976 0.5462 0.5224 0.4747 0.6273 0.6385 0.5894 0.4869 0.5257 0.5475 0.5192 0.5624 0.4651 0.5748 0.5956 0.6342 0.5377 0.5250 0.4504 0.5406 0.5312 1.0000 0.6155
0.5701 0.4988 0.4911 0.5766 0.5799 0.5642 0.4561 0.5859 0.5654 0.5811 0.5329 0.5549 0.5578 0.4957 0.5262 0.4602 0.4765 0.5395 0.5504 0.5929 0.5814 0.5520 0.5202 0.5341 0.4987 0.6112 0.4803 0.4528 0.5316 0.4487 0.4812 0.5813 0.6206 0.5502 0.4213 0.5263 0.5580 0.4465 0.4787 0.4677 0.5546 0.6253 0.6214 0.5549 0.5366 0.4131 0.5507 0.5140 0.6155 1.0000
