
Using the parameter settings in the file: 
''1763145196/clumpp.paramfile''

Parameter settings
----------------------- Main parameters -------------------------
DATATYPE = 0
INDFILE = 1763145196/ClumppIndFile
POPFILE = 
OUTFILE = 1763145196/ClumppIndFile.output
MISCFILE = 1763145196/ClumppIndFile.misc
K = 15
C = 94
R = 50
M = 3
W = 0
S = 2
- Additional options for the Greedy and LargeKGreedy algorithms -
GREEDY_OPTION = 2
REPEATS = 2000
PERMUTATIONFILE = 
----------------------- Optional outputs ------------------------
PRINT_PERMUTED_DATA = 0
PERMUTED_DATAFILE = 
PRINT_EVERY_PERM = 0
EVERY_PERMFILE = 
PRINT_RANDOM_INPUTORDER = 0
RANDOM_INPUTORDERFILE = 
----------------------- Advanced options ------------------------
OVERRIDE_WARNINGS = 0
ORDER_BY_RUN = 1


In total, 2000 configurations of runs and clusters will be tested.

Results
------------------------------
The highest value of H' is: 0.32861209172911

The list of permutations of the clusters that produces that
H' value is (runs are listed sequentially on separate rows)

1 2 3 4 5 6 7 8 9 10 11 12 13 14 15 
9 12 6 7 14 8 5 4 3 2 10 11 1 15 13 
11 5 9 13 6 2 14 3 8 15 7 1 4 12 10 
3 1 5 12 15 13 14 11 4 8 10 9 2 6 7 
7 8 5 9 3 15 6 10 13 4 2 11 12 14 1 
5 6 8 12 7 15 13 3 11 14 1 2 10 9 4 
9 15 4 2 8 11 14 5 10 1 13 6 12 3 7 
6 1 3 7 15 11 4 10 13 8 9 12 2 14 5 
12 15 14 13 10 11 8 9 7 1 5 4 2 6 3 
2 15 3 12 11 9 8 5 1 10 6 13 14 4 7 
11 8 15 12 9 10 5 2 3 4 13 1 7 14 6 
7 13 1 9 12 8 10 14 6 15 5 3 4 11 2 
8 10 13 9 6 7 12 1 5 2 15 14 11 3 4 
1 4 10 5 7 3 13 9 8 2 6 15 11 14 12 
6 8 15 9 12 3 13 4 1 2 5 11 14 7 10 
11 1 7 14 12 13 5 9 4 3 2 10 6 15 8 
14 1 11 6 15 4 13 8 10 2 3 12 9 7 5 
7 4 9 8 2 12 10 1 13 11 5 3 6 15 14 
11 9 12 6 4 2 3 14 7 8 1 10 5 15 13 
15 13 14 1 11 9 4 2 5 8 12 3 7 10 6 
2 4 1 9 13 8 14 3 7 6 15 12 11 5 10 
11 15 7 9 5 3 10 12 2 1 13 6 8 4 14 
2 9 8 5 14 7 6 3 4 12 15 13 11 1 10 
10 9 15 7 3 11 6 8 4 14 2 1 5 12 13 
5 2 14 10 7 6 8 11 1 15 3 12 13 4 9 
2 5 13 3 7 11 15 8 6 10 1 12 4 14 9 
6 9 11 8 14 7 15 4 12 2 10 3 13 5 1 
12 3 10 1 5 6 13 2 4 8 7 9 14 11 15 
4 10 6 11 14 9 12 15 7 1 2 3 8 5 13 
14 3 10 6 2 13 8 11 4 9 5 1 7 12 15 
14 10 4 3 2 1 5 7 13 8 11 12 6 9 15 
5 9 8 3 4 11 12 14 15 13 6 2 10 1 7 
14 2 13 3 1 12 7 10 4 5 11 9 8 15 6 
6 12 1 3 9 15 5 7 14 4 8 2 10 11 13 
9 12 3 11 6 15 14 4 7 10 13 2 5 8 1 
12 5 7 6 9 11 3 1 2 14 10 8 13 15 4 
14 12 15 6 8 9 10 1 11 7 13 2 3 5 4 
14 6 10 12 15 2 11 7 9 13 8 3 5 4 1 
5 7 4 3 12 13 2 14 1 10 8 15 11 6 9 
14 9 12 10 4 11 13 6 3 1 5 15 2 7 8 
2 5 15 3 10 11 9 6 8 14 12 1 7 13 4 
13 8 1 10 9 2 15 6 11 7 5 14 12 4 3 
13 15 10 2 1 5 4 7 11 6 9 8 12 3 14 
5 3 10 7 4 8 13 6 14 1 11 9 15 2 12 
15 10 4 14 6 9 12 1 8 2 5 13 7 11 3 
4 14 8 13 10 2 15 6 12 1 11 5 9 7 3 
15 3 13 7 2 10 6 12 14 8 4 5 9 1 11 
15 6 2 10 13 11 7 8 5 1 9 14 12 4 3 
9 4 8 15 5 13 6 10 3 12 14 2 7 1 11 
8 15 1 10 7 4 14 9 12 5 6 13 3 2 11 

The pairwise G' values for each pair of runs where the clusters
of each run are permuted according to the list of permutations above

1.0000 0.2871 0.2997 0.3195 0.3708 0.2996 0.2968 0.2956 0.3043 0.3553 0.3219 0.3367 0.3556 0.3336 0.3523 0.3152 0.3089 0.2925 0.2841 0.3038 0.3812 0.2948 0.3327 0.3319 0.3245 0.3669 0.3474 0.3453 0.2996 0.3673 0.2997 0.2986 0.3100 0.3434 0.3067 0.3466 0.3232 0.3276 0.2854 0.3147 0.2877 0.3505 0.2970 0.3095 0.3216 0.3463 0.3299 0.3059 0.3476 0.2812 
0.2871 1.0000 0.3178 0.3761 0.3117 0.3350 0.3530 0.3353 0.3662 0.3086 0.3150 0.2934 0.2713 0.3429 0.2842 0.3020 0.3397 0.3343 0.3216 0.3382 0.3172 0.3108 0.3366 0.3489 0.3082 0.3448 0.3220 0.3213 0.3351 0.3052 0.3089 0.4307 0.3117 0.3238 0.3532 0.3055 0.3560 0.3627 0.3150 0.3459 0.3025 0.3188 0.3255 0.3466 0.3224 0.3436 0.3089 0.2886 0.3074 0.3343 
0.2997 0.3178 1.0000 0.3570 0.3169 0.3846 0.3446 0.3235 0.3140 0.3174 0.3529 0.3407 0.3375 0.2887 0.3044 0.2969 0.3370 0.3088 0.3207 0.3337 0.3498 0.3004 0.3540 0.3306 0.3396 0.3432 0.3821 0.3209 0.3563 0.3022 0.2970 0.3217 0.2937 0.3431 0.3402 0.3436 0.3688 0.3402 0.3189 0.3766 0.3047 0.3286 0.3351 0.3074 0.3218 0.3025 0.3246 0.3256 0.3114 0.3296 
0.3195 0.3761 0.3570 1.0000 0.3186 0.3345 0.3877 0.3404 0.3668 0.3207 0.3398 0.3332 0.3530 0.2996 0.3493 0.2771 0.3735 0.3618 0.3482 0.3721 0.3306 0.3668 0.3881 0.3081 0.3484 0.3483 0.3497 0.3391 0.3430 0.3244 0.3256 0.3369 0.3093 0.3722 0.3976 0.3322 0.3565 0.3803 0.3380 0.3798 0.3584 0.3646 0.3636 0.3544 0.3440 0.3683 0.3120 0.3108 0.3343 0.3334 
0.3708 0.3117 0.3169 0.3186 1.0000 0.3505 0.3226 0.2854 0.3628 0.3285 0.2932 0.3337 0.3323 0.3133 0.3390 0.3021 0.3046 0.3235 0.3414 0.3581 0.3395 0.3121 0.3102 0.3428 0.3073 0.3643 0.3492 0.3266 0.3076 0.3689 0.2817 0.3251 0.2684 0.3603 0.3755 0.3099 0.3012 0.3508 0.3143 0.3426 0.3106 0.3789 0.3478 0.3289 0.3315 0.2952 0.3220 0.2772 0.3115 0.2883 
0.2996 0.3350 0.3846 0.3345 0.3505 1.0000 0.3438 0.3595 0.3126 0.2882 0.3501 0.3160 0.3066 0.3145 0.3228 0.3145 0.3257 0.3082 0.3349 0.3362 0.3286 0.2794 0.3464 0.3437 0.3447 0.3314 0.3370 0.3146 0.3555 0.2969 0.3177 0.3420 0.3057 0.3169 0.3628 0.3507 0.3934 0.3141 0.3387 0.3302 0.2946 0.3139 0.3556 0.3173 0.3330 0.3119 0.3733 0.3134 0.3140 0.3267 
0.2968 0.3530 0.3446 0.3877 0.3226 0.3438 1.0000 0.3303 0.3209 0.3338 0.3061 0.3128 0.3152 0.3035 0.3053 0.2742 0.3319 0.3262 0.2736 0.3279 0.3378 0.3101 0.3540 0.3275 0.3129 0.3374 0.3319 0.2942 0.3293 0.3305 0.3066 0.3613 0.3966 0.3298 0.3344 0.3304 0.3382 0.3378 0.3104 0.3569 0.3207 0.3312 0.3546 0.3370 0.3118 0.3327 0.3195 0.3144 0.3200 0.4074 
0.2956 0.3353 0.3235 0.3404 0.2854 0.3595 0.3303 1.0000 0.3570 0.2857 0.3054 0.2970 0.3581 0.3191 0.3444 0.2593 0.3753 0.3289 0.3198 0.3309 0.3593 0.2417 0.3914 0.3103 0.3214 0.3176 0.3360 0.2971 0.3602 0.3276 0.3318 0.3593 0.3010 0.3488 0.3308 0.3332 0.3394 0.3427 0.3197 0.3802 0.3227 0.3278 0.3868 0.3259 0.2869 0.3262 0.3448 0.3539 0.3097 0.3436 
0.3043 0.3662 0.3140 0.3668 0.3628 0.3126 0.3209 0.3570 1.0000 0.3690 0.3194 0.3033 0.3510 0.3591 0.3667 0.2908 0.3708 0.4202 0.3767 0.3937 0.3499 0.3109 0.3406 0.3624 0.3125 0.3671 0.3751 0.3747 0.3877 0.3333 0.3333 0.3810 0.2860 0.3229 0.3734 0.3437 0.3509 0.4120 0.3360 0.3586 0.3788 0.3869 0.3708 0.3847 0.3288 0.3501 0.3361 0.3110 0.3671 0.3266 
0.3553 0.3086 0.3174 0.3207 0.3285 0.2882 0.3338 0.2857 0.3690 1.0000 0.2837 0.3233 0.3146 0.3090 0.3963 0.2890 0.3063 0.2976 0.2826 0.3490 0.3192 0.2675 0.3288 0.3071 0.2955 0.3149 0.3187 0.3481 0.3299 0.2957 0.3123 0.3205 0.3142 0.3429 0.2955 0.3205 0.3294 0.3240 0.3062 0.2935 0.2795 0.3653 0.3168 0.3408 0.3348 0.3724 0.2801 0.2583 0.3361 0.3345 
0.3219 0.3150 0.3529 0.3398 0.2932 0.3501 0.3061 0.3054 0.3194 0.2837 1.0000 0.3048 0.2835 0.3216 0.3077 0.2764 0.3118 0.3105 0.2936 0.2930 0.3077 0.2505 0.3286 0.3810 0.3343 0.2964 0.3503 0.2971 0.3725 0.3474 0.3531 0.3030 0.2888 0.3246 0.3168 0.3068 0.3487 0.3158 0.2894 0.3293 0.2996 0.3434 0.3263 0.3119 0.2791 0.3094 0.3041 0.3372 0.3410 0.3062 
0.3367 0.2934 0.3407 0.3332 0.3337 0.3160 0.3128 0.2970 0.3033 0.3233 0.3048 1.0000 0.3206 0.2845 0.3345 0.3182 0.3393 0.2842 0.3019 0.3303 0.3320 0.3299 0.3338 0.2818 0.3185 0.3363 0.3585 0.3614 0.3346 0.3033 0.2735 0.3020 0.2987 0.3081 0.3436 0.3334 0.3501 0.3149 0.2622 0.3226 0.2845 0.3498 0.2759 0.2974 0.3460 0.3300 0.2947 0.3172 0.3018 0.2959 
0.3556 0.2713 0.3375 0.3530 0.3323 0.3066 0.3152 0.3581 0.3510 0.3146 0.2835 0.3206 1.0000 0.2891 0.3509 0.2830 0.3096 0.3112 0.3048 0.3477 0.3156 0.3065 0.3438 0.2888 0.3619 0.3598 0.3274 0.2967 0.3345 0.3146 0.2711 0.3402 0.2813 0.3623 0.3552 0.3607 0.3151 0.3248 0.2519 0.3617 0.3640 0.3540 0.3297 0.3271 0.2955 0.3053 0.3190 0.3304 0.3009 0.3312 
0.3336 0.3429 0.2887 0.2996 0.3133 0.3145 0.3035 0.3191 0.3591 0.3090 0.3216 0.2845 0.2891 1.0000 0.2988 0.2599 0.3348 0.3191 0.2859 0.3361 0.3386 0.2818 0.3001 0.3594 0.3314 0.3256 0.3118 0.3397 0.3056 0.3274 0.3192 0.3409 0.3248 0.2961 0.2676 0.2816 0.3500 0.3325 0.3271 0.2943 0.2824 0.3577 0.3019 0.3294 0.3509 0.3238 0.3714 0.2789 0.3565 0.3311 
0.3523 0.2842 0.3044 0.3493 0.3390 0.3228 0.3053 0.3444 0.3667 0.3963 0.3077 0.3345 0.3509 0.2988 1.0000 0.3042 0.3544 0.3085 0.2979 0.3519 0.3127 0.2805 0.3680 0.3059 0.3165 0.3154 0.3448 0.3218 0.3336 0.3073 0.3445 0.3280 0.3041 0.3501 0.3278 0.3455 0.3714 0.3379 0.2997 0.3566 0.3313 0.3794 0.3400 0.3568 0.3200 0.3254 0.3691 0.2894 0.3051 0.3214 
0.3152 0.3020 0.2969 0.2771 0.3021 0.3145 0.2742 0.2593 0.2908 0.2890 0.2764 0.3182 0.2830 0.2599 0.3042 1.0000 0.2824 0.2986 0.2791 0.2998 0.3095 0.3437 0.2737 0.3055 0.2730 0.2937 0.2789 0.3350 0.2646 0.3117 0.3022 0.2847 0.2623 0.2758 0.3084 0.2976 0.3079 0.3360 0.2725 0.2886 0.2620 0.2788 0.2526 0.3119 0.3226 0.3086 0.3402 0.3452 0.2940 0.2858 
0.3089 0.3397 0.3370 0.3735 0.3046 0.3257 0.3319 0.3753 0.3708 0.3063 0.3118 0.3393 0.3096 0.3348 0.3544 0.2824 1.0000 0.3529 0.3374 0.3649 0.3496 0.3149 0.3934 0.3397 0.3276 0.3458 0.3514 0.3999 0.3708 0.2936 0.3099 0.3641 0.3299 0.3418 0.3084 0.3560 0.3807 0.3800 0.3820 0.3390 0.3184 0.3691 0.3479 0.3501 0.3119 0.3272 0.3743 0.3371 0.3598 0.3164 
0.2925 0.3343 0.3088 0.3618 0.3235 0.3082 0.3262 0.3289 0.4202 0.2976 0.3105 0.2842 0.3112 0.3191 0.3085 0.2986 0.3529 1.0000 0.3226 0.3486 0.3513 0.3050 0.3376 0.3338 0.3024 0.3322 0.3240 0.3253 0.3381 0.3159 0.3241 0.3983 0.2927 0.3198 0.3475 0.3444 0.3538 0.3504 0.3312 0.3079 0.3804 0.3583 0.3345 0.3490 0.3357 0.3470 0.3264 0.3425 0.3193 0.2979 
0.2841 0.3216 0.3207 0.3482 0.3414 0.3349 0.2736 0.3198 0.3767 0.2826 0.2936 0.3019 0.3048 0.2859 0.2979 0.2791 0.3374 0.3226 1.0000 0.3260 0.3254 0.2696 0.3300 0.3097 0.3319 0.3297 0.3107 0.3246 0.3550 0.2871 0.3065 0.3315 0.2544 0.2852 0.3632 0.3525 0.3165 0.3406 0.2766 0.3577 0.3273 0.3141 0.3440 0.2843 0.3439 0.3180 0.3042 0.2802 0.3062 0.3097 
0.3038 0.3382 0.3337 0.3721 0.3581 0.3362 0.3279 0.3309 0.3937 0.3490 0.2930 0.3303 0.3477 0.3361 0.3519 0.2998 0.3649 0.3486 0.3260 1.0000 0.3208 0.3650 0.3511 0.3441 0.3244 0.3887 0.3430 0.3163 0.3363 0.3257 0.3014 0.3746 0.3064 0.3536 0.3334 0.3564 0.3643 0.3720 0.3210 0.3463 0.3185 0.3942 0.3256 0.3895 0.3194 0.3578 0.3422 0.3239 0.3503 0.3413 
0.3812 0.3172 0.3498 0.3306 0.3395 0.3286 0.3378 0.3593 0.3499 0.3192 0.3077 0.3320 0.3156 0.3386 0.3127 0.3095 0.3496 0.3513 0.3254 0.3208 1.0000 0.3022 0.3623 0.3273 0.3521 0.3328 0.4017 0.3844 0.3537 0.3230 0.2846 0.3577 0.3078 0.3149 0.3498 0.4036 0.3606 0.3694 0.2828 0.3355 0.3124 0.3602 0.3201 0.3203 0.3296 0.3961 0.3296 0.3029 0.3096 0.3095 
0.2948 0.3108 0.3004 0.3668 0.3121 0.2794 0.3101 0.2417 0.3109 0.2675 0.2505 0.3299 0.3065 0.2818 0.2805 0.3437 0.3149 0.3050 0.2696 0.3650 0.3022 1.0000 0.2798 0.3125 0.2609 0.3268 0.2842 0.3460 0.2726 0.3307 0.2662 0.2907 0.2746 0.3437 0.2938 0.3205 0.3078 0.3396 0.2841 0.2863 0.2864 0.3277 0.2557 0.3182 0.3221 0.2885 0.3149 0.3082 0.3014 0.2876 
0.3327 0.3366 0.3540 0.3881 0.3102 0.3464 0.3540 0.3914 0.3406 0.3288 0.3286 0.3338 0.3438 0.3001 0.3680 0.2737 0.3934 0.3376 0.3300 0.3511 0.3623 0.2798 1.0000 0.3260 0.3790 0.3465 0.3500 0.3387 0.3801 0.3062 0.3022 0.3784 0.3229 0.3255 0.3429 0.3974 0.3723 0.3554 0.3344 0.3862 0.3440 0.3640 0.3568 0.3770 0.2998 0.3565 0.3420 0.3356 0.3837 0.3401 
0.3319 0.3489 0.3306 0.3081 0.3428 0.3437 0.3275 0.3103 0.3624 0.3071 0.3810 0.2818 0.2888 0.3594 0.3059 0.3055 0.3397 0.3338 0.3097 0.3441 0.3273 0.3125 0.3260 1.0000 0.3500 0.3623 0.3717 0.3019 0.3810 0.3572 0.3193 0.3508 0.2842 0.3081 0.2978 0.3362 0.3623 0.3674 0.3476 0.3103 0.2621 0.3619 0.3356 0.3392 0.2938 0.3077 0.3268 0.3276 0.3506 0.3147 
0.3245 0.3082 0.3396 0.3484 0.3073 0.3447 0.3129 0.3214 0.3125 0.2955 0.3343 0.3185 0.3619 0.3314 0.3165 0.2730 0.3276 0.3024 0.3319 0.3244 0.3521 0.2609 0.3790 0.3500 1.0000 0.3513 0.3372 0.3338 0.3774 0.2937 0.2671 0.3623 0.3023 0.2952 0.3077 0.3623 0.4193 0.3121 0.3022 0.3908 0.3054 0.3259 0.3253 0.3130 0.3312 0.3101 0.3186 0.3467 0.3020 0.3379 
0.3669 0.3448 0.3432 0.3483 0.3643 0.3314 0.3374 0.3176 0.3671 0.3149 0.2964 0.3363 0.3598 0.3256 0.3154 0.2937 0.3458 0.3322 0.3297 0.3887 0.3328 0.3268 0.3465 0.3623 0.3513 1.0000 0.3030 0.3365 0.3404 0.3636 0.3271 0.3519 0.2840 0.3578 0.3505 0.3410 0.3442 0.3597 0.2999 0.3803 0.3036 0.3873 0.3167 0.3489 0.3191 0.3183 0.4063 0.3127 0.3355 0.3082 
0.3474 0.3220 0.3821 0.3497 0.3492 0.3370 0.3319 0.3360 0.3751 0.3187 0.3503 0.3585 0.3274 0.3118 0.3448 0.2789 0.3514 0.3240 0.3107 0.3430 0.4017 0.2842 0.3500 0.3717 0.3372 0.3030 1.0000 0.3334 0.3477 0.3025 0.2938 0.3308 0.3275 0.3272 0.3562 0.3425 0.3622 0.3214 0.3283 0.3680 0.3775 0.3778 0.3510 0.2971 0.3284 0.3250 0.2978 0.3334 0.3152 0.3117 
0.3453 0.3213 0.3209 0.3391 0.3266 0.3146 0.2942 0.2971 0.3747 0.3481 0.2971 0.3614 0.2967 0.3397 0.3218 0.3350 0.3999 0.3253 0.3246 0.3163 0.3844 0.3460 0.3387 0.3019 0.3338 0.3365 0.3334 1.0000 0.3467 0.2981 0.2875 0.3335 0.3512 0.3287 0.3199 0.3736 0.3375 0.3567 0.2983 0.3276 0.3259 0.3464 0.2814 0.3226 0.3386 0.3544 0.3788 0.3012 0.3471 0.2768 
0.2996 0.3351 0.3563 0.3430 0.3076 0.3555 0.3293 0.3602 0.3877 0.3299 0.3725 0.3346 0.3345 0.3056 0.3336 0.2646 0.3708 0.3381 0.3550 0.3363 0.3537 0.2726 0.3801 0.3810 0.3774 0.3404 0.3477 0.3467 1.0000 0.3157 0.3091 0.3674 0.3021 0.3223 0.3420 0.3691 0.3866 0.3350 0.3072 0.3501 0.3203 0.3414 0.3610 0.3238 0.2995 0.3329 0.3334 0.3451 0.3314 0.3424 
0.3673 0.3052 0.3022 0.3244 0.3689 0.2969 0.3305 0.3276 0.3333 0.2957 0.3474 0.3033 0.3146 0.3274 0.3073 0.3117 0.2936 0.3159 0.2871 0.3257 0.3230 0.3307 0.3062 0.3572 0.2937 0.3636 0.3025 0.2981 0.3157 1.0000 0.3652 0.3244 0.2863 0.3918 0.3130 0.3145 0.3101 0.3550 0.2629 0.3285 0.2838 0.3452 0.2890 0.3495 0.3050 0.3259 0.3295 0.2748 0.3653 0.2828 
0.2997 0.3089 0.2970 0.3256 0.2817 0.3177 0.3066 0.3318 0.3333 0.3123 0.3531 0.2735 0.2711 0.3192 0.3445 0.3022 0.3099 0.3241 0.3065 0.3014 0.2846 0.2662 0.3022 0.3193 0.2671 0.3271 0.2938 0.2875 0.3091 0.3652 1.0000 0.3676 0.2978 0.3431 0.3223 0.2909 0.3391 0.2972 0.3278 0.3162 0.2738 0.3408 0.3289 0.3658 0.3222 0.3172 0.3585 0.2873 0.3035 0.3098 
0.2986 0.4307 0.3217 0.3369 0.3251 0.3420 0.3613 0.3593 0.3810 0.3205 0.3030 0.3020 0.3402 0.3409 0.3280 0.2847 0.3641 0.3983 0.3315 0.3746 0.3577 0.2907 0.3784 0.3508 0.3623 0.3519 0.3308 0.3335 0.3674 0.3244 0.3676 1.0000 0.3578 0.3401 0.3651 0.3628 0.3517 0.3483 0.3399 0.3479 0.2995 0.3813 0.3619 0.4040 0.3277 0.3909 0.3625 0.3297 0.3489 0.3980 
0.3100 0.3117 0.2937 0.3093 0.2684 0.3057 0.3966 0.3010 0.2860 0.3142 0.2888 0.2987 0.2813 0.3248 0.3041 0.2623 0.3299 0.2927 0.2544 0.3064 0.3078 0.2746 0.3229 0.2842 0.3023 0.2840 0.3275 0.3512 0.3021 0.2863 0.2978 0.3578 1.0000 0.3148 0.2996 0.3585 0.3190 0.2825 0.3066 0.3088 0.2545 0.3326 0.3090 0.3288 0.3187 0.3317 0.2997 0.2773 0.3242 0.3822 
0.3434 0.3238 0.3431 0.3722 0.3603 0.3169 0.3298 0.3488 0.3229 0.3429 0.3246 0.3081 0.3623 0.2961 0.3501 0.2758 0.3418 0.3198 0.2852 0.3536 0.3149 0.3437 0.3255 0.3081 0.2952 0.3578 0.3272 0.3287 0.3223 0.3918 0.3431 0.3401 0.3148 1.0000 0.3259 0.3421 0.3288 0.3257 0.2953 0.3250 0.3269 0.3528 0.3396 0.3624 0.3629 0.3039 0.3144 0.3516 0.3273 0.3342 
0.3067 0.3532 0.3402 0.3976 0.3755 0.3628 0.3344 0.3308 0.3734 0.2955 0.3168 0.3436 0.3552 0.2676 0.3278 0.3084 0.3084 0.3475 0.3632 0.3334 0.3498 0.2938 0.3429 0.2978 0.3077 0.3505 0.3562 0.3199 0.3420 0.3130 0.3223 0.3651 0.2996 0.3259 1.0000 0.3647 0.3564 0.3343 0.2909 0.4196 0.3295 0.3254 0.3292 0.3107 0.3535 0.3304 0.3178 0.3052 0.2946 0.3420 
0.3466 0.3055 0.3436 0.3322 0.3099 0.3507 0.3304 0.3332 0.3437 0.3205 0.3068 0.3334 0.3607 0.2816 0.3455 0.2976 0.3560 0.3444 0.3525 0.3564 0.4036 0.3205 0.3974 0.3362 0.3623 0.3410 0.3425 0.3736 0.3691 0.3145 0.2909 0.3628 0.3585 0.3421 0.3647 1.0000 0.3722 0.3608 0.3287 0.3502 0.3214 0.3424 0.3361 0.3510 0.3296 0.3518 0.3300 0.3333 0.3961 0.3641 
0.3232 0.3560 0.3688 0.3565 0.3012 0.3934 0.3382 0.3394 0.3509 0.3294 0.3487 0.3501 0.3151 0.3500 0.3714 0.3079 0.3807 0.3538 0.3165 0.3643 0.3606 0.3078 0.3723 0.3623 0.4193 0.3442 0.3622 0.3375 0.3866 0.3101 0.3391 0.3517 0.3190 0.3288 0.3564 0.3722 1.0000 0.3518 0.3367 0.3689 0.3240 0.3348 0.3163 0.3400 0.3692 0.3510 0.3578 0.3331 0.3350 0.3105 
0.3276 0.3627 0.3402 0.3803 0.3508 0.3141 0.3378 0.3427 0.4120 0.3240 0.3158 0.3149 0.3248 0.3325 0.3379 0.3360 0.3800 0.3504 0.3406 0.3720 0.3694 0.3396 0.3554 0.3674 0.3121 0.3597 0.3214 0.3567 0.3350 0.3550 0.2972 0.3483 0.2825 0.3257 0.3343 0.3608 0.3518 1.0000 0.3109 0.3337 0.3144 0.3919 0.3066 0.3381 0.3267 0.3424 0.3380 0.3041 0.3313 0.3425 
0.2854 0.3150 0.3189 0.3380 0.3143 0.3387 0.3104 0.3197 0.3360 0.3062 0.2894 0.2622 0.2519 0.3271 0.2997 0.2725 0.3820 0.3312 0.2766 0.3210 0.2828 0.2841 0.3344 0.3476 0.3022 0.2999 0.3283 0.2983 0.3072 0.2629 0.3278 0.3399 0.3066 0.2953 0.2909 0.3287 0.3367 0.3109 1.0000 0.3072 0.2935 0.3204 0.3411 0.3015 0.2942 0.2874 0.3519 0.2955 0.3225 0.3021 
0.3147 0.3459 0.3766 0.3798 0.3426 0.3302 0.3569 0.3802 0.3586 0.2935 0.3293 0.3226 0.3617 0.2943 0.3566 0.2886 0.3390 0.3079 0.3577 0.3463 0.3355 0.2863 0.3862 0.3103 0.3908 0.3803 0.3680 0.3276 0.3501 0.3285 0.3162 0.3479 0.3088 0.3250 0.4196 0.3502 0.3689 0.3337 0.3072 1.0000 0.3695 0.3589 0.3558 0.3314 0.3399 0.3245 0.3733 0.3480 0.3189 0.3385 
0.2877 0.3025 0.3047 0.3584 0.3106 0.2946 0.3207 0.3227 0.3788 0.2795 0.2996 0.2845 0.3640 0.2824 0.3313 0.2620 0.3184 0.3804 0.3273 0.3185 0.3124 0.2864 0.3440 0.2621 0.3054 0.3036 0.3775 0.3259 0.3203 0.2838 0.2738 0.2995 0.2545 0.3269 0.3295 0.3214 0.3240 0.3144 0.2935 0.3695 1.0000 0.3008 0.3709 0.3293 0.2856 0.2858 0.3339 0.3011 0.3037 0.2638 
0.3505 0.3188 0.3286 0.3646 0.3789 0.3139 0.3312 0.3278 0.3869 0.3653 0.3434 0.3498 0.3540 0.3577 0.3794 0.2788 0.3691 0.3583 0.3141 0.3942 0.3602 0.3277 0.3640 0.3619 0.3259 0.3873 0.3778 0.3464 0.3414 0.3452 0.3408 0.3813 0.3326 0.3528 0.3254 0.3424 0.3348 0.3919 0.3204 0.3589 0.3008 1.0000 0.3229 0.3735 0.3278 0.3533 0.3529 0.3322 0.3626 0.3274 
0.2970 0.3255 0.3351 0.3636 0.3478 0.3556 0.3546 0.3868 0.3708 0.3168 0.3263 0.2759 0.3297 0.3019 0.3400 0.2526 0.3479 0.3345 0.3440 0.3256 0.3201 0.2557 0.3568 0.3356 0.3253 0.3167 0.3510 0.2814 0.3610 0.2890 0.3289 0.3619 0.3090 0.3396 0.3292 0.3361 0.3163 0.3066 0.3411 0.3558 0.3709 0.3229 1.0000 0.3463 0.2998 0.3315 0.3310 0.3303 0.3134 0.3574 
0.3095 0.3466 0.3074 0.3544 0.3289 0.3173 0.3370 0.3259 0.3847 0.3408 0.3119 0.2974 0.3271 0.3294 0.3568 0.3119 0.3501 0.3490 0.2843 0.3895 0.3203 0.3182 0.3770 0.3392 0.3130 0.3489 0.2971 0.3226 0.3238 0.3495 0.3658 0.4040 0.3288 0.3624 0.3107 0.3510 0.3400 0.3381 0.3015 0.3314 0.3293 0.3735 0.3463 1.0000 0.2963 0.3533 0.3496 0.3381 0.3598 0.3873 
0.3216 0.3224 0.3218 0.3440 0.3315 0.3330 0.3118 0.2869 0.3288 0.3348 0.2791 0.3460 0.2955 0.3509 0.3200 0.3226 0.3119 0.3357 0.3439 0.3194 0.3296 0.3221 0.2998 0.2938 0.3312 0.3191 0.3284 0.3386 0.2995 0.3050 0.3222 0.3277 0.3187 0.3629 0.3535 0.3296 0.3692 0.3267 0.2942 0.3399 0.2856 0.3278 0.2998 0.2963 1.0000 0.3269 0.2979 0.2786 0.2989 0.3003 
0.3463 0.3436 0.3025 0.3683 0.2952 0.3119 0.3327 0.3262 0.3501 0.3724 0.3094 0.3300 0.3053 0.3238 0.3254 0.3086 0.3272 0.3470 0.3180 0.3578 0.3961 0.2885 0.3565 0.3077 0.3101 0.3183 0.3250 0.3544 0.3329 0.3259 0.3172 0.3909 0.3317 0.3039 0.3304 0.3518 0.3510 0.3424 0.2874 0.3245 0.2858 0.3533 0.3315 0.3533 0.3269 1.0000 0.3410 0.2934 0.3106 0.3274 
0.3299 0.3089 0.3246 0.3120 0.3220 0.3733 0.3195 0.3448 0.3361 0.2801 0.3041 0.2947 0.3190 0.3714 0.3691 0.3402 0.3743 0.3264 0.3042 0.3422 0.3296 0.3149 0.3420 0.3268 0.3186 0.4063 0.2978 0.3788 0.3334 0.3295 0.3585 0.3625 0.2997 0.3144 0.3178 0.3300 0.3578 0.3380 0.3519 0.3733 0.3339 0.3529 0.3310 0.3496 0.2979 0.3410 1.0000 0.3305 0.3238 0.3207 
0.3059 0.2886 0.3256 0.3108 0.2772 0.3134 0.3144 0.3539 0.3110 0.2583 0.3372 0.3172 0.3304 0.2789 0.2894 0.3452 0.3371 0.3425 0.2802 0.3239 0.3029 0.3082 0.3356 0.3276 0.3467 0.3127 0.3334 0.3012 0.3451 0.2748 0.2873 0.3297 0.2773 0.3516 0.3052 0.3333 0.3331 0.3041 0.2955 0.3480 0.3011 0.3322 0.3303 0.3381 0.2786 0.2934 0.3305 1.0000 0.3268 0.3339 
0.3476 0.3074 0.3114 0.3343 0.3115 0.3140 0.3200 0.3097 0.3671 0.3361 0.3410 0.3018 0.3009 0.3565 0.3051 0.2940 0.3598 0.3193 0.3062 0.3503 0.3096 0.3014 0.3837 0.3506 0.3020 0.3355 0.3152 0.3471 0.3314 0.3653 0.3035 0.3489 0.3242 0.3273 0.2946 0.3961 0.3350 0.3313 0.3225 0.3189 0.3037 0.3626 0.3134 0.3598 0.2989 0.3106 0.3238 0.3268 1.0000 0.3173 
0.2812 0.3343 0.3296 0.3334 0.2883 0.3267 0.4074 0.3436 0.3266 0.3345 0.3062 0.2959 0.3312 0.3311 0.3214 0.2858 0.3164 0.2979 0.3097 0.3413 0.3095 0.2876 0.3401 0.3147 0.3379 0.3082 0.3117 0.2768 0.3424 0.2828 0.3098 0.3980 0.3822 0.3342 0.3420 0.3641 0.3105 0.3425 0.3021 0.3385 0.2638 0.3274 0.3574 0.3873 0.3003 0.3274 0.3207 0.3339 0.3173 1.0000 
