1:	0.0000 0.0243 0.0123 0.0025 0.1202 0.0350 0.1148 0.0613 0.3614 0.1985 0.0267 0.0385 0.0047 	9
2:	0.0000 0.0000 0.0000 0.0000 0.0000 0.3333 0.0000 0.0000 0.3333 0.3333 0.0000 0.0000 0.0000 	3
3:	0.0000 0.0000 0.2500 0.2500 0.2500 0.0000 0.0000 0.0756 0.0000 0.1744 0.0000 0.0000 0.0000 	4
4:	0.0730 0.5000 0.2703 0.1567 0.0000 0.0000 0.0000 0.0000 0.0000 0.0000 0.0000 0.0000 0.0000 	2
5:	0.0095 0.1606 0.1188 0.0201 0.0165 0.0989 0.0615 0.0605 0.1737 0.1422 0.0482 0.0770 0.0124 	17
6:	0.0207 0.2397 0.0833 0.0280 0.2553 0.0717 0.0000 0.0554 0.0381 0.0000 0.2078 0.0000 0.0000 	12
7:	0.6667 0.0345 0.0000 0.0000 0.0000 0.0162 0.0000 0.0318 0.0338 0.1221 0.0706 0.0130 0.0113 	3
8:	0.0210 0.1187 0.0737 0.0000 0.1467 0.5599 0.0000 0.0000 0.0000 0.0000 0.0609 0.0000 0.0190 	2
9:	0.0000 0.0000 0.0000 0.0000 0.0000 1.0000 0.0000 0.0000 0.0000 0.0000 0.0000 0.0000 0.0000 	1
10:	0.2500 0.0000 0.2500 0.0000 0.0000 0.0000 0.2500 0.2500 0.0000 0.0000 0.0000 0.0000 0.0000 	4
11:	0.0118 0.1123 0.2315 0.0000 0.0000 0.1209 0.0058 0.0070 0.1036 0.0000 0.1927 0.1429 0.0715 	14
12:	0.0346 0.0568 0.0236 0.0000 0.1722 0.0688 0.0000 0.2434 0.0000 0.3231 0.0251 0.0461 0.0061 	9
13:	0.0000 0.0000 0.1000 0.0000 0.0000 0.0000 0.0000 0.1796 0.1408 0.3374 0.0714 0.0993 0.0714 	14
14:	0.5000 0.0000 0.0000 0.0000 0.0000 0.0000 0.0000 0.0000 0.0000 0.5000 0.0000 0.0000 0.0000 	2
15:	0.1111 0.1111 0.1111 0.3920 0.0000 0.0000 0.0000 0.0000 0.0525 0.0000 0.2222 0.0000 0.0000 	9
