
Using the parameter settings in the file: 
''1763151071/clumpp.paramfile''

Parameter settings
----------------------- Main parameters -------------------------
DATATYPE = 0
INDFILE = 1763151071/ClumppIndFile
POPFILE = 
OUTFILE = 1763151071/ClumppIndFile.output
MISCFILE = 1763151071/ClumppIndFile.misc
K = 10
C = 114
R = 36
M = 3
W = 0
S = 2
- Additional options for the Greedy and LargeKGreedy algorithms -
GREEDY_OPTION = 2
REPEATS = 2000
PERMUTATIONFILE = 
----------------------- Optional outputs ------------------------
PRINT_PERMUTED_DATA = 0
PERMUTED_DATAFILE = 
PRINT_EVERY_PERM = 0
EVERY_PERMFILE = 
PRINT_RANDOM_INPUTORDER = 0
RANDOM_INPUTORDERFILE = 
----------------------- Advanced options ------------------------
OVERRIDE_WARNINGS = 0
ORDER_BY_RUN = 1


In total, 2000 configurations of runs and clusters will be tested.

Results
------------------------------
The highest value of H' is: 0.62926901014039

The list of permutations of the clusters that produces that
H' value is (runs are listed sequentially on separate rows)

1 2 3 4 5 6 7 8 9 10 
3 9 6 8 2 1 10 4 5 7 
7 10 3 2 8 5 1 6 4 9 
3 7 4 8 10 5 9 6 2 1 
3 10 6 5 8 4 9 7 2 1 
2 3 8 6 4 7 9 5 10 1 
6 5 7 1 10 9 4 2 8 3 
1 4 2 7 5 10 9 8 3 6 
1 8 2 4 6 9 10 3 7 5 
2 6 1 8 7 5 4 9 3 10 
8 3 9 6 7 1 4 2 10 5 
3 7 10 2 5 9 1 8 6 4 
10 4 6 8 2 5 1 7 9 3 
8 2 1 10 3 6 4 7 5 9 
1 6 4 5 2 3 10 7 8 9 
5 10 8 3 2 1 9 4 7 6 
1 10 8 6 5 9 7 2 4 3 
10 2 9 7 4 3 5 1 6 8 
10 9 1 2 6 3 4 5 7 8 
1 4 10 7 5 8 9 3 6 2 
7 9 1 3 2 5 4 6 10 8 
8 2 10 3 9 5 6 1 4 7 
4 7 5 1 3 10 2 8 6 9 
8 10 9 3 1 7 2 5 6 4 
5 1 7 6 3 4 9 2 8 10 
1 6 5 7 8 10 4 2 9 3 
5 9 7 4 6 10 2 8 1 3 
3 8 6 2 1 10 7 5 9 4 
4 2 3 8 7 1 6 9 10 5 
5 3 7 8 1 9 2 10 4 6 
2 4 5 3 10 1 7 9 6 8 
6 4 1 8 7 3 5 2 9 10 
4 5 9 3 2 10 6 1 7 8 
7 10 1 5 4 2 6 3 9 8 
9 2 1 3 10 5 8 7 4 6 
3 5 7 1 8 4 9 6 10 2 

The pairwise G' values for each pair of runs where the clusters
of each run are permuted according to the list of permutations above

1.0000 0.6732 0.6461 0.8368 0.6338 0.6535 0.5719 0.6610 0.5396 0.6555 0.6565 0.8367 0.7846 0.8299 0.5793 0.6145 0.6947 0.5633 0.8380 0.7112 0.6938 0.6897 0.6670 0.7976 0.9693 0.7105 0.6636 0.7138 0.5197 0.6470 0.6122 0.7277 0.6968 0.6141 0.5838 0.6413 
0.6732 1.0000 0.5796 0.7316 0.6757 0.5364 0.5228 0.5494 0.5092 0.7202 0.5621 0.6512 0.6558 0.6738 0.5370 0.5937 0.6621 0.5597 0.7152 0.7184 0.6025 0.6199 0.5325 0.6311 0.6784 0.5732 0.5963 0.6601 0.5309 0.6021 0.5575 0.6306 0.5720 0.5827 0.6463 0.5661 
0.6461 0.5796 1.0000 0.6208 0.5160 0.5305 0.6482 0.5447 0.5566 0.5975 0.5450 0.6026 0.6000 0.6650 0.6406 0.7153 0.5457 0.6089 0.6202 0.5607 0.5861 0.5507 0.5305 0.6103 0.6467 0.5713 0.5830 0.6270 0.4948 0.7096 0.6149 0.5506 0.5683 0.6224 0.5857 0.5820 
0.8368 0.7316 0.6208 1.0000 0.6679 0.6273 0.5472 0.6348 0.5207 0.7101 0.6438 0.8100 0.7701 0.8277 0.5666 0.6002 0.7215 0.5465 0.8557 0.7836 0.6764 0.6765 0.6380 0.7477 0.8378 0.6715 0.6579 0.6938 0.5230 0.6416 0.5987 0.7374 0.6680 0.6101 0.6246 0.6262 
0.6338 0.6757 0.5160 0.6679 1.0000 0.6218 0.5631 0.6317 0.5639 0.6873 0.6693 0.6265 0.7083 0.6257 0.5024 0.5226 0.7088 0.5488 0.6682 0.6626 0.5805 0.6452 0.6008 0.6962 0.6385 0.6490 0.6536 0.6280 0.5570 0.5865 0.5201 0.6787 0.6437 0.6302 0.6358 0.5204 
0.6535 0.5364 0.5305 0.6273 0.6218 1.0000 0.6910 0.9116 0.6881 0.5629 0.8346 0.6519 0.6931 0.6491 0.4943 0.5267 0.6542 0.6383 0.6312 0.5980 0.5853 0.6138 0.8315 0.7281 0.6495 0.7915 0.6365 0.6048 0.5152 0.5626 0.5206 0.6899 0.8879 0.5902 0.5294 0.5450 
0.5719 0.5228 0.6482 0.5472 0.5631 0.6910 1.0000 0.7052 0.7265 0.5507 0.6873 0.5555 0.6081 0.5721 0.5397 0.6205 0.5715 0.6949 0.5595 0.5160 0.5250 0.5597 0.6399 0.6344 0.5707 0.6572 0.5803 0.5674 0.5126 0.6642 0.5541 0.5754 0.7079 0.5477 0.5320 0.5293 
0.6610 0.5494 0.5447 0.6348 0.6317 0.9116 0.7052 1.0000 0.7000 0.5790 0.8605 0.6425 0.7111 0.6647 0.5221 0.5548 0.6671 0.6668 0.6440 0.6085 0.6184 0.6245 0.7806 0.7487 0.6593 0.8219 0.6559 0.6374 0.4988 0.5664 0.5496 0.6692 0.9192 0.6120 0.5390 0.5762 
0.5396 0.5092 0.5566 0.5207 0.5639 0.6881 0.7265 0.7000 1.0000 0.5416 0.6739 0.5260 0.5836 0.5430 0.5462 0.5986 0.5546 0.6392 0.5279 0.5040 0.5100 0.5337 0.6324 0.6009 0.5383 0.6445 0.5696 0.5631 0.5737 0.5707 0.5459 0.5554 0.6878 0.5845 0.4717 0.4968 
0.6555 0.7202 0.5975 0.7101 0.6873 0.5629 0.5507 0.5790 0.5416 1.0000 0.5974 0.6350 0.6723 0.6555 0.5728 0.6026 0.7042 0.5778 0.6994 0.7356 0.6202 0.6222 0.5515 0.6484 0.6604 0.5980 0.6156 0.6455 0.5284 0.5944 0.5657 0.6425 0.5940 0.6471 0.7222 0.5765 
0.6565 0.5621 0.5450 0.6438 0.6693 0.8346 0.6873 0.8605 0.6739 0.5974 1.0000 0.6403 0.7449 0.6641 0.5152 0.5487 0.7063 0.6289 0.6637 0.6178 0.6103 0.6179 0.7705 0.7534 0.6596 0.7643 0.6805 0.6292 0.5073 0.5852 0.5424 0.7011 0.8734 0.6305 0.5508 0.5685 
0.8367 0.6512 0.6026 0.8100 0.6265 0.6519 0.5555 0.6425 0.5260 0.6350 0.6403 1.0000 0.7641 0.7562 0.5471 0.5794 0.6549 0.5492 0.7851 0.7089 0.6501 0.6892 0.6947 0.7534 0.8305 0.6940 0.6628 0.6688 0.5404 0.6390 0.5775 0.7713 0.6795 0.6165 0.5705 0.6040 
0.7846 0.6558 0.6000 0.7701 0.7083 0.6931 0.6081 0.7111 0.5836 0.6723 0.7449 0.7641 1.0000 0.7456 0.5537 0.5867 0.7677 0.5731 0.8076 0.7031 0.6584 0.6971 0.6955 0.8342 0.7928 0.7456 0.7207 0.6764 0.5058 0.6593 0.5843 0.7659 0.7403 0.6603 0.6013 0.6118 
0.8299 0.6738 0.6650 0.8277 0.6257 0.6491 0.5721 0.6647 0.5430 0.6555 0.6641 0.7562 0.7456 1.0000 0.5979 0.6360 0.6934 0.5778 0.7788 0.7141 0.7206 0.6407 0.6535 0.7609 0.8277 0.7003 0.6830 0.7413 0.5078 0.6207 0.6331 0.6973 0.6985 0.6285 0.5888 0.6632 
0.5793 0.5370 0.6406 0.5666 0.5024 0.4943 0.5397 0.5221 0.5462 0.5728 0.5152 0.5471 0.5537 0.5979 1.0000 0.6929 0.5410 0.5603 0.5574 0.5643 0.6446 0.5087 0.4857 0.5655 0.5798 0.5543 0.5614 0.6693 0.4779 0.5624 0.6848 0.5014 0.5337 0.5848 0.5390 0.6241 
0.6145 0.5937 0.7153 0.6002 0.5226 0.5267 0.6205 0.5548 0.5986 0.6026 0.5487 0.5794 0.5867 0.6360 0.6929 1.0000 0.5605 0.6411 0.5901 0.5777 0.6416 0.5413 0.5165 0.6031 0.6148 0.5912 0.5963 0.7182 0.5208 0.6055 0.6901 0.5293 0.5678 0.5906 0.5250 0.6278 
0.6947 0.6621 0.5457 0.7215 0.7088 0.6542 0.5715 0.6671 0.5546 0.7042 0.7063 0.6549 0.7677 0.6934 0.5410 0.5605 1.0000 0.5410 0.7268 0.7589 0.6416 0.6049 0.6467 0.7290 0.7004 0.6692 0.6409 0.6440 0.5253 0.5973 0.5676 0.7318 0.6807 0.5977 0.6626 0.5973 
0.5633 0.5597 0.6089 0.5465 0.5488 0.6383 0.6949 0.6668 0.6392 0.5778 0.6289 0.5492 0.5731 0.5778 0.5603 0.6411 0.5410 1.0000 0.5457 0.5345 0.5816 0.5543 0.5861 0.5977 0.5639 0.6537 0.5844 0.6307 0.5096 0.5448 0.5457 0.5302 0.6651 0.5972 0.5676 0.5885 
0.8380 0.7152 0.6202 0.8557 0.6682 0.6312 0.5595 0.6440 0.5279 0.6994 0.6637 0.7851 0.8076 0.7788 0.5574 0.5901 0.7268 0.5457 1.0000 0.7469 0.6649 0.6875 0.6301 0.7714 0.8487 0.6749 0.6477 0.6809 0.4909 0.6394 0.5887 0.7279 0.6768 0.6076 0.6126 0.6157 
0.7112 0.7184 0.5607 0.7836 0.6626 0.5980 0.5160 0.6085 0.5040 0.7356 0.6178 0.7089 0.7031 0.7141 0.5643 0.5777 0.7589 0.5345 0.7469 1.0000 0.6713 0.6255 0.5982 0.6768 0.7171 0.6462 0.6163 0.6625 0.5300 0.5824 0.5922 0.7215 0.6248 0.5973 0.6913 0.6231 
0.6938 0.6025 0.5861 0.6764 0.5805 0.5853 0.5250 0.6184 0.5100 0.6202 0.6103 0.6501 0.6584 0.7206 0.6446 0.6416 0.6416 0.5816 0.6649 0.6713 1.0000 0.5805 0.5747 0.6739 0.6946 0.6590 0.6417 0.7550 0.4771 0.5487 0.6935 0.5937 0.6336 0.6005 0.5832 0.7162 
0.6897 0.6199 0.5507 0.6765 0.6452 0.6138 0.5597 0.6245 0.5337 0.6222 0.6179 0.6892 0.6971 0.6407 0.5087 0.5413 0.6049 0.5543 0.6875 0.6255 0.5805 1.0000 0.5954 0.7132 0.6929 0.6736 0.6713 0.6320 0.4953 0.5824 0.5558 0.6396 0.6462 0.5972 0.5536 0.5371 
0.6670 0.5325 0.5305 0.6380 0.6008 0.8315 0.6399 0.7806 0.6324 0.5515 0.7705 0.6947 0.6955 0.6535 0.4857 0.5165 0.6467 0.5861 0.6301 0.5982 0.5747 0.5954 1.0000 0.6982 0.6605 0.7118 0.6458 0.5940 0.5387 0.5817 0.5119 0.7505 0.8029 0.5973 0.5196 0.5353 
0.7976 0.6311 0.6103 0.7477 0.6962 0.7281 0.6344 0.7487 0.6009 0.6484 0.7534 0.7534 0.8342 0.7609 0.5655 0.6031 0.7290 0.5977 0.7714 0.6768 0.6739 0.7132 0.6982 1.0000 0.8020 0.8127 0.6896 0.6977 0.5122 0.6214 0.5970 0.7186 0.7744 0.6390 0.5813 0.6254 
0.9693 0.6784 0.6467 0.8378 0.6385 0.6495 0.5707 0.6593 0.5383 0.6604 0.6596 0.8305 0.7928 0.8277 0.5798 0.6148 0.7004 0.5639 0.8487 0.7171 0.6946 0.6929 0.6605 0.8020 1.0000 0.7113 0.6644 0.7133 0.5151 0.6450 0.6128 0.7241 0.6951 0.6147 0.5879 0.6419 
0.7105 0.5732 0.5713 0.6715 0.6490 0.7915 0.6572 0.8219 0.6445 0.5980 0.7643 0.6940 0.7456 0.7003 0.5543 0.5912 0.6692 0.6537 0.6749 0.6462 0.6590 0.6736 0.7118 0.8127 0.7113 1.0000 0.6935 0.6810 0.5058 0.5823 0.5839 0.6757 0.8199 0.6474 0.5535 0.6132 
0.6636 0.5963 0.5830 0.6579 0.6536 0.6365 0.5803 0.6559 0.5696 0.6156 0.6805 0.6628 0.7207 0.6830 0.5614 0.5963 0.6409 0.5844 0.6477 0.6163 0.6417 0.6713 0.6458 0.6896 0.6644 0.6935 1.0000 0.7003 0.4994 0.6313 0.6371 0.6531 0.6769 0.7114 0.5611 0.5937 
0.7138 0.6601 0.6270 0.6938 0.6280 0.6048 0.5674 0.6374 0.5631 0.6455 0.6292 0.6688 0.6764 0.7413 0.6693 0.7182 0.6440 0.6307 0.6809 0.6625 0.7550 0.6320 0.5940 0.6977 0.7133 0.6810 0.7003 1.0000 0.5115 0.5882 0.6924 0.6084 0.6534 0.6600 0.5954 0.6926 
0.5197 0.5309 0.4948 0.5230 0.5570 0.5152 0.5126 0.4988 0.5737 0.5284 0.5073 0.5404 0.5058 0.5078 0.4779 0.5208 0.5253 0.5096 0.4909 0.5300 0.4771 0.4953 0.5387 0.5122 0.5151 0.5058 0.4994 0.5115 1.0000 0.5238 0.4760 0.5746 0.5161 0.5240 0.4976 0.4533 
0.6470 0.6021 0.7096 0.6416 0.5865 0.5626 0.6642 0.5664 0.5707 0.5944 0.5852 0.6390 0.6593 0.6207 0.5624 0.6055 0.5973 0.5448 0.6394 0.5824 0.5487 0.5824 0.5817 0.6214 0.6450 0.5823 0.6313 0.5882 0.5238 1.0000 0.5757 0.6296 0.5901 0.6176 0.6108 0.5572 
0.6122 0.5575 0.6149 0.5987 0.5201 0.5206 0.5541 0.5496 0.5459 0.5657 0.5424 0.5775 0.5843 0.6331 0.6848 0.6901 0.5676 0.5457 0.5887 0.5922 0.6935 0.5558 0.5119 0.5970 0.6128 0.5839 0.6371 0.6924 0.4760 0.5757 1.0000 0.5284 0.5624 0.5562 0.5247 0.6444 
0.7277 0.6306 0.5506 0.7374 0.6787 0.6899 0.5754 0.6692 0.5554 0.6425 0.7011 0.7713 0.7659 0.6973 0.5014 0.5293 0.7318 0.5302 0.7279 0.7215 0.5937 0.6396 0.7505 0.7186 0.7241 0.6757 0.6531 0.6084 0.5746 0.6296 0.5284 1.0000 0.7034 0.6239 0.6014 0.5527 
0.6968 0.5720 0.5683 0.6680 0.6437 0.8879 0.7079 0.9192 0.6878 0.5940 0.8734 0.6795 0.7403 0.6985 0.5337 0.5678 0.6807 0.6651 0.6768 0.6248 0.6336 0.6462 0.8029 0.7744 0.6951 0.8199 0.6769 0.6534 0.5161 0.5901 0.5624 0.7034 1.0000 0.6270 0.5462 0.5893 
0.6141 0.5827 0.6224 0.6101 0.6302 0.5902 0.5477 0.6120 0.5845 0.6471 0.6305 0.6165 0.6603 0.6285 0.5848 0.5906 0.5977 0.5972 0.6076 0.5973 0.6005 0.5972 0.5973 0.6390 0.6147 0.6474 0.7114 0.6600 0.5240 0.6176 0.5562 0.6239 0.6270 1.0000 0.6075 0.5601 
0.5838 0.6463 0.5857 0.6246 0.6358 0.5294 0.5320 0.5390 0.4717 0.7222 0.5508 0.5705 0.6013 0.5888 0.5390 0.5250 0.6626 0.5676 0.6126 0.6913 0.5832 0.5536 0.5196 0.5813 0.5879 0.5535 0.5611 0.5954 0.4976 0.6108 0.5247 0.6014 0.5462 0.6075 1.0000 0.5685 
0.6413 0.5661 0.5820 0.6262 0.5204 0.5450 0.5293 0.5762 0.4968 0.5765 0.5685 0.6040 0.6118 0.6632 0.6241 0.6278 0.5973 0.5885 0.6157 0.6231 0.7162 0.5371 0.5353 0.6254 0.6419 0.6132 0.5937 0.6926 0.4533 0.5572 0.6444 0.5527 0.5893 0.5601 0.5685 1.0000 
