1:	0.0000 1.0000 0.0000 0.0000 0.0000 0.0000 0.0000 0.0000 0.0000 0.0000 	1
2:	0.4180 0.0000 0.0053 0.0000 0.0000 0.4531 0.0000 0.0139 0.0958 0.0139 	2
3:	0.2427 0.0000 0.0230 0.1370 0.0129 0.0332 0.0007 0.0010 0.5400 0.0095 	6
4:	0.5816 0.0000 0.0000 0.0000 0.0000 0.0031 0.1315 0.0008 0.2798 0.0032 	4
5:	0.2492 0.0000 0.1113 0.2520 0.0000 0.0685 0.2027 0.0035 0.0851 0.0277 	15
6:	0.0941 0.3966 0.1095 0.0000 0.1234 0.0014 0.0224 0.1037 0.1341 0.0148 	8
7:	0.2252 0.0995 0.1366 0.0500 0.1438 0.0988 0.1514 0.0005 0.0770 0.0172 	20
8:	0.2606 0.1885 0.2035 0.0476 0.0939 0.0000 0.0355 0.0020 0.1396 0.0288 	21
9:	0.2602 0.0714 0.3000 0.0014 0.1360 0.0157 0.0231 0.0195 0.0784 0.0944 	14
10:	0.0267 0.0000 0.2534 0.0000 0.0000 0.5358 0.0000 0.0278 0.0783 0.0779 	1
11:	0.0092 0.0325 0.0000 0.3139 0.0000 0.3307 0.0000 0.0837 0.0174 0.2126 	3
12:	0.0000 0.2000 0.0000 0.8000 0.0000 0.0000 0.0000 0.0000 0.0000 0.0000 	5
13:	0.0000 0.5000 0.0000 0.5000 0.0000 0.0000 0.0000 0.0000 0.0000 0.0000 	2
14:	0.0000 0.3882 0.1387 0.0010 0.2019 0.0553 0.0000 0.1593 0.0115 0.0440 	5
15:	0.1016 0.3992 0.0737 0.0264 0.0000 0.1540 0.0000 0.1712 0.0489 0.0249 	7
