0.000000	0.263917	0.266083	0.271553	0.272560	0.269003	0.268860	0.273485	0.266722	0.271452	0.247844	0.256922	0.270898	0.256156	0.356020	0.273132	0.274958	0.266035	0.268471	0.272845	0.271300	0.267431	0.255659	0.275838	0.275981	0.258221	0.379375	0.343623	0.361879	0.257398	0.250735	0.256363	0.249247	0.267838	0.248286	0.272379	0.248975	0.252411	0.267593	0.268696	0.246895	0.270357	0.247629	0.267832	0.247989	0.257426	0.250233	0.253299	0.247966	0.248720	0.255019	0.255497	0.265075	0.252360	0.252126	0.270261	0.272981	0.253548	0.261358	0.249581	0.264689	0.294454	0.271672	0.247615	0.268670	0.254092	0.263537	0.271380	0.254871	0.257035	0.262140	0.257798	0.275652	0.331213	0.249642	0.251561	0.252541	0.250839	0.395862	0.254874	0.272467	0.288790	0.282577	0.255919	0.274127	0.289412	0.255492	0.349188	0.249414	0.267365	0.263565	0.261267	0.252595	0.261243	0.248827	0.250563	0.250690	0.343153	0.259449	0.261308	0.251652	0.269920	0.322910	0.248285	0.252697	
0.263917	0.000000	0.263057	0.264407	0.264917	0.262918	0.269215	0.263295	0.269626	0.263447	0.268464	0.275090	0.264141	0.271745	0.364128	0.267971	0.274991	0.259399	0.261915	0.262772	0.260994	0.261417	0.262788	0.269336	0.264651	0.278566	0.373829	0.348458	0.361714	0.272952	0.270665	0.265158	0.270148	0.257452	0.275793	0.263614	0.267180	0.270057	0.263228	0.271417	0.268944	0.262194	0.271346	0.260873	0.270567	0.261859	0.271717	0.273247	0.271559	0.269993	0.276572	0.273586	0.232794	0.276659	0.272628	0.261206	0.265873	0.272712	0.264688	0.273299	0.262324	0.280407	0.267333	0.265316	0.266829	0.272932	0.263726	0.261897	0.268274	0.274013	0.280684	0.273056	0.264716	0.336822	0.275882	0.279030	0.275474	0.275078	0.394483	0.274302	0.268858	0.276267	0.292912	0.275747	0.266306	0.285445	0.268355	0.344133	0.274373	0.261394	0.262936	0.258856	0.267096	0.261097	0.261238	0.265965	0.271662	0.341857	0.263171	0.254724	0.270126	0.261343	0.324721	0.270232	0.268931	
0.266083	0.263057	0.000000	0.259538	0.252079	0.254455	0.263620	0.252263	0.264871	0.258040	0.274493	0.278446	0.254311	0.277279	0.361517	0.257026	0.260444	0.258498	0.249979	0.256313	0.256515	0.263605	0.259672	0.263384	0.261336	0.275758	0.382390	0.355007	0.367102	0.277782	0.274179	0.264190	0.273969	0.255666	0.270464	0.253570	0.272235	0.265787	0.254853	0.254529	0.273419	0.258482	0.272499	0.256603	0.268443	0.260673	0.276806	0.271419	0.266165	0.270948	0.274805	0.269357	0.258609	0.273727	0.270472	0.251757	0.253510	0.268752	0.264446	0.270139	0.251919	0.276217	0.261546	0.261232	0.259250	0.273657	0.253291	0.261718	0.277197	0.280239	0.284865	0.272306	0.255212	0.335558	0.275229	0.280635	0.278149	0.275972	0.401033	0.271944	0.262549	0.284312	0.296787	0.278481	0.266292	0.292351	0.277304	0.351296	0.274313	0.259191	0.278150	0.263443	0.273818	0.281903	0.270677	0.268307	0.274735	0.348962	0.278230	0.267505	0.270417	0.253167	0.331561	0.275440	0.270698	
0.271553	0.264407	0.259538	0.000000	0.257501	0.254034	0.261757	0.256127	0.267947	0.253129	0.271645	0.280751	0.253932	0.275850	0.365067	0.259141	0.262627	0.255433	0.254014	0.263199	0.254196	0.259288	0.259928	0.259877	0.254758	0.273239	0.385433	0.351446	0.362590	0.276284	0.269053	0.260506	0.273283	0.254159	0.274973	0.255465	0.265204	0.275688	0.250565	0.250901	0.270888	0.258309	0.272308	0.253423	0.272949	0.263639	0.275467	0.273874	0.266230	0.271658	0.277478	0.276719	0.268113	0.274429	0.270316	0.257441	0.257177	0.273965	0.266036	0.271988	0.256666	0.277021	0.254098	0.261219	0.258583	0.274010	0.261281	0.253519	0.279953	0.281736	0.281485	0.273712	0.257221	0.341326	0.282306	0.279260	0.280277	0.274521	0.404424	0.283072	0.258926	0.275958	0.295848	0.279229	0.265710	0.293785	0.277288	0.344262	0.273360	0.255045	0.281516	0.261183	0.270023	0.278658	0.270835	0.268443	0.277671	0.349831	0.274013	0.272357	0.273154	0.251716	0.330890	0.272781	0.272256	
0.272560	0.264917	0.252079	0.257501	0.000000	0.247979	0.257384	0.254468	0.267572	0.255775	0.274132	0.274942	0.252022	0.272209	0.371561	0.259296	0.260804	0.255079	0.256071	0.260189	0.259179	0.261377	0.261865	0.261447	0.254301	0.280207	0.373209	0.352342	0.364775	0.279600	0.275709	0.258239	0.271476	0.255358	0.277708	0.250125	0.272826	0.277030	0.250500	0.254450	0.271815	0.255630	0.270901	0.252363	0.268413	0.265183	0.278370	0.272072	0.267687	0.273968	0.275212	0.272819	0.264575	0.279657	0.272750	0.253645	0.252632	0.278252	0.265780	0.269796	0.252756	0.277987	0.255150	0.265599	0.259386	0.279327	0.255523	0.256701	0.281792	0.284036	0.285920	0.276862	0.254424	0.339166	0.279536	0.280609	0.282911	0.274774	0.403853	0.271313	0.252308	0.274554	0.296825	0.283510	0.265414	0.285748	0.272448	0.341670	0.275318	0.252024	0.279279	0.259098	0.278098	0.278744	0.265803	0.269346	0.274032	0.358969	0.277754	0.272996	0.271203	0.253753	0.334165	0.267373	0.270058	
0.269003	0.262918	0.254455	0.254034	0.247979	0.000000	0.254968	0.250297	0.263516	0.255107	0.263345	0.266425	0.252405	0.272189	0.356307	0.257281	0.262106	0.245990	0.257723	0.248436	0.250296	0.251866	0.257893	0.256793	0.253881	0.270802	0.367624	0.343805	0.355501	0.273763	0.271027	0.259677	0.271754	0.255267	0.269101	0.246070	0.269552	0.271782	0.244270	0.244683	0.265539	0.251530	0.268443	0.254484	0.272796	0.260403	0.273124	0.270918	0.263661	0.270188	0.272086	0.269756	0.257082	0.270116	0.268346	0.253303	0.252169	0.272096	0.253745	0.269517	0.255614	0.268462	0.252689	0.258453	0.253648	0.270439	0.246034	0.256480	0.272166	0.275855	0.277939	0.275032	0.253512	0.325337	0.270676	0.271954	0.278471	0.272189	0.387491	0.270404	0.252972	0.266667	0.291573	0.275027	0.256289	0.285579	0.268270	0.335938	0.270378	0.253037	0.271517	0.266835	0.263909	0.271392	0.264306	0.268024	0.267949	0.349138	0.269433	0.269086	0.271125	0.250717	0.327941	0.267741	0.267830	
0.268860	0.269215	0.263620	0.261757	0.257384	0.254968	0.000000	0.251896	0.263226	0.255436	0.268843	0.279643	0.252181	0.273573	0.374871	0.259128	0.266891	0.256903	0.259403	0.257989	0.254958	0.264320	0.264497	0.261648	0.261390	0.280576	0.384424	0.354622	0.364760	0.282551	0.273018	0.263395	0.274365	0.260943	0.273192	0.251211	0.269121	0.270665	0.248869	0.250608	0.266852	0.255006	0.279203	0.261927	0.273828	0.264179	0.274010	0.270989	0.275273	0.273202	0.280933	0.274730	0.270745	0.281340	0.275470	0.258664	0.252409	0.275343	0.267315	0.271620	0.255014	0.279862	0.259480	0.270363	0.260625	0.277276	0.254045	0.257193	0.276399	0.277931	0.278572	0.276477	0.263069	0.337934	0.280364	0.280706	0.282557	0.279347	0.402687	0.277329	0.259362	0.273761	0.303660	0.272697	0.266863	0.304000	0.280963	0.336611	0.276392	0.256017	0.282548	0.263652	0.272376	0.276849	0.275981	0.274498	0.275495	0.346240	0.272260	0.277080	0.271417	0.249225	0.333724	0.273284	0.273078	
0.273485	0.263295	0.252263	0.256127	0.254468	0.250297	0.251896	0.000000	0.266908	0.253796	0.264916	0.276407	0.259360	0.280777	0.354814	0.258584	0.260819	0.255685	0.246816	0.261171	0.250506	0.258087	0.256541	0.255285	0.260002	0.273808	0.377673	0.347725	0.358470	0.276730	0.268864	0.258765	0.274133	0.256750	0.279005	0.256069	0.267586	0.273953	0.251114	0.251242	0.271778	0.249873	0.271647	0.254237	0.272988	0.263619	0.277385	0.267776	0.269691	0.271286	0.282025	0.272443	0.261856	0.275672	0.276223	0.253968	0.254029	0.275496	0.266119	0.272054	0.254775	0.272720	0.249451	0.263512	0.252754	0.279913	0.255376	0.256100	0.278903	0.278094	0.277417	0.275665	0.255408	0.344114	0.273012	0.276794	0.283530	0.275379	0.394489	0.278175	0.256447	0.278078	0.300841	0.272888	0.256924	0.293715	0.277969	0.342559	0.279640	0.252102	0.279219	0.262693	0.268930	0.274604	0.268897	0.270150	0.273476	0.343560	0.277998	0.274730	0.274164	0.249391	0.329364	0.278077	0.272108	
0.266722	0.269626	0.264871	0.267947	0.267572	0.263516	0.263226	0.266908	0.000000	0.261940	0.261422	0.266548	0.257447	0.263613	0.336043	0.266883	0.268424	0.266395	0.262102	0.265659	0.265961	0.267876	0.266525	0.265367	0.267988	0.271552	0.354174	0.324589	0.334210	0.270215	0.271319	0.263965	0.261907	0.261337	0.275435	0.265978	0.260069	0.265246	0.268394	0.260293	0.270238	0.269996	0.267793	0.264359	0.266970	0.259331	0.271212	0.266679	0.264125	0.267353	0.273395	0.267306	0.265846	0.263403	0.263500	0.261730	0.262229	0.268270	0.261084	0.272053	0.262167	0.280260	0.269038	0.260398	0.265297	0.265847	0.263265	0.264357	0.269602	0.274103	0.271301	0.266115	0.266737	0.325694	0.268102	0.264901	0.265124	0.268723	0.356604	0.263920	0.267306	0.277495	0.274434	0.276535	0.260622	0.277370	0.269053	0.324923	0.262300	0.261216	0.275377	0.262919	0.269181	0.273015	0.266042	0.264043	0.268241	0.325879	0.277773	0.271755	0.267358	0.268950	0.309157	0.272256	0.261702	
0.271452	0.263447	0.258040	0.253129	0.255775	0.255107	0.255436	0.253796	0.261940	0.000000	0.268785	0.278469	0.249638	0.269497	0.343458	0.255591	0.262787	0.249619	0.259178	0.258619	0.252709	0.250000	0.255477	0.256217	0.251274	0.284755	0.373509	0.342514	0.359967	0.284429	0.276192	0.258420	0.275327	0.254641	0.272804	0.254247	0.270555	0.272773	0.248987	0.256358	0.274966	0.253786	0.274566	0.258081	0.271234	0.262637	0.275871	0.275462	0.268055	0.272088	0.277858	0.278250	0.265787	0.273592	0.275713	0.250911	0.249596	0.272258	0.258815	0.273196	0.255623	0.269732	0.253430	0.261784	0.252534	0.271364	0.251477	0.256211	0.277359	0.280119	0.279019	0.267323	0.262718	0.331332	0.280618	0.281824	0.277264	0.279956	0.395884	0.273691	0.257623	0.275411	0.292308	0.273004	0.257430	0.290224	0.273355	0.338648	0.277247	0.255091	0.281655	0.261432	0.271506	0.272078	0.271928	0.271985	0.276127	0.339075	0.274070	0.272339	0.271315	0.254622	0.333277	0.274248	0.269552	
0.247844	0.268464	0.274493	0.271645	0.274132	0.263345	0.268843	0.264916	0.261422	0.268785	0.000000	0.255356	0.272220	0.259144	0.355287	0.272750	0.278683	0.271120	0.276490	0.276533	0.271066	0.275838	0.258434	0.277856	0.273026	0.261370	0.373599	0.338564	0.356150	0.255138	0.250147	0.258592	0.251797	0.274231	0.249833	0.270917	0.252153	0.248638	0.268440	0.268560	0.249371	0.269906	0.250168	0.273116	0.254254	0.260315	0.253116	0.246537	0.252600	0.256440	0.251286	0.250947	0.265857	0.250021	0.259465	0.268662	0.269474	0.252266	0.264398	0.253685	0.267527	0.289445	0.267848	0.248495	0.273883	0.252398	0.265825	0.272126	0.255623	0.259436	0.265543	0.258342	0.275503	0.334703	0.252294	0.257589	0.259888	0.259455	0.387130	0.248898	0.275557	0.283696	0.281374	0.254597	0.279053	0.285110	0.257987	0.339431	0.260382	0.271738	0.269050	0.259541	0.253619	0.262356	0.248848	0.253462	0.254685	0.335351	0.266998	0.262784	0.249018	0.272355	0.319646	0.251901	0.252090	
0.256922	0.275090	0.278446	0.280751	0.274942	0.266425	0.279643	0.276407	0.266548	0.278469	0.255356	0.000000	0.282468	0.257068	0.353219	0.275213	0.285353	0.272813	0.278810	0.277420	0.274545	0.279789	0.263841	0.278516	0.280138	0.256218	0.362420	0.329492	0.342177	0.263213	0.250751	0.262362	0.261041	0.274680	0.260404	0.276815	0.254601	0.259758	0.269497	0.270115	0.254850	0.280031	0.255535	0.273485	0.252985	0.261811	0.264382	0.253312	0.254335	0.253520	0.257726	0.260267	0.276910	0.261907	0.258045	0.281626	0.274927	0.264673	0.270028	0.260184	0.272548	0.291326	0.274345	0.257302	0.276474	0.260784	0.273599	0.281416	0.258056	0.269052	0.259998	0.259268	0.276803	0.324201	0.254478	0.257266	0.258453	0.264812	0.377072	0.257361	0.283622	0.284338	0.287849	0.259484	0.282231	0.280095	0.257348	0.327616	0.262702	0.271037	0.270035	0.270414	0.256573	0.266552	0.251459	0.257453	0.255866	0.327748	0.260234	0.268428	0.259142	0.273202	0.311839	0.256918	0.256783	
0.270898	0.264141	0.254311	0.253932	0.252022	0.252405	0.252181	0.259360	0.257447	0.249638	0.272220	0.282468	0.000000	0.273602	0.332380	0.255186	0.258240	0.250148	0.253726	0.256758	0.251715	0.254304	0.260613	0.255484	0.251636	0.276876	0.366330	0.343640	0.349176	0.276444	0.275383	0.258673	0.275076	0.251671	0.277056	0.248781	0.268227	0.264422	0.248924	0.247567	0.270957	0.252336	0.269680	0.252477	0.271673	0.259372	0.277987	0.272195	0.267124	0.270888	0.277740	0.278099	0.260784	0.275856	0.274255	0.251081	0.252340	0.273436	0.257773	0.270298	0.249810	0.271518	0.256269	0.264887	0.262033	0.275813	0.252258	0.251753	0.273991	0.276583	0.278566	0.270619	0.257227	0.328296	0.277075	0.278179	0.284100	0.275419	0.387526	0.274205	0.251380	0.262753	0.288194	0.276450	0.256987	0.285376	0.273229	0.339871	0.274173	0.255786	0.275189	0.263398	0.271576	0.276551	0.267354	0.271556	0.271836	0.348111	0.271122	0.273831	0.269305	0.252679	0.326826	0.270010	0.268883	
0.256156	0.271745	0.277279	0.275850	0.272209	0.272189	0.273573	0.280777	0.263613	0.269497	0.259144	0.257068	0.273602	0.000000	0.336300	0.275550	0.277741	0.272451	0.272963	0.276520	0.273621	0.274504	0.257961	0.275393	0.275175	0.262498	0.347039	0.329859	0.332770	0.260968	0.254336	0.263963	0.258840	0.273027	0.257512	0.269446	0.256019	0.257482	0.278298	0.266136	0.264551	0.273029	0.256921	0.270662	0.256323	0.261013	0.255436	0.261698	0.259114	0.254511	0.253474	0.255745	0.269034	0.259485	0.260068	0.274803	0.277893	0.258702	0.264032	0.258283	0.272695	0.288873	0.280140	0.247884	0.278605	0.257158	0.271950	0.273539	0.255899	0.263650	0.258445	0.257037	0.275474	0.308984	0.259047	0.256850	0.262648	0.261722	0.371481	0.254588	0.275868	0.287946	0.273636	0.261582	0.278746	0.283333	0.258552	0.320691	0.257028	0.267881	0.272247	0.273173	0.256133	0.267349	0.258416	0.261801	0.255659	0.321758	0.267575	0.268568	0.256797	0.274681	0.310448	0.258833	0.255211	
0.356020	0.364128	0.361517	0.365067	0.371561	0.356307	0.374871	0.354814	0.336043	0.343458	0.355287	0.353219	0.332380	0.336300	0.000000	0.335309	0.327526	0.336850	0.345857	0.346388	0.351080	0.334648	0.358428	0.329097	0.358775	0.352034	0.147109	0.215412	0.186992	0.362779	0.355395	0.349040	0.353439	0.350945	0.370170	0.354715	0.355270	0.339263	0.359507	0.355739	0.355727	0.355972	0.358769	0.359153	0.352531	0.349125	0.358092	0.361905	0.354590	0.354689	0.360031	0.351149	0.356147	0.362788	0.351463	0.354156	0.362051	0.371414	0.346064	0.357327	0.363028	0.296582	0.356094	0.335391	0.362211	0.362542	0.353605	0.355195	0.360804	0.356035	0.343924	0.339261	0.349624	0.216831	0.354814	0.354956	0.324497	0.356736	0.156980	0.357422	0.357106	0.278680	0.285264	0.354071	0.338577	0.292513	0.356769	0.185806	0.354599	0.342240	0.355429	0.345085	0.358824	0.360745	0.358525	0.353349	0.363940	0.211363	0.359658	0.356901	0.365854	0.359447	0.224367	0.360052	0.359908	
0.273132	0.267971	0.257026	0.259141	0.259296	0.257281	0.259128	0.258584	0.266883	0.255591	0.272750	0.275213	0.255186	0.275550	0.335309	0.000000	0.260364	0.254267	0.253642	0.254434	0.255153	0.256067	0.259169	0.258686	0.258168	0.276997	0.382325	0.349197	0.365024	0.279673	0.272605	0.257549	0.271774	0.254127	0.276174	0.260172	0.274269	0.273637	0.252579	0.256072	0.271970	0.258395	0.276216	0.253705	0.264983	0.259403	0.276156	0.269694	0.273202	0.276786	0.276198	0.275714	0.262958	0.276806	0.272213	0.250569	0.256517	0.270897	0.265802	0.274989	0.259430	0.273868	0.256866	0.269363	0.257157	0.275209	0.259107	0.257112	0.278475	0.277523	0.283282	0.275050	0.263665	0.336708	0.278097	0.277797	0.279770	0.282925	0.407459	0.280065	0.262683	0.273371	0.295635	0.273536	0.259674	0.301392	0.276729	0.348064	0.277586	0.256064	0.277365	0.264461	0.274047	0.278303	0.271489	0.269379	0.277801	0.356547	0.277323	0.275059	0.272590	0.252748	0.335338	0.276201	0.268064	
0.274958	0.274991	0.260444	0.262627	0.260804	0.262106	0.266891	0.260819	0.268424	0.262787	0.278683	0.285353	0.258240	0.277741	0.327526	0.260364	0.000000	0.257057	0.263845	0.259412	0.264641	0.262366	0.263664	0.265477	0.257761	0.277889	0.362286	0.345853	0.341632	0.287906	0.276665	0.262466	0.277630	0.260075	0.286624	0.257931	0.273314	0.281613	0.259443	0.255513	0.273986	0.250312	0.285499	0.260241	0.274645	0.270695	0.273516	0.281267	0.274557	0.277773	0.285689	0.281264	0.268943	0.277511	0.281095	0.261298	0.261706	0.281017	0.269800	0.275722	0.256242	0.276119	0.260576	0.273113	0.262818	0.282789	0.259943	0.262497	0.285752	0.282871	0.286450	0.283490	0.262368	0.330531	0.282812	0.283703	0.286247	0.281985	0.379360	0.279946	0.259368	0.276239	0.293165	0.282984	0.265790	0.289595	0.286644	0.325700	0.285246	0.258319	0.279537	0.269534	0.279391	0.284277	0.272929	0.277748	0.281858	0.337160	0.286006	0.279821	0.280570	0.260163	0.318229	0.279961	0.276097	
0.266035	0.259399	0.258498	0.255433	0.255079	0.245990	0.256903	0.255685	0.266395	0.249619	0.271120	0.272813	0.250148	0.272451	0.336850	0.254267	0.257057	0.000000	0.257628	0.254855	0.253191	0.258576	0.260746	0.258799	0.255896	0.275253	0.383775	0.342857	0.372124	0.273679	0.268151	0.263285	0.273595	0.253803	0.271334	0.250125	0.271029	0.272552	0.251841	0.253436	0.266644	0.250506	0.277012	0.252457	0.272590	0.259639	0.268659	0.271343	0.265877	0.274393	0.274270	0.275301	0.260906	0.273425	0.273738	0.251009	0.252514	0.270847	0.259150	0.276417	0.256372	0.268539	0.253680	0.265265	0.257748	0.282156	0.252031	0.252494	0.277427	0.273171	0.284214	0.275971	0.265541	0.326394	0.273540	0.270946	0.280844	0.279583	0.393375	0.276005	0.258451	0.270421	0.293159	0.273725	0.261156	0.295487	0.276479	0.341459	0.274382	0.256533	0.273301	0.259697	0.267935	0.272743	0.272521	0.270130	0.278653	0.340627	0.275339	0.266627	0.270390	0.255438	0.326302	0.276116	0.268168	
0.268471	0.261915	0.249979	0.254014	0.256071	0.257723	0.259403	0.246816	0.262102	0.259178	0.276490	0.278810	0.253726	0.272963	0.345857	0.253642	0.263845	0.257628	0.000000	0.254319	0.252040	0.259765	0.262104	0.255699	0.254723	0.277272	0.367219	0.346760	0.355538	0.272409	0.278432	0.255629	0.268076	0.249242	0.273757	0.253093	0.266471	0.267642	0.257610	0.250063	0.264278	0.260822	0.270348	0.255264	0.269690	0.260562	0.271784	0.271693	0.269904	0.274901	0.276965	0.272059	0.262566	0.269971	0.272167	0.251601	0.255924	0.272444	0.260391	0.270916	0.250924	0.266863	0.253243	0.264726	0.259147	0.277159	0.255726	0.251344	0.271985	0.278275	0.278144	0.281111	0.259522	0.328967	0.280480	0.275856	0.276026	0.275145	0.390252	0.273933	0.257452	0.269903	0.288757	0.277708	0.264040	0.291490	0.279859	0.334468	0.273529	0.252244	0.277600	0.261103	0.267254	0.274187	0.262892	0.270689	0.274895	0.336937	0.273825	0.269322	0.271812	0.253481	0.328028	0.270842	0.269860	
0.272845	0.262772	0.256313	0.263199	0.260189	0.248436	0.257989	0.261171	0.265659	0.258619	0.276533	0.277420	0.256758	0.276520	0.346388	0.254434	0.259412	0.254855	0.254319	0.000000	0.254572	0.253821	0.258275	0.262144	0.253846	0.278394	0.363665	0.330458	0.347157	0.278298	0.275043	0.268265	0.271655	0.254365	0.274505	0.257317	0.269618	0.271306	0.250753	0.257786	0.268314	0.256201	0.279226	0.256176	0.274981	0.258850	0.275943	0.276918	0.268560	0.272515	0.281114	0.275578	0.264351	0.270821	0.275922	0.254944	0.259851	0.268619	0.264959	0.275472	0.251941	0.269374	0.258533	0.266988	0.257276	0.276336	0.254474	0.256803	0.277691	0.276298	0.280223	0.273462	0.255450	0.323297	0.276275	0.275757	0.275969	0.279011	0.389661	0.275148	0.251429	0.272087	0.290517	0.278108	0.262386	0.285680	0.281170	0.337840	0.276704	0.253875	0.274389	0.263317	0.270988	0.273287	0.271432	0.271775	0.282760	0.336634	0.277725	0.273828	0.275396	0.256351	0.320764	0.283118	0.268664	
0.271300	0.260994	0.256515	0.254196	0.259179	0.250296	0.254958	0.250506	0.265961	0.252709	0.271066	0.274545	0.251715	0.273621	0.351080	0.255153	0.264641	0.253191	0.252040	0.254572	0.000000	0.255389	0.258882	0.253814	0.255984	0.271909	0.387570	0.353095	0.365704	0.278161	0.274882	0.260321	0.268705	0.256814	0.269582	0.251795	0.269037	0.272223	0.251424	0.254365	0.268252	0.256142	0.276050	0.250798	0.268118	0.260464	0.274287	0.269943	0.271567	0.271390	0.276066	0.269954	0.269611	0.275158	0.271785	0.256354	0.251479	0.272918	0.259049	0.267685	0.252895	0.272735	0.254816	0.266175	0.254317	0.265820	0.257270	0.251487	0.272314	0.272468	0.286816	0.266030	0.259855	0.329859	0.268241	0.271913	0.281483	0.277680	0.407061	0.265778	0.260371	0.271865	0.296251	0.273824	0.259142	0.293274	0.274159	0.342329	0.278053	0.247129	0.273233	0.253165	0.272468	0.272628	0.269069	0.273441	0.278401	0.351740	0.271854	0.267227	0.273725	0.252010	0.332053	0.276590	0.265851	
0.267431	0.261417	0.263605	0.259288	0.261377	0.251866	0.264320	0.258087	0.267876	0.250000	0.275838	0.279789	0.254304	0.274504	0.334648	0.256067	0.262366	0.258576	0.259765	0.253821	0.255389	0.000000	0.257968	0.256787	0.259734	0.281111	0.367516	0.331549	0.349614	0.284678	0.277202	0.260556	0.268767	0.264081	0.283145	0.255082	0.268188	0.270618	0.256018	0.257887	0.271425	0.262556	0.275073	0.253650	0.278521	0.258543	0.270035	0.275797	0.272806	0.277481	0.277638	0.277085	0.268394	0.277571	0.274851	0.253886	0.257292	0.277197	0.260240	0.279511	0.252068	0.276627	0.254467	0.268446	0.259680	0.277115	0.255420	0.255726	0.281493	0.279444	0.280256	0.283140	0.259721	0.336994	0.280038	0.278139	0.276743	0.276502	0.390653	0.279013	0.255822	0.269841	0.301054	0.281864	0.255106	0.287039	0.276359	0.331858	0.278869	0.257554	0.280547	0.264876	0.277147	0.270020	0.276642	0.275163	0.277032	0.333180	0.272790	0.271309	0.274441	0.257293	0.324117	0.274817	0.270280	
0.255659	0.262788	0.259672	0.259928	0.261865	0.257893	0.264497	0.256541	0.266525	0.255477	0.258434	0.263841	0.260613	0.257961	0.358428	0.259169	0.263664	0.260746	0.262104	0.258275	0.258882	0.257968	0.000000	0.262302	0.263158	0.265563	0.375622	0.335652	0.350427	0.265920	0.260779	0.260378	0.256278	0.256951	0.259336	0.258394	0.256115	0.260408	0.252294	0.254284	0.256545	0.259350	0.263748	0.256258	0.257444	0.256041	0.260450	0.260848	0.258175	0.253182	0.261747	0.256296	0.261250	0.255564	0.263299	0.254629	0.254105	0.261365	0.257788	0.251441	0.262533	0.277792	0.255610	0.257260	0.265158	0.262821	0.257588	0.259704	0.264679	0.261112	0.268150	0.253217	0.262486	0.332589	0.262173	0.260409	0.260153	0.260477	0.384986	0.261579	0.259760	0.277521	0.276497	0.266789	0.267683	0.284341	0.261270	0.341551	0.261676	0.254653	0.271080	0.256845	0.259265	0.262283	0.252801	0.252995	0.255340	0.328847	0.269218	0.261909	0.261029	0.261889	0.320346	0.257906	0.254814	
0.275838	0.269336	0.263384	0.259877	0.261447	0.256793	0.261648	0.255285	0.265367	0.256217	0.277856	0.278516	0.255484	0.275393	0.329097	0.258686	0.265477	0.258799	0.255699	0.262144	0.253814	0.256787	0.262302	0.000000	0.258364	0.281972	0.356404	0.331732	0.347585	0.279850	0.275062	0.267299	0.273640	0.262851	0.284444	0.254780	0.276133	0.275567	0.251453	0.255206	0.279333	0.259164	0.281236	0.260251	0.277341	0.269367	0.273876	0.275795	0.274517	0.280897	0.282487	0.276076	0.271937	0.282626	0.280177	0.261734	0.261970	0.278780	0.263121	0.277219	0.263112	0.274309	0.255962	0.268868	0.265216	0.284609	0.256972	0.259142	0.281095	0.279129	0.283222	0.277021	0.261472	0.321373	0.280616	0.283737	0.276636	0.278244	0.369043	0.276996	0.260573	0.270913	0.287044	0.287198	0.255532	0.287784	0.278237	0.327802	0.277690	0.251101	0.284930	0.267206	0.279873	0.282017	0.276209	0.275595	0.280779	0.326559	0.277483	0.277411	0.282871	0.258079	0.320466	0.284922	0.276129	
0.275981	0.264651	0.261336	0.254758	0.254301	0.253881	0.261390	0.260002	0.267988	0.251274	0.273026	0.280138	0.251636	0.275175	0.358775	0.258168	0.257761	0.255896	0.254723	0.253846	0.255984	0.259734	0.263158	0.258364	0.000000	0.278874	0.382371	0.350380	0.366730	0.283858	0.271531	0.264486	0.275862	0.259666	0.272353	0.256348	0.274226	0.273210	0.253131	0.251642	0.274023	0.259853	0.272957	0.256471	0.266279	0.259044	0.275066	0.269448	0.271661	0.272045	0.277406	0.272181	0.257756	0.275121	0.275979	0.253400	0.261297	0.272528	0.262649	0.274075	0.250695	0.275880	0.254390	0.262826	0.257042	0.278221	0.254730	0.254986	0.276756	0.279037	0.283516	0.276979	0.261016	0.348218	0.274712	0.276529	0.280690	0.276569	0.400070	0.283377	0.262650	0.283953	0.301067	0.280979	0.262921	0.306746	0.272336	0.344318	0.279687	0.252860	0.278332	0.259424	0.275717	0.277091	0.271432	0.272903	0.277245	0.342242	0.272427	0.270514	0.272720	0.252690	0.331433	0.274180	0.272108	
0.258221	0.278566	0.275758	0.273239	0.280207	0.270802	0.280576	0.273808	0.271552	0.284755	0.261370	0.256218	0.276876	0.262498	0.352034	0.276997	0.277889	0.275253	0.277272	0.278394	0.271909	0.281111	0.265563	0.281972	0.278874	0.000000	0.351822	0.321653	0.332141	0.266416	0.253464	0.267523	0.252137	0.274603	0.259585	0.275402	0.251901	0.259221	0.278037	0.273624	0.253245	0.277971	0.254350	0.279439	0.254440	0.264905	0.250765	0.250824	0.251299	0.262064	0.259913	0.257039	0.278711	0.258667	0.256546	0.275093	0.277217	0.256150	0.266022	0.254174	0.276691	0.298110	0.278939	0.250367	0.278710	0.262759	0.275425	0.277475	0.263914	0.257345	0.265310	0.253441	0.278514	0.315890	0.260443	0.258654	0.266733	0.258842	0.372394	0.256249	0.283926	0.284327	0.276671	0.256481	0.281160	0.284167	0.254764	0.328283	0.266632	0.274378	0.277879	0.274016	0.250432	0.272498	0.256321	0.256331	0.262135	0.338971	0.264977	0.266061	0.255892	0.277370	0.317619	0.258009	0.259713	
0.379375	0.373829	0.382390	0.385433	0.373209	0.367624	0.384424	0.377673	0.354174	0.373509	0.373599	0.362420	0.366330	0.347039	0.147109	0.382325	0.362286	0.383775	0.367219	0.363665	0.387570	0.367516	0.375622	0.356404	0.382371	0.351822	0.000000	0.192031	0.162530	0.360227	0.349642	0.368421	0.369192	0.378378	0.377931	0.371473	0.368602	0.370695	0.388716	0.381744	0.376247	0.379691	0.366938	0.382224	0.362219	0.366312	0.363091	0.369260	0.363127	0.358958	0.355123	0.360425	0.373354	0.372881	0.373826	0.373088	0.383092	0.377548	0.370510	0.370324	0.382793	0.300373	0.374260	0.370822	0.377341	0.368209	0.371803	0.371491	0.360589	0.358287	0.331492	0.341933	0.361383	0.192440	0.371976	0.362069	0.315068	0.378598	0.157652	0.344751	0.378099	0.284873	0.306938	0.372512	0.336943	0.290831	0.374046	0.186534	0.369059	0.368339	0.372622	0.386966	0.373255	0.373788	0.354728	0.371659	0.371189	0.195831	0.371590	0.367508	0.381337	0.379246	0.202845	0.378007	0.384663	
0.343623	0.348458	0.355007	0.351446	0.352342	0.343805	0.354622	0.347725	0.324589	0.342514	0.338564	0.329492	0.343640	0.329859	0.215412	0.349197	0.345853	0.342857	0.346760	0.330458	0.353095	0.331549	0.335652	0.331732	0.350380	0.321653	0.192031	0.000000	0.200121	0.331664	0.327812	0.331306	0.331689	0.341599	0.347359	0.350563	0.340209	0.339057	0.347952	0.347267	0.343469	0.350117	0.332265	0.346277	0.346176	0.340637	0.338140	0.357873	0.339738	0.323203	0.339113	0.343850	0.354604	0.342105	0.345860	0.347712	0.357604	0.351241	0.338904	0.338944	0.357599	0.313028	0.343396	0.339628	0.368788	0.340567	0.349622	0.342716	0.335958	0.332763	0.322199	0.305728	0.337611	0.239592	0.338127	0.333529	0.317647	0.331974	0.196242	0.346233	0.351652	0.283362	0.274539	0.342311	0.325203	0.272727	0.340160	0.231713	0.337206	0.341577	0.351863	0.339959	0.338841	0.340251	0.332945	0.349725	0.331687	0.214169	0.347712	0.355209	0.348884	0.357412	0.234511	0.345028	0.347687	
0.361879	0.361714	0.367102	0.362590	0.364775	0.355501	0.364760	0.358470	0.334210	0.359967	0.356150	0.342177	0.349176	0.332770	0.186992	0.365024	0.341632	0.372124	0.355538	0.347157	0.365704	0.349614	0.350427	0.347585	0.366730	0.332141	0.162530	0.200121	0.000000	0.329981	0.328163	0.360904	0.354718	0.356010	0.360322	0.361510	0.353933	0.345927	0.363563	0.352547	0.353649	0.355345	0.344791	0.352419	0.346216	0.355305	0.343615	0.352071	0.353398	0.331811	0.346060	0.340683	0.365867	0.360731	0.352196	0.359925	0.353195	0.356205	0.350579	0.345784	0.366845	0.292508	0.351698	0.345372	0.361475	0.359009	0.357181	0.360739	0.353921	0.328330	0.327592	0.316086	0.351162	0.224425	0.350825	0.347744	0.303918	0.327886	0.171963	0.341662	0.366299	0.286834	0.288512	0.358551	0.332622	0.299479	0.340785	0.173970	0.350361	0.364341	0.362101	0.353616	0.349359	0.352181	0.353554	0.343800	0.342352	0.194263	0.349758	0.351762	0.360214	0.362423	0.208211	0.358002	0.351481	
0.257398	0.272952	0.277782	0.276284	0.279600	0.273763	0.282551	0.276730	0.270215	0.284429	0.255138	0.263213	0.276444	0.260968	0.362779	0.279673	0.287906	0.273679	0.272409	0.278298	0.278161	0.284678	0.265920	0.279850	0.283858	0.266416	0.360227	0.331664	0.329981	0.000000	0.259196	0.268514	0.260781	0.276405	0.262479	0.279523	0.255180	0.254213	0.274348	0.267455	0.256367	0.277982	0.257620	0.284254	0.253087	0.258323	0.257076	0.259439	0.249702	0.262302	0.259940	0.258861	0.270898	0.262222	0.260558	0.276888	0.278530	0.254578	0.264398	0.259845	0.275325	0.296388	0.271673	0.253861	0.281635	0.260722	0.279824	0.272326	0.258328	0.261868	0.265325	0.264209	0.281616	0.324661	0.261007	0.259383	0.264732	0.255871	0.378464	0.263063	0.286948	0.288743	0.284824	0.258847	0.283989	0.289530	0.267922	0.329177	0.257228	0.279453	0.267088	0.268639	0.256900	0.269806	0.254211	0.260442	0.262139	0.333638	0.262551	0.261575	0.260593	0.273445	0.319696	0.258624	0.259674	
0.250735	0.270665	0.274179	0.269053	0.275709	0.271027	0.273018	0.268864	0.271319	0.276192	0.250147	0.250751	0.275383	0.254336	0.355395	0.272605	0.276665	0.268151	0.278432	0.275043	0.274882	0.277202	0.260779	0.275062	0.271531	0.253464	0.349642	0.327812	0.328163	0.259196	0.000000	0.257465	0.252954	0.275642	0.256975	0.269963	0.251384	0.255527	0.269205	0.265558	0.246847	0.278111	0.252920	0.272406	0.253552	0.260720	0.249788	0.256080	0.251912	0.252671	0.251436	0.250885	0.266064	0.255186	0.256090	0.275032	0.268720	0.252061	0.266616	0.249979	0.271750	0.293494	0.269406	0.246142	0.278272	0.257992	0.267919	0.274200	0.251157	0.254318	0.262703	0.253726	0.280644	0.321895	0.256957	0.253928	0.257331	0.253889	0.383581	0.250934	0.276840	0.283268	0.274728	0.254987	0.274154	0.285245	0.249250	0.327668	0.254744	0.269547	0.261459	0.265900	0.251027	0.260106	0.249118	0.251798	0.252745	0.331081	0.260327	0.255832	0.250251	0.270288	0.315622	0.252827	0.249183	
0.256363	0.265158	0.264190	0.260506	0.258239	0.259677	0.263395	0.258765	0.263965	0.258420	0.258592	0.262362	0.258673	0.263963	0.349040	0.257549	0.262466	0.263285	0.255629	0.268265	0.260321	0.260556	0.260378	0.267299	0.264486	0.267523	0.368421	0.331306	0.360904	0.268514	0.257465	0.000000	0.259083	0.259960	0.259623	0.261523	0.258027	0.259612	0.260003	0.260481	0.256813	0.260694	0.262058	0.259619	0.261891	0.261596	0.256064	0.256110	0.257167	0.258556	0.262667	0.253944	0.262251	0.263149	0.260786	0.257035	0.263658	0.261466	0.259213	0.260311	0.257155	0.278391	0.259523	0.253522	0.259883	0.262790	0.258022	0.263136	0.265496	0.265661	0.267077	0.267472	0.262996	0.335316	0.258238	0.265524	0.271387	0.263457	0.385563	0.260345	0.267724	0.278971	0.294016	0.260938	0.268316	0.290730	0.262144	0.339286	0.258993	0.253336	0.266600	0.264603	0.261047	0.272155	0.250919	0.254718	0.260924	0.342129	0.262681	0.261328	0.259315	0.259213	0.322543	0.260880	0.255808	
0.249247	0.270148	0.273969	0.273283	0.271476	0.271754	0.274365	0.274133	0.261907	0.275327	0.251797	0.261041	0.275076	0.258840	0.353439	0.271774	0.277630	0.273595	0.268076	0.271655	0.268705	0.268767	0.256278	0.273640	0.275862	0.252137	0.369192	0.331689	0.354718	0.260781	0.252954	0.259083	0.000000	0.273863	0.251879	0.271017	0.247620	0.256320	0.272378	0.265228	0.253559	0.276762	0.255802	0.275182	0.251801	0.265108	0.256671	0.253147	0.252346	0.260439	0.261141	0.250672	0.266667	0.253342	0.257287	0.276290	0.276316	0.256918	0.268410	0.252448	0.272910	0.288842	0.271942	0.248248	0.274384	0.260402	0.266444	0.275519	0.259179	0.259691	0.262985	0.262291	0.271821	0.331096	0.255630	0.253347	0.257424	0.255426	0.385144	0.255308	0.276848	0.279259	0.279607	0.259105	0.280019	0.285781	0.253714	0.335339	0.255058	0.268478	0.263105	0.265134	0.253009	0.260409	0.256157	0.251875	0.253592	0.330864	0.264061	0.254715	0.250627	0.274148	0.321144	0.251797	0.252756	
0.267838	0.257452	0.255666	0.254159	0.255358	0.255267	0.260943	0.256750	0.261337	0.254641	0.274231	0.274680	0.251671	0.273027	0.350945	0.254127	0.260075	0.253803	0.249242	0.254365	0.256814	0.264081	0.256951	0.262851	0.259666	0.274603	0.378378	0.341599	0.356010	0.276405	0.275642	0.259960	0.273863	0.000000	0.270211	0.251631	0.273483	0.269554	0.254300	0.250567	0.265864	0.260495	0.268529	0.254856	0.265533	0.262095	0.276668	0.270591	0.267373	0.269046	0.275877	0.273042	0.261149	0.269396	0.271301	0.255814	0.254402	0.272934	0.262552	0.268617	0.253760	0.269704	0.252590	0.267578	0.258582	0.275276	0.256311	0.257032	0.271993	0.270757	0.277303	0.276970	0.255989	0.331711	0.272022	0.277190	0.280905	0.275758	0.400696	0.276097	0.253715	0.280744	0.294190	0.277106	0.262569	0.293095	0.272384	0.338060	0.273889	0.257637	0.274406	0.260662	0.269812	0.269049	0.271581	0.267409	0.269431	0.338444	0.276109	0.268620	0.277293	0.253625	0.328753	0.274444	0.271317	
0.248286	0.275793	0.270464	0.274973	0.277708	0.269101	0.273192	0.279005	0.275435	0.272804	0.249833	0.260404	0.277056	0.257512	0.370170	0.276174	0.286624	0.271334	0.273757	0.274505	0.269582	0.283145	0.259336	0.284444	0.272353	0.259585	0.377931	0.347359	0.360322	0.262479	0.256975	0.259623	0.251879	0.270211	0.000000	0.274051	0.253175	0.251674	0.273555	0.272788	0.252763	0.279808	0.256406	0.275209	0.252658	0.254020	0.261223	0.257464	0.254838	0.259663	0.257051	0.253743	0.268104	0.258811	0.257476	0.273437	0.275348	0.254445	0.263491	0.260568	0.270872	0.292233	0.270263	0.254761	0.274194	0.257545	0.268126	0.276254	0.256352	0.260164	0.260937	0.260612	0.279552	0.333582	0.251240	0.264562	0.261961	0.262938	0.403866	0.256775	0.275616	0.286404	0.267290	0.257267	0.277686	0.288064	0.263589	0.344145	0.253136	0.267971	0.267539	0.265107	0.249102	0.268028	0.253012	0.256476	0.254447	0.344642	0.259321	0.264853	0.250543	0.277764	0.329439	0.263030	0.246932	
0.272379	0.263614	0.253570	0.255465	0.250125	0.246070	0.251211	0.256069	0.265978	0.254247	0.270917	0.276815	0.248781	0.269446	0.354715	0.260172	0.257931	0.250125	0.253093	0.257317	0.251795	0.255082	0.258394	0.254780	0.256348	0.275402	0.371473	0.350563	0.361510	0.279523	0.269963	0.261523	0.271017	0.251631	0.274051	0.000000	0.268721	0.270952	0.247919	0.250042	0.268431	0.250525	0.273115	0.244359	0.267975	0.257205	0.269364	0.268819	0.268611	0.275182	0.273361	0.274885	0.261267	0.274969	0.275126	0.254913	0.250609	0.270691	0.257943	0.268268	0.251042	0.271861	0.253469	0.261510	0.255062	0.273060	0.247710	0.255002	0.274323	0.280178	0.278370	0.272833	0.256814	0.322342	0.275166	0.277209	0.280198	0.277806	0.385167	0.277585	0.258462	0.270375	0.294320	0.280600	0.253102	0.286049	0.273578	0.337767	0.279260	0.251000	0.275825	0.263627	0.267644	0.274830	0.268319	0.268937	0.273840	0.343743	0.271463	0.269124	0.270291	0.246358	0.327089	0.268360	0.268142	
0.248975	0.267180	0.272235	0.265204	0.272826	0.269552	0.269121	0.267586	0.260069	0.270555	0.252153	0.254601	0.268227	0.256019	0.355270	0.274269	0.273314	0.271029	0.266471	0.269618	0.269037	0.268188	0.256115	0.276133	0.274226	0.251901	0.368602	0.340209	0.353933	0.255180	0.251384	0.258027	0.247620	0.273483	0.253175	0.268721	0.000000	0.248785	0.268655	0.263440	0.250147	0.269487	0.251928	0.268160	0.251949	0.252997	0.250212	0.253610	0.241530	0.253312	0.253936	0.250463	0.269578	0.246889	0.251009	0.269719	0.270594	0.251259	0.262954	0.254313	0.267895	0.288784	0.267584	0.246615	0.273290	0.252648	0.266555	0.273830	0.253480	0.261214	0.260204	0.256798	0.275737	0.320551	0.252586	0.257516	0.259475	0.253311	0.387108	0.251737	0.274441	0.284310	0.277450	0.253800	0.275003	0.269276	0.258820	0.326181	0.250858	0.264625	0.265373	0.264325	0.246551	0.264354	0.247593	0.250604	0.248370	0.342300	0.259247	0.254652	0.253093	0.267803	0.323333	0.247974	0.253507	
0.252411	0.270057	0.265787	0.275688	0.277030	0.271782	0.270665	0.273953	0.265246	0.272773	0.248638	0.259758	0.264422	0.257482	0.339263	0.273637	0.281613	0.272552	0.267642	0.271306	0.272223	0.270618	0.260408	0.275567	0.273210	0.259221	0.370695	0.339057	0.345927	0.254213	0.255527	0.259612	0.256320	0.269554	0.251674	0.270952	0.248785	0.000000	0.271737	0.265000	0.255710	0.270884	0.249937	0.270352	0.252836	0.254304	0.255859	0.257042	0.249874	0.251176	0.255826	0.247386	0.268604	0.253015	0.255176	0.271503	0.274372	0.254287	0.263714	0.257989	0.268489	0.285510	0.267160	0.249037	0.274539	0.259300	0.265221	0.278849	0.256197	0.257297	0.265445	0.249738	0.275307	0.319776	0.257102	0.252659	0.261776	0.259887	0.383472	0.252842	0.273379	0.283187	0.294595	0.260072	0.270554	0.277295	0.251520	0.327297	0.254152	0.271508	0.263508	0.261839	0.253414	0.265430	0.254994	0.251588	0.258626	0.329362	0.259016	0.260995	0.254669	0.264908	0.313315	0.250293	0.251088	
0.267593	0.263228	0.254853	0.250565	0.250500	0.244270	0.248869	0.251114	0.268394	0.248987	0.268440	0.269497	0.248924	0.278298	0.359507	0.252579	0.259443	0.251841	0.257610	0.250753	0.251424	0.256018	0.252294	0.251453	0.253131	0.278037	0.388716	0.347952	0.363563	0.274348	0.269205	0.260003	0.272378	0.254300	0.273555	0.247919	0.268655	0.271737	0.000000	0.247991	0.265063	0.255369	0.270182	0.251718	0.270350	0.256202	0.270779	0.269144	0.266533	0.273924	0.274642	0.271350	0.262302	0.272108	0.271122	0.251762	0.247619	0.267734	0.263051	0.269318	0.252803	0.272941	0.255307	0.262683	0.255872	0.274024	0.249123	0.247030	0.269760	0.276639	0.284483	0.272632	0.255845	0.329478	0.269095	0.271563	0.275267	0.270175	0.400277	0.274498	0.252961	0.269874	0.299704	0.279866	0.260477	0.284742	0.270848	0.339491	0.270711	0.252258	0.275775	0.258949	0.269353	0.271733	0.269765	0.271591	0.274072	0.342626	0.279697	0.272650	0.267123	0.251462	0.331051	0.270964	0.274466	
0.268696	0.271417	0.254529	0.250901	0.254450	0.244683	0.250608	0.251242	0.260293	0.256358	0.268560	0.270115	0.247567	0.266136	0.355739	0.256072	0.255513	0.253436	0.250063	0.257786	0.254365	0.257887	0.254284	0.255206	0.251642	0.273624	0.381744	0.347267	0.352547	0.267455	0.265558	0.260481	0.265228	0.250567	0.272788	0.250042	0.263440	0.265000	0.247991	0.000000	0.265491	0.252638	0.262760	0.258566	0.262508	0.258438	0.272349	0.263618	0.264568	0.266992	0.267764	0.267801	0.262851	0.268550	0.266734	0.250924	0.246600	0.270191	0.261053	0.264990	0.249015	0.271397	0.252795	0.254753	0.261012	0.265998	0.251403	0.253436	0.270023	0.270878	0.277383	0.271763	0.255477	0.335829	0.271578	0.273909	0.275392	0.271666	0.387219	0.275110	0.255095	0.268234	0.287897	0.272605	0.258239	0.293813	0.268368	0.338804	0.269305	0.252723	0.270309	0.256427	0.266812	0.268728	0.260133	0.260960	0.267085	0.346275	0.272375	0.267943	0.262889	0.248054	0.321309	0.264115	0.264078	
0.246895	0.268944	0.273419	0.270888	0.271815	0.265539	0.266852	0.271778	0.270238	0.274966	0.249371	0.254850	0.270957	0.264551	0.355727	0.271970	0.273986	0.266644	0.264278	0.268314	0.268252	0.271425	0.256545	0.279333	0.274023	0.253245	0.376247	0.343469	0.353649	0.256367	0.246847	0.256813	0.253559	0.265864	0.252763	0.268431	0.250147	0.255710	0.265063	0.265491	0.000000	0.267292	0.250273	0.267827	0.253445	0.256221	0.249724	0.251872	0.250777	0.252754	0.251752	0.252930	0.266520	0.255506	0.259035	0.270263	0.272135	0.251346	0.267507	0.252832	0.266510	0.288070	0.274127	0.244471	0.270662	0.250815	0.265684	0.269889	0.257066	0.262280	0.258573	0.258448	0.272880	0.328113	0.252741	0.251394	0.257622	0.256305	0.388333	0.252823	0.277112	0.282892	0.287226	0.258562	0.276548	0.294270	0.253532	0.338049	0.255371	0.262809	0.268952	0.263242	0.251026	0.263518	0.254219	0.255117	0.253122	0.338437	0.259250	0.263805	0.250126	0.265164	0.317916	0.247717	0.251883	
0.270357	0.262194	0.258482	0.258309	0.255630	0.251530	0.255006	0.249873	0.269996	0.253786	0.269906	0.280031	0.252336	0.273029	0.355972	0.258395	0.250312	0.250506	0.260822	0.256201	0.256142	0.262556	0.259350	0.259164	0.259853	0.277971	0.379691	0.350117	0.355345	0.277982	0.278111	0.260694	0.276762	0.260495	0.279808	0.250525	0.269487	0.270884	0.255369	0.252638	0.267292	0.000000	0.275722	0.244362	0.270069	0.261255	0.274054	0.270620	0.265957	0.273173	0.279450	0.276614	0.262014	0.279129	0.274761	0.252876	0.253205	0.275224	0.260918	0.270095	0.256767	0.273749	0.250359	0.268385	0.252255	0.277857	0.250358	0.253056	0.280484	0.285612	0.284624	0.274158	0.257822	0.332326	0.275871	0.280761	0.281937	0.278013	0.407108	0.279990	0.256165	0.273288	0.295736	0.274328	0.258810	0.293827	0.277175	0.340057	0.276339	0.247409	0.277359	0.263025	0.270168	0.274964	0.272359	0.269473	0.276556	0.340981	0.278173	0.270494	0.270047	0.247831	0.331429	0.272888	0.276074	
