0.931357	-0.010542	-0.011848	-0.032412	-0.036355	-0.035163	-0.022202	-0.041875	-0.020128	-0.036058	0.025357	0.011788	-0.031811	0.012650	-0.129928	-0.031697	-0.035088	-0.023269	-0.034785	-0.035321	-0.035995	-0.024855	-0.004232	-0.035195	-0.039661	0.009823	-0.162938	-0.114328	-0.144901	0.009441	0.020405	-0.004498	0.030568	-0.030729	0.033992	-0.049141	0.016061	0.015167	-0.032451	-0.045353	0.020047	-0.021017	0.032033	-0.022420	0.019916	-0.011366	0.018729	0.009172	0.021826	0.021808	0.011157	0.009965	-0.021007	0.016136	0.036343	-0.029395	-0.040950	0.011315	-0.009646	0.017511	-0.025692	-0.072916	-0.037798	0.015451	-0.015726	0.011607	-0.022774	-0.032257	0.015491	0.015745	0.000797	0.017662	-0.048460	-0.086637	0.031658	0.023297	0.023791	0.026089	-0.168221	0.005128	-0.031842	-0.063873	-0.018955	0.008193	-0.030700	-0.049978	0.016680	-0.133867	0.034465	-0.036871	0.002166	-0.015926	0.004635	-0.002918	0.014304	0.018294	0.016962	-0.119163	-0.002597	-0.012508	0.021744	-0.039241	-0.080398	0.034898	0.007036	
-0.010542	1.017800	0.009988	0.005595	0.004994	-0.002007	-0.007277	0.006864	-0.010335	0.009771	-0.015602	-0.021152	-0.003527	-0.019496	-0.133554	-0.007672	-0.006704	0.020261	0.014107	0.015551	0.013788	0.019046	-0.011887	-0.003263	0.009114	-0.033736	-0.117823	-0.099552	-0.119584	-0.020895	-0.019379	-0.008834	-0.015167	0.031784	-0.027349	0.003776	-0.014907	-0.021609	0.000827	-0.019115	-0.025733	0.008603	-0.025023	0.009457	-0.031867	-0.006285	-0.022986	-0.031283	-0.037807	-0.024258	-0.034014	-0.031558	0.110549	-0.031186	-0.025268	0.006453	0.000271	-0.026770	0.002137	-0.026720	0.005529	-0.009389	-0.001660	-0.024115	0.007869	-0.016679	0.004077	0.005041	-0.010096	-0.015995	-0.031656	-0.014964	0.008812	-0.092946	-0.036044	-0.044534	-0.028208	-0.022975	-0.156082	-0.029123	-0.003779	-0.007770	-0.041138	-0.024094	0.007798	-0.024083	-0.012519	-0.103751	-0.026736	0.006128	0.014671	0.011817	-0.026362	0.028222	-0.004978	-0.011570	-0.018235	-0.090550	0.012698	0.029706	-0.024729	0.010298	-0.081909	-0.020909	-0.020013	
-0.011848	0.009988	0.975155	0.020836	0.040452	0.027039	0.008704	0.039896	-0.000669	0.021027	-0.036781	-0.031562	0.026917	-0.043249	-0.127242	0.022945	0.035532	0.015915	0.042151	0.030614	0.025615	0.010039	0.000572	0.020231	0.008175	-0.035902	-0.174628	-0.127485	-0.149641	-0.035343	-0.034722	-0.016732	-0.029881	0.030662	-0.009243	0.025469	-0.042128	-0.010429	0.027353	0.017318	-0.039189	0.020934	-0.031576	0.018263	-0.023190	0.002258	-0.043210	-0.025760	-0.012201	-0.016626	-0.034408	-0.015631	0.019736	-0.029610	-0.013742	0.040051	0.031440	-0.015398	-0.007951	-0.018057	0.038584	-0.000146	0.006776	-0.016336	0.029441	-0.023281	0.025955	0.013677	-0.026092	-0.033664	-0.047913	-0.021630	0.045007	-0.111025	-0.029187	-0.050832	-0.037585	-0.033287	-0.170761	-0.027484	0.015227	-0.026971	-0.040027	-0.033967	0.007058	-0.047517	-0.037088	-0.130989	-0.032566	0.011658	-0.027361	-0.001099	-0.038153	-0.045277	-0.033707	-0.021549	-0.026749	-0.116211	-0.034147	-0.015357	-0.029009	0.033806	-0.093871	-0.038426	-0.026959	
-0.032412	0.005595	0.020836	0.990521	0.035745	0.025778	0.017849	0.030685	-0.008899	0.042618	-0.026987	-0.037979	0.039869	-0.035414	-0.116831	0.029524	0.028979	0.033714	0.031376	0.006515	0.028701	0.026581	-0.000288	0.027037	0.037948	-0.019598	-0.166439	-0.123542	-0.129209	-0.031763	-0.023010	0.003671	-0.026245	0.036464	-0.028404	0.028020	-0.014221	-0.040090	0.037631	0.028752	-0.030498	0.024586	-0.030189	0.027037	-0.036930	-0.003115	-0.037101	-0.039956	-0.017280	-0.023924	-0.032288	-0.046648	-0.008042	-0.020282	-0.025943	0.014279	0.021073	-0.033849	-0.004354	-0.033592	0.029409	0.004157	0.035629	-0.012587	0.033971	-0.029909	0.007128	0.035892	-0.036091	-0.041103	-0.027892	-0.031165	0.029385	-0.127409	-0.042058	-0.043981	-0.048355	-0.030695	-0.187725	-0.057217	0.032002	-0.011112	-0.052393	-0.046154	0.013181	-0.050026	-0.033562	-0.104492	-0.022435	0.027201	-0.037885	0.017057	-0.032094	-0.035422	-0.036989	-0.025835	-0.047505	-0.120650	-0.022143	-0.030434	-0.030834	0.033835	-0.085196	-0.031782	-0.032866	
-0.036355	0.004994	0.040452	0.035745	0.979929	0.048922	0.026771	0.038221	-0.012577	0.034979	-0.034967	-0.027088	0.042140	-0.019515	-0.142585	0.020064	0.035211	0.024460	0.029196	0.017768	0.011185	0.017693	-0.004562	0.023524	0.032283	-0.030609	-0.144772	-0.116414	-0.145855	-0.034642	-0.038278	0.006902	-0.030127	0.026996	-0.033972	0.038343	-0.043262	-0.034491	0.027011	0.031620	-0.029290	0.028761	-0.026154	0.035055	-0.022806	-0.010962	-0.041396	-0.030214	-0.026679	-0.031966	-0.030382	-0.029795	0.000728	-0.048916	-0.032053	0.031123	0.040033	-0.040950	-0.014935	-0.025455	0.033537	0.003863	0.026542	-0.017565	0.031038	-0.040553	0.018023	0.027489	-0.051353	-0.046980	-0.045465	-0.044606	0.030393	-0.092682	-0.044288	-0.044375	-0.042540	-0.032403	-0.189223	-0.024816	0.046504	0.024897	-0.042060	-0.043390	0.011635	-0.025934	-0.028784	-0.084939	-0.031147	0.029266	-0.034447	0.015969	-0.047431	-0.035515	-0.023436	-0.027763	-0.033362	-0.147192	-0.034543	-0.029208	-0.029838	0.025621	-0.081041	-0.011774	-0.034371	
-0.035163	-0.002007	0.027039	0.025778	0.048922	0.947284	0.031409	0.038264	-0.001808	0.018655	-0.018079	-0.010292	0.026051	-0.029965	-0.121718	0.012661	0.016192	0.048234	0.006044	0.040683	0.035110	0.038315	-0.003849	0.029369	0.034907	-0.026769	-0.141658	-0.091448	-0.143161	-0.028641	-0.039656	-0.009191	-0.042192	0.017868	-0.023984	0.039631	-0.041967	-0.040688	0.043490	0.039486	-0.027952	0.033795	-0.028997	0.017017	-0.049639	-0.008562	-0.043991	-0.039336	-0.028442	-0.028846	-0.030413	-0.029134	0.014474	-0.032594	-0.023268	0.019778	0.030875	-0.041958	0.022587	-0.031510	0.009957	0.009899	0.024214	-0.011115	0.030481	-0.035328	0.041083	0.012168	-0.035136	-0.032796	-0.037277	-0.050296	0.023604	-0.074777	-0.025625	-0.031615	-0.049665	-0.035745	-0.177813	-0.034389	0.035344	0.014459	-0.048495	-0.044846	0.026599	-0.047167	-0.022331	-0.108190	-0.027597	0.014401	-0.029044	-0.023847	-0.024480	-0.033514	-0.034623	-0.034440	-0.019736	-0.132578	-0.023235	-0.027955	-0.036414	0.027212	-0.100423	-0.031346	-0.027006	
-0.022202	-0.007277	0.008704	0.017849	0.026771	0.031409	1.006688	0.042526	0.014581	0.033897	-0.024188	-0.034118	0.036152	-0.013874	-0.146823	0.035104	0.017513	0.024893	0.016418	0.027389	0.030208	0.012991	-0.012518	0.018345	0.021202	-0.041429	-0.146257	-0.095912	-0.124553	-0.041166	-0.030346	-0.002706	-0.032857	0.019484	-0.015063	0.043889	-0.025665	-0.021363	0.049869	0.039233	-0.014493	0.029675	-0.046508	0.004656	-0.035681	-0.007877	-0.031215	-0.024122	-0.035256	-0.030245	-0.046625	-0.029787	-0.014391	-0.050244	-0.029188	0.024336	0.045737	-0.029555	-0.002962	-0.024975	0.029322	-0.000407	0.020212	-0.035444	0.035696	-0.032517	0.035431	0.031909	-0.034929	-0.026932	-0.027163	-0.027021	0.018570	-0.099529	-0.041122	-0.038907	-0.049008	-0.037177	-0.153027	-0.038716	0.032837	0.002528	-0.067264	-0.018345	0.019882	-0.064192	-0.046640	-0.089674	-0.038278	0.030987	-0.037149	-0.000384	-0.033385	-0.031953	-0.048211	-0.035339	-0.029509	-0.083203	-0.016671	-0.042749	-0.023605	0.031945	-0.087239	-0.026199	-0.034852	
-0.041875	0.006864	0.039896	0.030685	0.038221	0.038264	0.042526	0.968287	-0.007389	0.034316	-0.010903	-0.031094	0.014831	-0.057493	-0.090908	0.024276	0.030145	0.022077	0.047195	0.013527	0.043961	0.022907	0.007196	0.032934	0.019267	-0.020720	-0.123049	-0.099816	-0.130138	-0.032347	-0.022086	0.001684	-0.034600	0.025816	-0.037545	0.021199	-0.028954	-0.041098	0.036695	0.025773	-0.031670	0.045284	-0.027317	0.023232	-0.041500	-0.011183	-0.043117	-0.014741	-0.026048	-0.026981	-0.052188	-0.031636	0.001767	-0.041978	-0.038855	0.032824	0.031129	-0.046999	-0.006649	-0.025225	0.026573	0.009350	0.038631	-0.024152	0.042238	-0.047857	0.021653	0.029427	-0.042444	-0.035932	-0.024831	-0.038302	0.036604	-0.090800	-0.028984	-0.044266	-0.054363	-0.033434	-0.147245	-0.046935	0.027255	-0.010567	-0.057101	-0.028449	0.039302	-0.053287	-0.044507	-0.104521	-0.042820	0.031522	-0.034323	-0.000977	-0.030631	-0.031987	-0.031410	-0.031323	-0.032418	-0.100793	-0.038879	-0.040079	-0.033268	0.041416	-0.074010	-0.045758	-0.031839	
-0.020128	-0.010335	-0.000669	-0.008899	-0.012577	-0.001808	0.014581	-0.007389	0.988313	0.009235	0.002277	-0.004471	0.016705	-0.006229	-0.009559	0.006320	0.005636	-0.017528	0.008648	-0.004917	-0.016211	-0.009599	-0.010952	0.001619	-0.004459	-0.016611	-0.062086	-0.014651	-0.033802	-0.016064	-0.029454	-0.012748	0.000541	0.019004	-0.031274	-0.007393	0.001422	-0.013951	-0.018880	0.001248	-0.026863	-0.003337	-0.021412	-0.008583	-0.026508	0.002097	-0.025102	-0.007424	-0.017815	-0.024519	-0.020554	-0.018577	-0.012350	-0.007826	0.009503	0.003229	0.007768	-0.019992	-0.001561	-0.030954	-0.001520	-0.002567	-0.009034	-0.002176	0.001393	-0.003014	-0.002650	0.001834	-0.023838	-0.018642	-0.021736	-0.027948	-0.006196	-0.069500	-0.021235	-0.002913	-0.004006	-0.012813	-0.014914	-0.014242	0.000252	-0.021507	-0.003174	-0.025794	0.014760	-0.014047	-0.015365	-0.041547	-0.002476	-0.001662	-0.020738	-0.004033	-0.023162	-0.021903	-0.023623	-0.007025	-0.015039	-0.025045	-0.041695	-0.033854	-0.015051	-0.013543	-0.018799	-0.029578	-0.007979	
-0.036058	0.009771	0.021027	0.042618	0.034979	0.018655	0.033897	0.034316	0.009235	0.988968	-0.024274	-0.038536	0.034693	-0.024849	-0.060939	0.031093	0.023224	0.048609	0.009698	0.020282	0.034400	0.047754	0.012394	0.033414	0.046871	-0.052652	-0.119385	-0.105432	-0.108299	-0.054153	-0.041695	0.004412	-0.041224	0.029699	-0.030586	0.029328	-0.031230	-0.042807	0.039097	0.008479	-0.040403	0.035083	-0.035143	0.012385	-0.038093	-0.015143	-0.040376	-0.042934	-0.023046	-0.035066	-0.044623	-0.043404	-0.003941	-0.040977	-0.035395	0.035201	0.036761	-0.030615	0.005742	-0.031430	0.022514	0.015483	0.034394	-0.021014	0.037938	-0.021564	0.042483	0.025593	-0.038760	-0.040635	-0.027578	-0.013057	0.012539	-0.092251	-0.044825	-0.053974	-0.037764	-0.048992	-0.162594	-0.036088	0.026373	-0.013683	-0.046012	-0.021150	0.027567	-0.048063	-0.021971	-0.080076	-0.041649	0.017327	-0.045792	0.005772	-0.032852	-0.019280	-0.039741	-0.035805	-0.029609	-0.089807	-0.034303	-0.037484	-0.036031	0.022824	-0.099817	-0.028074	-0.031546	
0.025357	-0.015602	-0.036781	-0.026987	-0.034967	-0.018079	-0.024188	-0.010903	0.002277	-0.024274	0.949253	0.014180	-0.029408	-0.000833	-0.112792	-0.025943	-0.035987	-0.030078	-0.046214	-0.043430	-0.039913	-0.040986	-0.008407	-0.044951	-0.033836	0.001724	-0.153888	-0.078691	-0.124118	0.026577	0.017962	-0.002349	0.012930	-0.036481	0.031362	-0.034804	0.014073	0.027792	-0.025639	-0.029431	0.020219	-0.019701	0.023687	-0.036704	0.004727	-0.010862	0.017848	0.030945	0.008959	0.002390	0.023608	0.017601	-0.012602	0.029961	0.002191	-0.029057	-0.026792	0.033133	-0.017795	0.005673	-0.028315	-0.053874	-0.025614	0.016188	-0.026547	0.020819	-0.025957	-0.024876	0.013598	0.015350	-0.003278	0.006949	-0.035357	-0.075510	0.025607	0.003648	0.005651	0.003921	-0.138042	0.026039	-0.037397	-0.045128	-0.031848	0.015296	-0.044308	-0.027502	0.005916	-0.107875	-0.001420	-0.039788	-0.019108	-0.007824	0.003061	0.000246	0.014751	0.009631	0.010581	-0.071151	-0.010931	-0.015340	0.024626	-0.031264	-0.067332	0.018069	0.011665	
0.011788	-0.021152	-0.031562	-0.037979	-0.027088	-0.010292	-0.034118	-0.031094	-0.004471	-0.038536	0.014180	0.967309	-0.052982	0.021304	-0.103673	-0.034705	-0.046819	-0.027474	-0.045086	-0.037950	-0.029664	-0.039800	-0.012091	-0.026923	-0.040618	0.028499	-0.099409	-0.048640	-0.074757	0.010846	0.032069	-0.005275	-0.005635	-0.036379	0.004690	-0.039637	0.016316	0.008071	-0.021546	-0.027007	0.022036	-0.047275	0.018027	-0.029538	0.027105	-0.004800	-0.006085	0.027607	0.019368	0.021057	0.021154	-0.000593	-0.034457	0.002447	0.015913	-0.049980	-0.026247	-0.001080	-0.018453	0.000678	-0.028907	-0.037492	-0.027492	-0.001471	-0.025125	0.012720	-0.031626	-0.044983	0.016243	0.003191	0.034779	0.014207	-0.023651	-0.029767	0.022309	0.014432	0.023785	-0.001197	-0.094008	0.015036	-0.045343	-0.037050	-0.032800	0.019055	-0.039565	0.002174	0.015549	-0.055326	0.004381	-0.028117	-0.007157	-0.022083	0.006914	-0.000795	0.018983	0.007842	0.013845	-0.057682	0.010469	-0.015207	0.014387	-0.024441	-0.020611	0.018222	0.009179	
-0.031811	-0.003527	0.026917	0.039869	0.042140	0.026051	0.036152	0.014831	0.016705	0.034693	-0.029408	-0.052982	0.964560	-0.036824	-0.053933	0.028793	0.028900	0.038645	0.027121	0.016516	0.033464	0.028061	-0.010134	0.025026	0.036578	-0.038053	-0.129600	-0.098511	-0.112486	-0.032766	-0.043335	0.000294	-0.037939	0.032462	-0.040884	0.035938	-0.024009	-0.009423	0.031315	0.038298	-0.030507	0.030783	-0.022547	0.036598	-0.042315	-0.007604	-0.049664	-0.036263	-0.030041	-0.027158	-0.040819	-0.044809	0.003684	-0.034079	-0.034558	0.027547	0.038304	-0.040098	0.016771	-0.029787	0.033034	0.003302	0.011133	-0.028896	0.013499	-0.035614	0.024937	0.029107	-0.032706	-0.039025	-0.028737	-0.021504	0.022943	-0.087624	-0.040019	-0.043084	-0.054464	-0.035689	-0.152197	-0.033384	0.042113	0.010179	-0.035031	-0.035508	0.015894	-0.043521	-0.038663	-0.096103	-0.034298	0.015198	-0.030857	-0.013459	-0.039670	-0.039024	-0.029161	-0.031527	-0.033107	-0.120132	-0.020774	-0.037110	-0.020475	0.021145	-0.089815	-0.018573	-0.024109	
0.012650	-0.019496	-0.043249	-0.035414	-0.019515	-0.029965	-0.013874	-0.057493	-0.006229	-0.024849	-0.000833	0.021304	-0.036824	0.963159	-0.034994	-0.031359	-0.027329	-0.030132	-0.031658	-0.039729	-0.035795	-0.034354	-0.004559	-0.034718	-0.032759	0.009037	-0.013329	-0.027467	-0.012518	0.009208	0.014114	-0.014078	0.011069	-0.036810	0.012977	-0.022350	0.004074	0.007292	-0.049898	-0.025725	-0.012323	-0.028106	0.010910	-0.025474	0.008063	-0.000409	0.033805	0.003132	-0.003050	0.017518	0.033155	0.011824	-0.017122	0.003827	0.011271	-0.037328	-0.036462	0.016455	-0.008662	0.005578	-0.038303	-0.043430	-0.053831	0.027294	-0.042357	0.025527	-0.030053	-0.025467	0.023890	0.003524	0.022340	0.010648	-0.032224	0.002934	0.019148	0.023359	0.012582	-0.000286	-0.052833	0.020753	-0.032593	-0.031197	0.009928	0.010828	-0.034322	-0.013724	0.004970	-0.031508	0.015732	-0.020299	-0.015619	-0.038439	0.005926	-0.005690	-0.005938	-0.017686	0.015701	-0.022553	-0.017850	-0.017289	0.013036	-0.038058	-0.029785	0.009404	0.006727	
-0.129928	-0.133554	-0.127242	-0.116831	-0.142585	-0.121718	-0.146823	-0.090908	-0.009559	-0.060939	-0.112792	-0.103673	-0.053933	-0.034994	1.976718	-0.013424	0.026437	-0.062640	-0.097699	-0.045301	-0.103469	-0.035139	-0.120706	0.045680	-0.126884	-0.083292	2.280065	1.497930	1.889780	-0.112342	-0.120153	-0.108980	-0.092226	-0.115809	-0.165040	-0.106027	-0.122652	-0.076098	-0.124092	-0.132519	-0.121623	-0.132620	-0.139449	-0.129449	-0.131548	-0.124234	-0.100867	-0.144049	-0.126937	-0.118383	-0.100177	-0.104677	-0.113553	-0.130011	-0.124727	-0.139755	-0.126669	-0.160352	-0.099706	-0.127690	-0.139687	0.383829	-0.097789	-0.088437	-0.132845	-0.139364	-0.113264	-0.090697	-0.126877	-0.104561	-0.027622	-0.052233	-0.044616	1.206917	-0.122736	-0.092351	0.081729	-0.095835	2.219566	-0.123938	-0.105316	0.408607	0.427467	-0.114835	0.020226	0.344743	-0.114884	1.571359	-0.102097	-0.064310	-0.114916	-0.104632	-0.132937	-0.137935	-0.129782	-0.126031	-0.124557	1.486596	-0.127015	-0.139772	-0.149905	-0.119602	1.259967	-0.140633	-0.134928	
-0.031697	-0.007672	0.022945	0.029524	0.020064	0.012661	0.035104	0.024276	0.006320	0.031093	-0.025943	-0.034705	0.028793	-0.031359	-0.013424	0.969067	0.032273	0.028910	0.035806	0.038358	0.038834	0.035044	-0.003405	0.030062	0.024998	-0.032382	-0.149324	-0.107966	-0.137108	-0.037997	-0.028898	0.014362	-0.021317	0.035661	-0.035611	0.019936	-0.037705	-0.034168	0.034823	0.008946	-0.027282	0.019985	-0.040095	0.032753	-0.012589	0.001828	-0.035156	-0.026095	-0.041861	-0.037996	-0.032451	-0.035220	0.009973	-0.039082	-0.025481	0.045965	0.033496	-0.024690	-0.000626	-0.036495	0.012648	0.006868	0.018514	-0.031997	0.032507	-0.027364	0.016788	0.025312	-0.041083	-0.025485	-0.042005	-0.034700	0.016365	-0.114273	-0.039997	-0.040609	-0.040101	-0.041074	-0.185184	-0.045264	0.015931	0.015183	-0.038930	-0.017755	0.026208	-0.052404	-0.033818	-0.111511	-0.042160	0.021047	-0.024440	0.001277	-0.038780	-0.031562	-0.032823	-0.018906	-0.039318	-0.123879	-0.025085	-0.030921	-0.029871	0.032497	-0.090705	-0.034268	-0.021218	
-0.035088	-0.006704	0.035532	0.028979	0.035211	0.016192	0.017513	0.030145	0.005636	0.023224	-0.035987	-0.046819	0.028900	-0.027329	0.026437	0.032273	1.045567	0.035885	0.016516	0.023153	0.012124	0.026198	-0.004735	0.026540	0.042298	-0.026543	-0.025550	-0.027920	-0.013213	-0.051543	-0.031822	0.004873	-0.036077	0.028548	-0.047638	0.033725	-0.027070	-0.042921	0.025549	0.023661	-0.026649	0.060372	-0.052699	0.020755	-0.031207	-0.020042	-0.018645	-0.046142	-0.027002	-0.026809	-0.055621	-0.047900	0.001104	-0.024050	-0.041372	0.023765	0.025865	-0.044930	-0.007031	-0.026717	0.039122	0.017274	0.022331	-0.032902	0.024006	-0.045844	0.022697	0.028867	-0.049096	-0.040721	-0.034904	-0.055414	0.034077	-0.080640	-0.049715	-0.044197	-0.051345	-0.035806	-0.059071	-0.031789	0.042384	0.008552	-0.021835	-0.042712	0.015872	-0.031035	-0.049880	-0.021185	-0.046425	0.025856	-0.031057	-0.003627	-0.047959	-0.041267	-0.033945	-0.041801	-0.043458	-0.052004	-0.048815	-0.037847	-0.044586	0.025498	-0.019728	-0.046869	-0.031189	
-0.023269	0.020261	0.015915	0.033714	0.024460	0.048234	0.024893	0.022077	-0.017528	0.048609	-0.030078	-0.027474	0.038645	-0.030132	-0.062640	0.028910	0.035885	0.981476	0.013292	0.029665	0.027378	0.027304	-0.004222	0.031240	0.026629	-0.030835	-0.161076	-0.099777	-0.152029	-0.022116	-0.019485	-0.013203	-0.039047	0.034733	-0.027960	0.032989	-0.033227	-0.042729	0.030961	0.018598	-0.020057	0.038542	-0.046866	0.032873	-0.037301	-0.005452	-0.022510	-0.032842	-0.023237	-0.042522	-0.027440	-0.047783	0.010775	-0.033468	-0.028981	0.031357	0.028247	-0.031977	0.010985	-0.049166	0.016013	0.023622	0.028800	-0.030281	0.027836	-0.053897	0.025993	0.032001	-0.042526	-0.020891	-0.044961	-0.040648	-0.000794	-0.077341	-0.024150	-0.021948	-0.044869	-0.046418	-0.159910	-0.046961	0.028438	0.003620	-0.036469	-0.022571	0.017098	-0.056153	-0.038174	-0.108509	-0.037331	0.004446	-0.015296	0.006006	-0.028525	-0.021338	-0.042155	-0.033908	-0.045273	-0.111900	-0.035568	-0.012180	-0.030002	0.019574	-0.079904	-0.045665	-0.027429	
-0.034785	0.014107	0.042151	0.031376	0.029196	0.006044	0.016418	0.047195	0.008648	0.009698	-0.046214	-0.045086	0.027121	-0.031658	-0.097699	0.035806	0.016516	0.013292	0.962540	0.031694	0.030091	0.015547	-0.011480	0.029925	0.031933	-0.037769	-0.126085	-0.115810	-0.118400	-0.021005	-0.050673	0.013995	-0.020241	0.044768	-0.028722	0.028909	-0.025238	-0.027013	0.022245	0.026186	-0.011656	0.008461	-0.028471	0.025406	-0.031290	-0.001765	-0.037775	-0.036217	-0.035710	-0.041144	-0.039057	-0.027490	0.009581	-0.020913	-0.027715	0.030020	0.024702	-0.036526	0.011338	-0.032970	0.025941	0.034034	0.034531	-0.023964	0.016656	-0.037949	0.019283	0.047505	-0.032536	-0.038258	-0.029104	-0.057493	0.019320	-0.077838	-0.050953	-0.039625	-0.028362	-0.033133	-0.148832	-0.039568	0.021792	0.009616	-0.024654	-0.036402	0.022432	-0.039228	-0.055052	-0.103643	-0.038606	0.026973	-0.035155	-0.000489	-0.024887	-0.025029	-0.015034	-0.034006	-0.043743	-0.076991	-0.028978	-0.023089	-0.031396	0.020005	-0.073809	-0.029531	-0.035225	
-0.035321	0.015551	0.030614	0.006515	0.017768	0.040683	0.027389	0.013527	-0.004917	0.020282	-0.043430	-0.037950	0.016516	-0.039729	-0.045301	0.038358	0.023153	0.029665	0.031694	0.968277	0.033361	0.041530	0.003833	0.016905	0.036853	-0.035999	-0.078927	-0.053717	-0.075167	-0.039146	-0.038242	-0.021377	-0.023162	0.037580	-0.036902	0.023077	-0.027637	-0.030971	0.037803	0.009638	-0.019424	0.023777	-0.047469	0.026989	-0.037601	0.007999	-0.036641	-0.044996	-0.022839	-0.030457	-0.048931	-0.038653	0.002347	-0.024082	-0.033926	0.026024	0.011390	-0.024187	-0.000663	-0.039578	0.040484	0.014558	0.009871	-0.024942	0.023443	-0.031032	0.029716	0.030463	-0.035048	-0.032128	-0.033546	-0.040551	0.030950	-0.053432	-0.040557	-0.031505	-0.023247	-0.035163	-0.110611	-0.034906	0.053978	-0.001686	-0.038783	-0.029649	0.016779	-0.027831	-0.052089	-0.079221	-0.034624	0.020317	-0.020815	0.001609	-0.027566	-0.026796	-0.041208	-0.032858	-0.048853	-0.080482	-0.033482	-0.033286	-0.033768	0.022432	-0.057072	-0.057151	-0.021019	
-0.035995	0.013788	0.025615	0.028701	0.011185	0.035110	0.030208	0.043961	-0.016211	0.034400	-0.039913	-0.029664	0.033464	-0.035795	-0.103469	0.038834	0.012124	0.027378	0.030091	0.033361	0.970208	0.032960	-0.008252	0.043713	0.023932	-0.016821	-0.187237	-0.132332	-0.141291	-0.041119	-0.043205	-0.003390	-0.023978	0.017232	-0.014368	0.031051	-0.027872	-0.035538	0.022483	0.018768	-0.026800	0.021930	-0.040730	0.032493	-0.028294	-0.002297	-0.034078	-0.031172	-0.037251	-0.030005	-0.031281	-0.027781	-0.019068	-0.041592	-0.025968	0.019301	0.029444	-0.037573	0.003306	-0.019267	0.028509	0.009070	0.024664	-0.031989	0.040084	-0.007924	0.011314	0.043901	-0.028933	-0.027006	-0.051651	-0.017974	0.016306	-0.079425	-0.015552	-0.023742	-0.039419	-0.045184	-0.197070	-0.018708	0.020042	-0.007419	-0.070693	-0.036825	0.024863	-0.046798	-0.030686	-0.108805	-0.046294	0.048282	-0.025321	0.025014	-0.036703	-0.024084	-0.031729	-0.038423	-0.052793	-0.114746	-0.021719	-0.018203	-0.041892	0.022723	-0.108064	-0.051705	-0.023542	
-0.024855	0.019046	0.010039	0.026581	0.017693	0.038315	0.012991	0.022907	-0.009599	0.047754	-0.040986	-0.039800	0.028061	-0.034354	-0.035139	0.035044	0.026198	0.027304	0.015547	0.041530	0.032960	0.977997	0.000218	0.041582	0.016769	-0.041415	-0.066439	-0.055076	-0.078307	-0.055610	-0.039813	0.002563	-0.020308	0.007910	-0.051988	0.029705	-0.016301	-0.024656	0.025188	0.017904	-0.029272	0.009168	-0.031784	0.027532	-0.049453	0.006404	-0.017293	-0.035949	-0.035077	-0.034101	-0.035695	-0.041767	-0.001132	-0.042794	-0.032388	0.038946	0.024041	-0.037540	0.015431	-0.050499	0.041761	0.007824	0.030883	-0.023215	0.031831	-0.033741	0.021028	0.029563	-0.049305	-0.037688	-0.034118	-0.044250	0.027474	-0.091596	-0.044881	-0.041394	-0.029153	-0.039554	-0.128394	-0.041756	0.047282	0.025955	-0.046301	-0.046218	0.029835	-0.021698	-0.033102	-0.050956	-0.040734	0.023844	-0.035026	-0.000661	-0.047203	-0.013134	-0.050741	-0.037868	-0.040250	-0.055472	-0.019535	-0.020257	-0.034197	0.015827	-0.064765	-0.035519	-0.029741	
-0.004232	-0.011887	0.000572	-0.000288	-0.004562	-0.003849	-0.012518	0.007196	-0.010952	0.012394	-0.008407	-0.012091	-0.010134	-0.004559	-0.120706	-0.003405	-0.004735	-0.004222	-0.011480	0.003833	-0.008252	0.000218	0.913672	0.003577	-0.008017	-0.019324	-0.158686	-0.074633	-0.122310	-0.017293	-0.022207	-0.018137	-0.005477	0.004208	-0.000262	-0.004612	-0.005790	-0.008924	0.008282	-0.001175	-0.004492	0.004364	-0.023383	-0.000875	-0.009391	-0.000988	-0.010761	-0.016850	-0.019283	0.004867	-0.013202	0.005307	-0.000240	0.005947	-0.014562	0.009794	0.015148	-0.012712	-0.003168	0.007496	-0.014498	-0.027066	0.003682	-0.012406	-0.006878	-0.014624	-0.009369	-0.008828	-0.016282	-0.010115	-0.017639	0.005266	0.004357	-0.091799	-0.004598	-0.005034	-0.002510	-0.005102	-0.151641	-0.009696	0.002902	-0.038580	-0.028451	-0.023503	-0.021807	-0.038983	-0.004474	-0.120399	-0.000567	0.000848	-0.026247	-0.001479	-0.011849	-0.003980	0.005152	0.003059	0.001544	-0.079595	-0.032432	-0.012440	-0.020797	-0.013204	-0.074546	-0.002799	-0.001892	
-0.035195	-0.003263	0.020231	0.027037	0.023524	0.029369	0.018345	0.032934	0.001619	0.033414	-0.044951	-0.026923	0.025026	-0.034718	0.045680	0.030062	0.026540	0.031240	0.029925	0.016905	0.043713	0.041582	0.003577	1.015435	0.028401	-0.038995	0.013669	0.006961	-0.020817	-0.037329	-0.034251	-0.009226	-0.033939	0.011217	-0.045533	0.034602	-0.045940	-0.025764	0.047140	0.020618	-0.045435	0.024680	-0.056301	0.017728	-0.047110	-0.016679	-0.028275	-0.034243	-0.032562	-0.039718	-0.051351	-0.034656	-0.017808	-0.044879	-0.042001	0.011052	0.023055	-0.029374	0.001537	-0.037566	0.006642	0.024123	0.029977	-0.021418	0.009761	-0.050036	0.026331	0.027616	-0.043042	-0.031486	-0.039452	-0.039100	0.018119	-0.011193	-0.041688	-0.051559	-0.018716	-0.036300	0.008927	-0.031086	0.017956	0.011809	-0.024197	-0.049003	0.050081	-0.022114	-0.034591	-0.015672	-0.032056	0.046931	-0.046232	-0.001125	-0.053515	-0.036779	-0.045065	-0.037341	-0.050970	0.013524	-0.030969	-0.033500	-0.049334	0.021009	-0.004610	-0.060906	-0.036956	
-0.039661	0.009114	0.008175	0.037948	0.032283	0.034907	0.021202	0.019267	-0.004459	0.046871	-0.033836	-0.040618	0.036578	-0.032759	-0.126884	0.024998	0.042298	0.026629	0.031933	0.036853	0.023932	0.016769	-0.008017	0.028401	1.003661	-0.030712	-0.181657	-0.118395	-0.151103	-0.050280	-0.024783	-0.009813	-0.038039	0.017968	-0.026681	0.029594	-0.042061	-0.027630	0.038029	0.024944	-0.031227	0.019295	-0.025737	0.027401	-0.020148	0.009412	-0.028279	-0.020563	-0.034432	-0.032569	-0.031186	-0.035261	0.028115	-0.029927	-0.033348	0.027490	0.014586	-0.022550	0.001981	-0.036311	0.040401	0.002587	0.034391	-0.017398	0.034501	-0.034307	0.026329	0.033237	-0.035094	-0.032431	-0.034381	-0.039946	0.018022	-0.119920	-0.020132	-0.035074	-0.043173	-0.029045	-0.187500	-0.056061	0.023809	-0.028595	-0.066472	-0.047787	0.020996	-0.064893	-0.018596	-0.122209	-0.042721	0.027489	-0.030234	0.013910	-0.050410	-0.033212	-0.035600	-0.036745	-0.035501	-0.104656	-0.018154	-0.020422	-0.029151	0.043637	-0.101125	-0.031530	-0.036622	
0.009823	-0.033736	-0.035902	-0.019598	-0.030609	-0.026769	-0.041429	-0.020720	-0.016611	-0.052652	0.001724	0.028499	-0.038053	0.009037	-0.083292	-0.032382	-0.026543	-0.030835	-0.037769	-0.035999	-0.016821	-0.041415	-0.019324	-0.038995	-0.030712	0.989364	-0.070911	-0.000849	-0.035831	-0.003603	0.020709	-0.013977	0.024183	-0.030394	0.011006	-0.034025	0.023329	0.008006	-0.045647	-0.037371	0.021924	-0.035341	0.022997	-0.050256	0.013418	-0.008082	0.031537	0.040625	0.021950	-0.005115	0.017919	0.017406	-0.036814	0.011728	0.028753	-0.034893	-0.038971	0.021782	-0.011166	0.025825	-0.038490	-0.056275	-0.047609	0.022110	-0.030741	0.000390	-0.043546	-0.032268	0.002009	0.031501	0.009564	0.027099	-0.038521	-0.028154	0.011546	0.023306	-0.000939	0.027167	-0.064344	0.024281	-0.048129	-0.034529	-0.017839	0.030944	-0.026497	-0.034329	0.019738	-0.054698	-0.003461	-0.029176	-0.028582	-0.034542	0.027475	-0.013521	0.008695	0.008745	0.002598	-0.079911	-0.003074	-0.009080	0.020359	-0.040354	-0.040150	0.010212	0.001332	
-0.162938	-0.117823	-0.174628	-0.166439	-0.144772	-0.141658	-0.146257	-0.123049	-0.062086	-0.119385	-0.153888	-0.099409	-0.129600	-0.013329	2.280065	-0.149324	-0.025550	-0.161076	-0.126085	-0.078927	-0.187237	-0.066439	-0.158686	0.013669	-0.181657	-0.070911	2.152511	1.630324	2.097881	-0.063594	-0.082327	-0.141007	-0.109046	-0.148371	-0.152100	-0.139778	-0.135176	-0.147343	-0.189236	-0.167149	-0.146282	-0.149147	-0.144217	-0.175567	-0.114750	-0.115784	-0.099105	-0.151735	-0.113619	-0.068134	-0.066873	-0.083305	-0.138772	-0.115043	-0.156386	-0.152128	-0.160292	-0.152456	-0.124275	-0.138196	-0.148187	0.448082	-0.133541	-0.161752	-0.146754	-0.142053	-0.153283	-0.117951	-0.086007	-0.097241	0.037081	-0.053577	-0.050677	1.386675	-0.144745	-0.068124	0.139533	-0.134007	2.342964	-0.051262	-0.146680	0.431253	0.436419	-0.117760	0.023071	0.406884	-0.122500	1.762055	-0.140918	-0.118328	-0.126120	-0.178375	-0.148185	-0.148709	-0.096507	-0.140164	-0.110803	1.688996	-0.141500	-0.138276	-0.172101	-0.178561	1.441482	-0.144867	-0.184633	
-0.114328	-0.099552	-0.127485	-0.123542	-0.116414	-0.091448	-0.095912	-0.099816	-0.014651	-0.105432	-0.078691	-0.048640	-0.098511	-0.027467	1.497930	-0.107966	-0.027920	-0.099777	-0.115810	-0.053717	-0.132332	-0.055076	-0.074633	0.006961	-0.118395	-0.000849	1.630324	1.811640	1.576204	-0.047516	-0.024062	-0.093940	-0.047472	-0.087029	-0.104749	-0.122425	-0.101595	-0.104174	-0.125385	-0.111894	-0.117383	-0.121683	-0.050951	-0.126201	-0.131783	-0.094834	-0.078091	-0.131378	-0.101730	-0.010804	-0.088824	-0.093934	-0.128457	-0.092932	-0.111186	-0.107255	-0.140310	-0.121375	-0.094907	-0.091751	-0.138160	0.244464	-0.107722	-0.104341	-0.160912	-0.082617	-0.122967	-0.100949	-0.070516	-0.053437	0.026504	0.007301	-0.054000	0.900990	-0.087911	-0.048739	0.088159	-0.065572	1.817310	-0.111575	-0.115714	0.311624	0.372669	-0.102759	0.020847	0.320563	-0.079346	1.207477	-0.058084	-0.084778	-0.104093	-0.090518	-0.093017	-0.094225	-0.103041	-0.093327	-0.052724	1.370988	-0.088048	-0.116541	-0.123438	-0.146774	1.046730	-0.106731	-0.091074	
-0.144901	-0.119584	-0.149641	-0.129209	-0.145855	-0.143161	-0.124553	-0.130138	-0.033802	-0.108299	-0.124118	-0.074757	-0.112486	-0.012518	1.889780	-0.137108	-0.013213	-0.152029	-0.118400	-0.075167	-0.141291	-0.078307	-0.122310	-0.020817	-0.151103	-0.035831	2.097881	1.576204	1.986687	-0.003290	-0.039719	-0.169604	-0.102212	-0.119949	-0.142750	-0.146176	-0.127161	-0.117287	-0.150222	-0.141836	-0.144060	-0.131223	-0.103661	-0.130724	-0.123332	-0.135149	-0.075590	-0.132345	-0.107549	-0.061668	-0.101518	-0.089788	-0.151232	-0.131880	-0.117767	-0.146396	-0.105070	-0.138804	-0.110922	-0.111905	-0.159598	0.442589	-0.105942	-0.114455	-0.142836	-0.124405	-0.142660	-0.118099	-0.101718	-0.053180	-0.004708	-0.008713	-0.077592	1.233986	-0.109653	-0.085551	0.161600	-0.039122	2.202963	-0.079657	-0.137053	0.327437	0.377239	-0.109638	-0.002700	0.339023	-0.068471	1.742667	-0.102382	-0.129838	-0.127487	-0.130756	-0.107540	-0.135434	-0.113760	-0.101519	-0.077407	1.634744	-0.124450	-0.135202	-0.154137	-0.151569	1.345807	-0.126105	-0.125315	
0.009441	-0.020895	-0.035343	-0.031763	-0.034642	-0.028641	-0.041166	-0.032347	-0.016064	-0.054153	0.026577	0.010846	-0.032766	0.009208	-0.112342	-0.037997	-0.051543	-0.022116	-0.021005	-0.039146	-0.041119	-0.055610	-0.017293	-0.037329	-0.050280	-0.003603	-0.063594	-0.047516	-0.003290	1.002035	0.006501	-0.015114	0.007941	-0.034532	0.009317	-0.050059	0.015936	0.030149	-0.029072	-0.015806	0.015843	-0.035251	0.024577	-0.064835	0.023655	-0.000366	0.022330	0.012081	0.029059	0.003131	0.018371	0.014875	-0.005483	0.006153	0.011044	-0.042168	-0.038545	0.025104	0.004542	0.017211	-0.033701	-0.049291	-0.019480	0.011915	-0.041824	0.016832	-0.041524	-0.015389	0.017371	0.016384	0.016472	0.001754	-0.045853	-0.056757	0.016213	0.017644	0.012128	0.040936	-0.081932	0.002314	-0.057101	-0.049333	-0.018222	0.017078	-0.041284	-0.014063	-0.007602	-0.050348	0.027187	-0.042472	-0.001750	-0.017883	0.021705	-0.006502	0.020747	0.006252	0.010912	-0.069027	0.011455	0.004500	0.009066	-0.030171	-0.056192	0.013493	0.003207	
0.020405	-0.019379	-0.034722	-0.023010	-0.038278	-0.039656	-0.030346	-0.022086	-0.029454	-0.041695	0.017962	0.032069	-0.043335	0.014114	-0.120153	-0.028898	-0.031822	-0.019485	-0.050673	-0.038242	-0.043205	-0.039813	-0.022207	-0.034251	-0.024783	0.020709	-0.082327	-0.024062	-0.039719	0.006501	0.961254	-0.001511	0.016792	-0.049245	0.002968	-0.029676	0.002166	0.005985	-0.035407	-0.028880	0.036547	-0.048077	0.007196	-0.038809	0.011381	-0.005500	0.021939	0.013109	0.014316	0.012853	0.026002	0.019657	-0.017565	0.012178	0.015337	-0.047775	-0.027292	0.012355	-0.024531	0.017605	-0.039722	-0.061185	-0.023593	0.021914	-0.046660	0.014427	-0.032304	-0.041939	0.024086	0.020910	0.003326	0.019402	-0.051347	-0.088200	0.008243	0.019432	0.011006	0.020997	-0.123740	0.022866	-0.035720	-0.049334	-0.017446	0.015623	-0.024634	-0.037931	0.033903	-0.068925	0.017673	-0.034677	0.003955	-0.026374	0.006663	0.006181	0.016942	0.013501	0.014209	-0.083237	-0.005961	0.002741	0.032464	-0.036203	-0.065046	0.023467	0.024297	
-0.004498	-0.008834	-0.016732	0.003671	0.006902	-0.009191	-0.002706	0.001684	-0.012748	0.004412	-0.002349	-0.005275	0.000294	-0.014078	-0.108980	0.014362	0.004873	-0.013203	0.013995	-0.021377	-0.003390	0.002563	-0.018137	-0.009226	-0.009813	-0.013977	-0.141007	-0.093940	-0.169604	-0.015114	-0.001511	0.924889	-0.002961	-0.000253	0.000930	-0.008404	-0.007124	-0.005242	-0.010887	-0.009949	0.006406	-0.002953	-0.012814	0.004534	-0.017617	-0.014450	0.002235	-0.002112	-0.012634	-0.003385	-0.004462	0.006227	-0.009627	-0.011700	-0.006107	0.011840	-0.009056	-0.010250	0.004708	-0.007073	-0.004516	-0.018742	0.001122	-0.006193	-0.000874	-0.007871	0.005410	-0.000470	-0.023982	-0.017736	-0.008310	-0.030642	-0.004963	-0.106195	0.002777	-0.012622	-0.032415	-0.002941	-0.148217	0.001749	-0.018822	-0.030873	-0.047261	-0.001060	-0.010970	-0.051688	-0.007449	-0.105026	-0.001706	0.013341	-0.007618	-0.020720	-0.016994	-0.024045	0.006720	0.002177	-0.016035	-0.122019	-0.005289	-0.013294	-0.000743	-0.005607	-0.091035	-0.010259	-0.004176	
0.030568	-0.015167	-0.029881	-0.026245	-0.030127	-0.042192	-0.032857	-0.034600	0.000541	-0.041224	0.012930	-0.005635	-0.037939	0.011069	-0.092226	-0.021317	-0.036077	-0.039047	-0.020241	-0.023162	-0.023978	-0.020308	-0.005477	-0.033939	-0.038039	0.024183	-0.109046	-0.047472	-0.102212	0.007941	0.016792	-0.002961	0.956909	-0.035675	0.029251	-0.035911	0.025660	0.004027	-0.029129	-0.019025	0.012761	-0.036675	0.012018	-0.048830	0.021806	-0.024565	0.004080	0.013982	0.009400	-0.005631	-0.000573	0.021629	-0.017341	0.017304	0.011744	-0.051212	-0.043690	0.010967	-0.026274	0.012448	-0.035728	-0.038985	-0.026882	0.018895	-0.031012	0.004362	-0.028023	-0.043236	0.003763	0.005209	0.003949	-0.004328	-0.022742	-0.078075	0.015491	0.025553	0.019545	0.015130	-0.120908	0.009014	-0.041445	-0.027156	-0.008345	0.017334	-0.051424	-0.027116	0.017851	-0.090663	0.018002	-0.027466	0.011721	-0.014252	0.005253	0.008201	-0.000527	0.016711	0.015887	-0.064446	-0.007848	0.013184	0.035773	-0.041003	-0.051692	0.021735	0.017263	
-0.030729	0.031784	0.030662	0.036464	0.026996	0.017868	0.019484	0.025816	0.019004	0.029699	-0.036481	-0.036379	0.032462	-0.036810	-0.115809	0.035661	0.028548	0.034733	0.044768	0.037580	0.017232	0.007910	0.004208	0.011217	0.017968	-0.030394	-0.148371	-0.087029	-0.119949	-0.034532	-0.049245	-0.000253	-0.035675	0.981698	-0.023028	0.024280	-0.042256	-0.026129	0.028310	0.030685	-0.019297	0.008225	-0.016822	0.013192	-0.022693	-0.019741	-0.041784	-0.031679	-0.024811	-0.022756	-0.038967	-0.031480	0.014521	-0.026284	-0.028041	0.025183	0.032493	-0.036725	0.000737	-0.021884	0.030604	0.013045	0.032607	-0.034039	0.022078	-0.034109	0.016387	0.019922	-0.029417	-0.018952	-0.030962	-0.049823	0.041334	-0.090255	-0.031698	-0.040374	-0.049415	-0.040190	-0.174112	-0.043745	0.033715	-0.020459	-0.038045	-0.040418	0.013966	-0.048207	-0.029214	-0.098989	-0.028357	0.014448	-0.017726	0.000669	-0.035821	-0.013141	-0.044324	-0.020392	-0.027508	-0.093562	-0.036770	-0.020330	-0.044979	0.019996	-0.087859	-0.043215	-0.035977	
0.033992	-0.027349	-0.009243	-0.028404	-0.033972	-0.023984	-0.015063	-0.037545	-0.031274	-0.030586	0.031362	0.004690	-0.040884	0.012977	-0.165040	-0.035611	-0.047638	-0.027960	-0.028722	-0.036902	-0.014368	-0.051988	-0.000262	-0.045533	-0.026681	0.011006	-0.152100	-0.104749	-0.142750	0.009317	0.002968	0.000930	0.029251	-0.023028	0.977311	-0.034931	0.018809	0.025575	-0.040437	-0.036698	0.015548	-0.048915	0.011603	-0.036902	0.017734	0.013073	0.004637	0.011120	0.005645	0.005297	0.012897	0.029551	-0.009379	-0.001696	0.013987	-0.028662	-0.034870	0.020804	-0.009273	0.004112	-0.026254	-0.050511	-0.022245	0.007242	-0.023648	0.017405	-0.015038	-0.036471	0.015684	0.010359	0.019371	0.008129	-0.043051	-0.106003	0.029834	0.001782	0.011930	0.002013	-0.186045	0.018243	-0.028345	-0.046610	0.029666	0.016738	-0.027801	-0.034479	-0.004024	-0.121162	0.027310	-0.025889	-0.003024	-0.011506	0.027617	-0.014296	0.027540	0.008791	0.014183	-0.109304	0.009339	-0.009735	0.033509	-0.045796	-0.084660	-0.002688	0.032263	
-0.049141	0.003776	0.025469	0.028020	0.038343	0.039631	0.043889	0.021199	-0.007393	0.029328	-0.034804	-0.039637	0.035938	-0.022350	-0.106027	0.019936	0.033725	0.032989	0.028909	0.023077	0.031051	0.029705	-0.004612	0.034602	0.029594	-0.034025	-0.139778	-0.122425	-0.146176	-0.050059	-0.029676	-0.008404	-0.035911	0.024280	-0.034931	0.982253	-0.032062	-0.037817	0.033580	0.024366	-0.028937	0.037592	-0.035396	0.055422	-0.026031	0.019494	-0.031359	-0.028633	-0.032109	-0.044071	-0.036871	-0.045481	0.007121	-0.037309	-0.035149	0.020621	0.043215	-0.026710	0.008972	-0.032504	0.032617	0.012958	0.024722	-0.018379	0.036258	-0.025806	0.026037	0.030619	-0.036192	-0.041862	-0.038695	-0.035731	0.032301	-0.064005	-0.032551	-0.042601	-0.047143	-0.047219	-0.151546	-0.046415	0.013745	-0.006321	-0.058011	-0.047782	0.028894	-0.026070	-0.034082	-0.104950	-0.054025	0.024696	-0.029776	-0.012319	-0.034057	-0.030636	-0.034565	-0.036002	-0.034315	-0.118827	-0.027293	-0.029012	-0.032190	0.047362	-0.079523	-0.026683	-0.031633	
0.016061	-0.014907	-0.042128	-0.014221	-0.043262	-0.041967	-0.025665	-0.028954	0.001422	-0.031230	0.014073	0.016316	-0.024009	0.004074	-0.122652	-0.037705	-0.027070	-0.033227	-0.025238	-0.027637	-0.027872	-0.016301	-0.005790	-0.045940	-0.042061	0.023329	-0.135176	-0.101595	-0.127161	0.015936	0.002166	-0.007124	0.025660	-0.042256	0.018809	-0.032062	0.938138	0.022694	-0.031131	-0.024513	0.007278	-0.026826	0.012980	-0.023543	0.011628	-0.001607	0.024007	0.005495	0.033070	0.000344	0.009482	0.026144	-0.024057	0.031239	0.015669	-0.035194	-0.029969	0.024356	-0.022410	0.009531	-0.030832	-0.044509	-0.021571	0.014824	-0.035997	0.029136	-0.031041	-0.041114	0.012439	0.008416	0.005757	0.012048	-0.043293	-0.064979	0.015998	-0.003782	-0.002610	0.020135	-0.159630	0.026131	-0.041956	-0.049278	-0.005154	0.017161	-0.032713	0.001647	-0.013610	-0.066193	0.032419	-0.026792	-0.011561	-0.021538	0.022276	-0.015009	0.020112	0.011646	0.018595	-0.124410	0.004334	0.008817	0.013912	-0.032896	-0.091770	0.027010	-0.004060	
0.015167	-0.021609	-0.010429	-0.040090	-0.034491	-0.040688	-0.021363	-0.041098	-0.013951	-0.042807	0.027792	0.008071	-0.009423	0.007292	-0.076098	-0.034168	-0.042921	-0.042729	-0.027013	-0.030971	-0.035538	-0.024656	-0.008924	-0.025764	-0.027630	0.008006	-0.147343	-0.104174	-0.117287	0.030149	0.005985	-0.005242	0.004027	-0.026129	0.025575	-0.037817	0.022694	0.942642	-0.040037	-0.024704	0.002897	-0.020594	0.025872	-0.027521	0.017323	0.004459	0.014403	0.002571	0.019125	0.013688	0.016944	0.026619	-0.020078	0.024083	0.007359	-0.035444	-0.035470	0.016682	-0.007728	0.000955	-0.031852	-0.045427	-0.025062	0.017757	-0.036028	0.004848	-0.017479	-0.052902	0.017407	0.018135	-0.009166	0.025296	-0.037808	-0.058561	0.012214	0.014931	0.003511	0.003050	-0.138054	0.020754	-0.024908	-0.046181	-0.064105	0.006764	-0.021121	-0.019185	0.020416	-0.082641	0.013461	-0.037695	-0.003076	-0.009204	0.000735	-0.011399	0.004526	0.019694	0.004933	-0.084297	-0.001961	-0.005912	0.014851	-0.020820	-0.057885	0.027167	0.015264	
-0.032451	0.000827	0.027353	0.037631	0.027011	0.043490	0.049869	0.036695	-0.018880	0.039097	-0.025639	-0.021546	0.031315	-0.049898	-0.124092	0.034823	0.025549	0.030961	0.022245	0.037803	0.022483	0.025188	0.008282	0.047140	0.038029	-0.045647	-0.189236	-0.125385	-0.150222	-0.029072	-0.035407	-0.010887	-0.029129	0.028310	-0.040437	0.033580	-0.031131	-0.040037	0.963757	0.027263	-0.019813	0.025461	-0.025438	0.031185	-0.037591	0.000520	-0.026342	-0.031239	-0.028282	-0.043865	-0.038105	-0.037637	-0.001028	-0.025763	-0.030299	0.023043	0.049190	-0.016077	-0.007389	-0.034931	0.025364	0.009808	0.011634	-0.019062	0.027239	-0.041051	0.041118	0.051919	-0.024459	-0.027639	-0.047587	-0.035085	0.018802	-0.099177	-0.021782	-0.020816	-0.040936	-0.019302	-0.183694	-0.033156	0.038480	-0.003675	-0.071926	-0.047107	0.007874	-0.036297	-0.034689	-0.129925	-0.029553	0.018147	-0.031095	0.005411	-0.036608	-0.026837	-0.036104	-0.037537	-0.038308	-0.128063	-0.050721	-0.039214	-0.026712	0.026961	-0.092975	-0.035845	-0.049348	
