
Using the parameter settings in the file: 
''1763240293/clumpp.paramfile''

Parameter settings
----------------------- Main parameters -------------------------
DATATYPE = 0
INDFILE = 1763240293/ClumppIndFile
POPFILE = 
OUTFILE = 1763240293/ClumppIndFile.output
MISCFILE = 1763240293/ClumppIndFile.misc
K = 15
C = 164
R = 50
M = 3
W = 0
S = 2
- Additional options for the Greedy and LargeKGreedy algorithms -
GREEDY_OPTION = 2
REPEATS = 2000
PERMUTATIONFILE = 
----------------------- Optional outputs ------------------------
PRINT_PERMUTED_DATA = 0
PERMUTED_DATAFILE = 
PRINT_EVERY_PERM = 0
EVERY_PERMFILE = 
PRINT_RANDOM_INPUTORDER = 0
RANDOM_INPUTORDERFILE = 
----------------------- Advanced options ------------------------
OVERRIDE_WARNINGS = 0
ORDER_BY_RUN = 1


In total, 2000 configurations of runs and clusters will be tested.

Results
------------------------------
The highest value of H' is: 0.51503700878839

The list of permutations of the clusters that produces that
H' value is (runs are listed sequentially on separate rows)

1 2 3 4 5 6 7 8 9 10 11 12 13 14 15 
9 7 12 4 5 14 2 10 11 1 8 3 13 15 6 
8 14 13 15 1 5 4 12 7 11 2 10 3 6 9 
12 8 14 2 13 6 11 1 4 3 7 5 9 10 15 
11 7 8 14 10 3 13 4 1 5 9 6 12 15 2 
5 4 14 2 9 11 15 10 1 13 12 3 6 7 8 
12 7 5 11 4 8 14 9 10 15 13 3 6 2 1 
5 1 9 4 14 12 10 11 2 3 8 7 15 6 13 
7 15 13 1 14 4 3 9 5 10 12 11 2 6 8 
14 1 15 6 3 2 11 12 10 13 5 7 8 9 4 
12 3 2 13 11 6 14 7 4 15 5 9 8 1 10 
14 13 2 1 11 10 12 6 3 9 15 8 5 4 7 
7 13 6 11 15 3 8 10 14 5 4 12 9 1 2 
5 8 7 3 9 4 2 13 14 11 15 6 10 1 12 
8 5 1 9 2 6 14 4 3 12 13 11 10 15 7 
11 12 4 15 9 6 1 3 2 13 5 14 8 7 10 
6 2 1 15 4 7 12 3 10 11 14 13 5 8 9 
10 2 7 11 14 15 5 13 4 6 8 1 3 12 9 
2 14 5 3 4 10 13 11 9 1 7 12 15 6 8 
11 10 14 12 3 4 6 8 1 5 13 2 15 9 7 
11 2 6 15 10 13 4 3 1 14 12 5 9 8 7 
13 14 12 10 5 1 2 3 11 7 15 4 8 6 9 
2 3 13 12 14 7 11 1 4 10 15 9 5 6 8 
14 8 2 10 9 13 11 4 7 12 5 1 3 6 15 
10 1 15 11 3 8 7 2 12 14 5 13 4 9 6 
8 15 7 14 10 11 4 6 9 2 13 1 12 3 5 
14 4 2 1 8 12 6 15 13 9 3 7 10 11 5 
9 11 6 13 3 2 5 12 4 7 15 10 1 14 8 
9 13 10 8 3 15 11 7 4 6 1 12 14 5 2 
12 1 10 6 13 2 9 14 4 8 7 5 15 3 11 
13 15 4 6 9 10 7 12 14 1 11 8 3 5 2 
15 7 9 13 14 5 10 8 3 6 1 11 4 2 12 
5 4 12 10 9 2 3 13 14 1 6 8 11 7 15 
13 15 7 4 5 2 12 1 8 11 6 14 9 10 3 
7 1 3 6 10 5 8 12 9 2 4 13 15 14 11 
6 15 4 8 9 14 13 12 3 10 2 7 1 5 11 
4 2 14 9 11 5 8 13 12 10 7 3 6 15 1 
10 8 9 2 12 15 7 3 5 6 13 14 11 1 4 
15 5 10 3 12 7 1 14 2 4 13 9 11 6 8 
3 7 11 12 14 9 2 13 8 4 15 5 1 6 10 
12 3 7 15 2 14 6 11 1 8 13 5 4 10 9 
7 6 4 14 5 15 3 12 9 2 11 1 13 10 8 
8 13 15 12 6 9 11 7 2 14 10 1 5 4 3 
2 8 9 10 14 15 11 12 6 5 3 1 4 7 13 
5 3 2 11 4 14 9 10 8 15 7 13 1 12 6 
7 6 13 10 8 15 1 2 14 11 3 12 5 9 4 
15 8 1 11 10 13 14 7 2 6 4 5 9 12 3 
8 4 6 1 9 5 2 11 14 12 10 3 13 15 7 
12 7 4 5 14 8 10 13 3 9 1 2 11 6 15 
12 3 13 7 2 15 8 14 11 5 9 10 1 4 6 

The pairwise G' values for each pair of runs where the clusters
of each run are permuted according to the list of permutations above

1.0000 0.5056 0.5070 0.5317 0.5865 0.5089 0.5275 0.4973 0.4874 0.4684 0.4460 0.5228 0.5906 0.4734 0.5683 0.5483 0.5295 0.5146 0.5035 0.5219 0.4636 0.5310 0.5177 0.4735 0.5220 0.5559 0.5802 0.4761 0.4674 0.4862 0.5957 0.6236 0.5544 0.4595 0.4899 0.4807 0.4842 0.5203 0.4765 0.4879 0.4628 0.5930 0.4893 0.5380 0.5215 0.4787 0.5710 0.5234 0.4739 0.5210 
0.5056 1.0000 0.4930 0.5467 0.5534 0.4694 0.5597 0.5123 0.5251 0.4778 0.4853 0.5784 0.5151 0.5030 0.5179 0.5930 0.6395 0.5149 0.5282 0.5583 0.5682 0.4946 0.5948 0.5770 0.5061 0.5659 0.5565 0.5705 0.4680 0.5594 0.4448 0.5156 0.6017 0.5117 0.5795 0.5176 0.5579 0.5677 0.6337 0.4900 0.5351 0.5110 0.5100 0.5670 0.5109 0.5075 0.5747 0.4890 0.5990 0.5706 
0.5070 0.4930 1.0000 0.4508 0.4675 0.4514 0.4734 0.5116 0.4829 0.4657 0.4531 0.4472 0.4544 0.4640 0.5285 0.4805 0.4785 0.4388 0.4529 0.4802 0.4474 0.4705 0.4279 0.4387 0.5405 0.5091 0.5016 0.4811 0.4294 0.5298 0.4619 0.4541 0.4852 0.4770 0.4699 0.6021 0.4744 0.4606 0.4693 0.4718 0.4224 0.5165 0.4425 0.4504 0.4721 0.4239 0.5194 0.4561 0.4509 0.4535 
0.5317 0.5467 0.4508 1.0000 0.5625 0.5302 0.4776 0.5442 0.4658 0.4573 0.4482 0.5555 0.5553 0.4684 0.5778 0.6053 0.5623 0.5032 0.5260 0.5797 0.5143 0.5688 0.5858 0.4977 0.5052 0.5911 0.6069 0.5419 0.4724 0.4870 0.4907 0.5516 0.6006 0.4918 0.5131 0.4623 0.5210 0.6545 0.5173 0.5150 0.5807 0.5359 0.4899 0.5489 0.5500 0.5369 0.5685 0.5207 0.5054 0.5373 
0.5865 0.5534 0.4675 0.5625 1.0000 0.5625 0.5063 0.5133 0.5284 0.4497 0.4620 0.6214 0.6332 0.4894 0.6213 0.6427 0.5691 0.6203 0.5846 0.5913 0.4873 0.5145 0.5650 0.5597 0.5463 0.6490 0.6272 0.4916 0.5541 0.5006 0.5278 0.6237 0.6094 0.4709 0.5621 0.4719 0.5293 0.5301 0.5067 0.5555 0.5221 0.5749 0.4975 0.5615 0.5480 0.5081 0.6084 0.5725 0.5507 0.6116 
0.5089 0.4694 0.4514 0.5302 0.5625 1.0000 0.4600 0.4567 0.4580 0.4520 0.4242 0.5425 0.5643 0.4421 0.4992 0.6079 0.4875 0.6711 0.5539 0.6146 0.4681 0.4452 0.4738 0.5338 0.4587 0.6129 0.5858 0.4631 0.6001 0.4323 0.4645 0.5515 0.5785 0.4617 0.5186 0.4447 0.5316 0.4641 0.4449 0.5591 0.4959 0.5123 0.4400 0.4592 0.5130 0.4996 0.5089 0.6168 0.5278 0.5701 
0.5275 0.5597 0.4734 0.4776 0.5063 0.4600 1.0000 0.4972 0.5792 0.5427 0.5515 0.5060 0.5525 0.6259 0.4526 0.5238 0.4826 0.4885 0.4386 0.4509 0.5308 0.6018 0.4780 0.4455 0.4825 0.4905 0.5459 0.4664 0.4189 0.5400 0.4775 0.5159 0.5247 0.4863 0.5050 0.5241 0.4563 0.4688 0.5607 0.4658 0.4281 0.4833 0.4110 0.5354 0.4334 0.4140 0.5034 0.4518 0.5378 0.4638 
0.4973 0.5123 0.5116 0.5442 0.5133 0.4567 0.4972 1.0000 0.5170 0.4519 0.4682 0.5063 0.4993 0.4964 0.5204 0.5216 0.5176 0.4685 0.4581 0.5023 0.4527 0.4735 0.4956 0.4365 0.5777 0.4862 0.5332 0.4846 0.4277 0.5355 0.4379 0.5273 0.4910 0.4270 0.4610 0.5524 0.4604 0.5617 0.4683 0.4873 0.4523 0.5098 0.4783 0.5033 0.4747 0.4798 0.4918 0.4770 0.4376 0.4881 
0.4874 0.5251 0.4829 0.4658 0.5284 0.4580 0.5792 0.5170 1.0000 0.5434 0.5289 0.4832 0.5552 0.5990 0.5219 0.5073 0.4760 0.4813 0.4712 0.5000 0.5321 0.4914 0.4980 0.4356 0.5582 0.4949 0.5199 0.5281 0.4172 0.5550 0.4172 0.5501 0.4828 0.5336 0.5459 0.5560 0.4702 0.4777 0.5271 0.4622 0.4593 0.5698 0.4188 0.4682 0.4347 0.4557 0.6172 0.4447 0.5157 0.5018 
0.4684 0.4778 0.4657 0.4573 0.4497 0.4520 0.5427 0.4519 0.5434 1.0000 0.5060 0.4413 0.5067 0.5638 0.5287 0.4364 0.4077 0.4654 0.4576 0.4483 0.5146 0.4822 0.4520 0.4433 0.4600 0.4970 0.4974 0.4129 0.4019 0.5114 0.4490 0.4939 0.4686 0.4808 0.5293 0.5142 0.4393 0.4390 0.4836 0.4898 0.4624 0.5484 0.3928 0.4725 0.4554 0.4292 0.4757 0.4623 0.4858 0.4362 
0.4460 0.4853 0.4531 0.4482 0.4620 0.4242 0.5515 0.4682 0.5289 0.5060 1.0000 0.4672 0.5363 0.6061 0.4597 0.4615 0.4705 0.4385 0.4281 0.4509 0.4552 0.4852 0.4805 0.4442 0.4910 0.4857 0.5082 0.4705 0.3995 0.4447 0.4864 0.5155 0.4295 0.4121 0.5294 0.5040 0.4674 0.4333 0.4434 0.4883 0.4345 0.5050 0.3842 0.5249 0.4195 0.4513 0.4986 0.4113 0.4409 0.4383 
0.5228 0.5784 0.4472 0.5555 0.6214 0.5425 0.5060 0.5063 0.4832 0.4413 0.4672 1.0000 0.5428 0.4545 0.5200 0.6277 0.6127 0.5849 0.5646 0.5742 0.5203 0.4520 0.5404 0.5635 0.5037 0.6115 0.5750 0.5011 0.5390 0.5032 0.5368 0.5658 0.5997 0.4630 0.5459 0.4625 0.5245 0.5373 0.5352 0.5390 0.5076 0.5074 0.4673 0.5867 0.4976 0.5378 0.5321 0.5159 0.5768 0.6108 
0.5906 0.5151 0.4544 0.5553 0.6332 0.5643 0.5525 0.4993 0.5552 0.5067 0.5363 0.5428 1.0000 0.5452 0.5600 0.6232 0.5167 0.5801 0.5491 0.5789 0.5191 0.5288 0.5895 0.5244 0.5443 0.6155 0.6387 0.4618 0.5254 0.4807 0.5265 0.6367 0.5776 0.4540 0.5482 0.4964 0.5355 0.5012 0.4864 0.5685 0.5305 0.6741 0.4608 0.5723 0.5194 0.5403 0.5605 0.5487 0.5425 0.5625 
0.4734 0.5030 0.4640 0.4684 0.4894 0.4421 0.6259 0.4964 0.5990 0.5638 0.6061 0.4545 0.5452 1.0000 0.4785 0.4706 0.4342 0.4509 0.4360 0.4618 0.5028 0.5507 0.4900 0.4278 0.4699 0.4895 0.5485 0.4490 0.3972 0.4687 0.4572 0.5279 0.4603 0.4550 0.5046 0.5253 0.4616 0.4386 0.4933 0.4827 0.4521 0.5121 0.3830 0.4920 0.4167 0.4242 0.5148 0.4421 0.4935 0.4359 
0.5683 0.5179 0.5285 0.5778 0.6213 0.4992 0.4526 0.5204 0.5219 0.5287 0.4597 0.5200 0.5600 0.4785 1.0000 0.5588 0.5458 0.5321 0.5811 0.5498 0.4696 0.5190 0.5241 0.5415 0.6367 0.6619 0.6111 0.4879 0.5092 0.5471 0.5155 0.5801 0.5748 0.4649 0.5556 0.5099 0.5222 0.5736 0.4949 0.5583 0.5829 0.6385 0.5000 0.5253 0.6088 0.4977 0.5627 0.5574 0.4923 0.5580 
0.5483 0.5930 0.4805 0.6053 0.6427 0.6079 0.5238 0.5216 0.5073 0.4364 0.4615 0.6277 0.6232 0.4706 0.5588 1.0000 0.6270 0.5942 0.5590 0.5845 0.5279 0.5170 0.5850 0.5500 0.5361 0.6446 0.6214 0.5304 0.5697 0.5046 0.4883 0.5889 0.6295 0.5074 0.5420 0.4860 0.5607 0.5597 0.5617 0.5851 0.5562 0.5401 0.4920 0.5606 0.5414 0.5509 0.5890 0.5630 0.6008 0.5850 
0.5295 0.6395 0.4785 0.5623 0.5691 0.4875 0.4826 0.5176 0.4760 0.4077 0.4705 0.6127 0.5167 0.4342 0.5458 0.6270 1.0000 0.5223 0.5426 0.5242 0.5037 0.4695 0.5501 0.5672 0.5440 0.5951 0.5573 0.5773 0.5296 0.5337 0.4871 0.5229 0.5879 0.5208 0.5298 0.4562 0.5435 0.6333 0.5724 0.5043 0.5080 0.5141 0.5548 0.5778 0.5927 0.5518 0.5776 0.4926 0.5458 0.5652 
0.5146 0.5149 0.4388 0.5032 0.6203 0.6711 0.4885 0.4685 0.4813 0.4654 0.4385 0.5849 0.5801 0.4509 0.5321 0.5942 0.5223 1.0000 0.6091 0.5974 0.4680 0.4358 0.4865 0.5861 0.5098 0.6133 0.5773 0.4390 0.6099 0.4661 0.4820 0.5625 0.6017 0.4248 0.5857 0.4673 0.5432 0.4811 0.4687 0.5821 0.5223 0.5398 0.4657 0.4872 0.5182 0.5216 0.5042 0.6483 0.5496 0.6426 
0.5035 0.5282 0.4529 0.5260 0.5846 0.5539 0.4386 0.4581 0.4712 0.4576 0.4281 0.5646 0.5491 0.4360 0.5811 0.5590 0.5426 0.6091 1.0000 0.6293 0.4659 0.4516 0.5028 0.6023 0.5413 0.6350 0.5501 0.5051 0.5601 0.4667 0.4791 0.5526 0.6146 0.4602 0.5991 0.4525 0.5673 0.5245 0.4996 0.5359 0.5542 0.5594 0.5509 0.4900 0.5720 0.5998 0.5616 0.5865 0.5660 0.6852 
0.5219 0.5583 0.4802 0.5797 0.5913 0.6146 0.4509 0.5023 0.5000 0.4483 0.4509 0.5742 0.5789 0.4618 0.5498 0.5845 0.5242 0.5974 0.6293 1.0000 0.4807 0.4760 0.5700 0.5780 0.5271 0.6091 0.5761 0.5467 0.5396 0.4436 0.4685 0.5644 0.5886 0.4933 0.5455 0.4661 0.6410 0.5168 0.4857 0.5343 0.5589 0.5441 0.4971 0.5076 0.5263 0.5456 0.5687 0.5771 0.5324 0.6237 
0.4636 0.5682 0.4474 0.5143 0.4873 0.4681 0.5308 0.4527 0.5321 0.5146 0.4552 0.5203 0.5191 0.5028 0.4696 0.5279 0.5037 0.4680 0.4659 0.4807 1.0000 0.4933 0.5158 0.4683 0.4376 0.5116 0.5342 0.5402 0.4404 0.5122 0.4313 0.4981 0.5448 0.5426 0.5135 0.4860 0.4996 0.5262 0.6033 0.5048 0.5008 0.4914 0.4291 0.4938 0.4504 0.4814 0.5425 0.4649 0.5403 0.5093 
0.5310 0.4946 0.4705 0.5688 0.5145 0.4452 0.6018 0.4735 0.4914 0.4822 0.4852 0.4520 0.5288 0.5507 0.5190 0.5170 0.4695 0.4358 0.4516 0.4760 0.4933 1.0000 0.5116 0.4336 0.4835 0.4898 0.5205 0.4775 0.4208 0.4902 0.4973 0.5101 0.5015 0.4751 0.4697 0.4525 0.4402 0.4958 0.4830 0.4497 0.5134 0.4682 0.4115 0.4998 0.4689 0.4224 0.5360 0.4519 0.5184 0.4613 
0.5177 0.5948 0.4279 0.5858 0.5650 0.4738 0.4780 0.4956 0.4980 0.4520 0.4805 0.5404 0.5895 0.4900 0.5241 0.5850 0.5501 0.4865 0.5028 0.5700 0.5158 0.5116 1.0000 0.5162 0.4910 0.5189 0.5543 0.4922 0.4412 0.4322 0.4720 0.5278 0.5469 0.4321 0.4845 0.4464 0.5669 0.5555 0.4907 0.4794 0.5838 0.5621 0.4515 0.5632 0.4843 0.5270 0.5812 0.4747 0.4953 0.5380 
0.4735 0.5770 0.4387 0.4977 0.5597 0.5338 0.4455 0.4365 0.4356 0.4433 0.4442 0.5635 0.5244 0.4278 0.5415 0.5500 0.5672 0.5861 0.6023 0.5780 0.4683 0.4336 0.5162 1.0000 0.4769 0.5834 0.5236 0.4478 0.5562 0.4315 0.4909 0.5393 0.5750 0.4182 0.5270 0.4440 0.5373 0.4842 0.4691 0.5275 0.5547 0.5189 0.4820 0.5313 0.5518 0.5435 0.4873 0.5388 0.5580 0.6227 
0.5220 0.5061 0.5405 0.5052 0.5463 0.4587 0.4825 0.5777 0.5582 0.4600 0.4910 0.5037 0.5443 0.4699 0.6367 0.5361 0.5440 0.5098 0.5413 0.5271 0.4376 0.4835 0.4910 0.4769 1.0000 0.6092 0.5482 0.4960 0.4898 0.5505 0.4621 0.5357 0.5113 0.4268 0.5212 0.5395 0.5501 0.5197 0.4680 0.4961 0.5292 0.6051 0.4609 0.5105 0.5067 0.4955 0.5359 0.4996 0.4616 0.5480 
0.5559 0.5659 0.5091 0.5911 0.6490 0.6129 0.4905 0.4862 0.4949 0.4970 0.4857 0.6115 0.6155 0.4895 0.6619 0.6446 0.5951 0.6133 0.6350 0.6091 0.5116 0.4898 0.5189 0.5834 0.6092 1.0000 0.6866 0.5357 0.6034 0.5490 0.5344 0.6038 0.6525 0.4851 0.6035 0.4984 0.5939 0.5640 0.5527 0.6142 0.5726 0.6055 0.4952 0.5437 0.6058 0.5687 0.5687 0.6232 0.5799 0.6096 
0.5802 0.5565 0.5016 0.6069 0.6272 0.5858 0.5459 0.5332 0.5199 0.4974 0.5082 0.5750 0.6387 0.5485 0.6111 0.6214 0.5573 0.5773 0.5501 0.5761 0.5342 0.5205 0.5543 0.5236 0.5482 0.6866 1.0000 0.5222 0.5221 0.5341 0.5524 0.6176 0.6512 0.5006 0.5687 0.5276 0.5538 0.5915 0.5362 0.6198 0.5475 0.6132 0.4910 0.5341 0.5869 0.5368 0.5551 0.5553 0.5302 0.5460 
0.4761 0.5705 0.4811 0.5419 0.4916 0.4631 0.4664 0.4846 0.5281 0.4129 0.4705 0.5011 0.4618 0.4490 0.4879 0.5304 0.5773 0.4390 0.5051 0.5467 0.5402 0.4775 0.4922 0.4478 0.4960 0.5357 0.5222 1.0000 0.4325 0.5205 0.4185 0.4837 0.5082 0.5400 0.5248 0.4572 0.5504 0.5930 0.5653 0.4597 0.4550 0.4477 0.4943 0.4895 0.5055 0.5038 0.6029 0.4440 0.5139 0.5125 
0.4674 0.4680 0.4294 0.4724 0.5541 0.6001 0.4189 0.4277 0.4172 0.4019 0.3995 0.5390 0.5254 0.3972 0.5092 0.5697 0.5296 0.6099 0.5601 0.5396 0.4404 0.4208 0.4412 0.5562 0.4898 0.6034 0.5221 0.4325 1.0000 0.4493 0.4557 0.4961 0.5254 0.4254 0.4928 0.4116 0.5020 0.4442 0.4737 0.5100 0.4782 0.4973 0.4416 0.4523 0.5206 0.5189 0.4736 0.5710 0.5267 0.5914 
0.4862 0.5594 0.5298 0.4870 0.5006 0.4323 0.5400 0.5355 0.5550 0.5114 0.4447 0.5032 0.4807 0.4687 0.5471 0.5046 0.5337 0.4661 0.4667 0.4436 0.5122 0.4902 0.4322 0.4315 0.5505 0.5490 0.5341 0.5205 0.4493 1.0000 0.4537 0.4600 0.5088 0.5255 0.5347 0.5009 0.4313 0.5156 0.6040 0.4685 0.4194 0.4935 0.4451 0.4650 0.5114 0.4636 0.5219 0.4310 0.5314 0.4604 
0.5957 0.4448 0.4619 0.4907 0.5278 0.4645 0.4775 0.4379 0.4172 0.4490 0.4864 0.5368 0.5265 0.4572 0.5155 0.4883 0.4871 0.4820 0.4791 0.4685 0.4313 0.4973 0.4720 0.4909 0.4621 0.5344 0.5524 0.4185 0.4557 0.4537 1.0000 0.5244 0.5059 0.3928 0.4705 0.4153 0.4556 0.4605 0.4447 0.5182 0.4396 0.5203 0.4013 0.5303 0.4870 0.4842 0.4726 0.4474 0.4499 0.4672 
0.6236 0.5156 0.4541 0.5516 0.6237 0.5515 0.5159 0.5273 0.5501 0.4939 0.5155 0.5658 0.6367 0.5279 0.5801 0.5889 0.5229 0.5625 0.5526 0.5644 0.4981 0.5101 0.5278 0.5393 0.5357 0.6038 0.6176 0.4837 0.4961 0.4600 0.5244 1.0000 0.5625 0.4470 0.5795 0.5102 0.5035 0.5257 0.4746 0.5752 0.5237 0.5878 0.4748 0.5218 0.4945 0.5115 0.5828 0.5508 0.5300 0.5806 
0.5544 0.6017 0.4852 0.6006 0.6094 0.5785 0.5247 0.4910 0.4828 0.4686 0.4295 0.5997 0.5776 0.4603 0.5748 0.6295 0.5879 0.6017 0.6146 0.5886 0.5448 0.5015 0.5469 0.5750 0.5113 0.6525 0.6512 0.5082 0.5254 0.5088 0.5059 0.5625 1.0000 0.5071 0.5572 0.4923 0.5454 0.5819 0.5396 0.5742 0.5499 0.5714 0.5088 0.5384 0.5540 0.5313 0.5442 0.5708 0.5720 0.6011 
0.4595 0.5117 0.4770 0.4918 0.4709 0.4617 0.4863 0.4270 0.5336 0.4808 0.4121 0.4630 0.4540 0.4550 0.4649 0.5074 0.5208 0.4248 0.4602 0.4933 0.5426 0.4751 0.4321 0.4182 0.4268 0.4851 0.5006 0.5400 0.4254 0.5255 0.3928 0.4470 0.5071 1.0000 0.4882 0.4420 0.4802 0.4979 0.5496 0.4347 0.4038 0.4552 0.4819 0.4308 0.5047 0.4369 0.5681 0.4222 0.5221 0.4333 
0.4899 0.5795 0.4699 0.5131 0.5621 0.5186 0.5050 0.4610 0.5459 0.5293 0.5294 0.5459 0.5482 0.5046 0.5556 0.5420 0.5298 0.5857 0.5991 0.5455 0.5135 0.4697 0.4845 0.5270 0.5212 0.6035 0.5687 0.5248 0.4928 0.5347 0.4705 0.5795 0.5572 0.4882 1.0000 0.5081 0.5239 0.5100 0.5326 0.5630 0.4969 0.5374 0.4755 0.4873 0.5238 0.5423 0.5690 0.5156 0.5896 0.5882 
0.4807 0.5176 0.6021 0.4623 0.4719 0.4447 0.5241 0.5524 0.5560 0.5142 0.5040 0.4625 0.4964 0.5253 0.5099 0.4860 0.4562 0.4673 0.4525 0.4661 0.4860 0.4525 0.4464 0.4440 0.5395 0.4984 0.5276 0.4572 0.4116 0.5009 0.4153 0.5102 0.4923 0.4420 0.5081 1.0000 0.4554 0.4901 0.4694 0.4875 0.4697 0.5559 0.4515 0.4780 0.4473 0.4619 0.4997 0.4720 0.4516 0.4781 
0.4842 0.5579 0.4744 0.5210 0.5293 0.5316 0.4563 0.4604 0.4702 0.4393 0.4674 0.5245 0.5355 0.4616 0.5222 0.5607 0.5435 0.5432 0.5673 0.6410 0.4996 0.4402 0.5669 0.5373 0.5501 0.5939 0.5538 0.5504 0.5020 0.4313 0.4556 0.5035 0.5454 0.4802 0.5239 0.4554 1.0000 0.5184 0.4799 0.5388 0.5538 0.5237 0.4864 0.4888 0.5024 0.5224 0.5290 0.5220 0.5193 0.5532 
0.5203 0.5677 0.4606 0.6545 0.5301 0.4641 0.4688 0.5617 0.4777 0.4390 0.4333 0.5373 0.5012 0.4386 0.5736 0.5597 0.6333 0.4811 0.5245 0.5168 0.5262 0.4958 0.5555 0.4842 0.5197 0.5640 0.5915 0.5930 0.4442 0.5156 0.4605 0.5257 0.5819 0.4979 0.5100 0.4901 0.5184 1.0000 0.5457 0.5018 0.5642 0.5119 0.5553 0.5444 0.6401 0.5575 0.5822 0.4973 0.4820 0.5345 
0.4765 0.6337 0.4693 0.5173 0.5067 0.4449 0.5607 0.4683 0.5271 0.4836 0.4434 0.5352 0.4864 0.4933 0.4949 0.5617 0.5724 0.4687 0.4996 0.4857 0.6033 0.4830 0.4907 0.4691 0.4680 0.5527 0.5362 0.5653 0.4737 0.6040 0.4447 0.4746 0.5396 0.5496 0.5326 0.4694 0.4799 0.5457 1.0000 0.4740 0.4451 0.4636 0.4818 0.5060 0.4951 0.4858 0.5494 0.4680 0.5970 0.5090 
0.4879 0.4900 0.4718 0.5150 0.5555 0.5591 0.4658 0.4873 0.4622 0.4898 0.4883 0.5390 0.5685 0.4827 0.5583 0.5851 0.5043 0.5821 0.5359 0.5343 0.5048 0.4497 0.4794 0.5275 0.4961 0.6142 0.6198 0.4597 0.5100 0.4685 0.5182 0.5752 0.5742 0.4347 0.5630 0.4875 0.5388 0.5018 0.4740 1.0000 0.5103 0.5474 0.4478 0.4865 0.5145 0.4930 0.4750 0.5399 0.5102 0.5211 
0.4628 0.5351 0.4224 0.5807 0.5221 0.4959 0.4281 0.4523 0.4593 0.4624 0.4345 0.5076 0.5305 0.4521 0.5829 0.5562 0.5080 0.5223 0.5542 0.5589 0.5008 0.5134 0.5838 0.5547 0.5292 0.5726 0.5475 0.4550 0.4782 0.4194 0.4396 0.5237 0.5499 0.4038 0.4969 0.4697 0.5538 0.5642 0.4451 0.5103 1.0000 0.5318 0.4382 0.5071 0.5335 0.5639 0.5122 0.5445 0.4640 0.5824 
0.5930 0.5110 0.5165 0.5359 0.5749 0.5123 0.4833 0.5098 0.5698 0.5484 0.5050 0.5074 0.6741 0.5121 0.6385 0.5401 0.5141 0.5398 0.5594 0.5441 0.4914 0.4682 0.5621 0.5189 0.6051 0.6055 0.6132 0.4477 0.4973 0.4935 0.5203 0.5878 0.5714 0.4552 0.5374 0.5559 0.5237 0.5119 0.4636 0.5474 0.5318 1.0000 0.4658 0.5501 0.5502 0.5379 0.5532 0.5290 0.4780 0.5635 
0.4893 0.5100 0.4425 0.4899 0.4975 0.4400 0.4110 0.4783 0.4188 0.3928 0.3842 0.4673 0.4608 0.3830 0.5000 0.4920 0.5548 0.4657 0.5509 0.4971 0.4291 0.4115 0.4515 0.4820 0.4609 0.4952 0.4910 0.4943 0.4416 0.4451 0.4013 0.4748 0.5088 0.4819 0.4755 0.4515 0.4864 0.5553 0.4818 0.4478 0.4382 0.4658 1.0000 0.4668 0.5782 0.4952 0.5076 0.4794 0.4486 0.5073 
0.5380 0.5670 0.4504 0.5489 0.5615 0.4592 0.5354 0.5033 0.4682 0.4725 0.5249 0.5867 0.5723 0.4920 0.5253 0.5606 0.5778 0.4872 0.4900 0.5076 0.4938 0.4998 0.5632 0.5313 0.5105 0.5437 0.5341 0.4895 0.4523 0.4650 0.5303 0.5218 0.5384 0.4308 0.4873 0.4780 0.4888 0.5444 0.5060 0.4865 0.5071 0.5501 0.4668 1.0000 0.5196 0.4899 0.5169 0.4923 0.4953 0.5242 
0.5215 0.5109 0.4721 0.5500 0.5480 0.5130 0.4334 0.4747 0.4347 0.4554 0.4195 0.4976 0.5194 0.4167 0.6088 0.5414 0.5927 0.5182 0.5720 0.5263 0.4504 0.4689 0.4843 0.5518 0.5067 0.6058 0.5869 0.5055 0.5206 0.5114 0.4870 0.4945 0.5540 0.5047 0.5238 0.4473 0.5024 0.6401 0.4951 0.5145 0.5335 0.5502 0.5782 0.5196 1.0000 0.5520 0.5409 0.5310 0.4675 0.5315 
0.4787 0.5075 0.4239 0.5369 0.5081 0.4996 0.4140 0.4798 0.4557 0.4292 0.4513 0.5378 0.5403 0.4242 0.4977 0.5509 0.5518 0.5216 0.5998 0.5456 0.4814 0.4224 0.5270 0.5435 0.4955 0.5687 0.5368 0.5038 0.5189 0.4636 0.4842 0.5115 0.5313 0.4369 0.5423 0.4619 0.5224 0.5575 0.4858 0.4930 0.5639 0.5379 0.4952 0.4899 0.5520 1.0000 0.5307 0.4948 0.4971 0.5837 
0.5710 0.5747 0.5194 0.5685 0.6084 0.5089 0.5034 0.4918 0.6172 0.4757 0.4986 0.5321 0.5605 0.5148 0.5627 0.5890 0.5776 0.5042 0.5616 0.5687 0.5425 0.5360 0.5812 0.4873 0.5359 0.5687 0.5551 0.6029 0.4736 0.5219 0.4726 0.5828 0.5442 0.5681 0.5690 0.4997 0.5290 0.5822 0.5494 0.4750 0.5122 0.5532 0.5076 0.5169 0.5409 0.5307 1.0000 0.5047 0.5557 0.5676 
0.5234 0.4890 0.4561 0.5207 0.5725 0.6168 0.4518 0.4770 0.4447 0.4623 0.4113 0.5159 0.5487 0.4421 0.5574 0.5630 0.4926 0.6483 0.5865 0.5771 0.4649 0.4519 0.4747 0.5388 0.4996 0.6232 0.5553 0.4440 0.5710 0.4310 0.4474 0.5508 0.5708 0.4222 0.5156 0.4720 0.5220 0.4973 0.4680 0.5399 0.5445 0.5290 0.4794 0.4923 0.5310 0.4948 0.5047 1.0000 0.5035 0.5936 
0.4739 0.5990 0.4509 0.5054 0.5507 0.5278 0.5378 0.4376 0.5157 0.4858 0.4409 0.5768 0.5425 0.4935 0.4923 0.6008 0.5458 0.5496 0.5660 0.5324 0.5403 0.5184 0.4953 0.5580 0.4616 0.5799 0.5302 0.5139 0.5267 0.5314 0.4499 0.5300 0.5720 0.5221 0.5896 0.4516 0.5193 0.4820 0.5970 0.5102 0.4640 0.4780 0.4486 0.4953 0.4675 0.4971 0.5557 0.5035 1.0000 0.5677 
0.5210 0.5706 0.4535 0.5373 0.6116 0.5701 0.4638 0.4881 0.5018 0.4362 0.4383 0.6108 0.5625 0.4359 0.5580 0.5850 0.5652 0.6426 0.6852 0.6237 0.5093 0.4613 0.5380 0.6227 0.5480 0.6096 0.5460 0.5125 0.5914 0.4604 0.4672 0.5806 0.6011 0.4333 0.5882 0.4781 0.5532 0.5345 0.5090 0.5211 0.5824 0.5635 0.5073 0.5242 0.5315 0.5837 0.5676 0.5936 0.5677 1.0000 
