1.0000	0.6284	0.4185	0.4108	0.5142	0.4005	0.3923	0.4246	0.4354	0.4210	0.3730	0.4031	0.3937	0.4584	0.3990	0.4643	0.4602	0.3853	0.4088	0.4622	0.4168	0.5667	0.3999	0.3440	0.3999	0.4081	0.4869	0.4775	0.3454	0.3275	0.4187	0.4820	0.4297	0.5005	0.3739	0.3844	0.4380	0.5059	0.3671	0.4495	0.3971	0.4765	0.4147	0.4306	0.4065	0.5093	0.4280	0.3990	0.3878	0.4809
0.6284	1.0000	0.4282	0.4522	0.5004	0.4245	0.4101	0.4032	0.4989	0.4473	0.3655	0.4477	0.4209	0.4857	0.4651	0.4563	0.4994	0.3962	0.4154	0.4532	0.4371	0.5295	0.3804	0.3357	0.3965	0.3855	0.4867	0.4772	0.4121	0.3665	0.3866	0.4746	0.5137	0.4826	0.3664	0.4193	0.4147	0.4807	0.4245	0.4798	0.4153	0.4693	0.4019	0.4222	0.5047	0.4728	0.3910	0.3865	0.4617	0.4443
0.4185	0.4282	1.0000	0.3992	0.4317	0.3780	0.3340	0.3117	0.3387	0.3544	0.3002	0.3801	0.3465	0.4162	0.3385	0.4288	0.2960	0.4465	0.3927	0.3857	0.3498	0.4055	0.2788	0.3019	0.3004	0.4189	0.3983	0.4150	0.3851	0.2899	0.3992	0.3915	0.4362	0.3834	0.3187	0.4198	0.3495	0.3814	0.3485	0.4436	0.3555	0.3828	0.3199	0.3739	0.4067	0.4547	0.3449	0.3667	0.3986	0.4367
0.4108	0.4522	0.3992	1.0000	0.4211	0.4140	0.3770	0.3779	0.4008	0.4151	0.3435	0.3080	0.4529	0.3502	0.4240	0.4430	0.4414	0.3889	0.3528	0.3599	0.3927	0.4362	0.3565	0.3504	0.3934	0.3357	0.3553	0.4235	0.4223	0.3937	0.3559	0.3467	0.3685	0.3856	0.3807	0.4057	0.4498	0.4043	0.3318	0.4686	0.3348	0.3829	0.3877	0.3850	0.4315	0.4186	0.4269	0.4340	0.4053	0.4039
0.5142	0.5004	0.4317	0.4211	1.0000	0.4084	0.4550	0.3511	0.4219	0.4333	0.3497	0.4900	0.3670	0.4582	0.4193	0.4544	0.3950	0.4004	0.4060	0.4434	0.3392	0.5531	0.3866	0.3228	0.3973	0.4619	0.4219	0.5023	0.3394	0.3690	0.3840	0.4993	0.4456	0.4802	0.3819	0.4030	0.3682	0.4931	0.3960	0.4850	0.4342	0.4580	0.3961	0.4800	0.4665	0.4202	0.3958	0.4045	0.4264	0.4590
0.4005	0.4245	0.3780	0.4140	0.4084	1.0000	0.3815	0.3402	0.3578	0.3948	0.2978	0.3620	0.4459	0.4428	0.4623	0.4572	0.3772	0.3705	0.4283	0.4242	0.3493	0.4170	0.3107	0.3093	0.3836	0.3446	0.4303	0.4021	0.4202	0.3742	0.4194	0.3911	0.3918	0.4758	0.4335	0.3781	0.3946	0.4130	0.4472	0.4684	0.4049	0.4024	0.4374	0.4461	0.4442	0.4018	0.3930	0.3763	0.4011	0.4246
0.3923	0.4101	0.3340	0.3770	0.4550	0.3815	1.0000	0.3318	0.3592	0.4661	0.3644	0.4396	0.3869	0.4042	0.4625	0.3579	0.4114	0.4031	0.4000	0.4547	0.3366	0.4569	0.3881	0.3338	0.4240	0.4019	0.3898	0.3622	0.4222	0.3837	0.3968	0.3904	0.4453	0.4367	0.5035	0.3809	0.3562	0.4081	0.3809	0.3897	0.4600	0.4023	0.3924	0.4654	0.3784	0.4487	0.4617	0.3650	0.3636	0.4415
0.4246	0.4032	0.3117	0.3779	0.3511	0.3402	0.3318	1.0000	0.3780	0.3467	0.4098	0.3746	0.3118	0.3699	0.4114	0.3741	0.4415	0.2900	0.3580	0.4293	0.4363	0.4354	0.4507	0.4626	0.4696	0.3119	0.3362	0.3307	0.3540	0.3318	0.3186	0.4144	0.3377	0.3711	0.3289	0.3533	0.4012	0.3470	0.3833	0.4099	0.3239	0.3750	0.3307	0.3606	0.3360	0.3597	0.3332	0.3580	0.3254	0.3627
0.4354	0.4989	0.3387	0.4008	0.4219	0.3578	0.3592	0.3780	1.0000	0.4038	0.3781	0.4174	0.4027	0.4140	0.4917	0.3955	0.4745	0.3677	0.3903	0.4338	0.3874	0.4652	0.4349	0.3743	0.3744	0.3937	0.3880	0.3974	0.4013	0.3674	0.3646	0.4666	0.4465	0.3850	0.3641	0.3938	0.4340	0.4033	0.4600	0.3640	0.4095	0.3975	0.3652	0.3784	0.3895	0.4056	0.3489	0.3409	0.3972	0.4120
0.4210	0.4473	0.3544	0.4151	0.4333	0.3948	0.4661	0.3467	0.4038	1.0000	0.4172	0.3494	0.4510	0.4222	0.3859	0.4138	0.3851	0.3925	0.4173	0.4317	0.3841	0.5034	0.3385	0.3362	0.3710	0.4123	0.4313	0.3964	0.4220	0.4450	0.4175	0.4244	0.4440	0.4256	0.4676	0.4073	0.3977	0.4285	0.3743	0.4060	0.3792	0.4031	0.3971	0.4071	0.4282	0.4243	0.4710	0.4102	0.4443	0.4466
0.3730	0.3655	0.3002	0.3435	0.3497	0.2978	0.3644	0.4098	0.3781	0.4172	1.0000	0.3817	0.3047	0.3674	0.4056	0.3459	0.3511	0.4038	0.3982	0.3925	0.4752	0.3796	0.4075	0.4018	0.4391	0.4140	0.3204	0.3539	0.4238	0.3805	0.3614	0.3348	0.3366	0.3547	0.3919	0.3648	0.4233	0.4331	0.3679	0.3720	0.3184	0.3628	0.3160	0.3277	0.3134	0.3868	0.3339	0.3936	0.3581	0.3818
0.4031	0.4477	0.3801	0.3080	0.4900	0.3620	0.4396	0.3746	0.4174	0.3494	0.3817	1.0000	0.3238	0.4503	0.4371	0.3817	0.3964	0.3437	0.4072	0.4464	0.3697	0.4366	0.4036	0.3767	0.4271	0.3708	0.3826	0.3952	0.3816	0.3325	0.3821	0.4427	0.4246	0.4332	0.3931	0.3900	0.3428	0.3714	0.4601	0.3908	0.4311	0.4383	0.3622	0.4374	0.3576	0.4025	0.3512	0.3328	0.3561	0.4148
0.3937	0.4209	0.3465	0.4529	0.3670	0.4459	0.3869	0.3118	0.4027	0.4510	0.3047	0.3238	1.0000	0.3828	0.4134	0.4052	0.3843	0.3630	0.3754	0.4078	0.3937	0.4114	0.3741	0.3476	0.3761	0.3016	0.4408	0.3771	0.3848	0.3525	0.4352	0.3496	0.3953	0.4027	0.3775	0.3205	0.4032	0.3806	0.3711	0.3668	0.3596	0.4068	0.4439	0.4293	0.4687	0.4158	0.3956	0.3766	0.4382	0.4179
0.4584	0.4857	0.4162	0.3502	0.4582	0.4428	0.4042	0.3699	0.4140	0.4222	0.3674	0.4503	0.3828	1.0000	0.3952	0.4078	0.4073	0.3818	0.4234	0.4571	0.3650	0.4676	0.3896	0.3506	0.4019	0.4026	0.5110	0.3840	0.3870	0.3636	0.4065	0.5208	0.4354	0.4622	0.4177	0.3857	0.3436	0.4613	0.3900	0.4338	0.4189	0.4458	0.4034	0.4319	0.4406	0.4455	0.3831	0.3851	0.3900	0.4709
0.3990	0.4651	0.3385	0.4240	0.4193	0.4623	0.4625	0.4114	0.4917	0.3859	0.4056	0.4371	0.4134	0.3952	1.0000	0.3844	0.4807	0.3589	0.3989	0.4649	0.3945	0.4229	0.4203	0.3698	0.4446	0.3713	0.3748	0.3759	0.4557	0.3725	0.3724	0.3898	0.4048	0.3890	0.3958	0.4021	0.4582	0.4044	0.5185	0.4192	0.3884	0.4593	0.3692	0.4214	0.3763	0.4516	0.3497	0.3665	0.3821	0.4137
0.4643	0.4563	0.4288	0.4430	0.4544	0.4572	0.3579	0.3741	0.3955	0.4138	0.3459	0.3817	0.4052	0.4078	0.3844	1.0000	0.3672	0.4039	0.4184	0.4498	0.3714	0.5052	0.3356	0.3403	0.3804	0.3612	0.3977	0.4601	0.3509	0.4077	0.4416	0.3713	0.3689	0.4857	0.3788	0.3729	0.4125	0.4136	0.4111	0.4706	0.3714	0.3694	0.4354	0.4247	0.4468	0.4381	0.3744	0.3639	0.4586	0.4111
0.4602	0.4994	0.2960	0.4414	0.3950	0.3772	0.4114	0.4415	0.4745	0.3851	0.3511	0.3964	0.3843	0.4073	0.4807	0.3672	1.0000	0.3031	0.3639	0.4264	0.4233	0.4408	0.4985	0.3667	0.5027	0.3408	0.4001	0.4043	0.4134	0.3392	0.3800	0.4066	0.3844	0.4673	0.3941	0.3550	0.4420	0.3941	0.3966	0.4125	0.3429	0.3726	0.3894	0.3870	0.3750	0.3650	0.3979	0.3944	0.3311	0.4425
0.3853	0.3962	0.4465	0.3889	0.4004	0.3705	0.4031	0.2900	0.3677	0.3925	0.4038	0.3437	0.3630	0.3818	0.3589	0.4039	0.3031	1.0000	0.4127	0.4068	0.3736	0.4028	0.3113	0.3001	0.3539	0.4806	0.3613	0.4004	0.4039	0.3664	0.3381	0.3440	0.3912	0.3810	0.3611	0.3478	0.3923	0.4361	0.3460	0.4889	0.4027	0.3902	0.3555	0.3567	0.4043	0.4632	0.3993	0.3577	0.4030	0.4758
0.4088	0.4154	0.3927	0.3528	0.4060	0.4283	0.4000	0.3580	0.3903	0.4173	0.3982	0.4072	0.3754	0.4234	0.3989	0.4184	0.3639	0.4127	1.0000	0.4219	0.3908	0.4384	0.3676	0.3501	0.3931	0.4279	0.4283	0.4227	0.4094	0.3933	0.4579	0.4367	0.4785	0.4827	0.4844	0.3965	0.3916	0.4339	0.3771	0.4109	0.4770	0.3730	0.4211	0.4040	0.4554	0.4726	0.4157	0.4196	0.3924	0.4343
0.4622	0.4532	0.3857	0.3599	0.4434	0.4242	0.4547	0.4293	0.4338	0.4317	0.3925	0.4464	0.4078	0.4571	0.4649	0.4498	0.4264	0.4068	0.4219	1.0000	0.3758	0.4740	0.3929	0.3916	0.4114	0.3990	0.4572	0.4872	0.4486	0.3533	0.4121	0.4835	0.4505	0.5080	0.4180	0.3892	0.4286	0.4084	0.4504	0.4352	0.4117	0.4818	0.3876	0.4296	0.3986	0.4548	0.4099	0.3767	0.3829	0.4786
0.4168	0.4371	0.3498	0.3927	0.3392	0.3493	0.3366	0.4363	0.3874	0.3841	0.4752	0.3697	0.3937	0.3650	0.3945	0.3714	0.4233	0.3736	0.3908	0.3758	1.0000	0.3891	0.4110	0.4416	0.4546	0.3104	0.3654	0.3372	0.4046	0.3676	0.3705	0.3557	0.3446	0.3608	0.3590	0.4079	0.4417	0.3922	0.3769	0.3808	0.3081	0.3770	0.3830	0.3285	0.3918	0.3783	0.3522	0.3909	0.3621	0.3592
0.5667	0.5295	0.4055	0.4362	0.5531	0.4170	0.4569	0.4354	0.4652	0.5034	0.3796	0.4366	0.4114	0.4676	0.4229	0.5052	0.4408	0.4028	0.4384	0.4740	0.3891	1.0000	0.3997	0.3885	0.4157	0.4119	0.4658	0.4571	0.3797	0.4207	0.4194	0.5274	0.4802	0.5015	0.4388	0.3768	0.4104	0.4632	0.4170	0.4811	0.4102	0.4691	0.4269	0.4814	0.4885	0.4973	0.4211	0.4289	0.4788	0.4706
0.3999	0.3804	0.2788	0.3565	0.3866	0.3107	0.3881	0.4507	0.4349	0.3385	0.4075	0.4036	0.3741	0.3896	0.4203	0.3356	0.4985	0.3113	0.3676	0.3929	0.4110	0.3997	1.0000	0.4560	0.4923	0.3418	0.3600	0.3302	0.3488	0.3309	0.3995	0.4319	0.3438	0.4033	0.3734	0.3406	0.4187	0.4035	0.3870	0.3528	0.3696	0.3637	0.3916	0.4051	0.3260	0.3600	0.3884	0.3094	0.2916	0.4163
0.3440	0.3357	0.3019	0.3504	0.3228	0.3093	0.3338	0.4626	0.3743	0.3362	0.4018	0.3767	0.3476	0.3506	0.3698	0.3403	0.3667	0.3001	0.3501	0.3916	0.4416	0.3885	0.4560	1.0000	0.4230	0.3079	0.3317	0.3038	0.3645	0.3385	0.3614	0.3863	0.3296	0.3515	0.3607	0.3511	0.3990	0.3555	0.3733	0.3341	0.3035	0.3645	0.3246	0.3937	0.3315	0.3476	0.3750	0.3437	0.3547	0.3756
0.3999	0.3965	0.3004	0.3934	0.3973	0.3836	0.4240	0.4696	0.3744	0.3710	0.4391	0.4271	0.3761	0.4019	0.4446	0.3804	0.5027	0.3539	0.3931	0.4114	0.4546	0.4157	0.4923	0.4230	1.0000	0.3645	0.3468	0.3279	0.3971	0.3888	0.4139	0.3620	0.3347	0.4348	0.4703	0.3713	0.4179	0.4518	0.4385	0.4093	0.3951	0.3587	0.3956	0.3743	0.3898	0.3548	0.4059	0.3427	0.3365	0.4259
0.4081	0.3855	0.4189	0.3357	0.4619	0.3446	0.4019	0.3119	0.3937	0.4123	0.4140	0.3708	0.3016	0.4026	0.3713	0.3612	0.3408	0.4806	0.4279	0.3990	0.3104	0.4119	0.3418	0.3079	0.3645	1.0000	0.3359	0.4322	0.4112	0.3708	0.4022	0.3968	0.4053	0.3864	0.4249	0.3649	0.3495	0.4567	0.3728	0.4150	0.4340	0.3953	0.3516	0.3668	0.3784	0.4352	0.3486	0.3844	0.4165	0.5249
0.4869	0.4867	0.3983	0.3553	0.4219	0.4303	0.3898	0.3362	0.3880	0.4313	0.3204	0.3826	0.4408	0.5110	0.3748	0.3977	0.4001	0.3613	0.4283	0.4572	0.3654	0.4658	0.3600	0.3317	0.3468	0.3359	1.0000	0.3817	0.3713	0.3315	0.3975	0.4546	0.4616	0.4661	0.3569	0.3769	0.3936	0.3993	0.3846	0.3887	0.3891	0.4236	0.4033	0.4379	0.4375	0.4353	0.3962	0.3729	0.3878	0.4428
0.4775	0.4772	0.4150	0.4235	0.5023	0.4021	0.3622	0.3307	0.3974	0.3964	0.3539	0.3952	0.3771	0.3840	0.3759	0.4601	0.4043	0.4004	0.4227	0.4872	0.3372	0.4571	0.3302	0.3038	0.3279	0.4322	0.3817	1.0000	0.3778	0.3413	0.4408	0.4314	0.5010	0.5350	0.4020	0.3531	0.4170	0.4539	0.3909	0.5030	0.3919	0.4525	0.4029	0.4237	0.4651	0.4355	0.3942	0.4649	0.4695	0.4781
0.3454	0.4121	0.3851	0.4223	0.3394	0.4202	0.4222	0.3540	0.4013	0.4220	0.4238	0.3816	0.3848	0.3870	0.4557	0.3509	0.4134	0.4039	0.4094	0.4486	0.4046	0.3797	0.3488	0.3645	0.3971	0.4112	0.3713	0.3778	1.0000	0.4446	0.4099	0.3385	0.4391	0.4207	0.4434	0.4446	0.4547	0.4151	0.4226	0.4243	0.3839	0.3847	0.3635	0.3693	0.3976	0.3980	0.3847	0.4245	0.3845	0.4238
0.3275	0.3665	0.2899	0.3937	0.3690	0.3742	0.3837	0.3318	0.3674	0.4450	0.3805	0.3325	0.3525	0.3636	0.3725	0.4077	0.3392	0.3664	0.3933	0.3533	0.3676	0.4207	0.3309	0.3385	0.3888	0.3708	0.3315	0.3413	0.4446	1.0000	0.4409	0.3181	0.3688	0.3784	0.4313	0.4270	0.3888	0.3915	0.3872	0.3784	0.3323	0.3303	0.4131	0.3729	0.4018	0.3571	0.3826	0.4100	0.4015	0.3489
0.4187	0.3866	0.3992	0.3559	0.3840	0.4194	0.3968	0.3186	0.3646	0.4175	0.3614	0.3821	0.4352	0.4065	0.3724	0.4416	0.3800	0.3381	0.4579	0.4121	0.3705	0.4194	0.3995	0.3614	0.4139	0.4022	0.3975	0.4408	0.4099	0.4409	1.0000	0.3986	0.3933	0.4766	0.4836	0.4591	0.4047	0.4706	0.3935	0.3864	0.3737	0.3808	0.4502	0.4166	0.4252	0.4164	0.4014	0.3893	0.3911	0.4138
0.4820	0.4746	0.3915	0.3467	0.4993	0.3911	0.3904	0.4144	0.4666	0.4244	0.3348	0.4427	0.3496	0.5208	0.3898	0.3713	0.4066	0.3440	0.4367	0.4835	0.3557	0.5274	0.4319	0.3863	0.3620	0.3968	0.4546	0.4314	0.3385	0.3181	0.3986	1.0000	0.4752	0.4625	0.3728	0.4070	0.3619	0.4469	0.3804	0.4304	0.4449	0.4969	0.4131	0.4263	0.4121	0.4175	0.3999	0.3659	0.3706	0.4616
0.4297	0.5137	0.4362	0.3685	0.4456	0.3918	0.4453	0.3377	0.4465	0.4440	0.3366	0.4246	0.3953	0.4354	0.4048	0.3689	0.3844	0.3912	0.4785	0.4505	0.3446	0.4802	0.3438	0.3296	0.3347	0.4053	0.4616	0.5010	0.4391	0.3688	0.3933	0.4752	1.0000	0.4425	0.4138	0.3696	0.3733	0.4364	0.4377	0.4323	0.4830	0.4058	0.4242	0.4326	0.5102	0.4795	0.3664	0.4152	0.4929	0.4407
0.5005	0.4826	0.3834	0.3856	0.4802	0.4758	0.4367	0.3711	0.3850	0.4256	0.3547	0.4332	0.4027	0.4622	0.3890	0.4857	0.4673	0.3810	0.4827	0.5080	0.3608	0.5015	0.4033	0.3515	0.4348	0.3864	0.4661	0.5350	0.4207	0.3784	0.4766	0.4625	0.4425	1.0000	0.4921	0.3877	0.4417	0.4657	0.3643	0.4629	0.4824	0.4396	0.4421	0.4787	0.4309	0.4066	0.4703	0.4551	0.3886	0.4786
0.3739	0.3664	0.3187	0.3807	0.3819	0.4335	0.5035	0.3289	0.3641	0.4676	0.3919	0.3931	0.3775	0.4177	0.3958	0.3788	0.3941	0.3611	0.4844	0.4180	0.3590	0.4388	0.3734	0.3607	0.4703	0.4249	0.3569	0.4020	0.4434	0.4313	0.4836	0.3728	0.4138	0.4921	1.0000	0.3852	0.3684	0.4622	0.3880	0.3937	0.4794	0.3536	0.4007	0.4166	0.3733	0.4147	0.4734	0.4199	0.3948	0.4686
0.3844	0.4193	0.4198	0.4057	0.4030	0.3781	0.3809	0.3533	0.3938	0.4073	0.3648	0.3900	0.3205	0.3857	0.4021	0.3729	0.3550	0.3478	0.3965	0.3892	0.4079	0.3768	0.3406	0.3511	0.3713	0.3649	0.3769	0.3531	0.4446	0.4270	0.4591	0.4070	0.3696	0.3877	0.3852	1.0000	0.4491	0.3984	0.3616	0.3551	0.3337	0.3742	0.3709	0.3696	0.3701	0.3729	0.4293	0.4021	0.3253	0.3706
0.4380	0.4147	0.3495	0.4498	0.3682	0.3946	0.3562	0.4012	0.4340	0.3977	0.4233	0.3428	0.4032	0.3436	0.4582	0.4125	0.4420	0.3923	0.3916	0.4286	0.4417	0.4104	0.4187	0.3990	0.4179	0.3495	0.3936	0.4170	0.4547	0.3888	0.4047	0.3619	0.3733	0.4417	0.3684	0.4491	1.0000	0.4001	0.3923	0.3971	0.3310	0.4426	0.3978	0.3842	0.3389	0.4140	0.4326	0.4135	0.3248	0.4148
0.5059	0.4807	0.3814	0.4043	0.4931	0.4130	0.4081	0.3470	0.4033	0.4285	0.4331	0.3714	0.3806	0.4613	0.4044	0.4136	0.3941	0.4361	0.4339	0.4084	0.3922	0.4632	0.4035	0.3555	0.4518	0.4567	0.3993	0.4539	0.4151	0.3915	0.4706	0.4469	0.4364	0.4657	0.4622	0.3984	0.4001	1.0000	0.3538	0.5142	0.4476	0.4417	0.4663	0.3997	0.4253	0.4278	0.3994	0.4058	0.4214	0.5020
0.3671	0.4245	0.3485	0.3318	0.3960	0.4472	0.3809	0.3833	0.4600	0.3743	0.3679	0.4601	0.3711	0.3900	0.5185	0.4111	0.3966	0.3460	0.3771	0.4504	0.3769	0.4170	0.3870	0.3733	0.4385	0.3728	0.3846	0.3909	0.4226	0.3872	0.3935	0.3804	0.4377	0.3643	0.3880	0.3616	0.3923	0.3538	1.0000	0.3797	0.3782	0.4127	0.3414	0.3946	0.4164	0.4053	0.3273	0.3107	0.4032	0.3851
0.4495	0.4798	0.4436	0.4686	0.4850	0.4684	0.3897	0.4099	0.3640	0.4060	0.3720	0.3908	0.3668	0.4338	0.4192	0.4706	0.4125	0.4889	0.4109	0.4352	0.3808	0.4811	0.3528	0.3341	0.4093	0.4150	0.3887	0.5030	0.4243	0.3784	0.3864	0.4304	0.4323	0.4629	0.3937	0.3551	0.3971	0.5142	0.3797	1.0000	0.4194	0.4454	0.4607	0.4168	0.4809	0.4309	0.3789	0.4272	0.5078	0.4952
0.3971	0.4153	0.3555	0.3348	0.4342	0.4049	0.4600	0.3239	0.4095	0.3792	0.3184	0.4311	0.3596	0.4189	0.3884	0.3714	0.3429	0.4027	0.4770	0.4117	0.3081	0.4102	0.3696	0.3035	0.3951	0.4340	0.3891	0.3919	0.3839	0.3323	0.3737	0.4449	0.4830	0.4824	0.4794	0.3337	0.3310	0.4476	0.3782	0.4194	1.0000	0.3741	0.4113	0.3875	0.3783	0.4464	0.3890	0.3335	0.3660	0.4761
0.4765	0.4693	0.3828	0.3829	0.4580	0.4024	0.4023	0.3750	0.3975	0.4031	0.3628	0.4383	0.4068	0.4458	0.4593	0.3694	0.3726	0.3902	0.3730	0.4818	0.3770	0.4691	0.3637	0.3645	0.3587	0.3953	0.4236	0.4525	0.3847	0.3303	0.3808	0.4969	0.4058	0.4396	0.3536	0.3742	0.4426	0.4417	0.4127	0.4454	0.3741	1.0000	0.3870	0.4800	0.3933	0.4204	0.4110	0.4113	0.3616	0.4810
0.4147	0.4019	0.3199	0.3877	0.3961	0.4374	0.3924	0.3307	0.3652	0.3971	0.3160	0.3622	0.4439	0.4034	0.3692	0.4354	0.3894	0.3555	0.4211	0.3876	0.3830	0.4269	0.3916	0.3246	0.3956	0.3516	0.4033	0.4029	0.3635	0.4131	0.4502	0.4131	0.4242	0.4421	0.4007	0.3709	0.3978	0.4663	0.3414	0.4607	0.4113	0.3870	1.0000	0.4257	0.4430	0.4276	0.4338	0.3818	0.3960	0.4497
0.4306	0.4222	0.3739	0.3850	0.4800	0.4461	0.4654	0.3606	0.3784	0.4071	0.3277	0.4374	0.4293	0.4319	0.4214	0.4247	0.3870	0.3567	0.4040	0.4296	0.3285	0.4814	0.4051	0.3937	0.3743	0.3668	0.4379	0.4237	0.3693	0.3729	0.4166	0.4263	0.4326	0.4787	0.4166	0.3696	0.3842	0.3997	0.3946	0.4168	0.3875	0.4800	0.4257	1.0000	0.4072	0.4030	0.4601	0.3974	0.3789	0.4740
0.4065	0.5047	0.4067	0.4315	0.4665	0.4442	0.3784	0.3360	0.3895	0.4282	0.3134	0.3576	0.4687	0.4406	0.3763	0.4468	0.3750	0.4043	0.4554	0.3986	0.3918	0.4885	0.3260	0.3315	0.3898	0.3784	0.4375	0.4651	0.3976	0.4018	0.4252	0.4121	0.5102	0.4309	0.3733	0.3701	0.3389	0.4253	0.4164	0.4809	0.3783	0.3933	0.4430	0.4072	1.0000	0.4151	0.3658	0.3986	0.5637	0.3943
0.5093	0.4728	0.4547	0.4186	0.4202	0.4018	0.4487	0.3597	0.4056	0.4243	0.3868	0.4025	0.4158	0.4455	0.4516	0.4381	0.3650	0.4632	0.4726	0.4548	0.3783	0.4973	0.3600	0.3476	0.3548	0.4352	0.4353	0.4355	0.3980	0.3571	0.4164	0.4175	0.4795	0.4066	0.4147	0.3729	0.4140	0.4278	0.4053	0.4309	0.4464	0.4204	0.4276	0.4030	0.4151	1.0000	0.3999	0.4018	0.4363	0.4781
0.4280	0.3910	0.3449	0.4269	0.3958	0.3930	0.4617	0.3332	0.3489	0.4710	0.3339	0.3512	0.3956	0.3831	0.3497	0.3744	0.3979	0.3993	0.4157	0.4099	0.3522	0.4211	0.3884	0.3750	0.4059	0.3486	0.3962	0.3942	0.3847	0.3826	0.4014	0.3999	0.3664	0.4703	0.4734	0.4293	0.4326	0.3994	0.3273	0.3789	0.3890	0.4110	0.4338	0.4601	0.3658	0.3999	1.0000	0.4101	0.3313	0.4699
0.3990	0.3865	0.3667	0.4340	0.4045	0.3763	0.3650	0.3580	0.3409	0.4102	0.3936	0.3328	0.3766	0.3851	0.3665	0.3639	0.3944	0.3577	0.4196	0.3767	0.3909	0.4289	0.3094	0.3437	0.3427	0.3844	0.3729	0.4649	0.4245	0.4100	0.3893	0.3659	0.4152	0.4551	0.4199	0.4021	0.4135	0.4058	0.3107	0.4272	0.3335	0.4113	0.3818	0.3974	0.3986	0.4018	0.4101	1.0000	0.3873	0.4173
0.3878	0.4617	0.3986	0.4053	0.4264	0.4011	0.3636	0.3254	0.3972	0.4443	0.3581	0.3561	0.4382	0.3900	0.3821	0.4586	0.3311	0.4030	0.3924	0.3829	0.3621	0.4788	0.2916	0.3547	0.3365	0.4165	0.3878	0.4695	0.3845	0.4015	0.3911	0.3706	0.4929	0.3886	0.3948	0.3253	0.3248	0.4214	0.4032	0.5078	0.3660	0.3616	0.3960	0.3789	0.5637	0.4363	0.3313	0.3873	1.0000	0.4049
0.4809	0.4443	0.4367	0.4039	0.4590	0.4246	0.4415	0.3627	0.4120	0.4466	0.3818	0.4148	0.4179	0.4709	0.4137	0.4111	0.4425	0.4758	0.4343	0.4786	0.3592	0.4706	0.4163	0.3756	0.4259	0.5249	0.4428	0.4781	0.4238	0.3489	0.4138	0.4616	0.4407	0.4786	0.4686	0.3706	0.4148	0.5020	0.3851	0.4952	0.4761	0.4810	0.4497	0.4740	0.3943	0.4781	0.4699	0.4173	0.4049	1.0000
