
Using the parameter settings in the file: 
''1763240293/clumpp.paramfile''

Parameter settings
----------------------- Main parameters -------------------------
DATATYPE = 0
INDFILE = 1763240293/ClumppIndFile
POPFILE = 
OUTFILE = 1763240293/ClumppIndFile.output
MISCFILE = 1763240293/ClumppIndFile.misc
K = 13
C = 164
R = 50
M = 3
W = 0
S = 2
- Additional options for the Greedy and LargeKGreedy algorithms -
GREEDY_OPTION = 2
REPEATS = 2000
PERMUTATIONFILE = 
----------------------- Optional outputs ------------------------
PRINT_PERMUTED_DATA = 0
PERMUTED_DATAFILE = 
PRINT_EVERY_PERM = 0
EVERY_PERMFILE = 
PRINT_RANDOM_INPUTORDER = 0
RANDOM_INPUTORDERFILE = 
----------------------- Advanced options ------------------------
OVERRIDE_WARNINGS = 0
ORDER_BY_RUN = 1


In total, 2000 configurations of runs and clusters will be tested.

Results
------------------------------
The highest value of H' is: 0.53999259773394

The list of permutations of the clusters that produces that
H' value is (runs are listed sequentially on separate rows)

1 2 3 4 5 6 7 8 9 10 11 12 13 
9 3 8 6 11 2 1 13 5 4 10 12 7 
8 13 3 9 4 12 10 7 5 6 1 11 2 
12 3 11 2 13 7 4 10 1 9 5 6 8 
3 7 11 12 9 4 6 2 5 1 8 13 10 
13 8 1 6 3 5 11 7 12 10 2 4 9 
8 1 6 13 9 11 4 3 5 7 2 12 10 
1 6 10 9 2 7 5 12 13 4 3 8 11 
12 11 2 8 13 5 3 6 7 10 9 4 1 
13 8 2 7 12 3 1 4 5 11 6 10 9 
10 9 6 12 5 13 8 7 4 3 11 1 2 
2 13 9 7 5 11 6 3 4 12 8 1 10 
8 3 12 10 11 6 13 7 4 5 1 2 9 
1 9 5 13 10 6 7 3 12 11 2 8 4 
5 6 11 9 13 1 10 7 4 3 12 8 2 
6 11 4 9 13 12 3 1 2 5 7 10 8 
4 9 11 2 10 8 12 6 1 7 13 3 5 
6 13 9 8 5 3 4 7 2 11 1 10 12 
7 8 11 4 5 6 10 2 9 1 3 13 12 
10 13 11 4 2 6 8 7 1 3 12 9 5 
4 10 3 1 2 11 9 13 7 12 8 5 6 
7 2 5 1 11 3 8 10 4 9 13 12 6 
2 10 4 6 8 7 11 5 9 12 1 3 13 
13 7 3 1 11 8 12 4 10 9 2 5 6 
5 3 9 7 10 12 13 8 4 11 1 2 6 
7 13 12 4 8 10 5 2 1 3 9 6 11 
4 3 5 7 8 2 9 13 10 12 6 1 11 
13 11 9 2 4 8 5 1 10 12 7 6 3 
8 6 12 9 3 1 13 11 4 10 5 2 7 
5 8 7 13 10 2 3 1 11 6 4 12 9 
13 6 11 10 5 9 7 12 3 8 4 1 2 
10 12 4 6 2 9 3 13 7 11 8 5 1 
5 8 11 6 2 13 9 3 1 10 4 7 12 
1 11 8 5 7 9 10 2 13 6 4 3 12 
13 10 7 1 8 5 11 3 6 2 4 9 12 
9 6 13 4 2 11 7 3 10 8 5 1 12 
1 4 13 6 2 7 8 10 12 9 5 11 3 
7 12 6 10 9 3 5 4 11 13 1 2 8 
11 3 12 1 4 9 7 5 13 10 2 6 8 
13 8 11 5 7 2 4 12 9 6 1 3 10 
5 10 9 11 3 1 4 6 7 13 12 2 8 
7 8 2 3 10 13 12 5 1 4 9 6 11 
10 4 2 13 3 7 11 9 6 12 1 8 5 
4 6 13 10 2 5 3 1 12 8 7 11 9 
5 12 4 7 2 11 13 8 3 1 6 9 10 
3 7 5 2 4 1 10 12 13 8 9 6 11 
6 5 1 9 11 12 10 8 3 4 13 2 7 
5 9 8 11 1 10 4 3 2 6 7 13 12 
4 13 8 2 9 12 7 3 10 1 5 11 6 
9 4 3 12 8 1 10 7 13 6 11 5 2 

The pairwise G' values for each pair of runs where the clusters
of each run are permuted according to the list of permutations above

1.0000 0.4525 0.5420 0.4117 0.4625 0.4961 0.4568 0.4691 0.4114 0.4947 0.4595 0.4673 0.4351 0.5256 0.4733 0.4132 0.4736 0.5147 0.4622 0.4067 0.4365 0.5037 0.4329 0.4431 0.4785 0.5560 0.5070 0.4237 0.4477 0.4567 0.4244 0.4489 0.4631 0.3830 0.5022 0.4657 0.4312 0.5133 0.5894 0.4584 0.5443 0.4954 0.4827 0.4843 0.5131 0.3764 0.4443 0.5155 0.5196 0.4226 
0.4525 1.0000 0.6035 0.7242 0.6427 0.6691 0.6866 0.7441 0.6639 0.5093 0.7721 0.4970 0.5362 0.5424 0.5867 0.6796 0.6300 0.5201 0.5944 0.5809 0.6580 0.5104 0.6355 0.5649 0.5657 0.4593 0.4919 0.5583 0.5206 0.5267 0.4748 0.5282 0.7006 0.6006 0.5033 0.5582 0.7192 0.5191 0.5690 0.5637 0.5285 0.5046 0.6020 0.5655 0.5421 0.6301 0.5591 0.6674 0.5014 0.7323 
0.5420 0.6035 1.0000 0.5973 0.6481 0.6085 0.5675 0.5709 0.5423 0.5098 0.5858 0.4492 0.4747 0.5707 0.5887 0.5283 0.6231 0.5721 0.6205 0.4668 0.5451 0.5019 0.6016 0.5904 0.5422 0.5141 0.5536 0.5334 0.5346 0.4731 0.4842 0.4505 0.5883 0.4921 0.5530 0.5079 0.5505 0.5501 0.5876 0.5237 0.6288 0.5186 0.5824 0.5788 0.4866 0.5043 0.5394 0.5776 0.5146 0.5758 
0.4117 0.7242 0.5973 1.0000 0.6063 0.6233 0.6514 0.6723 0.6357 0.4960 0.6930 0.4943 0.5084 0.5591 0.5640 0.6683 0.5996 0.5338 0.5834 0.5375 0.6162 0.4632 0.6577 0.6140 0.5767 0.4292 0.5185 0.5692 0.5068 0.5034 0.4861 0.4891 0.6970 0.5937 0.5114 0.5104 0.6732 0.4759 0.5297 0.5681 0.5397 0.5204 0.6023 0.5679 0.4827 0.6330 0.5136 0.6401 0.5118 0.6821 
0.4625 0.6427 0.6481 0.6063 1.0000 0.5768 0.6026 0.5877 0.5781 0.4917 0.6397 0.4232 0.4664 0.5402 0.6007 0.5675 0.6984 0.5202 0.6235 0.4810 0.5738 0.4463 0.6307 0.5953 0.5253 0.4729 0.5235 0.5548 0.5780 0.4712 0.4542 0.4679 0.5588 0.5158 0.5360 0.4720 0.5800 0.5800 0.5564 0.5601 0.5777 0.5119 0.5675 0.5811 0.4715 0.5516 0.5646 0.5488 0.4990 0.5696 
0.4961 0.6691 0.6085 0.6233 0.5768 1.0000 0.6641 0.6781 0.6049 0.5048 0.6942 0.5092 0.5444 0.5715 0.6177 0.6271 0.5715 0.5204 0.5439 0.5751 0.6209 0.5318 0.5522 0.5641 0.5995 0.5259 0.5541 0.5206 0.5066 0.5878 0.4570 0.5371 0.6719 0.5736 0.5678 0.5507 0.6167 0.5826 0.5523 0.5260 0.5363 0.5122 0.6321 0.5740 0.5472 0.6086 0.5500 0.6640 0.5185 0.5994 
0.4568 0.6866 0.5675 0.6514 0.6026 0.6641 1.0000 0.6851 0.6713 0.5186 0.7584 0.5068 0.5423 0.5936 0.5759 0.6573 0.6573 0.5175 0.5572 0.5623 0.6926 0.5248 0.5447 0.5757 0.5825 0.5010 0.5085 0.5986 0.5292 0.6158 0.4847 0.5276 0.6341 0.5807 0.5674 0.5482 0.6549 0.5594 0.5502 0.5826 0.5629 0.5365 0.6547 0.5566 0.5403 0.6462 0.5872 0.6654 0.5241 0.5956 
0.4691 0.7441 0.5709 0.6723 0.5877 0.6781 0.6851 1.0000 0.6621 0.4835 0.7317 0.5398 0.5312 0.5854 0.5856 0.6934 0.6308 0.4903 0.5551 0.6170 0.6374 0.4968 0.5835 0.5613 0.5621 0.4831 0.4869 0.5500 0.5246 0.5483 0.4825 0.5304 0.6905 0.6066 0.5276 0.5518 0.7043 0.5078 0.5698 0.5908 0.5328 0.5197 0.6003 0.5836 0.5572 0.6498 0.5607 0.6581 0.5654 0.6277 
0.4114 0.6639 0.5423 0.6357 0.5781 0.6049 0.6713 0.6621 1.0000 0.5031 0.6995 0.4995 0.5335 0.5446 0.5336 0.6740 0.6404 0.4809 0.5279 0.5864 0.6948 0.4482 0.5343 0.5601 0.5446 0.4574 0.4584 0.5562 0.5416 0.5650 0.4594 0.5090 0.6262 0.6204 0.5122 0.5606 0.6955 0.4870 0.5088 0.5605 0.5207 0.5265 0.6061 0.5484 0.5546 0.6581 0.5517 0.6323 0.5377 0.6423 
0.4947 0.5093 0.5098 0.4960 0.4917 0.5048 0.5186 0.4835 0.5031 1.0000 0.4922 0.5084 0.5178 0.6326 0.4967 0.4875 0.5367 0.6217 0.5160 0.4858 0.5491 0.5464 0.5068 0.5207 0.5062 0.5348 0.5376 0.5845 0.5267 0.5441 0.5258 0.5158 0.5389 0.4581 0.5960 0.5133 0.5206 0.5648 0.5215 0.5367 0.5977 0.5990 0.4680 0.5415 0.4310 0.4507 0.4919 0.5341 0.5575 0.5241 
0.4595 0.7721 0.5858 0.6930 0.6397 0.6942 0.7584 0.7317 0.6995 0.4922 1.0000 0.5067 0.5092 0.5456 0.5776 0.6891 0.6466 0.4884 0.5702 0.5792 0.6474 0.4988 0.5777 0.5887 0.5605 0.4791 0.4850 0.5484 0.5678 0.5848 0.4914 0.5341 0.6808 0.6207 0.5306 0.5701 0.7362 0.5545 0.5690 0.5676 0.5239 0.5104 0.6715 0.5544 0.5385 0.6508 0.5650 0.6921 0.5051 0.6732 
0.4673 0.4970 0.4492 0.4943 0.4232 0.5092 0.5068 0.5398 0.4995 0.5084 0.5067 1.0000 0.5013 0.5377 0.4498 0.4995 0.4612 0.5350 0.4220 0.4917 0.5084 0.5166 0.4462 0.4435 0.4885 0.4746 0.5029 0.4599 0.4714 0.5349 0.4654 0.4813 0.5591 0.4616 0.5113 0.5074 0.5315 0.4543 0.5253 0.4441 0.5059 0.5407 0.4931 0.5279 0.4598 0.4821 0.4567 0.5674 0.5023 0.5077 
0.4351 0.5362 0.4747 0.5084 0.4664 0.5444 0.5423 0.5312 0.5335 0.5178 0.5092 0.5013 1.0000 0.5433 0.5057 0.5209 0.4688 0.5289 0.4923 0.5582 0.5326 0.5628 0.4509 0.5006 0.5742 0.5068 0.5054 0.4756 0.4468 0.5698 0.4853 0.5466 0.5353 0.4577 0.5277 0.4462 0.4950 0.4783 0.5104 0.4525 0.5356 0.4884 0.5266 0.4883 0.4524 0.4995 0.4387 0.5172 0.4415 0.4857 
0.5256 0.5424 0.5707 0.5591 0.5402 0.5715 0.5936 0.5854 0.5446 0.6326 0.5456 0.5377 0.5433 1.0000 0.5735 0.5922 0.5989 0.6622 0.5368 0.5169 0.6007 0.5306 0.5663 0.5956 0.5565 0.5649 0.6220 0.6076 0.5316 0.5541 0.5656 0.5244 0.6077 0.5336 0.6873 0.4897 0.5955 0.5683 0.6004 0.6580 0.6547 0.7348 0.5081 0.6264 0.4579 0.5253 0.5539 0.6075 0.6479 0.5095 
0.4733 0.5867 0.5887 0.5640 0.6007 0.6177 0.5759 0.5856 0.5336 0.4967 0.5776 0.4498 0.5057 0.5735 1.0000 0.5403 0.6191 0.5283 0.5595 0.5175 0.5377 0.4509 0.6035 0.5982 0.5055 0.5591 0.5921 0.5395 0.5635 0.4890 0.4334 0.4468 0.5715 0.4984 0.5641 0.4741 0.5374 0.5775 0.5756 0.5743 0.5455 0.5451 0.5449 0.6157 0.4597 0.5519 0.6373 0.5338 0.5293 0.5257 
0.4132 0.6796 0.5283 0.6683 0.5675 0.6271 0.6573 0.6934 0.6740 0.4875 0.6891 0.4995 0.5209 0.5922 0.5403 1.0000 0.6053 0.4889 0.5458 0.5564 0.6330 0.4573 0.5858 0.5655 0.5575 0.4469 0.4672 0.5589 0.5013 0.5268 0.4955 0.4941 0.6424 0.6788 0.5182 0.5258 0.7161 0.4787 0.5266 0.5875 0.5057 0.5587 0.5592 0.5478 0.5050 0.7027 0.5224 0.6389 0.5226 0.5983 
0.4736 0.6300 0.6231 0.5996 0.6984 0.5715 0.6573 0.6308 0.6404 0.5367 0.6466 0.4612 0.4688 0.5989 0.6191 0.6053 1.0000 0.5471 0.5774 0.5253 0.6291 0.4632 0.6305 0.5961 0.5082 0.5110 0.5300 0.6013 0.6157 0.5013 0.4897 0.4562 0.5696 0.5331 0.5919 0.5305 0.6111 0.5498 0.5794 0.6470 0.6303 0.5670 0.5600 0.6008 0.4860 0.5856 0.6395 0.5643 0.5543 0.5539 
0.5147 0.5201 0.5721 0.5338 0.5202 0.5204 0.5175 0.4903 0.4809 0.6217 0.4884 0.5350 0.5289 0.6622 0.5283 0.4889 0.5471 1.0000 0.5029 0.4547 0.5560 0.5414 0.5582 0.5173 0.5178 0.5628 0.6180 0.5541 0.4823 0.5375 0.5245 0.5326 0.5856 0.4440 0.6527 0.5014 0.5159 0.5462 0.5485 0.5415 0.6571 0.6426 0.4856 0.5673 0.4378 0.4835 0.4875 0.5978 0.5530 0.5249 
0.4622 0.5944 0.6205 0.5834 0.6235 0.5439 0.5572 0.5551 0.5279 0.5160 0.5702 0.4220 0.4923 0.5368 0.5595 0.5458 0.5774 0.5029 1.0000 0.4717 0.5358 0.4419 0.5881 0.6729 0.5573 0.4589 0.4852 0.5936 0.5049 0.4491 0.4390 0.4492 0.5404 0.5372 0.4916 0.4371 0.5446 0.5073 0.5394 0.5354 0.5591 0.5066 0.5797 0.5255 0.4478 0.4985 0.5152 0.5261 0.5018 0.5427 
0.4067 0.5809 0.4668 0.5375 0.4810 0.5751 0.5623 0.6170 0.5864 0.4858 0.5792 0.4917 0.5582 0.5169 0.5175 0.5564 0.5253 0.4547 0.4717 1.0000 0.5511 0.5208 0.4881 0.4921 0.5409 0.4514 0.4645 0.5170 0.5760 0.5667 0.4665 0.5608 0.5937 0.5066 0.4927 0.5211 0.5690 0.4979 0.4922 0.5370 0.4852 0.4994 0.5359 0.5816 0.5118 0.5297 0.4900 0.5364 0.4765 0.5520 
0.4365 0.6580 0.5451 0.6162 0.5738 0.6209 0.6926 0.6374 0.6948 0.5491 0.6474 0.5084 0.5326 0.6007 0.5377 0.6330 0.6291 0.5560 0.5358 0.5511 1.0000 0.4942 0.5221 0.5422 0.5597 0.4686 0.4903 0.5959 0.5038 0.5907 0.4549 0.5374 0.6476 0.5828 0.5541 0.5609 0.6510 0.5364 0.5137 0.5564 0.5821 0.5724 0.5725 0.5612 0.5283 0.5950 0.5634 0.6573 0.5867 0.6086 
0.5037 0.5104 0.5019 0.4632 0.4463 0.5318 0.5248 0.4968 0.4482 0.5464 0.4988 0.5166 0.5628 0.5306 0.4509 0.4573 0.4632 0.5414 0.4419 0.5208 0.4942 1.0000 0.4751 0.4047 0.5815 0.5330 0.5273 0.4712 0.4876 0.5737 0.5335 0.5628 0.5706 0.4196 0.5700 0.5498 0.4821 0.5006 0.4990 0.4285 0.5788 0.4725 0.4814 0.4840 0.4568 0.4456 0.4787 0.5492 0.4153 0.5094 
0.4329 0.6355 0.6016 0.6577 0.6307 0.5522 0.5447 0.5835 0.5343 0.5068 0.5777 0.4462 0.4509 0.5663 0.6035 0.5858 0.6305 0.5582 0.5881 0.4881 0.5221 0.4751 1.0000 0.5783 0.5243 0.4801 0.5531 0.6165 0.5447 0.4235 0.4605 0.4237 0.6065 0.5091 0.5503 0.4646 0.5876 0.4991 0.5413 0.5660 0.5662 0.5413 0.4949 0.6202 0.4319 0.5745 0.5805 0.5499 0.5225 0.6122 
0.4431 0.5649 0.5904 0.6140 0.5953 0.5641 0.5757 0.5613 0.5601 0.5207 0.5887 0.4435 0.5006 0.5956 0.5982 0.5655 0.5961 0.5173 0.6729 0.4921 0.5422 0.4047 0.5783 1.0000 0.5181 0.4719 0.5426 0.5532 0.5449 0.4864 0.4532 0.4288 0.5512 0.5690 0.5605 0.4256 0.5569 0.5325 0.5684 0.5725 0.5367 0.5547 0.5703 0.5866 0.4153 0.5297 0.5109 0.5356 0.5581 0.5177 
0.4785 0.5657 0.5422 0.5767 0.5253 0.5995 0.5825 0.5621 0.5446 0.5062 0.5605 0.4885 0.5742 0.5565 0.5055 0.5575 0.5082 0.5178 0.5573 0.5409 0.5597 0.5815 0.5243 0.5181 1.0000 0.5275 0.5337 0.5365 0.4811 0.6016 0.4529 0.5352 0.5986 0.4841 0.5528 0.5154 0.5343 0.5289 0.4982 0.4879 0.5620 0.4896 0.5777 0.5051 0.5462 0.5172 0.4906 0.6060 0.4947 0.5291 
0.5560 0.4593 0.5141 0.4292 0.4729 0.5259 0.5010 0.4831 0.4574 0.5348 0.4791 0.4746 0.5068 0.5649 0.5591 0.4469 0.5110 0.5628 0.4589 0.4514 0.4686 0.5330 0.4801 0.4719 0.5275 1.0000 0.5998 0.4904 0.4906 0.5632 0.4504 0.4535 0.5202 0.3937 0.5966 0.4703 0.4403 0.6010 0.5417 0.4709 0.5973 0.4985 0.4866 0.4969 0.4460 0.4479 0.5420 0.4976 0.5005 0.4179 
0.5070 0.4919 0.5536 0.5185 0.5235 0.5541 0.5085 0.4869 0.4584 0.5376 0.4850 0.5029 0.5054 0.6220 0.5921 0.4672 0.5300 0.6180 0.4852 0.4645 0.4903 0.5273 0.5531 0.5426 0.5337 0.5998 1.0000 0.5201 0.5088 0.5433 0.4829 0.4732 0.5628 0.4226 0.6226 0.4586 0.4705 0.5512 0.5625 0.4955 0.5932 0.5776 0.4928 0.5883 0.4381 0.4672 0.5610 0.5308 0.5351 0.4757 
0.4237 0.5583 0.5334 0.5692 0.5548 0.5206 0.5986 0.5500 0.5562 0.5845 0.5484 0.4599 0.4756 0.6076 0.5395 0.5589 0.6013 0.5541 0.5936 0.5170 0.5959 0.4712 0.6165 0.5532 0.5365 0.4904 0.5201 1.0000 0.5528 0.5360 0.4568 0.4705 0.5857 0.4969 0.5929 0.4944 0.5508 0.5302 0.4988 0.5691 0.5717 0.5718 0.5123 0.5610 0.4641 0.5346 0.6091 0.5224 0.5643 0.5404 
0.4477 0.5206 0.5346 0.5068 0.5780 0.5066 0.5292 0.5246 0.5416 0.5267 0.5678 0.4714 0.4468 0.5316 0.5635 0.5013 0.6157 0.4823 0.5049 0.5760 0.5038 0.4876 0.5447 0.5449 0.4811 0.4906 0.5088 0.5528 1.0000 0.5191 0.5045 0.4808 0.5280 0.4687 0.5911 0.5331 0.5498 0.5372 0.5346 0.5479 0.5315 0.5491 0.5157 0.5995 0.4422 0.4854 0.5569 0.4904 0.5248 0.5425 
0.4567 0.5267 0.4731 0.5034 0.4712 0.5878 0.6158 0.5483 0.5650 0.5441 0.5848 0.5349 0.5698 0.5541 0.4890 0.5268 0.5013 0.5375 0.4491 0.5667 0.5907 0.5737 0.4235 0.4864 0.6016 0.5632 0.5433 0.5360 0.5191 1.0000 0.4782 0.5797 0.6045 0.4635 0.6183 0.5628 0.5248 0.5755 0.4783 0.4562 0.5560 0.4959 0.5515 0.5104 0.5146 0.5343 0.4973 0.5755 0.4854 0.5035 
0.4244 0.4748 0.4842 0.4861 0.4542 0.4570 0.4847 0.4825 0.4594 0.5258 0.4914 0.4654 0.4853 0.5656 0.4334 0.4955 0.4897 0.5245 0.4390 0.4665 0.4549 0.5335 0.4605 0.4532 0.4529 0.4504 0.4829 0.4568 0.5045 0.4782 1.0000 0.5330 0.4927 0.4516 0.5128 0.5315 0.5288 0.4528 0.5116 0.5240 0.5373 0.5213 0.4641 0.4741 0.3841 0.4429 0.4336 0.5041 0.4220 0.4793 
0.4489 0.5282 0.4505 0.4891 0.4679 0.5371 0.5276 0.5304 0.5090 0.5158 0.5341 0.4813 0.5466 0.5244 0.4468 0.4941 0.4562 0.5326 0.4492 0.5608 0.5374 0.5628 0.4237 0.4288 0.5352 0.4535 0.4732 0.4705 0.4808 0.5797 0.5330 1.0000 0.5496 0.4780 0.4895 0.5473 0.5294 0.4973 0.4868 0.4988 0.5019 0.5127 0.5186 0.4716 0.4773 0.4877 0.4250 0.5777 0.4643 0.5238 
0.4631 0.7006 0.5883 0.6970 0.5588 0.6719 0.6341 0.6905 0.6262 0.5389 0.6808 0.5591 0.5353 0.6077 0.5715 0.6424 0.5696 0.5856 0.5404 0.5937 0.6476 0.5706 0.6065 0.5512 0.5986 0.5202 0.5628 0.5857 0.5280 0.6045 0.4927 0.5496 1.0000 0.5809 0.5767 0.5767 0.6605 0.5472 0.5372 0.5390 0.5703 0.5548 0.5755 0.5976 0.5212 0.6212 0.5513 0.6825 0.5347 0.6907 
0.3830 0.6006 0.4921 0.5937 0.5158 0.5736 0.5807 0.6066 0.6204 0.4581 0.6207 0.4616 0.4577 0.5336 0.4984 0.6788 0.5331 0.4440 0.5372 0.5066 0.5828 0.4196 0.5091 0.5690 0.4841 0.3937 0.4226 0.4969 0.4687 0.4635 0.4516 0.4780 0.5809 1.0000 0.4625 0.4783 0.6580 0.4489 0.4847 0.5433 0.4548 0.5203 0.5308 0.4966 0.4351 0.5833 0.4750 0.5881 0.4928 0.5698 
0.5022 0.5033 0.5530 0.5114 0.5360 0.5678 0.5674 0.5276 0.5122 0.5960 0.5306 0.5113 0.5277 0.6873 0.5641 0.5182 0.5919 0.6527 0.4916 0.4927 0.5541 0.5700 0.5503 0.5605 0.5528 0.5966 0.6226 0.5929 0.5911 0.6183 0.5128 0.4895 0.5767 0.4625 1.0000 0.4869 0.5351 0.5793 0.5549 0.5367 0.6289 0.6317 0.5122 0.6076 0.4403 0.5220 0.5666 0.5656 0.5746 0.4906 
0.4657 0.5582 0.5079 0.5104 0.4720 0.5507 0.5482 0.5518 0.5606 0.5133 0.5701 0.5074 0.4462 0.4897 0.4741 0.5258 0.5305 0.5014 0.4371 0.5211 0.5609 0.5498 0.4646 0.4256 0.5154 0.4703 0.4586 0.4944 0.5331 0.5628 0.5315 0.5473 0.5767 0.4783 0.4869 1.0000 0.5665 0.4949 0.4770 0.4894 0.5089 0.4585 0.5009 0.4734 0.5634 0.4999 0.4903 0.6283 0.4788 0.5563 
0.4312 0.7192 0.5505 0.6732 0.5800 0.6167 0.6549 0.7043 0.6955 0.5206 0.7362 0.5315 0.4950 0.5955 0.5374 0.7161 0.6111 0.5159 0.5446 0.5690 0.6510 0.4821 0.5876 0.5569 0.5343 0.4403 0.4705 0.5508 0.5498 0.5248 0.5288 0.5294 0.6605 0.6580 0.5351 0.5665 1.0000 0.4927 0.5513 0.5967 0.5106 0.5899 0.5949 0.5698 0.5116 0.6235 0.5331 0.6743 0.5463 0.6959 
0.5133 0.5191 0.5501 0.4759 0.5800 0.5826 0.5594 0.5078 0.4870 0.5648 0.5545 0.4543 0.4783 0.5683 0.5775 0.4787 0.5498 0.5462 0.5073 0.4979 0.5364 0.5006 0.4991 0.5325 0.5289 0.6010 0.5512 0.5302 0.5372 0.5755 0.4528 0.4973 0.5472 0.4489 0.5793 0.4949 0.4927 1.0000 0.5373 0.5151 0.5827 0.5159 0.5180 0.5563 0.4503 0.4622 0.5411 0.5261 0.5238 0.4819 
0.5894 0.5690 0.5876 0.5297 0.5564 0.5523 0.5502 0.5698 0.5088 0.5215 0.5690 0.5253 0.5104 0.6004 0.5756 0.5266 0.5794 0.5485 0.5394 0.4922 0.5137 0.4990 0.5413 0.5684 0.4982 0.5417 0.5625 0.4988 0.5346 0.4783 0.5116 0.4868 0.5372 0.4847 0.5549 0.4770 0.5513 0.5373 1.0000 0.5693 0.5934 0.5662 0.5327 0.6148 0.4762 0.4905 0.5432 0.5850 0.5497 0.5217 
0.4584 0.5637 0.5237 0.5681 0.5601 0.5260 0.5826 0.5908 0.5605 0.5367 0.5676 0.4441 0.4525 0.6580 0.5743 0.5875 0.6470 0.5415 0.5354 0.5370 0.5564 0.4285 0.5660 0.5725 0.4879 0.4709 0.4955 0.5691 0.5479 0.4562 0.5240 0.4988 0.5390 0.5433 0.5367 0.4894 0.5967 0.5151 0.5693 1.0000 0.5354 0.6227 0.5193 0.5774 0.4447 0.5316 0.5398 0.5601 0.5827 0.5136 
0.5443 0.5285 0.6288 0.5397 0.5777 0.5363 0.5629 0.5328 0.5207 0.5977 0.5239 0.5059 0.5356 0.6547 0.5455 0.5057 0.6303 0.6571 0.5591 0.4852 0.5821 0.5788 0.5662 0.5367 0.5620 0.5973 0.5932 0.5717 0.5315 0.5560 0.5373 0.5019 0.5703 0.4548 0.6289 0.5089 0.5106 0.5827 0.5934 0.5354 1.0000 0.5738 0.5165 0.5861 0.4578 0.4901 0.5468 0.5651 0.5340 0.5051 
0.4954 0.5046 0.5186 0.5204 0.5119 0.5122 0.5365 0.5197 0.5265 0.5990 0.5104 0.5407 0.4884 0.7348 0.5451 0.5587 0.5670 0.6426 0.5066 0.4994 0.5724 0.4725 0.5413 0.5547 0.4896 0.4985 0.5776 0.5718 0.5491 0.4959 0.5213 0.5127 0.5548 0.5203 0.6317 0.4585 0.5899 0.5159 0.5662 0.6227 0.5738 1.0000 0.4975 0.6266 0.4344 0.4939 0.5167 0.5639 0.6621 0.5034 
0.4827 0.6020 0.5824 0.6023 0.5675 0.6321 0.6547 0.6003 0.6061 0.4680 0.6715 0.4931 0.5266 0.5081 0.5449 0.5592 0.5600 0.4856 0.5797 0.5359 0.5725 0.4814 0.4949 0.5703 0.5777 0.4866 0.4928 0.5123 0.5157 0.5515 0.4641 0.5186 0.5755 0.5308 0.5122 0.5009 0.5949 0.5180 0.5327 0.5193 0.5165 0.4975 1.0000 0.5240 0.5103 0.5590 0.5071 0.6099 0.4818 0.5672 
0.4843 0.5655 0.5788 0.5679 0.5811 0.5740 0.5566 0.5836 0.5484 0.5415 0.5544 0.5279 0.4883 0.6264 0.6157 0.5478 0.6008 0.5673 0.5255 0.5816 0.5612 0.4840 0.6202 0.5866 0.5051 0.4969 0.5883 0.5610 0.5995 0.5104 0.4741 0.4716 0.5976 0.4966 0.6076 0.4734 0.5698 0.5563 0.6148 0.5774 0.5861 0.6266 0.5240 1.0000 0.4662 0.5426 0.5839 0.5650 0.5857 0.5627 
0.5131 0.5421 0.4866 0.4827 0.4715 0.5472 0.5403 0.5572 0.5546 0.4310 0.5385 0.4598 0.4524 0.4579 0.4597 0.5050 0.4860 0.4378 0.4478 0.5118 0.5283 0.4568 0.4319 0.4153 0.5462 0.4460 0.4381 0.4641 0.4422 0.5146 0.3841 0.4773 0.5212 0.4351 0.4403 0.5634 0.5116 0.4503 0.4762 0.4447 0.4578 0.4344 0.5103 0.4662 1.0000 0.4823 0.4709 0.5710 0.4826 0.5013 
0.3764 0.6301 0.5043 0.6330 0.5516 0.6086 0.6462 0.6498 0.6581 0.4507 0.6508 0.4821 0.4995 0.5253 0.5519 0.7027 0.5856 0.4835 0.4985 0.5297 0.5950 0.4456 0.5745 0.5297 0.5172 0.4479 0.4672 0.5346 0.4854 0.5343 0.4429 0.4877 0.6212 0.5833 0.5220 0.4999 0.6235 0.4622 0.4905 0.5316 0.4901 0.4939 0.5590 0.5426 0.4823 1.0000 0.5290 0.6092 0.4682 0.5862 
0.4443 0.5591 0.5394 0.5136 0.5646 0.5500 0.5872 0.5607 0.5517 0.4919 0.5650 0.4567 0.4387 0.5539 0.6373 0.5224 0.6395 0.4875 0.5152 0.4900 0.5634 0.4787 0.5805 0.5109 0.4906 0.5420 0.5610 0.6091 0.5569 0.4973 0.4336 0.4250 0.5513 0.4750 0.5666 0.4903 0.5331 0.5411 0.5432 0.5398 0.5468 0.5167 0.5071 0.5839 0.4709 0.5290 1.0000 0.5165 0.5169 0.5125 
0.5155 0.6674 0.5776 0.6401 0.5488 0.6640 0.6654 0.6581 0.6323 0.5341 0.6921 0.5674 0.5172 0.6075 0.5338 0.6389 0.5643 0.5978 0.5261 0.5364 0.6573 0.5492 0.5499 0.5356 0.6060 0.4976 0.5308 0.5224 0.4904 0.5755 0.5041 0.5777 0.6825 0.5881 0.5656 0.6283 0.6743 0.5261 0.5850 0.5601 0.5651 0.5639 0.6099 0.5650 0.5710 0.6092 0.5165 1.0000 0.5691 0.6353 
0.5196 0.5014 0.5146 0.5118 0.4990 0.5185 0.5241 0.5654 0.5377 0.5575 0.5051 0.5023 0.4415 0.6479 0.5293 0.5226 0.5543 0.5530 0.5018 0.4765 0.5867 0.4153 0.5225 0.5581 0.4947 0.5005 0.5351 0.5643 0.5248 0.4854 0.4220 0.4643 0.5347 0.4928 0.5746 0.4788 0.5463 0.5238 0.5497 0.5827 0.5340 0.6621 0.4818 0.5857 0.4826 0.4682 0.5169 0.5691 1.0000 0.4861 
0.4226 0.7323 0.5758 0.6821 0.5696 0.5994 0.5956 0.6277 0.6423 0.5241 0.6732 0.5077 0.4857 0.5095 0.5257 0.5983 0.5539 0.5249 0.5427 0.5520 0.6086 0.5094 0.6122 0.5177 0.5291 0.4179 0.4757 0.5404 0.5425 0.5035 0.4793 0.5238 0.6907 0.5698 0.4906 0.5563 0.6959 0.4819 0.5217 0.5136 0.5051 0.5034 0.5672 0.5627 0.5013 0.5862 0.5125 0.6353 0.4861 1.0000 
