1:	0.0152 0.0003 0.1052 0.0000 0.0042 0.0111 0.1515 0.1046 0.0009 0.0448 0.1810 0.0024 0.0509 0.0020 0.0006 0.0207 0.0000 0.0185 0.0719 0.0774 0.1058 0.0178 0.0131 	23
2:	0.1181 0.0040 0.0030 0.0641 0.0049 0.0006 0.0834 0.1826 0.0065 0.0923 0.0687 0.0034 0.0025 0.0026 0.0024 0.0487 0.0000 0.0168 0.1584 0.0745 0.0370 0.0102 0.0155 	13
3:	0.1001 0.0000 0.0000 0.0000 0.0278 0.0000 0.0000 0.0005 0.0000 0.0013 0.1534 0.0004 0.0008 0.0063 0.0000 0.2093 0.0000 0.0069 0.2134 0.2461 0.0004 0.0333 0.0000 	5
4:	0.1683 0.0538 0.0013 0.0461 0.0011 0.0173 0.0001 0.0008 0.0157 0.0020 0.1050 0.0053 0.0022 0.1435 0.0687 0.0282 0.0423 0.0040 0.1296 0.0477 0.0011 0.0721 0.0438 	15
5:	0.1417 0.0306 0.0061 0.0255 0.0085 0.0022 0.0014 0.0009 0.1716 0.0024 0.0515 0.0033 0.0035 0.0028 0.0870 0.0376 0.0640 0.0044 0.1200 0.1229 0.0023 0.0368 0.0731 	18
6:	0.0398 0.1544 0.0052 0.0936 0.0018 0.1664 0.0386 0.0350 0.0450 0.0005 0.0136 0.0002 0.0009 0.0028 0.1087 0.0573 0.0856 0.0002 0.0086 0.0064 0.0055 0.0658 0.0642 	24
7:	0.1201 0.0578 0.2238 0.0017 0.0018 0.0211 0.0001 0.0003 0.0579 0.0018 0.0438 0.0046 0.0108 0.0122 0.0043 0.0837 0.0016 0.1158 0.1667 0.0348 0.0000 0.0066 0.0289 	9
8:	0.0000 0.0000 0.0909 0.0000 0.1839 0.0000 0.0000 0.0003 0.0000 0.0004 0.1898 0.1820 0.0926 0.0005 0.0000 0.0304 0.0000 0.1200 0.0261 0.0795 0.0000 0.0036 0.0000 	11
9:	0.0000 0.0811 0.0000 0.0000 0.0000 0.0000 0.0000 0.0000 0.0000 0.0000 0.0000 0.0000 0.0000 0.0000 0.1544 0.0000 0.4139 0.0000 0.0000 0.0000 0.0000 0.2645 0.0861 	1
10:	0.3627 0.0000 0.0161 0.0002 0.0125 0.0086 0.0041 0.0026 0.0000 0.0052 0.1165 0.0073 0.0039 0.0108 0.0000 0.0590 0.0036 0.0184 0.1386 0.0852 0.0029 0.0141 0.1279 	17
11:	0.0000 0.1980 0.0869 0.1282 0.0000 0.0000 0.0000 0.0000 0.0744 0.0000 0.0000 0.0000 0.0000 0.0000 0.1769 0.0000 0.2191 0.0000 0.0000 0.0000 0.0000 0.1110 0.0055 	1
12:	0.0822 0.0000 0.0458 0.0000 0.0020 0.2092 0.0224 0.1941 0.0108 0.0055 0.0828 0.0023 0.0274 0.0168 0.0159 0.0176 0.0000 0.0009 0.0302 0.1092 0.0169 0.0130 0.0947 	8
13:	0.0000 0.0076 0.0000 0.1137 0.0000 0.0000 0.0000 0.0000 0.0000 0.0000 0.0000 0.0000 0.0000 0.0000 0.2555 0.0000 0.4899 0.0000 0.0000 0.0000 0.0000 0.1000 0.0333 	5
14:	0.1121 0.2057 0.0000 0.1061 0.0061 0.0000 0.0003 0.0037 0.0000 0.0039 0.0593 0.0039 0.0000 0.0154 0.0000 0.0000 0.1048 0.0091 0.0496 0.0611 0.0005 0.0833 0.1752 	2
15:	0.0000 0.0696 0.0000 0.1050 0.0000 0.5000 0.0000 0.0000 0.0000 0.0000 0.0000 0.0000 0.0000 0.0000 0.1320 0.0000 0.1286 0.0000 0.0000 0.0000 0.0000 0.0649 0.0000 	2
16:	0.3162 0.0000 0.0132 0.0000 0.0045 0.0037 0.0160 0.0000 0.0000 0.0000 0.0866 0.0224 0.0284 0.0000 0.0000 0.1373 0.0000 0.0205 0.1355 0.0279 0.0054 0.0000 0.1823 	2
17:	0.0000 0.0000 0.0296 0.0000 0.0000 0.4703 0.5000 0.0000 0.0000 0.0000 0.0000 0.0000 0.0000 0.0000 0.0000 0.0000 0.0000 0.0000 0.0000 0.0000 0.0000 0.0000 0.0000 	2
18:	0.1231 0.0000 0.0030 0.0000 0.0016 0.0000 0.0000 0.0001 0.0000 0.0118 0.2370 0.0015 0.0116 0.0209 0.0000 0.1469 0.0000 0.0187 0.2089 0.1441 0.0000 0.0275 0.0433 	3
19:	0.0955 0.0138 0.0679 0.0214 0.0344 0.0828 0.0000 0.0000 0.0000 0.0000 0.0421 0.0347 0.0000 0.0300 0.0000 0.4024 0.0000 0.0255 0.0194 0.1036 0.0000 0.0002 0.0263 	3
