1:	0.1111 0.2222 0.0000 0.0040 0.1430 0.0181 0.0000 0.0020 0.2222 0.1111 0.0550 0.1111 0.0000 0.0000 	9
2:	0.0000 0.0000 0.0000 0.0000 0.0000 0.3333 0.0000 0.0000 0.3333 0.0000 0.0000 0.3333 0.0000 0.0000 	3
3:	0.0000 0.0000 0.2500 0.2500 0.0000 0.0000 0.2500 0.0000 0.0000 0.0000 0.0000 0.2500 0.0000 0.0000 	4
4:	0.1724 0.0000 0.2898 0.2102 0.0000 0.1086 0.2190 0.0000 0.0000 0.0000 0.0000 0.0000 0.0000 0.0000 	2
5:	0.0145 0.0671 0.1176 0.0000 0.0588 0.0667 0.0500 0.0359 0.0719 0.0238 0.2191 0.0608 0.1497 0.0642 	17
6:	0.3159 0.0000 0.0833 0.0004 0.1667 0.1151 0.1025 0.0181 0.0138 0.0057 0.0889 0.0062 0.0000 0.0833 	12
7:	0.0000 0.0515 0.0000 0.0000 0.0000 0.0001 0.3333 0.0600 0.0000 0.0509 0.4603 0.0008 0.0339 0.0092 	3
8:	0.0000 0.0000 0.0979 0.0000 0.5680 0.1427 0.0000 0.0000 0.0000 0.0000 0.1915 0.0000 0.0000 0.0000 	2
9:	0.0000 0.0000 0.0000 0.0000 1.0000 0.0000 0.0000 0.0000 0.0000 0.0000 0.0000 0.0000 0.0000 0.0000 	1
10:	0.2500 0.0000 0.2500 0.0000 0.0000 0.0000 0.2500 0.0000 0.2500 0.0000 0.0000 0.0000 0.0000 0.0000 	4
11:	0.0169 0.1119 0.2293 0.0000 0.1079 0.1567 0.0510 0.0000 0.0000 0.0000 0.1833 0.1429 0.0000 0.0000 	14
12:	0.1320 0.2685 0.0252 0.0000 0.0816 0.0237 0.0000 0.0010 0.0000 0.0219 0.1182 0.0748 0.2494 0.0036 	9
13:	0.0199 0.0147 0.1033 0.0000 0.0253 0.0000 0.0099 0.3762 0.0000 0.2271 0.0843 0.0961 0.0431 0.0000 	14
14:	0.0000 0.0000 0.0000 0.0000 0.0000 0.0000 0.0000 0.0000 0.0000 0.5000 0.5000 0.0000 0.0000 0.0000 	2
15:	0.0698 0.0000 0.1111 0.3962 0.0000 0.1111 0.0493 0.0000 0.0000 0.0485 0.2140 0.0000 0.0000 0.0000 	9
