1.0000	0.4038	0.5273	0.3988	0.4479	0.4080	0.5101	0.4376	0.4901	0.4400	0.4449	0.4217	0.5207	0.4593	0.4839	0.4808	0.4732	0.4518	0.4253	0.3914	0.4822	0.4404	0.4165	0.3985	0.4998	0.4141	0.4336	0.4815	0.4753	0.5256	0.5040	0.5161	0.4213	0.4687	0.5503	0.4955	0.3987	0.4609	0.5061	0.5017	0.4650	0.4585	0.4572	0.4984	0.4711	0.4028	0.5137	0.4107	0.3859	0.4633
0.4038	1.0000	0.4184	0.4182	0.4385	0.3522	0.4123	0.4251	0.4015	0.4454	0.4289	0.3873	0.4733	0.3734	0.3695	0.3761	0.4032	0.3719	0.4429	0.4691	0.4267	0.4862	0.5138	0.4147	0.4048	0.4099	0.4439	0.3589	0.4927	0.4269	0.4534	0.4660	0.4540	0.4752	0.3981	0.4013	0.4783	0.4891	0.3927	0.3723	0.3208	0.3693	0.4549	0.3618	0.4191	0.4553	0.4442	0.4120	0.4442	0.3588
0.5273	0.4184	1.0000	0.4065	0.4370	0.4535	0.4606	0.4355	0.4476	0.4329	0.3818	0.4493	0.5163	0.5116	0.4264	0.5223	0.4731	0.4830	0.4362	0.4663	0.5133	0.5232	0.4516	0.4474	0.5576	0.5439	0.4459	0.4096	0.4579	0.5227	0.5889	0.5192	0.4353	0.4988	0.5482	0.4295	0.4158	0.5104	0.5450	0.4569	0.4395	0.4571	0.4578	0.5004	0.4362	0.4595	0.4909	0.4720	0.4424	0.4036
0.3988	0.4182	0.4065	1.0000	0.5029	0.5117	0.3624	0.3735	0.4206	0.4783	0.4163	0.4875	0.4367	0.4206	0.4553	0.4501	0.4699	0.4265	0.4822	0.4243	0.4901	0.4321	0.5349	0.4278	0.4686	0.4051	0.4169	0.4098	0.4323	0.4578	0.4928	0.5103	0.4223	0.4129	0.4214	0.4510	0.4651	0.4556	0.4336	0.4576	0.4225	0.4381	0.4003	0.3712	0.4631	0.4209	0.4456	0.4514	0.3818	0.3888
0.4479	0.4385	0.4370	0.5029	1.0000	0.5253	0.4133	0.4484	0.3937	0.5138	0.5225	0.4415	0.4574	0.4324	0.4621	0.4584	0.4459	0.4365	0.4604	0.4508	0.4953	0.4653	0.5065	0.4011	0.4916	0.4178	0.4361	0.3871	0.4760	0.4812	0.4939	0.5509	0.4642	0.4485	0.4505	0.5366	0.4608	0.5365	0.4636	0.4418	0.4214	0.4842	0.4256	0.3981	0.4650	0.4459	0.4881	0.4430	0.4567	0.3951
0.4080	0.3522	0.4535	0.5117	0.5253	1.0000	0.3653	0.3537	0.4075	0.4522	0.4307	0.4854	0.4288	0.4677	0.4871	0.5364	0.4267	0.3949	0.4301	0.4202	0.4745	0.4246	0.3958	0.4237	0.5103	0.4171	0.4425	0.3942	0.3820	0.5227	0.5470	0.5339	0.4422	0.4106	0.4413	0.4607	0.3868	0.5001	0.5042	0.4899	0.4341	0.4886	0.3991	0.3947	0.4492	0.4409	0.4326	0.4503	0.3608	0.3564
0.5101	0.4123	0.4606	0.3624	0.4133	0.3653	1.0000	0.4912	0.4235	0.4121	0.4409	0.3837	0.4774	0.4393	0.4209	0.4215	0.4154	0.4727	0.4193	0.4204	0.4476	0.4427	0.4150	0.3883	0.4379	0.4055	0.4177	0.3934	0.4911	0.4126	0.4091	0.4426	0.4300	0.5007	0.5232	0.4328	0.4326	0.4951	0.4760	0.4330	0.4457	0.4385	0.4567	0.5538	0.4200	0.4137	0.4679	0.3903	0.4131	0.4411
0.4376	0.4251	0.4355	0.3735	0.4484	0.3537	0.4912	1.0000	0.3999	0.4357	0.3798	0.3866	0.5351	0.4328	0.4104	0.4316	0.4156	0.4755	0.4612	0.4108	0.4550	0.4811	0.4301	0.3991	0.4467	0.4226	0.4227	0.3731	0.4600	0.3684	0.4313	0.4426	0.4178	0.4724	0.4621	0.4756	0.4232	0.4611	0.4775	0.4347	0.4436	0.4358	0.4684	0.4983	0.4155	0.3888	0.4465	0.4296	0.4245	0.4346
0.4901	0.4015	0.4476	0.4206	0.3937	0.4075	0.4235	0.3999	1.0000	0.4284	0.4375	0.3975	0.4531	0.4025	0.4444	0.4648	0.4335	0.4153	0.3969	0.4347	0.4438	0.4022	0.4201	0.3497	0.4714	0.3966	0.3380	0.4517	0.4248	0.4604	0.4272	0.4504	0.3613	0.4094	0.4691	0.4508	0.3843	0.3971	0.4465	0.4463	0.4240	0.4210	0.3752	0.4008	0.4322	0.4736	0.4525	0.3941	0.3861	0.3673
0.4400	0.4454	0.4329	0.4783	0.5138	0.4522	0.4121	0.4357	0.4284	1.0000	0.4638	0.4780	0.4948	0.4200	0.4057	0.4086	0.4515	0.4838	0.5074	0.4549	0.4374	0.4873	0.5222	0.3931	0.4401	0.4121	0.3732	0.3596	0.5187	0.4816	0.4430	0.4921	0.4700	0.4547	0.4788	0.4640	0.4776	0.4434	0.4089	0.4591	0.3572	0.4573	0.4338	0.4110	0.5642	0.4266	0.5178	0.5166	0.4413	0.3912
0.4449	0.4289	0.3818	0.4163	0.5225	0.4307	0.4409	0.3798	0.4375	0.4638	1.0000	0.3466	0.3816	0.3933	0.4010	0.3749	0.3819	0.3730	0.3841	0.4521	0.3904	0.3759	0.4186	0.3487	0.4192	0.3457	0.3578	0.3535	0.4391	0.4431	0.3822	0.4356	0.4139	0.3959	0.4425	0.4352	0.4069	0.4766	0.3986	0.3967	0.3556	0.4277	0.3660	0.3941	0.4399	0.4758	0.4240	0.3995	0.4399	0.3765
0.4217	0.3873	0.4493	0.4875	0.4415	0.4854	0.3837	0.3866	0.3975	0.4780	0.3466	1.0000	0.4644	0.4140	0.4255	0.4574	0.5032	0.5181	0.5126	0.4197	0.4574	0.4523	0.4637	0.4442	0.4406	0.5025	0.4374	0.4069	0.4533	0.4771	0.5008	0.5062	0.4330	0.4464	0.4703	0.4683	0.4679	0.4373	0.4524	0.5429	0.4205	0.4597	0.4629	0.4619	0.4633	0.3882	0.4963	0.4752	0.3802	0.4078
0.5207	0.4733	0.5163	0.4367	0.4574	0.4288	0.4774	0.5351	0.4531	0.4948	0.3816	0.4644	1.0000	0.4862	0.4750	0.4855	0.4797	0.4912	0.4733	0.4592	0.4990	0.4804	0.4631	0.4397	0.5338	0.4824	0.4523	0.4141	0.4719	0.5011	0.5086	0.5372	0.4623	0.4519	0.5352	0.5040	0.4510	0.4619	0.5259	0.4946	0.4587	0.4718	0.4659	0.4820	0.4857	0.4248	0.4920	0.4506	0.4644	0.4292
0.4593	0.3734	0.5116	0.4206	0.4324	0.4677	0.4393	0.4328	0.4025	0.4200	0.3933	0.4140	0.4862	1.0000	0.4811	0.4847	0.4476	0.4467	0.4420	0.3989	0.4693	0.4560	0.4397	0.5047	0.4989	0.4288	0.4610	0.3709	0.4512	0.4558	0.5017	0.5136	0.4228	0.4241	0.4833	0.4756	0.4269	0.4776	0.4824	0.4454	0.5064	0.4801	0.4242	0.4438	0.4034	0.4457	0.4714	0.4086	0.3847	0.3759
0.4839	0.3695	0.4264	0.4553	0.4621	0.4871	0.4209	0.4104	0.4444	0.4057	0.4010	0.4255	0.4750	0.4811	1.0000	0.4858	0.5132	0.3883	0.4328	0.3687	0.4736	0.4155	0.4298	0.4151	0.5003	0.3827	0.4393	0.4150	0.4819	0.4422	0.5342	0.5209	0.4554	0.4167	0.4233	0.5159	0.4027	0.4734	0.4824	0.5038	0.5032	0.4613	0.4420	0.4020	0.4565	0.4038	0.5094	0.3953	0.3899	0.3955
0.4808	0.3761	0.5223	0.4501	0.4584	0.5364	0.4215	0.4316	0.4648	0.4086	0.3749	0.4574	0.4855	0.4847	0.4858	1.0000	0.5027	0.4508	0.4308	0.4402	0.4822	0.4739	0.4387	0.4974	0.5893	0.5044	0.3917	0.4333	0.4181	0.5349	0.5842	0.5511	0.4414	0.4753	0.4924	0.4507	0.4127	0.5030	0.6165	0.5042	0.5223	0.4639	0.3982	0.4751	0.4504	0.5059	0.4818	0.4457	0.4002	0.3751
0.4732	0.4032	0.4731	0.4699	0.4459	0.4267	0.4154	0.4156	0.4335	0.4515	0.3819	0.5032	0.4797	0.4476	0.5132	0.5027	1.0000	0.4380	0.4095	0.3711	0.5124	0.4491	0.4512	0.4187	0.4927	0.4429	0.4219	0.4683	0.5118	0.4404	0.5028	0.5426	0.4701	0.4549	0.4388	0.5124	0.4575	0.4678	0.4744	0.4933	0.4632	0.4492	0.4439	0.4765	0.4556	0.4000	0.5456	0.4062	0.3892	0.4178
0.4518	0.3719	0.4830	0.4265	0.4365	0.3949	0.4727	0.4755	0.4153	0.4838	0.3730	0.5181	0.4912	0.4467	0.3883	0.4508	0.4380	1.0000	0.5407	0.4721	0.4592	0.5091	0.4820	0.4122	0.4571	0.4643	0.4075	0.3919	0.5200	0.4290	0.4670	0.4943	0.4230	0.5425	0.5004	0.4605	0.4759	0.4725	0.4557	0.4959	0.4257	0.4049	0.4596	0.4952	0.4822	0.4260	0.4943	0.5110	0.4551	0.4061
0.4253	0.4429	0.4362	0.4822	0.4604	0.4301	0.4193	0.4612	0.3969	0.5074	0.3841	0.5126	0.4733	0.4420	0.4328	0.4308	0.4095	0.5407	1.0000	0.4477	0.4126	0.4786	0.5616	0.4566	0.4358	0.4156	0.4013	0.4405	0.4838	0.4329	0.4913	0.4754	0.4774	0.4592	0.4501	0.4278	0.4374	0.4672	0.4725	0.4603	0.4044	0.4302	0.4424	0.4359	0.4861	0.4330	0.4966	0.5210	0.4256	0.4244
0.3914	0.4691	0.4663	0.4243	0.4508	0.4202	0.4204	0.4108	0.4347	0.4549	0.4521	0.4197	0.4592	0.3989	0.3687	0.4402	0.3711	0.4721	0.4477	1.0000	0.4308	0.5087	0.4797	0.3993	0.4721	0.4791	0.4102	0.3229	0.4165	0.4831	0.4242	0.4506	0.3600	0.4451	0.4305	0.4048	0.4092	0.4267	0.4647	0.3997	0.3491	0.3830	0.3870	0.3666	0.4736	0.5331	0.4308	0.5011	0.4705	0.3648
0.4822	0.4267	0.5133	0.4901	0.4953	0.4745	0.4476	0.4550	0.4438	0.4374	0.3904	0.4574	0.4990	0.4693	0.4736	0.4822	0.5124	0.4592	0.4126	0.4308	1.0000	0.4885	0.4722	0.4219	0.5292	0.4872	0.4797	0.4076	0.4775	0.4431	0.5145	0.6054	0.4345	0.4792	0.4382	0.5363	0.4332	0.4917	0.5000	0.4382	0.4616	0.4477	0.4778	0.4078	0.4113	0.4306	0.4867	0.4096	0.4240	0.3920
0.4404	0.4862	0.5232	0.4321	0.4653	0.4246	0.4427	0.4811	0.4022	0.4873	0.3759	0.4523	0.4804	0.4560	0.4155	0.4739	0.4491	0.5091	0.4786	0.5087	0.4885	1.0000	0.5252	0.4334	0.5129	0.5379	0.4854	0.3883	0.4916	0.4586	0.5275	0.5377	0.4495	0.5190	0.4754	0.4761	0.4880	0.5345	0.4881	0.4353	0.3873	0.4104	0.4874	0.4365	0.4748	0.4851	0.5069	0.4705	0.4294	0.3991
0.4165	0.5138	0.4516	0.5349	0.5065	0.3958	0.4150	0.4301	0.4201	0.5222	0.4186	0.4637	0.4631	0.4397	0.4298	0.4387	0.4512	0.4820	0.5616	0.4797	0.4722	0.5252	1.0000	0.4010	0.4635	0.4402	0.4078	0.3624	0.5459	0.4428	0.4864	0.4988	0.4852	0.4912	0.4397	0.4450	0.4936	0.5017	0.4259	0.4205	0.3738	0.3922	0.4395	0.3783	0.5068	0.5119	0.5353	0.4731	0.4464	0.3819
0.3985	0.4147	0.4474	0.4278	0.4011	0.4237	0.3883	0.3991	0.3497	0.3931	0.3487	0.4442	0.4397	0.5047	0.4151	0.4974	0.4187	0.4122	0.4566	0.3993	0.4219	0.4334	0.4010	1.0000	0.4633	0.4241	0.3867	0.4028	0.4061	0.4496	0.5007	0.4417	0.4457	0.4294	0.4475	0.4108	0.4111	0.4777	0.4956	0.4983	0.4999	0.4629	0.3864	0.4697	0.3774	0.4082	0.4151	0.4335	0.4162	0.3765
0.4998	0.4048	0.5576	0.4686	0.4916	0.5103	0.4379	0.4467	0.4714	0.4401	0.4192	0.4406	0.5338	0.4989	0.5003	0.5893	0.4927	0.4571	0.4358	0.4721	0.5292	0.5129	0.4635	0.4633	1.0000	0.5145	0.4370	0.4360	0.4480	0.5379	0.5886	0.5828	0.4708	0.4875	0.4974	0.4820	0.4312	0.5454	0.6569	0.5162	0.4841	0.4867	0.4310	0.4755	0.4507	0.5073	0.4795	0.4859	0.4106	0.3908
0.4141	0.4099	0.5439	0.4051	0.4178	0.4171	0.4055	0.4226	0.3966	0.4121	0.3457	0.5025	0.4824	0.4288	0.3827	0.5044	0.4429	0.4643	0.4156	0.4791	0.4872	0.5379	0.4402	0.4241	0.5145	1.0000	0.4523	0.3533	0.4212	0.4863	0.4771	0.5031	0.3892	0.4662	0.4570	0.4308	0.4241	0.4376	0.4867	0.4443	0.3946	0.4156	0.4503	0.4275	0.4400	0.4450	0.4258	0.4596	0.4199	0.3691
0.4336	0.4439	0.4459	0.4169	0.4361	0.4425	0.4177	0.4227	0.3380	0.3732	0.3578	0.4374	0.4523	0.4610	0.4393	0.3917	0.4219	0.4075	0.4013	0.4102	0.4797	0.4854	0.4078	0.3867	0.4370	0.4523	1.0000	0.3850	0.4314	0.4051	0.4779	0.4972	0.3947	0.4221	0.4131	0.4498	0.4810	0.4740	0.4459	0.4122	0.4150	0.3923	0.4883	0.3842	0.3694	0.3385	0.4197	0.4166	0.3663	0.3977
0.4815	0.3589	0.4096	0.4098	0.3871	0.3942	0.3934	0.3731	0.4517	0.3596	0.3535	0.4069	0.4141	0.3709	0.4150	0.4333	0.4683	0.3919	0.4405	0.3229	0.4076	0.3883	0.3624	0.4028	0.4360	0.3533	0.3850	1.0000	0.3668	0.4155	0.4549	0.4319	0.4336	0.3863	0.4123	0.4491	0.3621	0.4227	0.4560	0.4557	0.4408	0.4073	0.3664	0.4523	0.3634	0.3735	0.4038	0.3767	0.3221	0.3773
0.4753	0.4927	0.4579	0.4323	0.4760	0.3820	0.4911	0.4600	0.4248	0.5187	0.4391	0.4533	0.4719	0.4512	0.4819	0.4181	0.5118	0.5200	0.4838	0.4165	0.4775	0.4916	0.5459	0.4061	0.4480	0.4212	0.4314	0.3668	1.0000	0.4574	0.5007	0.5275	0.5010	0.5264	0.4815	0.4927	0.5390	0.5706	0.4176	0.4775	0.3817	0.4221	0.4914	0.4737	0.5074	0.4230	0.6049	0.4770	0.4806	0.3997
0.5256	0.4269	0.5227	0.4578	0.4812	0.5227	0.4126	0.3684	0.4604	0.4816	0.4431	0.4771	0.5011	0.4558	0.4422	0.5349	0.4404	0.4290	0.4329	0.4831	0.4431	0.4586	0.4428	0.4496	0.5379	0.4863	0.4051	0.4155	0.4574	1.0000	0.5346	0.5322	0.4055	0.4463	0.5031	0.4682	0.4409	0.4761	0.4820	0.4753	0.4672	0.4682	0.4226	0.4160	0.4942	0.4715	0.4715	0.4823	0.4152	0.4183
0.5040	0.4534	0.5889	0.4928	0.4939	0.5470	0.4091	0.4313	0.4272	0.4430	0.3822	0.5008	0.5086	0.5017	0.5342	0.5842	0.5028	0.4670	0.4913	0.4242	0.5145	0.5275	0.4864	0.5007	0.5886	0.4771	0.4779	0.4549	0.5007	0.5346	1.0000	0.6099	0.4985	0.5464	0.4775	0.4652	0.4554	0.5922	0.5685	0.5345	0.5189	0.5042	0.4638	0.4910	0.4412	0.4613	0.5188	0.4769	0.4062	0.3916
0.5161	0.4660	0.5192	0.5103	0.5509	0.5339	0.4426	0.4426	0.4504	0.4921	0.4356	0.5062	0.5372	0.5136	0.5209	0.5511	0.5426	0.4943	0.4754	0.4506	0.6054	0.5377	0.4988	0.4417	0.5828	0.5031	0.4972	0.4319	0.5275	0.5322	0.6099	1.0000	0.4642	0.5090	0.4726	0.5643	0.4731	0.5472	0.5432	0.5098	0.4645	0.4957	0.4897	0.4217	0.4834	0.4807	0.5353	0.4645	0.4204	0.3700
0.4213	0.4540	0.4353	0.4223	0.4642	0.4422	0.4300	0.4178	0.3613	0.4700	0.4139	0.4330	0.4623	0.4228	0.4554	0.4414	0.4701	0.4230	0.4774	0.3600	0.4345	0.4495	0.4852	0.4457	0.4708	0.3892	0.3947	0.4336	0.5010	0.4055	0.4985	0.4642	1.0000	0.4634	0.4232	0.4688	0.4311	0.5830	0.4840	0.4516	0.4108	0.4760	0.3956	0.4649	0.4543	0.4529	0.5003	0.4367	0.4368	0.3468
0.4687	0.4752	0.4988	0.4129	0.4485	0.4106	0.5007	0.4724	0.4094	0.4547	0.3959	0.4464	0.4519	0.4241	0.4167	0.4753	0.4549	0.5425	0.4592	0.4451	0.4792	0.5190	0.4912	0.4294	0.4875	0.4662	0.4221	0.3863	0.5264	0.4463	0.5464	0.5090	0.4634	1.0000	0.4978	0.4486	0.4892	0.5615	0.4893	0.4903	0.4688	0.4560	0.4921	0.5021	0.4737	0.4949	0.5015	0.4853	0.4124	0.4019
0.5503	0.3981	0.5482	0.4214	0.4505	0.4413	0.5232	0.4621	0.4691	0.4788	0.4425	0.4703	0.5352	0.4833	0.4233	0.4924	0.4388	0.5004	0.4501	0.4305	0.4382	0.4754	0.4397	0.4475	0.4974	0.4570	0.4131	0.4123	0.4815	0.5031	0.4775	0.4726	0.4232	0.4978	1.0000	0.4599	0.4679	0.4858	0.4830	0.5358	0.4589	0.4762	0.4430	0.5258	0.5557	0.4463	0.5301	0.4845	0.4192	0.4414
0.4955	0.4013	0.4295	0.4510	0.5366	0.4607	0.4328	0.4756	0.4508	0.4640	0.4352	0.4683	0.5040	0.4756	0.5159	0.4507	0.5124	0.4605	0.4278	0.4048	0.5363	0.4761	0.4450	0.4108	0.4820	0.4308	0.4498	0.4491	0.4927	0.4682	0.4652	0.5643	0.4688	0.4486	0.4599	1.0000	0.4554	0.4675	0.4641	0.4941	0.4377	0.4769	0.4443	0.4409	0.4620	0.4076	0.5510	0.4136	0.4035	0.4081
0.3987	0.4783	0.4158	0.4651	0.4608	0.3868	0.4326	0.4232	0.3843	0.4776	0.4069	0.4679	0.4510	0.4269	0.4027	0.4127	0.4575	0.4759	0.4374	0.4092	0.4332	0.4880	0.4936	0.4111	0.4312	0.4241	0.4810	0.3621	0.5390	0.4409	0.4554	0.4731	0.4311	0.4892	0.4679	0.4554	1.0000	0.4987	0.4058	0.4336	0.4137	0.3810	0.4897	0.4489	0.4311	0.3791	0.4675	0.4703	0.4242	0.4533
0.4609	0.4891	0.5104	0.4556	0.5365	0.5001	0.4951	0.4611	0.3971	0.4434	0.4766	0.4373	0.4619	0.4776	0.4734	0.5030	0.4678	0.4725	0.4672	0.4267	0.4917	0.5345	0.5017	0.4777	0.5454	0.4376	0.4740	0.4227	0.5706	0.4761	0.5922	0.5472	0.5830	0.5615	0.4858	0.4675	0.4987	1.0000	0.5454	0.4905	0.4533	0.4955	0.4553	0.5159	0.4417	0.4864	0.5056	0.5053	0.4609	0.3927
0.5061	0.3927	0.5450	0.4336	0.4636	0.5042	0.4760	0.4775	0.4465	0.4089	0.3986	0.4524	0.5259	0.4824	0.4824	0.6165	0.4744	0.4557	0.4725	0.4647	0.5000	0.4881	0.4259	0.4956	0.6569	0.4867	0.4459	0.4560	0.4176	0.4820	0.5685	0.5432	0.4840	0.4893	0.4830	0.4641	0.4058	0.5454	1.0000	0.5148	0.5105	0.5011	0.4405	0.5178	0.4180	0.4745	0.4672	0.4929	0.4200	0.4305
0.5017	0.3723	0.4569	0.4576	0.4418	0.4899	0.4330	0.4347	0.4463	0.4591	0.3967	0.5429	0.4946	0.4454	0.5038	0.5042	0.4933	0.4959	0.4603	0.3997	0.4382	0.4353	0.4205	0.4983	0.5162	0.4443	0.4122	0.4557	0.4775	0.4753	0.5345	0.5098	0.4516	0.4903	0.5358	0.4941	0.4336	0.4905	0.5148	1.0000	0.4989	0.4991	0.4497	0.5698	0.5263	0.4423	0.4940	0.5141	0.3958	0.4418
0.4650	0.3208	0.4395	0.4225	0.4214	0.4341	0.4457	0.4436	0.4240	0.3572	0.3556	0.4205	0.4587	0.5064	0.5032	0.5223	0.4632	0.4257	0.4044	0.3491	0.4616	0.3873	0.3738	0.4999	0.4841	0.3946	0.4150	0.4408	0.3817	0.4672	0.5189	0.4645	0.4108	0.4688	0.4589	0.4377	0.4137	0.4533	0.5105	0.4989	1.0000	0.4938	0.4042	0.5138	0.3789	0.3857	0.4172	0.3923	0.3609	0.4419
0.4585	0.3693	0.4571	0.4381	0.4842	0.4886	0.4385	0.4358	0.4210	0.4573	0.4277	0.4597	0.4718	0.4801	0.4613	0.4639	0.4492	0.4049	0.4302	0.3830	0.4477	0.4104	0.3922	0.4629	0.4867	0.4156	0.3923	0.4073	0.4221	0.4682	0.5042	0.4957	0.4760	0.4560	0.4762	0.4769	0.3810	0.4955	0.5011	0.4991	0.4938	1.0000	0.3940	0.4817	0.4133	0.4275	0.4824	0.4002	0.3945	0.3727
0.4572	0.4549	0.4578	0.4003	0.4256	0.3991	0.4567	0.4684	0.3752	0.4338	0.3660	0.4629	0.4659	0.4242	0.4420	0.3982	0.4439	0.4596	0.4424	0.3870	0.4778	0.4874	0.4395	0.3864	0.4310	0.4503	0.4883	0.3664	0.4914	0.4226	0.4638	0.4897	0.3956	0.4921	0.4430	0.4443	0.4897	0.4553	0.4405	0.4497	0.4042	0.3940	1.0000	0.4338	0.4259	0.3649	0.4672	0.4587	0.4730	0.4711
0.4984	0.3618	0.5004	0.3712	0.3981	0.3947	0.5538	0.4983	0.4008	0.4110	0.3941	0.4619	0.4820	0.4438	0.4020	0.4751	0.4765	0.4952	0.4359	0.3666	0.4078	0.4365	0.3783	0.4697	0.4755	0.4275	0.3842	0.4523	0.4737	0.4160	0.4910	0.4217	0.4649	0.5021	0.5258	0.4409	0.4489	0.5159	0.5178	0.5698	0.5138	0.4817	0.4338	1.0000	0.4214	0.4003	0.4718	0.4557	0.3771	0.4999
0.4711	0.4191	0.4362	0.4631	0.4650	0.4492	0.4200	0.4155	0.4322	0.5642	0.4399	0.4633	0.4857	0.4034	0.4565	0.4504	0.4556	0.4822	0.4861	0.4736	0.4113	0.4748	0.5068	0.3774	0.4507	0.4400	0.3694	0.3634	0.5074	0.4942	0.4412	0.4834	0.4543	0.4737	0.5557	0.4620	0.4311	0.4417	0.4180	0.5263	0.3789	0.4133	0.4259	0.4214	1.0000	0.4703	0.5593	0.5443	0.4011	0.3785
0.4028	0.4553	0.4595	0.4209	0.4459	0.4409	0.4137	0.3888	0.4736	0.4266	0.4758	0.3882	0.4248	0.4457	0.4038	0.5059	0.4000	0.4260	0.4330	0.5331	0.4306	0.4851	0.5119	0.4082	0.5073	0.4450	0.3385	0.3735	0.4230	0.4715	0.4613	0.4807	0.4529	0.4949	0.4463	0.4076	0.3791	0.4864	0.4745	0.4423	0.3857	0.4275	0.3649	0.4003	0.4703	1.0000	0.4549	0.4357	0.4062	0.3164
0.5137	0.4442	0.4909	0.4456	0.4881	0.4326	0.4679	0.4465	0.4525	0.5178	0.4240	0.4963	0.4920	0.4714	0.5094	0.4818	0.5456	0.4943	0.4966	0.4308	0.4867	0.5069	0.5353	0.4151	0.4795	0.4258	0.4197	0.4038	0.6049	0.4715	0.5188	0.5353	0.5003	0.5015	0.5301	0.5510	0.4675	0.5056	0.4672	0.4940	0.4172	0.4824	0.4672	0.4718	0.5593	0.4549	1.0000	0.4742	0.4400	0.4126
0.4107	0.4120	0.4720	0.4514	0.4430	0.4503	0.3903	0.4296	0.3941	0.5166	0.3995	0.4752	0.4506	0.4086	0.3953	0.4457	0.4062	0.5110	0.5210	0.5011	0.4096	0.4705	0.4731	0.4335	0.4859	0.4596	0.4166	0.3767	0.4770	0.4823	0.4769	0.4645	0.4367	0.4853	0.4845	0.4136	0.4703	0.5053	0.4929	0.5141	0.3923	0.4002	0.4587	0.4557	0.5443	0.4357	0.4742	1.0000	0.4743	0.4360
0.3859	0.4442	0.4424	0.3818	0.4567	0.3608	0.4131	0.4245	0.3861	0.4413	0.4399	0.3802	0.4644	0.3847	0.3899	0.4002	0.3892	0.4551	0.4256	0.4705	0.4240	0.4294	0.4464	0.4162	0.4106	0.4199	0.3663	0.3221	0.4806	0.4152	0.4062	0.4204	0.4368	0.4124	0.4192	0.4035	0.4242	0.4609	0.4200	0.3958	0.3609	0.3945	0.4730	0.3771	0.4011	0.4062	0.4400	0.4743	1.0000	0.3794
0.4633	0.3588	0.4036	0.3888	0.3951	0.3564	0.4411	0.4346	0.3673	0.3912	0.3765	0.4078	0.4292	0.3759	0.3955	0.3751	0.4178	0.4061	0.4244	0.3648	0.3920	0.3991	0.3819	0.3765	0.3908	0.3691	0.3977	0.3773	0.3997	0.4183	0.3916	0.3700	0.3468	0.4019	0.4414	0.4081	0.4533	0.3927	0.4305	0.4418	0.4419	0.3727	0.4711	0.4999	0.3785	0.3164	0.4126	0.4360	0.3794	1.0000
