1:	0.0312 0.0001 0.1051 0.0005 0.0039 0.0110 0.1430 0.1336 0.0004 0.0456 0.1604 0.0025 0.0511 0.0024 0.0003 0.0144 0.0000 0.0053 0.0901 0.1023 0.0694 0.0274 	23
2:	0.1377 0.0040 0.0031 0.0567 0.0047 0.0002 0.0842 0.1847 0.0121 0.0915 0.0663 0.0040 0.0037 0.0027 0.0000 0.0599 0.0040 0.0139 0.1068 0.1167 0.0133 0.0297 	13
3:	0.1636 0.0000 0.0000 0.0000 0.0250 0.0000 0.0000 0.0015 0.0000 0.0029 0.1412 0.0034 0.0045 0.0080 0.0000 0.1759 0.0000 0.0488 0.2616 0.1252 0.0008 0.0376 	5
4:	0.2083 0.1246 0.0014 0.0057 0.0017 0.0206 0.0010 0.0012 0.0250 0.0017 0.1389 0.0049 0.0024 0.1433 0.0854 0.0212 0.0339 0.0037 0.0845 0.0595 0.0057 0.0255 	15
5:	0.1423 0.0736 0.0066 0.0640 0.0074 0.0048 0.0018 0.0003 0.0978 0.0025 0.0980 0.0036 0.0038 0.0026 0.0550 0.0400 0.1223 0.0308 0.0902 0.1042 0.0060 0.0423 	18
6:	0.0352 0.1797 0.0050 0.0920 0.0015 0.1512 0.0392 0.0382 0.0720 0.0005 0.0183 0.0002 0.0011 0.0023 0.0742 0.0483 0.1265 0.0098 0.0203 0.0169 0.0263 0.0416 	24
7:	0.1362 0.0150 0.2241 0.0118 0.0026 0.0197 0.0020 0.0003 0.0399 0.0024 0.0546 0.0067 0.0117 0.0124 0.0055 0.0707 0.0384 0.1257 0.0852 0.0856 0.0017 0.0477 	9
8:	0.0220 0.0000 0.0909 0.0000 0.1838 0.0000 0.0000 0.0013 0.0000 0.0002 0.1759 0.1823 0.0953 0.0015 0.0000 0.0029 0.0000 0.1134 0.0835 0.0320 0.0000 0.0147 	11
9:	0.0000 0.1734 0.0000 0.0796 0.0000 0.0000 0.0000 0.0000 0.1778 0.0000 0.0000 0.0000 0.0000 0.0000 0.1947 0.0000 0.2166 0.0000 0.0000 0.0000 0.0000 0.1579 	1
10:	0.3562 0.0004 0.0182 0.0001 0.0140 0.0119 0.0046 0.0008 0.0007 0.0060 0.1312 0.0092 0.0043 0.0112 0.0003 0.0615 0.0021 0.0259 0.1470 0.1487 0.0030 0.0426 	17
11:	0.0000 0.2707 0.0811 0.0414 0.0000 0.0000 0.0000 0.0000 0.1062 0.0000 0.0000 0.0000 0.0000 0.0000 0.0798 0.0000 0.3258 0.0000 0.0000 0.0000 0.0123 0.0828 	1
12:	0.1118 0.0000 0.0416 0.0093 0.0021 0.2550 0.0218 0.1807 0.0053 0.0058 0.0838 0.0026 0.0303 0.0203 0.0025 0.0412 0.0047 0.0085 0.0616 0.0704 0.0021 0.0385 	8
13:	0.0000 0.0474 0.0000 0.0461 0.0000 0.0000 0.0000 0.0000 0.0836 0.0000 0.0000 0.0000 0.0000 0.0000 0.3707 0.0000 0.3923 0.0000 0.0000 0.0000 0.0105 0.0493 	5
14:	0.1530 0.2819 0.0000 0.0251 0.0038 0.0000 0.0006 0.0006 0.0193 0.0018 0.0507 0.0035 0.0000 0.0145 0.0065 0.0263 0.1640 0.0000 0.0707 0.1742 0.0032 0.0003 	2
15:	0.0000 0.1164 0.0000 0.0857 0.0000 0.5000 0.0000 0.0000 0.0754 0.0000 0.0000 0.0000 0.0000 0.0000 0.0811 0.0000 0.1084 0.0000 0.0000 0.0000 0.0039 0.0291 	2
16:	0.3876 0.0000 0.0156 0.0000 0.0071 0.0111 0.0178 0.0005 0.0000 0.0000 0.1356 0.0287 0.0325 0.0000 0.0000 0.0789 0.0000 0.0146 0.1450 0.0858 0.0075 0.0318 	2
17:	0.0000 0.0000 0.0289 0.0000 0.0000 0.4662 0.4474 0.0000 0.0000 0.0000 0.0000 0.0000 0.0014 0.0000 0.0000 0.0000 0.0000 0.0000 0.0000 0.0000 0.0000 0.0563 	2
18:	0.1890 0.0000 0.0020 0.0000 0.0024 0.0000 0.0005 0.0000 0.0000 0.0106 0.2566 0.0017 0.0163 0.0184 0.0000 0.0407 0.0000 0.0297 0.2629 0.1359 0.0001 0.0331 	3
19:	0.1126 0.0095 0.0676 0.0240 0.0255 0.0861 0.0000 0.0000 0.0023 0.0000 0.0221 0.0368 0.0000 0.0301 0.0000 0.3553 0.0024 0.1016 0.0544 0.0561 0.0069 0.0066 	3
