1:	0.3577 0.0138 0.0131 0.3000 0.0121 0.3033 	13
2:	0.4087 0.0048 0.0712 0.1770 0.0680 0.2703 	14
3:	0.1607 0.2696 0.1961 0.1214 0.1259 0.1264 	18
4:	0.2044 0.1819 0.0725 0.4217 0.0148 0.1047 	11
5:	0.2663 0.3398 0.0082 0.1193 0.1591 0.1071 	6
6:	0.0457 0.7986 0.0662 0.0268 0.0133 0.0494 	17
7:	0.8156 0.0000 0.0000 0.1616 0.0000 0.0227 	1
8:	0.4870 0.0000 0.0461 0.3257 0.0000 0.1412 	1
9:	0.0000 0.0000 1.0000 0.0000 0.0000 0.0000 	1
10:	0.3935 0.0000 0.1324 0.3097 0.0014 0.1630 	1
11:	0.5202 0.0000 0.2226 0.2055 0.0000 0.0516 	2
12:	0.2855 0.1089 0.1035 0.2657 0.0119 0.2245 	8
13:	0.5295 0.0000 0.0000 0.3413 0.0000 0.1292 	1
