1:	0.0000 1.0000 0.0000 0.0000 0.0000 0.0000 0.0000 	1
2:	0.5000 0.0000 0.0023 0.0000 0.0000 0.4977 0.0000 	2
3:	0.7408 0.0000 0.0505 0.1457 0.0225 0.0363 0.0041 	6
4:	0.8549 0.0000 0.0000 0.0000 0.0000 0.0135 0.1317 	4
5:	0.3275 0.0000 0.1333 0.2607 0.0000 0.0726 0.2058 	15
6:	0.2165 0.4858 0.1250 0.0000 0.1250 0.0209 0.0269 	8
7:	0.2981 0.1000 0.1500 0.0500 0.1500 0.1000 0.1519 	20
8:	0.3898 0.1905 0.2381 0.0476 0.0952 0.0000 0.0388 	21
9:	0.3282 0.0799 0.3571 0.0116 0.1429 0.0571 0.0232 	14
10:	0.1275 0.0000 0.3528 0.0000 0.0000 0.5114 0.0083 	1
11:	0.0794 0.0809 0.0000 0.4542 0.0000 0.3848 0.0007 	3
12:	0.0000 0.2000 0.0000 0.8000 0.0000 0.0000 0.0000 	5
13:	0.0000 0.5000 0.0000 0.5000 0.0000 0.0000 0.0000 	2
14:	0.0000 0.5513 0.1829 0.0054 0.2246 0.0357 0.0000 	5
15:	0.1429 0.5579 0.1028 0.0424 0.0000 0.1541 0.0000 	7
