1:	0.2251 0.0004 0.1059 0.0064 0.0116 0.0136 0.2097 0.1480 0.0006 0.0477 0.1009 0.0523 0.0578 0.0201 	23
2:	0.2885 0.0144 0.0045 0.0172 0.0138 0.0029 0.1569 0.1386 0.0476 0.0888 0.1647 0.0372 0.0063 0.0186 	13
3:	0.4545 0.0000 0.0000 0.0149 0.0622 0.0001 0.0066 0.0081 0.0000 0.0112 0.3207 0.0622 0.0146 0.0449 	5
4:	0.3205 0.1371 0.0033 0.0648 0.0035 0.0221 0.0026 0.0040 0.0873 0.0055 0.1517 0.0410 0.0062 0.1506 	15
5:	0.3331 0.1842 0.0072 0.0922 0.0111 0.0149 0.0037 0.0112 0.1429 0.0066 0.1243 0.0457 0.0101 0.0128 	18
6:	0.0668 0.2136 0.0095 0.1163 0.0056 0.1671 0.0548 0.0293 0.2474 0.0013 0.0669 0.0111 0.0023 0.0078 	24
7:	0.2566 0.0613 0.2254 0.0510 0.0115 0.0181 0.0054 0.0116 0.0357 0.0070 0.1957 0.0393 0.0161 0.0652 	9
8:	0.2054 0.0003 0.0909 0.0412 0.1834 0.0028 0.0006 0.0109 0.0000 0.0312 0.1138 0.1683 0.1140 0.0371 	11
9:	0.0000 0.2540 0.0000 0.2460 0.0000 0.0204 0.0000 0.0131 0.4665 0.0000 0.0000 0.0000 0.0000 0.0000 	1
10:	0.5607 0.0030 0.0222 0.0095 0.0224 0.0142 0.0093 0.0034 0.0007 0.0129 0.2387 0.0514 0.0090 0.0424 	17
11:	0.0000 0.5475 0.0884 0.1984 0.0000 0.0015 0.0000 0.0000 0.1551 0.0000 0.0000 0.0091 0.0000 0.0000 	1
12:	0.2132 0.0058 0.0554 0.0126 0.0052 0.2497 0.1084 0.1079 0.0125 0.0070 0.1071 0.0399 0.0372 0.0380 	8
13:	0.0000 0.6001 0.0000 0.1791 0.0000 0.0041 0.0000 0.0140 0.1802 0.0000 0.0000 0.0226 0.0000 0.0000 	5
14:	0.2736 0.2756 0.0000 0.0731 0.0086 0.0000 0.0065 0.0050 0.1432 0.0106 0.1247 0.0457 0.0005 0.0330 	2
15:	0.0042 0.2042 0.0078 0.0818 0.0002 0.4647 0.0001 0.0126 0.2037 0.0000 0.0032 0.0173 0.0000 0.0000 	2
16:	0.5815 0.0000 0.0219 0.0096 0.0151 0.0140 0.0217 0.0042 0.0000 0.0056 0.2063 0.0704 0.0412 0.0085 	2
17:	0.0019 0.0014 0.0548 0.0000 0.0003 0.4185 0.5012 0.0015 0.0018 0.0000 0.0001 0.0138 0.0047 0.0000 	2
18:	0.5629 0.0000 0.0051 0.0119 0.0076 0.0000 0.0001 0.0031 0.0000 0.0191 0.2449 0.0664 0.0251 0.0537 	3
19:	0.1932 0.0062 0.0731 0.0337 0.0852 0.0889 0.0006 0.0066 0.0244 0.0089 0.3556 0.0657 0.0043 0.0534 	3
