
Using the parameter settings in the file: 
''1763240293/clumpp.paramfile''

Parameter settings
----------------------- Main parameters -------------------------
DATATYPE = 0
INDFILE = 1763240293/ClumppIndFile
POPFILE = 
OUTFILE = 1763240293/ClumppIndFile.output
MISCFILE = 1763240293/ClumppIndFile.misc
K = 14
C = 164
R = 49
M = 3
W = 0
S = 2
- Additional options for the Greedy and LargeKGreedy algorithms -
GREEDY_OPTION = 2
REPEATS = 2000
PERMUTATIONFILE = 
----------------------- Optional outputs ------------------------
PRINT_PERMUTED_DATA = 0
PERMUTED_DATAFILE = 
PRINT_EVERY_PERM = 0
EVERY_PERMFILE = 
PRINT_RANDOM_INPUTORDER = 0
RANDOM_INPUTORDERFILE = 
----------------------- Advanced options ------------------------
OVERRIDE_WARNINGS = 0
ORDER_BY_RUN = 1


In total, 2000 configurations of runs and clusters will be tested.

Results
------------------------------
The highest value of H' is: 0.53150010608796

The list of permutations of the clusters that produces that
H' value is (runs are listed sequentially on separate rows)

1 2 3 4 5 6 7 8 9 10 11 12 13 14 
13 9 14 11 10 5 3 1 4 12 2 7 8 6 
1 8 6 2 14 11 5 7 13 3 10 9 12 4 
14 3 2 11 12 5 6 10 4 7 9 13 8 1 
10 14 11 13 8 7 12 9 4 1 2 6 5 3 
4 5 14 7 13 12 2 9 10 11 6 8 3 1 
2 4 8 3 9 12 10 5 6 13 1 7 14 11 
8 6 2 13 5 14 12 1 3 11 4 9 10 7 
2 12 4 13 9 14 5 8 7 10 11 6 3 1 
1 12 11 2 14 8 6 3 13 5 10 7 4 9 
10 11 2 7 6 9 3 1 8 5 13 4 14 12 
8 10 14 11 6 9 3 5 12 1 13 7 2 4 
8 2 14 13 11 6 9 3 5 7 10 4 12 1 
5 2 12 9 1 3 13 6 7 14 11 10 4 8 
13 14 3 1 4 5 7 2 12 6 8 11 9 10 
2 6 5 12 11 14 4 3 13 9 8 7 1 10 
2 6 3 9 8 1 14 10 5 13 11 4 12 7 
7 8 13 2 11 6 3 10 14 4 5 12 1 9 
5 2 12 8 11 1 13 9 6 14 4 10 7 3 
7 1 10 2 13 8 11 5 9 14 6 3 12 4 
7 12 13 4 11 8 14 5 10 6 1 9 2 3 
13 12 3 5 9 4 2 6 14 7 1 11 8 10 
5 6 7 13 8 2 14 1 10 9 4 11 12 3 
10 2 12 14 3 11 4 13 1 8 9 7 5 6 
2 6 8 5 4 9 14 1 12 7 11 13 3 10 
12 10 8 5 4 7 2 14 9 13 1 6 11 3 
4 1 10 9 3 13 2 5 14 6 12 11 7 8 
3 6 7 8 4 14 11 13 9 10 1 12 2 5 
12 5 14 8 10 3 9 1 2 11 6 13 4 7 
3 5 2 13 11 10 4 7 8 6 9 12 14 1 
3 9 4 1 2 7 14 5 12 13 6 8 11 10 
13 10 1 11 3 8 12 7 5 6 14 4 2 9 
4 1 7 11 9 12 13 8 10 6 5 2 3 14 
14 8 2 13 5 1 12 11 10 6 3 4 9 7 
2 11 3 9 13 8 4 7 1 12 6 5 14 10 
5 14 13 4 9 7 2 3 1 12 10 11 8 6 
14 9 4 1 10 12 7 11 8 6 13 3 2 5 
6 5 13 7 12 10 4 1 3 14 8 11 2 9 
8 12 4 14 9 5 2 6 3 1 7 10 13 11 
12 6 11 13 14 7 3 1 2 10 4 8 9 5 
6 1 3 12 9 10 7 11 14 8 13 5 4 2 
11 13 1 12 2 9 6 14 3 4 5 10 8 7 
1 12 7 10 11 4 5 3 2 8 13 9 14 6 
11 6 8 1 14 7 3 2 12 4 13 10 9 5 
2 1 12 11 10 13 9 7 5 6 3 8 14 4 
6 7 10 3 8 5 1 9 14 2 13 4 11 12 
9 4 1 8 14 13 2 7 11 6 12 3 5 10 
8 13 7 9 14 12 11 10 3 6 2 1 4 5 
11 4 1 2 6 3 10 12 8 13 9 7 14 5 

The pairwise G' values for each pair of runs where the clusters
of each run are permuted according to the list of permutations above

1.0000 0.5713 0.5325 0.5008 0.6147 0.5533 0.6302 0.5771 0.4793 0.5672 0.6822 0.6193 0.4866 0.5270 0.6029 0.4704 0.6146 0.4975 0.4906 0.5645 0.4889 0.5105 0.6050 0.6486 0.5434 0.5376 0.5853 0.5484 0.4692 0.5227 0.5830 0.5775 0.5753 0.6294 0.5704 0.5645 0.5186 0.5701 0.4964 0.5637 0.5181 0.4818 0.5292 0.5711 0.5582 0.5637 0.5523 0.4969 0.4500 
0.5713 1.0000 0.5633 0.5149 0.5641 0.6726 0.5512 0.5509 0.5421 0.6162 0.6127 0.5519 0.5116 0.5295 0.5960 0.5355 0.5779 0.5396 0.5136 0.5366 0.5623 0.5460 0.6108 0.5835 0.5104 0.5708 0.4920 0.5193 0.4532 0.4947 0.4935 0.6979 0.6502 0.5444 0.6426 0.4943 0.5629 0.5652 0.6036 0.6395 0.4870 0.5204 0.7991 0.5387 0.5324 0.6235 0.5396 0.5574 0.4636 
0.5325 0.5633 1.0000 0.5076 0.5182 0.5861 0.5699 0.5316 0.4714 0.6308 0.5518 0.5387 0.4677 0.5354 0.5463 0.4846 0.5881 0.4755 0.5016 0.5707 0.5101 0.5172 0.6233 0.5087 0.4839 0.5511 0.4976 0.4936 0.4598 0.4900 0.4997 0.4966 0.5743 0.5162 0.5401 0.4872 0.4826 0.5275 0.5010 0.5856 0.4858 0.5332 0.5767 0.5793 0.4857 0.5260 0.4993 0.4436 0.4507 
0.5008 0.5149 0.5076 1.0000 0.4792 0.5028 0.5215 0.4396 0.5038 0.4819 0.5204 0.4966 0.4963 0.4792 0.4667 0.4041 0.4808 0.5553 0.4108 0.4877 0.5959 0.5232 0.5052 0.4899 0.4413 0.4368 0.4654 0.4306 0.4276 0.4651 0.4727 0.4987 0.5342 0.5199 0.4810 0.4283 0.4631 0.4247 0.4259 0.4597 0.4919 0.4210 0.4626 0.4371 0.5064 0.5165 0.4891 0.5092 0.4362 
0.6147 0.5641 0.5182 0.4792 1.0000 0.5436 0.5894 0.5588 0.5075 0.5716 0.5418 0.5742 0.4866 0.4984 0.5150 0.4728 0.6358 0.5083 0.5387 0.5093 0.4724 0.4852 0.5907 0.6180 0.5323 0.5151 0.5277 0.6097 0.4496 0.5301 0.5928 0.5054 0.5843 0.5638 0.6750 0.5867 0.5340 0.5538 0.5339 0.5130 0.5119 0.4820 0.5143 0.4997 0.5879 0.5161 0.4955 0.5309 0.5181 
0.5533 0.6726 0.5861 0.5028 0.5436 1.0000 0.6621 0.5721 0.6100 0.6468 0.5631 0.5173 0.5454 0.5381 0.5979 0.5491 0.6231 0.5642 0.5404 0.6174 0.6058 0.6205 0.6920 0.5790 0.5615 0.5579 0.5601 0.6010 0.5172 0.5543 0.5098 0.6325 0.5647 0.5293 0.5826 0.5295 0.6620 0.5984 0.6672 0.6059 0.5513 0.5771 0.6830 0.6105 0.5645 0.5405 0.5313 0.5425 0.5491 
0.6302 0.5512 0.5699 0.5215 0.5894 0.6621 1.0000 0.5554 0.5330 0.6252 0.5719 0.5763 0.5266 0.5459 0.6461 0.5072 0.7136 0.5825 0.5348 0.6435 0.5684 0.5597 0.6823 0.5987 0.5436 0.5742 0.6186 0.5966 0.5144 0.6017 0.5681 0.5514 0.5503 0.5686 0.5759 0.5607 0.5734 0.6197 0.5694 0.5682 0.5379 0.5195 0.5618 0.5811 0.5630 0.5105 0.5574 0.5100 0.5512 
0.5771 0.5509 0.5316 0.4396 0.5588 0.5721 0.5554 1.0000 0.5217 0.5786 0.5761 0.5463 0.5216 0.5316 0.5704 0.5282 0.6238 0.4479 0.5533 0.5412 0.5205 0.5192 0.6357 0.6125 0.6110 0.5785 0.5366 0.5927 0.5157 0.5248 0.5413 0.5255 0.5471 0.5617 0.5699 0.6341 0.5579 0.5312 0.5256 0.6179 0.4806 0.5582 0.5534 0.5746 0.4610 0.5371 0.5381 0.4794 0.4729 
0.4793 0.5421 0.4714 0.5038 0.5075 0.6100 0.5330 0.5217 1.0000 0.5177 0.4762 0.4696 0.6425 0.4523 0.4879 0.4724 0.5272 0.5787 0.5111 0.5696 0.6545 0.6274 0.5749 0.4922 0.4996 0.5214 0.5298 0.5562 0.4573 0.5119 0.4558 0.4955 0.4584 0.4702 0.5175 0.4833 0.6011 0.5414 0.5489 0.4620 0.4782 0.5180 0.5459 0.5005 0.4959 0.4321 0.5012 0.5310 0.6561 
0.5672 0.6162 0.6308 0.4819 0.5716 0.6468 0.6252 0.5786 0.5177 1.0000 0.5786 0.5681 0.4932 0.5751 0.5786 0.5299 0.6313 0.4903 0.5563 0.5861 0.5428 0.5530 0.6780 0.5413 0.5581 0.5790 0.5908 0.5460 0.4910 0.5263 0.5812 0.5884 0.6407 0.5311 0.5490 0.5806 0.5354 0.5703 0.5527 0.6321 0.5030 0.5539 0.6301 0.5635 0.5249 0.5252 0.5151 0.4829 0.5015 
0.6822 0.6127 0.5518 0.5204 0.5418 0.5631 0.5719 0.5761 0.4762 0.5786 1.0000 0.5506 0.4750 0.5252 0.6134 0.4898 0.5570 0.5166 0.4813 0.5578 0.5167 0.5218 0.5755 0.5591 0.5071 0.5399 0.5647 0.5175 0.5448 0.4740 0.5351 0.6086 0.6217 0.6152 0.5386 0.5435 0.5322 0.5210 0.4958 0.5809 0.5547 0.5450 0.5640 0.5632 0.4986 0.6168 0.6332 0.5078 0.4344 
0.6193 0.5519 0.5387 0.4966 0.5742 0.5173 0.5763 0.5463 0.4696 0.5681 0.5506 1.0000 0.5228 0.4903 0.5373 0.4290 0.5826 0.4856 0.5127 0.5266 0.4997 0.4744 0.6024 0.5967 0.5093 0.5222 0.5215 0.5063 0.4699 0.5279 0.5789 0.5066 0.5648 0.5629 0.5769 0.5088 0.4925 0.4935 0.4785 0.5487 0.5376 0.4987 0.5003 0.5198 0.5837 0.5337 0.5179 0.5030 0.4427 
0.4866 0.5116 0.4677 0.4963 0.4866 0.5454 0.5266 0.5216 0.6425 0.4932 0.4750 0.5228 1.0000 0.4704 0.4898 0.4740 0.5777 0.5371 0.4792 0.5479 0.6121 0.5806 0.5460 0.5468 0.5100 0.4996 0.4954 0.5137 0.4920 0.5386 0.4573 0.4711 0.4638 0.4688 0.5111 0.5045 0.5378 0.4644 0.4921 0.5254 0.4621 0.4764 0.5147 0.4803 0.4786 0.4614 0.4528 0.4895 0.5517 
0.5270 0.5295 0.5354 0.4792 0.4984 0.5381 0.5459 0.5316 0.4523 0.5751 0.5252 0.4903 0.4704 1.0000 0.5156 0.4720 0.5893 0.4296 0.4529 0.5061 0.5112 0.4782 0.5670 0.5413 0.5496 0.5089 0.5710 0.5358 0.4481 0.5231 0.4745 0.4897 0.5064 0.5315 0.4907 0.5872 0.4882 0.4885 0.4633 0.5628 0.4328 0.4808 0.5500 0.4865 0.4577 0.5406 0.4554 0.4620 0.4345 
0.6029 0.5960 0.5463 0.4667 0.5150 0.5979 0.6461 0.5704 0.4879 0.5786 0.6134 0.5373 0.4898 0.5156 1.0000 0.5012 0.6244 0.5001 0.5022 0.5756 0.5237 0.5692 0.6012 0.5373 0.5317 0.5520 0.5938 0.5147 0.5157 0.5061 0.5260 0.5783 0.5402 0.5391 0.5380 0.5459 0.5297 0.5327 0.5414 0.6061 0.4628 0.5144 0.6175 0.5545 0.4530 0.5152 0.5079 0.4513 0.4493 
0.4704 0.5355 0.4846 0.4041 0.4728 0.5491 0.5072 0.5282 0.4724 0.5299 0.4898 0.4290 0.4740 0.4720 0.5012 1.0000 0.5403 0.4320 0.5965 0.5176 0.5070 0.5141 0.5616 0.4917 0.5145 0.4889 0.5044 0.4967 0.5675 0.5049 0.4523 0.4909 0.4639 0.4681 0.5380 0.5352 0.5563 0.4970 0.5456 0.5524 0.4732 0.5293 0.5564 0.5480 0.4324 0.4798 0.5238 0.4636 0.4653 
0.6146 0.5779 0.5881 0.4808 0.6358 0.6231 0.7136 0.6238 0.5272 0.6313 0.5570 0.5826 0.5777 0.5893 0.6244 0.5403 1.0000 0.5113 0.5520 0.5785 0.5487 0.5598 0.6996 0.7036 0.5676 0.5778 0.6079 0.6247 0.5148 0.6140 0.5740 0.5406 0.5780 0.5942 0.6240 0.6448 0.5551 0.5989 0.5524 0.6218 0.4899 0.5365 0.5927 0.5675 0.5222 0.5365 0.5121 0.4956 0.5303 
0.4975 0.5396 0.4755 0.5553 0.5083 0.5642 0.5825 0.4479 0.5787 0.4903 0.5166 0.4856 0.5371 0.4296 0.5001 0.4320 0.5113 1.0000 0.4596 0.5629 0.5869 0.5604 0.5446 0.4908 0.4304 0.4892 0.4957 0.4710 0.4490 0.4849 0.4267 0.5091 0.5211 0.5101 0.5372 0.4174 0.5034 0.4848 0.4666 0.4550 0.5257 0.4778 0.4949 0.4645 0.5516 0.4947 0.5328 0.5405 0.5257 
0.4906 0.5136 0.5016 0.4108 0.5387 0.5404 0.5348 0.5533 0.5111 0.5563 0.4813 0.5127 0.4792 0.4529 0.5022 0.5965 0.5520 0.4596 1.0000 0.5172 0.4968 0.5007 0.6128 0.5153 0.5053 0.5117 0.5247 0.5416 0.5376 0.4758 0.5198 0.4734 0.4815 0.5024 0.5535 0.5505 0.5967 0.5484 0.5537 0.5176 0.5003 0.6198 0.5226 0.5248 0.4871 0.4535 0.5333 0.4948 0.5061 
0.5645 0.5366 0.5707 0.4877 0.5093 0.6174 0.6435 0.5412 0.5696 0.5861 0.5578 0.5266 0.5479 0.5061 0.5756 0.5176 0.5785 0.5629 0.5172 1.0000 0.5664 0.5648 0.6186 0.5002 0.5217 0.6384 0.6031 0.5319 0.5234 0.5574 0.5062 0.5235 0.5473 0.5318 0.5280 0.4978 0.5409 0.5864 0.5035 0.5378 0.5344 0.5469 0.5477 0.5721 0.5495 0.4978 0.5742 0.5508 0.5561 
0.4889 0.5623 0.5101 0.5959 0.4724 0.6058 0.5684 0.5205 0.6545 0.5428 0.5167 0.4997 0.6121 0.5112 0.5237 0.5070 0.5487 0.5869 0.4968 0.5664 1.0000 0.6721 0.6066 0.4939 0.5140 0.5177 0.5109 0.5097 0.4817 0.5093 0.4501 0.4910 0.4792 0.4672 0.5121 0.4980 0.5852 0.4990 0.5088 0.5109 0.4860 0.4995 0.5780 0.5337 0.4817 0.4990 0.5101 0.5264 0.5226 
0.5105 0.5460 0.5172 0.5232 0.4852 0.6205 0.5597 0.5192 0.6274 0.5530 0.5218 0.4744 0.5806 0.4782 0.5692 0.5141 0.5598 0.5604 0.5007 0.5648 0.6721 1.0000 0.5902 0.4919 0.5180 0.5169 0.5490 0.5079 0.4808 0.4744 0.4472 0.5146 0.4893 0.4786 0.5018 0.4927 0.5409 0.4911 0.5417 0.5178 0.4769 0.5150 0.5570 0.5844 0.4718 0.4649 0.4719 0.4876 0.5308 
0.6050 0.6108 0.6233 0.5052 0.5907 0.6920 0.6823 0.6357 0.5749 0.6780 0.5755 0.6024 0.5460 0.5670 0.6012 0.5616 0.6996 0.5446 0.6128 0.6186 0.6066 0.5902 1.0000 0.6585 0.5765 0.5761 0.6036 0.6140 0.5098 0.5866 0.5925 0.5732 0.5622 0.6309 0.6023 0.6017 0.5910 0.6276 0.5815 0.6479 0.5427 0.5860 0.6292 0.6537 0.5707 0.5730 0.5387 0.5373 0.5318 
0.6486 0.5835 0.5087 0.4899 0.6180 0.5790 0.5987 0.6125 0.4922 0.5413 0.5591 0.5967 0.5468 0.5413 0.5373 0.4917 0.7036 0.4908 0.5153 0.5002 0.4939 0.4919 0.6585 1.0000 0.5659 0.4888 0.5513 0.5986 0.4455 0.5589 0.5788 0.5769 0.5412 0.6529 0.6139 0.6259 0.5339 0.5299 0.5106 0.5981 0.5035 0.4879 0.5341 0.5284 0.5462 0.5738 0.5007 0.5150 0.4609 
0.5434 0.5104 0.4839 0.4413 0.5323 0.5615 0.5436 0.6110 0.4996 0.5581 0.5071 0.5093 0.5100 0.5496 0.5317 0.5145 0.5676 0.4304 0.5053 0.5217 0.5140 0.5180 0.5765 0.5659 1.0000 0.5074 0.5719 0.5560 0.4798 0.4991 0.5504 0.5081 0.4660 0.4939 0.5114 0.6294 0.5527 0.5057 0.5633 0.5631 0.4859 0.5012 0.5234 0.5370 0.4646 0.4772 0.4566 0.4764 0.4473 
0.5376 0.5708 0.5511 0.4368 0.5151 0.5579 0.5742 0.5785 0.5214 0.5790 0.5399 0.5222 0.4996 0.5089 0.5520 0.4889 0.5778 0.4892 0.5117 0.6384 0.5177 0.5169 0.5761 0.4888 0.5074 1.0000 0.5172 0.5111 0.4722 0.5074 0.4737 0.5015 0.5780 0.5187 0.5345 0.4797 0.5111 0.5805 0.4920 0.5373 0.4591 0.5228 0.5823 0.5382 0.4840 0.4814 0.5424 0.5129 0.5187 
0.5853 0.4920 0.4976 0.4654 0.5277 0.5601 0.6186 0.5366 0.5298 0.5908 0.5647 0.5215 0.4954 0.5710 0.5938 0.5044 0.6079 0.4957 0.5247 0.6031 0.5109 0.5490 0.6036 0.5513 0.5719 0.5172 1.0000 0.5500 0.5422 0.5585 0.5290 0.5168 0.4823 0.5530 0.4983 0.6112 0.5200 0.5308 0.4909 0.5322 0.4893 0.5361 0.5002 0.5155 0.4778 0.4789 0.5262 0.4804 0.4962 
0.5484 0.5193 0.4936 0.4306 0.6097 0.6010 0.5966 0.5927 0.5562 0.5460 0.5175 0.5063 0.5137 0.5358 0.5147 0.4967 0.6247 0.4710 0.5416 0.5319 0.5097 0.5079 0.6140 0.5986 0.5560 0.5111 0.5500 1.0000 0.4756 0.5350 0.5381 0.5222 0.4786 0.5446 0.5768 0.6189 0.6168 0.6243 0.6157 0.5354 0.5337 0.5199 0.5375 0.5698 0.5423 0.4647 0.5095 0.5221 0.5714 
0.4692 0.4532 0.4598 0.4276 0.4496 0.5172 0.5144 0.5157 0.4573 0.4910 0.5448 0.4699 0.4920 0.4481 0.5157 0.5675 0.5148 0.4490 0.5376 0.5234 0.4817 0.4808 0.5098 0.4455 0.4798 0.4722 0.5422 0.4756 1.0000 0.5054 0.4661 0.4346 0.4695 0.4728 0.4851 0.5098 0.5529 0.4329 0.5061 0.4993 0.5584 0.5901 0.4650 0.5132 0.4319 0.4658 0.5742 0.4435 0.4703 
0.5227 0.4947 0.4900 0.4651 0.5301 0.5543 0.6017 0.5248 0.5119 0.5263 0.4740 0.5279 0.5386 0.5231 0.5061 0.5049 0.6140 0.4849 0.4758 0.5574 0.5093 0.4744 0.5866 0.5589 0.4991 0.5074 0.5585 0.5350 0.5054 1.0000 0.4833 0.4776 0.4586 0.4990 0.5294 0.5385 0.5076 0.5211 0.4701 0.5134 0.4592 0.4738 0.5063 0.4635 0.4857 0.4650 0.4846 0.4588 0.4806 
0.5830 0.4935 0.4997 0.4727 0.5928 0.5098 0.5681 0.5413 0.4558 0.5812 0.5351 0.5789 0.4573 0.4745 0.5260 0.4523 0.5740 0.4267 0.5198 0.5062 0.4501 0.4472 0.5925 0.5788 0.5504 0.4737 0.5290 0.5381 0.4661 0.4833 1.0000 0.5010 0.5346 0.5631 0.5365 0.6008 0.5249 0.5110 0.5020 0.5345 0.5046 0.4640 0.4684 0.4906 0.5348 0.4956 0.4824 0.4719 0.4580 
0.5775 0.6979 0.4966 0.4987 0.5054 0.6325 0.5514 0.5255 0.4955 0.5884 0.6086 0.5066 0.4711 0.4897 0.5783 0.4909 0.5406 0.5091 0.4734 0.5235 0.4910 0.5146 0.5732 0.5769 0.5081 0.5015 0.5168 0.5222 0.4346 0.4776 0.5010 1.0000 0.5939 0.5564 0.5389 0.4885 0.5453 0.5561 0.5588 0.6285 0.4953 0.4795 0.6645 0.5057 0.5037 0.5479 0.5021 0.5193 0.4297 
0.5753 0.6502 0.5743 0.5342 0.5843 0.5647 0.5503 0.5471 0.4584 0.6407 0.6217 0.5648 0.4638 0.5064 0.5402 0.4639 0.5780 0.5211 0.4815 0.5473 0.4792 0.4893 0.5622 0.5412 0.4660 0.5780 0.4823 0.4786 0.4695 0.4586 0.5346 0.5939 1.0000 0.6186 0.5622 0.4647 0.4714 0.5041 0.4775 0.5752 0.4974 0.5107 0.5812 0.5078 0.5484 0.6018 0.5519 0.5295 0.4762 
0.6294 0.5444 0.5162 0.5199 0.5638 0.5293 0.5686 0.5617 0.4702 0.5311 0.6152 0.5629 0.4688 0.5315 0.5391 0.4681 0.5942 0.5101 0.5024 0.5318 0.4672 0.4786 0.6309 0.6529 0.4939 0.5187 0.5530 0.5446 0.4728 0.4990 0.5631 0.5564 0.6186 1.0000 0.5552 0.5550 0.4899 0.5263 0.4599 0.5568 0.5372 0.4889 0.5002 0.5342 0.5456 0.5786 0.5468 0.5442 0.4610 
0.5704 0.6426 0.5401 0.4810 0.6750 0.5826 0.5759 0.5699 0.5175 0.5490 0.5386 0.5769 0.5111 0.4907 0.5380 0.5380 0.6240 0.5372 0.5535 0.5280 0.5121 0.5018 0.6023 0.6139 0.5114 0.5345 0.4983 0.5768 0.4851 0.5294 0.5365 0.5389 0.5622 0.5552 1.0000 0.5448 0.5532 0.5725 0.5797 0.5802 0.5224 0.5045 0.5868 0.5182 0.5778 0.5516 0.5267 0.5507 0.5166 
0.5645 0.4943 0.4872 0.4283 0.5867 0.5295 0.5607 0.6341 0.4833 0.5806 0.5435 0.5088 0.5045 0.5872 0.5459 0.5352 0.6448 0.4174 0.5505 0.4978 0.4980 0.4927 0.6017 0.6259 0.6294 0.4797 0.6112 0.6189 0.5098 0.5385 0.6008 0.4885 0.4647 0.5550 0.5448 1.0000 0.5791 0.5065 0.5256 0.5515 0.4739 0.4852 0.5007 0.5066 0.4549 0.4871 0.4861 0.4584 0.4532 
0.5186 0.5629 0.4826 0.4631 0.5340 0.6620 0.5734 0.5579 0.6011 0.5354 0.5322 0.4925 0.5378 0.4882 0.5297 0.5563 0.5551 0.5034 0.5967 0.5409 0.5852 0.5409 0.5910 0.5339 0.5527 0.5111 0.5200 0.6168 0.5529 0.5076 0.5249 0.5453 0.4714 0.4899 0.5532 0.5791 1.0000 0.5502 0.6368 0.5097 0.5752 0.5501 0.5787 0.5564 0.5184 0.4661 0.5569 0.5672 0.5642 
0.5701 0.5652 0.5275 0.4247 0.5538 0.5984 0.6197 0.5312 0.5414 0.5703 0.5210 0.4935 0.4644 0.4885 0.5327 0.4970 0.5989 0.4848 0.5484 0.5864 0.4990 0.4911 0.6276 0.5299 0.5057 0.5805 0.5308 0.6243 0.4329 0.5211 0.5110 0.5561 0.5041 0.5263 0.5725 0.5065 0.5502 1.0000 0.5841 0.5479 0.4795 0.5004 0.6061 0.5621 0.5342 0.4792 0.5297 0.4935 0.5637 
0.4964 0.6036 0.5010 0.4259 0.5339 0.6672 0.5694 0.5256 0.5489 0.5527 0.4958 0.4785 0.4921 0.4633 0.5414 0.5456 0.5524 0.4666 0.5537 0.5035 0.5088 0.5417 0.5815 0.5106 0.5633 0.4920 0.4909 0.6157 0.5061 0.4701 0.5020 0.5588 0.4775 0.4599 0.5797 0.5256 0.6368 0.5841 1.0000 0.5580 0.5226 0.5283 0.6221 0.5727 0.5042 0.4622 0.4843 0.4891 0.5248 
0.5637 0.6395 0.5856 0.4597 0.5130 0.6059 0.5682 0.6179 0.4620 0.6321 0.5809 0.5487 0.5254 0.5628 0.6061 0.5524 0.6218 0.4550 0.5176 0.5378 0.5109 0.5178 0.6479 0.5981 0.5631 0.5373 0.5322 0.5354 0.4993 0.5134 0.5345 0.6285 0.5752 0.5568 0.5802 0.5515 0.5097 0.5479 0.5580 1.0000 0.4836 0.5293 0.6712 0.5670 0.4680 0.5800 0.4774 0.4543 0.4294 
0.5181 0.4870 0.4858 0.4919 0.5119 0.5513 0.5379 0.4806 0.4782 0.5030 0.5547 0.5376 0.4621 0.4328 0.4628 0.4732 0.4899 0.5257 0.5003 0.5344 0.4860 0.4769 0.5427 0.5035 0.4859 0.4591 0.4893 0.5337 0.5584 0.4592 0.5046 0.4953 0.4974 0.5372 0.5224 0.4739 0.5752 0.4795 0.5226 0.4836 1.0000 0.5417 0.4479 0.5700 0.5644 0.4957 0.5912 0.5336 0.4825 
0.4818 0.5204 0.5332 0.4210 0.4820 0.5771 0.5195 0.5582 0.5180 0.5539 0.5450 0.4987 0.4764 0.4808 0.5144 0.5293 0.5365 0.4778 0.6198 0.5469 0.4995 0.5150 0.5860 0.4879 0.5012 0.5228 0.5361 0.5199 0.5901 0.4738 0.4640 0.4795 0.5107 0.4889 0.5045 0.4852 0.5501 0.5004 0.5283 0.5293 0.5417 1.0000 0.5262 0.5467 0.4546 0.4947 0.5768 0.4833 0.4920 
0.5292 0.7991 0.5767 0.4626 0.5143 0.6830 0.5618 0.5534 0.5459 0.6301 0.5640 0.5003 0.5147 0.5500 0.6175 0.5564 0.5927 0.4949 0.5226 0.5477 0.5780 0.5570 0.6292 0.5341 0.5234 0.5823 0.5002 0.5375 0.4650 0.5063 0.4684 0.6645 0.5812 0.5002 0.5868 0.5007 0.5787 0.6061 0.6221 0.6712 0.4479 0.5262 1.0000 0.5551 0.4727 0.5647 0.4834 0.5090 0.4756 
0.5711 0.5387 0.5793 0.4371 0.4997 0.6105 0.5811 0.5746 0.5005 0.5635 0.5632 0.5198 0.4803 0.4865 0.5545 0.5480 0.5675 0.4645 0.5248 0.5721 0.5337 0.5844 0.6537 0.5284 0.5370 0.5382 0.5155 0.5698 0.5132 0.4635 0.4906 0.5057 0.5078 0.5342 0.5182 0.5066 0.5564 0.5621 0.5727 0.5670 0.5700 0.5467 0.5551 1.0000 0.5152 0.5124 0.5610 0.4811 0.4899 
0.5582 0.5324 0.4857 0.5064 0.5879 0.5645 0.5630 0.4610 0.4959 0.5249 0.4986 0.5837 0.4786 0.4577 0.4530 0.4324 0.5222 0.5516 0.4871 0.5495 0.4817 0.4718 0.5707 0.5462 0.4646 0.4840 0.4778 0.5423 0.4319 0.4857 0.5348 0.5037 0.5484 0.5456 0.5778 0.4549 0.5184 0.5342 0.5042 0.4680 0.5644 0.4546 0.4727 0.5152 1.0000 0.5138 0.5048 0.6236 0.5286 
0.5637 0.6235 0.5260 0.5165 0.5161 0.5405 0.5105 0.5371 0.4321 0.5252 0.6168 0.5337 0.4614 0.5406 0.5152 0.4798 0.5365 0.4947 0.4535 0.4978 0.4990 0.4649 0.5730 0.5738 0.4772 0.4814 0.4789 0.4647 0.4658 0.4650 0.4956 0.5479 0.6018 0.5786 0.5516 0.4871 0.4661 0.4792 0.4622 0.5800 0.4957 0.4947 0.5647 0.5124 0.5138 1.0000 0.5348 0.5008 0.4044 
0.5523 0.5396 0.4993 0.4891 0.4955 0.5313 0.5574 0.5381 0.5012 0.5151 0.6332 0.5179 0.4528 0.4554 0.5079 0.5238 0.5121 0.5328 0.5333 0.5742 0.5101 0.4719 0.5387 0.5007 0.4566 0.5424 0.5262 0.5095 0.5742 0.4846 0.4824 0.5021 0.5519 0.5468 0.5267 0.4861 0.5569 0.5297 0.4843 0.4774 0.5912 0.5768 0.4834 0.5610 0.5048 0.5348 1.0000 0.5379 0.4958 
0.4969 0.5574 0.4436 0.5092 0.5309 0.5425 0.5100 0.4794 0.5310 0.4829 0.5078 0.5030 0.4895 0.4620 0.4513 0.4636 0.4956 0.5405 0.4948 0.5508 0.5264 0.4876 0.5373 0.5150 0.4764 0.5129 0.4804 0.5221 0.4435 0.4588 0.4719 0.5193 0.5295 0.5442 0.5507 0.4584 0.5672 0.4935 0.4891 0.4543 0.5336 0.4833 0.5090 0.4811 0.6236 0.5008 0.5379 1.0000 0.5209 
0.4500 0.4636 0.4507 0.4362 0.5181 0.5491 0.5512 0.4729 0.6561 0.5015 0.4344 0.4427 0.5517 0.4345 0.4493 0.4653 0.5303 0.5257 0.5061 0.5561 0.5226 0.5308 0.5318 0.4609 0.4473 0.5187 0.4962 0.5714 0.4703 0.4806 0.4580 0.4297 0.4762 0.4610 0.5166 0.4532 0.5642 0.5637 0.5248 0.4294 0.4825 0.4920 0.4756 0.4899 0.5286 0.4044 0.4958 0.5209 1.0000 
