
Using the parameter settings in the file: 
''1763240293/clumpp.paramfile''

Parameter settings
----------------------- Main parameters -------------------------
DATATYPE = 0
INDFILE = 1763240293/ClumppIndFile
POPFILE = 
OUTFILE = 1763240293/ClumppIndFile.output
MISCFILE = 1763240293/ClumppIndFile.misc
K = 12
C = 164
R = 50
M = 3
W = 0
S = 2
- Additional options for the Greedy and LargeKGreedy algorithms -
GREEDY_OPTION = 2
REPEATS = 2000
PERMUTATIONFILE = 
----------------------- Optional outputs ------------------------
PRINT_PERMUTED_DATA = 0
PERMUTED_DATAFILE = 
PRINT_EVERY_PERM = 0
EVERY_PERMFILE = 
PRINT_RANDOM_INPUTORDER = 0
RANDOM_INPUTORDERFILE = 
----------------------- Advanced options ------------------------
OVERRIDE_WARNINGS = 0
ORDER_BY_RUN = 1


In total, 2000 configurations of runs and clusters will be tested.

Results
------------------------------
The highest value of H' is: 0.58076001311311

The list of permutations of the clusters that produces that
H' value is (runs are listed sequentially on separate rows)

1 2 3 4 5 6 7 8 9 10 11 12 
1 8 12 2 4 11 9 6 10 7 3 5 
5 9 4 7 6 8 1 3 2 10 11 12 
5 7 8 1 10 3 4 12 9 2 6 11 
5 7 11 4 10 9 8 12 6 2 1 3 
4 10 11 8 1 3 5 9 7 6 2 12 
2 1 11 6 8 3 10 7 5 12 4 9 
4 9 10 1 7 11 2 12 3 8 6 5 
3 5 7 6 8 1 10 9 11 2 12 4 
7 10 8 6 5 4 9 2 1 3 12 11 
5 11 10 7 2 6 12 1 9 4 8 3 
7 4 3 1 10 11 5 9 12 8 2 6 
12 8 11 2 5 7 6 10 3 9 1 4 
3 9 1 12 6 7 5 10 11 2 4 8 
9 8 6 4 7 10 3 11 12 1 2 5 
4 9 10 12 6 11 3 2 5 7 1 8 
12 5 8 4 11 6 9 7 3 1 10 2 
5 6 12 3 9 10 2 4 1 11 7 8 
5 7 4 6 11 1 9 8 2 10 12 3 
5 11 7 10 3 4 9 1 8 2 6 12 
8 7 4 12 6 2 10 1 5 9 3 11 
3 5 4 8 1 10 12 7 11 9 6 2 
2 12 10 7 9 3 8 11 5 6 4 1 
8 10 3 9 4 7 11 12 2 1 5 6 
6 9 5 3 8 4 1 7 2 12 11 10 
4 9 5 3 1 2 11 12 7 8 10 6 
6 11 8 12 5 10 2 3 4 9 1 7 
6 12 4 2 9 3 10 5 8 11 7 1 
3 2 9 8 10 11 4 12 6 1 5 7 
6 8 1 12 4 2 11 10 3 7 9 5 
5 1 11 9 8 10 2 4 6 3 7 12 
9 7 1 3 11 10 4 5 2 6 12 8 
10 8 2 4 7 5 3 11 6 1 9 12 
7 9 1 3 6 8 10 4 2 11 12 5 
7 5 4 6 8 12 10 1 9 3 11 2 
11 10 2 9 1 5 7 3 8 4 12 6 
3 5 11 8 6 1 2 12 7 4 10 9 
2 6 9 5 8 10 1 4 7 12 3 11 
5 12 8 1 11 9 4 2 6 3 10 7 
7 9 8 1 10 3 6 2 12 4 5 11 
12 9 3 4 6 10 11 5 8 1 7 2 
9 4 8 7 11 2 10 3 12 1 6 5 
5 6 9 7 4 8 3 10 2 1 11 12 
7 8 12 5 10 2 11 3 1 4 9 6 
5 1 8 3 6 2 7 12 11 4 9 10 
7 6 9 4 10 1 5 3 12 2 8 11 
1 11 4 6 9 8 3 10 12 2 5 7 
6 4 2 5 11 7 9 8 12 10 1 3 
4 5 10 3 6 2 11 8 1 12 7 9 
3 11 9 10 8 2 12 7 6 4 1 5 

The pairwise G' values for each pair of runs where the clusters
of each run are permuted according to the list of permutations above

1.0000 0.5230 0.5264 0.5636 0.5034 0.5489 0.5098 0.4780 0.5431 0.4909 0.5313 0.5560 0.5264 0.4920 0.6042 0.4827 0.5422 0.4723 0.6627 0.5808 0.5285 0.6107 0.5342 0.5170 0.5733 0.5378 0.5321 0.5178 0.5017 0.5232 0.6243 0.4378 0.4909 0.4775 0.4898 0.4763 0.5344 0.5651 0.4597 0.4999 0.5427 0.5402 0.5148 0.5821 0.5138 0.5460 0.5710 0.4769 0.5966 0.5214 
0.5230 1.0000 0.5389 0.6151 0.6602 0.5805 0.5713 0.5805 0.5369 0.5797 0.6646 0.5840 0.4851 0.6337 0.5278 0.6146 0.4699 0.6074 0.4759 0.5844 0.5199 0.5323 0.6014 0.5676 0.6221 0.6055 0.6990 0.6904 0.5804 0.5037 0.5666 0.5993 0.6507 0.6641 0.5635 0.6667 0.6932 0.5905 0.5790 0.6048 0.5347 0.4661 0.6731 0.4600 0.5303 0.5058 0.6002 0.6492 0.5179 0.7107 
0.5264 0.5389 1.0000 0.5783 0.5937 0.6912 0.5361 0.5254 0.4810 0.5922 0.5845 0.6859 0.5759 0.5833 0.5768 0.5564 0.5141 0.5441 0.5019 0.6238 0.4271 0.5976 0.6072 0.6115 0.7079 0.6232 0.5252 0.5663 0.5175 0.4951 0.6085 0.5619 0.5426 0.5560 0.5949 0.5884 0.5537 0.5298 0.6316 0.6154 0.4787 0.4454 0.5907 0.4601 0.6604 0.5816 0.6213 0.5710 0.5468 0.5928 
0.5636 0.6151 0.5783 1.0000 0.6276 0.6678 0.6376 0.5484 0.5823 0.6400 0.6442 0.6165 0.5383 0.6197 0.6544 0.5793 0.6239 0.5367 0.5863 0.7063 0.6138 0.6119 0.6631 0.6086 0.6430 0.6869 0.6479 0.7335 0.6325 0.6283 0.6706 0.5608 0.6949 0.5838 0.5942 0.5942 0.6616 0.5968 0.5735 0.5475 0.5433 0.6109 0.7211 0.5240 0.5953 0.6136 0.6713 0.5829 0.6865 0.7033 
0.5034 0.6602 0.5937 0.6276 1.0000 0.6301 0.6570 0.6570 0.6002 0.6565 0.7073 0.6012 0.5271 0.6895 0.6172 0.7813 0.5244 0.6007 0.5063 0.6250 0.5471 0.5427 0.6428 0.6252 0.6655 0.6718 0.6254 0.6950 0.6203 0.5459 0.6173 0.5997 0.6638 0.6788 0.6199 0.6900 0.6414 0.6571 0.6436 0.6615 0.5718 0.4720 0.7614 0.4371 0.5864 0.5583 0.6300 0.7548 0.5500 0.7680 
0.5489 0.5805 0.6912 0.6678 0.6301 1.0000 0.5880 0.5218 0.5533 0.6955 0.5983 0.6989 0.5338 0.6302 0.6325 0.6016 0.5781 0.5539 0.5648 0.7244 0.5090 0.5948 0.6227 0.5512 0.7528 0.6949 0.5837 0.6513 0.6040 0.5559 0.6982 0.5834 0.6473 0.5867 0.6434 0.6175 0.6207 0.5436 0.6584 0.6198 0.4968 0.4879 0.6611 0.4949 0.6807 0.6044 0.7048 0.5850 0.6061 0.6592 
0.5098 0.5713 0.5361 0.6376 0.6570 0.5880 1.0000 0.6292 0.6851 0.6300 0.5995 0.5323 0.5094 0.6180 0.6331 0.6081 0.5955 0.5326 0.5376 0.6539 0.6244 0.5614 0.5962 0.6730 0.5560 0.6119 0.6127 0.6576 0.7324 0.6367 0.6179 0.5644 0.6790 0.5636 0.5811 0.6221 0.5778 0.6230 0.6122 0.5596 0.5889 0.4949 0.7038 0.5014 0.5450 0.6152 0.5656 0.5879 0.5413 0.6633 
0.4780 0.5805 0.5254 0.5484 0.6570 0.5218 0.6292 1.0000 0.6132 0.5684 0.6465 0.5336 0.5791 0.5939 0.5703 0.6456 0.5231 0.5532 0.4897 0.5743 0.5556 0.5550 0.6317 0.6258 0.5709 0.5629 0.5677 0.5645 0.5726 0.5676 0.5533 0.5490 0.5573 0.6144 0.5503 0.6471 0.5324 0.6853 0.5478 0.5704 0.5670 0.4794 0.6358 0.5279 0.5244 0.5451 0.5216 0.6279 0.4974 0.6312 
0.5431 0.5369 0.4810 0.5823 0.6002 0.5533 0.6851 0.6132 1.0000 0.6032 0.5615 0.4999 0.5077 0.5774 0.6108 0.5870 0.5997 0.4935 0.5803 0.5940 0.6484 0.5608 0.5641 0.5875 0.5140 0.5608 0.5440 0.6281 0.6647 0.6120 0.6256 0.5224 0.6281 0.5242 0.5298 0.5756 0.5423 0.6044 0.5549 0.5147 0.5960 0.5311 0.6226 0.4999 0.5181 0.5528 0.5164 0.5377 0.5266 0.6127 
0.4909 0.5797 0.5922 0.6400 0.6565 0.6955 0.6300 0.5684 0.6032 1.0000 0.5925 0.6437 0.4933 0.6189 0.6103 0.6444 0.5683 0.5436 0.5066 0.6779 0.5556 0.5798 0.6187 0.5396 0.6527 0.6637 0.5729 0.6389 0.6387 0.6099 0.6182 0.5844 0.6840 0.6037 0.6342 0.6009 0.6022 0.5343 0.5782 0.5790 0.5056 0.4911 0.6604 0.4610 0.6197 0.5892 0.6200 0.5809 0.5310 0.6438 
0.5313 0.6646 0.5845 0.6442 0.7073 0.5983 0.5995 0.6465 0.5615 0.5925 1.0000 0.5972 0.5349 0.6750 0.5712 0.7079 0.5176 0.6053 0.5193 0.5895 0.5606 0.5986 0.6497 0.6309 0.6479 0.6497 0.6420 0.6945 0.6039 0.5278 0.5849 0.5911 0.6692 0.6937 0.5977 0.6764 0.6418 0.6717 0.6229 0.6378 0.6018 0.5473 0.7078 0.4769 0.5542 0.5265 0.6059 0.6799 0.5718 0.7711 
0.5560 0.5840 0.6859 0.6165 0.6012 0.6989 0.5323 0.5336 0.4999 0.6437 0.5972 1.0000 0.5461 0.6337 0.5767 0.5760 0.5174 0.5583 0.5166 0.6557 0.4662 0.6031 0.5987 0.5444 0.7433 0.6657 0.5426 0.6043 0.5400 0.5062 0.6482 0.6397 0.5859 0.6046 0.6045 0.6076 0.5767 0.5521 0.5765 0.6213 0.4811 0.4784 0.6151 0.4751 0.7007 0.5896 0.6549 0.5784 0.5731 0.6112 
0.5264 0.4851 0.5759 0.5383 0.5271 0.5338 0.5094 0.5791 0.5077 0.4933 0.5349 0.5461 1.0000 0.4825 0.5932 0.5055 0.5349 0.4547 0.5162 0.5659 0.4514 0.5926 0.5981 0.5765 0.5884 0.5513 0.4653 0.4886 0.4862 0.5281 0.5750 0.4810 0.4690 0.5318 0.5055 0.5159 0.4795 0.5589 0.5095 0.5241 0.5292 0.4746 0.5135 0.5376 0.5512 0.5394 0.5330 0.5494 0.5244 0.5195 
0.4920 0.6337 0.5833 0.6197 0.6895 0.6302 0.6180 0.5939 0.5774 0.6189 0.6750 0.6337 0.4825 1.0000 0.5567 0.6511 0.4855 0.6257 0.4844 0.6053 0.5436 0.5335 0.5778 0.6034 0.6154 0.7024 0.6263 0.6801 0.6264 0.4947 0.5810 0.6345 0.6815 0.6402 0.6454 0.6980 0.6292 0.6050 0.6656 0.6302 0.5455 0.4484 0.7321 0.4428 0.5995 0.5371 0.5994 0.6478 0.5185 0.7349 
0.6042 0.5278 0.5768 0.6544 0.6172 0.6325 0.6331 0.5703 0.6108 0.6103 0.5712 0.5767 0.5932 0.5567 1.0000 0.5809 0.6515 0.4809 0.6341 0.6752 0.5887 0.6399 0.6106 0.5820 0.6254 0.6096 0.5346 0.5907 0.6171 0.6115 0.6794 0.5065 0.5856 0.5308 0.5781 0.5548 0.5676 0.6198 0.5458 0.5273 0.5855 0.5666 0.6357 0.5679 0.5875 0.6583 0.6569 0.5399 0.6436 0.6054 
0.4827 0.6146 0.5564 0.5793 0.7813 0.6016 0.6081 0.6456 0.5870 0.6444 0.7079 0.5760 0.5055 0.6511 0.5809 1.0000 0.5007 0.5805 0.4704 0.5848 0.5418 0.5463 0.6157 0.5992 0.6233 0.6384 0.6008 0.6406 0.6120 0.5097 0.6037 0.5732 0.6530 0.6569 0.5888 0.6328 0.5983 0.6495 0.6289 0.6293 0.5481 0.4903 0.6967 0.4407 0.5697 0.5559 0.5918 0.6608 0.5063 0.7058 
0.5422 0.4699 0.5141 0.6239 0.5244 0.5781 0.5955 0.5231 0.5997 0.5683 0.5176 0.5174 0.5349 0.4855 0.6515 0.5007 1.0000 0.4437 0.5641 0.6144 0.5374 0.6525 0.5902 0.5528 0.5412 0.5508 0.5241 0.5307 0.5450 0.6731 0.6060 0.4540 0.5386 0.4532 0.5301 0.4882 0.5018 0.5373 0.4970 0.4750 0.5289 0.5596 0.5419 0.5459 0.5543 0.6180 0.5424 0.4725 0.5962 0.5341 
0.4723 0.6074 0.5441 0.5367 0.6007 0.5539 0.5326 0.5532 0.4935 0.5436 0.6053 0.5583 0.4547 0.6257 0.4809 0.5805 0.4437 1.0000 0.4214 0.5156 0.4704 0.4779 0.5482 0.5534 0.5728 0.5826 0.6052 0.5854 0.5337 0.4498 0.5164 0.5346 0.5625 0.6017 0.5982 0.6107 0.5985 0.5421 0.5810 0.6702 0.4856 0.4234 0.6114 0.4366 0.5563 0.4766 0.5405 0.5777 0.4644 0.6087 
0.6627 0.4759 0.5019 0.5863 0.5063 0.5648 0.5376 0.4897 0.5803 0.5066 0.5193 0.5166 0.5162 0.4844 0.6341 0.4704 0.5641 0.4214 1.0000 0.6311 0.5491 0.5911 0.5110 0.5004 0.5638 0.5267 0.4684 0.5275 0.4996 0.5592 0.6469 0.4252 0.4887 0.4715 0.4939 0.4910 0.5145 0.5918 0.4502 0.4496 0.5263 0.5334 0.5136 0.5966 0.5078 0.5198 0.5593 0.5043 0.6427 0.5512 
0.5808 0.5844 0.6238 0.7063 0.6250 0.7244 0.6539 0.5743 0.5940 0.6779 0.5895 0.6557 0.5659 0.6053 0.6752 0.5848 0.6144 0.5156 0.6311 1.0000 0.5887 0.6345 0.6203 0.5855 0.6992 0.6528 0.5769 0.6499 0.6510 0.6058 0.7430 0.5466 0.6655 0.5729 0.5968 0.5925 0.6223 0.6286 0.5640 0.5540 0.5164 0.5335 0.6661 0.5519 0.6307 0.6483 0.7121 0.6046 0.6660 0.6576 
0.5285 0.5199 0.4271 0.6138 0.5471 0.5090 0.6244 0.5556 0.6484 0.5556 0.5606 0.4662 0.4514 0.5436 0.5887 0.5418 0.5374 0.4704 0.5491 0.5887 1.0000 0.5332 0.5044 0.5497 0.4814 0.5062 0.5307 0.5994 0.6500 0.5562 0.5420 0.4872 0.6368 0.5228 0.4705 0.5222 0.5110 0.6285 0.4996 0.4725 0.6041 0.5812 0.6102 0.5046 0.4482 0.5235 0.4970 0.5125 0.5795 0.5701 
0.6107 0.5323 0.5976 0.6119 0.5427 0.5948 0.5614 0.5550 0.5608 0.5798 0.5986 0.6031 0.5926 0.5335 0.6399 0.5463 0.6525 0.4779 0.5911 0.6345 0.5332 1.0000 0.6014 0.5837 0.6092 0.5709 0.5313 0.5560 0.5665 0.6206 0.6154 0.5033 0.5706 0.5268 0.5482 0.5288 0.5358 0.5806 0.5202 0.5289 0.5671 0.5579 0.5477 0.5996 0.5857 0.6610 0.5688 0.5216 0.5690 0.5687 
0.5342 0.6014 0.6072 0.6631 0.6428 0.6227 0.5962 0.6317 0.5641 0.6187 0.6497 0.5987 0.5981 0.5778 0.6106 0.6157 0.5902 0.5482 0.5110 0.6203 0.5044 0.6014 1.0000 0.6235 0.6734 0.6502 0.5971 0.6162 0.5668 0.6240 0.6217 0.5590 0.6043 0.6149 0.6349 0.6348 0.6021 0.5832 0.5646 0.5737 0.5660 0.5103 0.6573 0.5020 0.6211 0.5977 0.6206 0.5996 0.5655 0.6637 
0.5170 0.5676 0.6115 0.6086 0.6252 0.5512 0.6730 0.6258 0.5875 0.5396 0.6309 0.5444 0.5765 0.6034 0.5820 0.5992 0.5528 0.5534 0.5004 0.5855 0.5497 0.5837 0.6235 1.0000 0.5675 0.6103 0.6047 0.6150 0.6126 0.5480 0.5830 0.5857 0.5967 0.5965 0.5453 0.5976 0.5574 0.6352 0.6536 0.5925 0.6043 0.4978 0.6712 0.4820 0.5495 0.5959 0.5493 0.5943 0.5446 0.6403 
0.5733 0.6221 0.7079 0.6430 0.6655 0.7528 0.5560 0.5709 0.5140 0.6527 0.6479 0.7433 0.5884 0.6154 0.6254 0.6233 0.5412 0.5728 0.5638 0.6992 0.4814 0.6092 0.6734 0.5675 1.0000 0.6844 0.5644 0.6231 0.5556 0.5304 0.6808 0.5897 0.6027 0.6676 0.6340 0.6589 0.6222 0.5935 0.5875 0.6428 0.5177 0.4754 0.6539 0.4908 0.6651 0.5851 0.7058 0.6397 0.6146 0.6749 
0.5378 0.6055 0.6232 0.6869 0.6718 0.6949 0.6119 0.5629 0.5608 0.6637 0.6497 0.6657 0.5513 0.7024 0.6096 0.6384 0.5508 0.5826 0.5267 0.6528 0.5062 0.5709 0.6502 0.6103 0.6844 1.0000 0.5993 0.6800 0.6129 0.5470 0.6814 0.5900 0.6459 0.6272 0.6457 0.6335 0.6529 0.5610 0.6521 0.6220 0.5257 0.5035 0.7041 0.4675 0.6506 0.6174 0.6751 0.6264 0.5854 0.7140 
0.5321 0.6990 0.5252 0.6479 0.6254 0.5837 0.6127 0.5677 0.5440 0.5729 0.6420 0.5426 0.4653 0.6263 0.5346 0.6008 0.5241 0.6052 0.4684 0.5769 0.5307 0.5313 0.5971 0.6047 0.5644 0.5993 1.0000 0.6495 0.5876 0.5443 0.5452 0.5529 0.6472 0.5822 0.5418 0.6026 0.6494 0.5697 0.5956 0.6050 0.5159 0.4908 0.6826 0.4930 0.5229 0.5244 0.5773 0.5794 0.5222 0.6686 
0.5178 0.6904 0.5663 0.7335 0.6950 0.6513 0.6576 0.5645 0.6281 0.6389 0.6945 0.6043 0.4886 0.6801 0.5907 0.6406 0.5307 0.5854 0.5275 0.6499 0.5994 0.5560 0.6162 0.6150 0.6231 0.6800 0.6495 1.0000 0.6953 0.5504 0.6525 0.6090 0.7748 0.6474 0.5902 0.6640 0.6977 0.6009 0.6471 0.6044 0.5492 0.5375 0.7804 0.4519 0.5842 0.5679 0.6451 0.6517 0.5792 0.7852 
0.5017 0.5804 0.5175 0.6325 0.6203 0.6040 0.7324 0.5726 0.6647 0.6387 0.6039 0.5400 0.4862 0.6264 0.6171 0.6120 0.5450 0.5337 0.4996 0.6510 0.6500 0.5665 0.5668 0.6126 0.5556 0.6129 0.5876 0.6953 1.0000 0.5939 0.6169 0.5901 0.7765 0.5780 0.5871 0.6175 0.5907 0.5745 0.6133 0.5520 0.5762 0.5230 0.6908 0.4800 0.5590 0.5964 0.5930 0.5644 0.5207 0.6610 
0.5232 0.5037 0.4951 0.6283 0.5459 0.5559 0.6367 0.5676 0.6120 0.6099 0.5278 0.5062 0.5281 0.4947 0.6115 0.5097 0.6731 0.4498 0.5592 0.6058 0.5562 0.6206 0.6240 0.5480 0.5304 0.5470 0.5443 0.5504 0.5939 1.0000 0.5777 0.4917 0.5715 0.4862 0.5557 0.5146 0.5096 0.5340 0.4880 0.4771 0.5710 0.5444 0.5551 0.5476 0.5576 0.5946 0.5218 0.4950 0.5386 0.5521 
0.6243 0.5666 0.6085 0.6706 0.6173 0.6982 0.6179 0.5533 0.6256 0.6182 0.5849 0.6482 0.5750 0.5810 0.6794 0.6037 0.6060 0.5164 0.6469 0.7430 0.5420 0.6154 0.6217 0.5830 0.6808 0.6814 0.5452 0.6525 0.6169 0.5777 1.0000 0.5233 0.6048 0.5587 0.5888 0.5705 0.6192 0.6119 0.5607 0.5503 0.5301 0.5818 0.6358 0.5393 0.6355 0.6624 0.6976 0.5687 0.6522 0.6521 
0.4378 0.5993 0.5619 0.5608 0.5997 0.5834 0.5644 0.5490 0.5224 0.5844 0.5911 0.6397 0.4810 0.6345 0.5065 0.5732 0.4540 0.5346 0.4252 0.5466 0.4872 0.5033 0.5590 0.5857 0.5897 0.5900 0.5529 0.6090 0.5901 0.4917 0.5233 1.0000 0.6138 0.6334 0.6012 0.6542 0.5525 0.5414 0.6224 0.5795 0.5327 0.4217 0.6289 0.4068 0.5701 0.5023 0.5395 0.5915 0.4743 0.6292 
0.4909 0.6507 0.5426 0.6949 0.6638 0.6473 0.6790 0.5573 0.6281 0.6840 0.6692 0.5859 0.4690 0.6815 0.5856 0.6530 0.5386 0.5625 0.4887 0.6655 0.6368 0.5706 0.6043 0.5967 0.6027 0.6459 0.6472 0.7748 0.7765 0.5715 0.6048 0.6138 1.0000 0.6280 0.5803 0.6348 0.6500 0.5775 0.6335 0.5875 0.5475 0.5231 0.7448 0.4535 0.5658 0.5687 0.6309 0.6130 0.5379 0.7386 
0.4775 0.6641 0.5560 0.5838 0.6788 0.5867 0.5636 0.6144 0.5242 0.6037 0.6937 0.6046 0.5318 0.6402 0.5308 0.6569 0.4532 0.6017 0.4715 0.5729 0.5228 0.5268 0.6149 0.5965 0.6676 0.6272 0.5822 0.6474 0.5780 0.4862 0.5587 0.6334 0.6280 1.0000 0.5905 0.7119 0.6040 0.6186 0.6092 0.6679 0.5687 0.4538 0.6758 0.4308 0.5308 0.5010 0.5834 0.7409 0.5061 0.7072 
0.4898 0.5635 0.5949 0.5942 0.6199 0.6434 0.5811 0.5503 0.5298 0.6342 0.5977 0.6045 0.5055 0.6454 0.5781 0.5888 0.5301 0.5982 0.4939 0.5968 0.4705 0.5482 0.6349 0.5453 0.6340 0.6457 0.5418 0.5902 0.5871 0.5557 0.5888 0.6012 0.5803 0.5905 1.0000 0.6730 0.5737 0.5191 0.5900 0.5639 0.5427 0.4456 0.6125 0.4445 0.6561 0.5550 0.5951 0.5823 0.5139 0.6313 
0.4763 0.6667 0.5884 0.5942 0.6900 0.6175 0.6221 0.6471 0.5756 0.6009 0.6764 0.6076 0.5159 0.6980 0.5548 0.6328 0.4882 0.6107 0.4910 0.5925 0.5222 0.5288 0.6348 0.5976 0.6589 0.6335 0.6026 0.6640 0.6175 0.5146 0.5705 0.6542 0.6348 0.7119 0.6730 1.0000 0.6148 0.6026 0.6479 0.6349 0.5612 0.4516 0.6837 0.4560 0.5748 0.5243 0.5914 0.6838 0.5140 0.7282 
0.5344 0.6932 0.5537 0.6616 0.6414 0.6207 0.5778 0.5324 0.5423 0.6022 0.6418 0.5767 0.4795 0.6292 0.5676 0.5983 0.5018 0.5985 0.5145 0.6223 0.5110 0.5358 0.6021 0.5574 0.6222 0.6529 0.6494 0.6977 0.5907 0.5096 0.6192 0.5525 0.6500 0.6040 0.5737 0.6148 1.0000 0.5610 0.5748 0.5872 0.5040 0.4852 0.6773 0.4693 0.5563 0.5339 0.6497 0.6057 0.5565 0.7214 
0.5651 0.5905 0.5298 0.5968 0.6571 0.5436 0.6230 0.6853 0.6044 0.5343 0.6717 0.5521 0.5589 0.6050 0.6198 0.6495 0.5373 0.5421 0.5918 0.6286 0.6285 0.5806 0.5832 0.6352 0.5935 0.5610 0.5697 0.6009 0.5745 0.5340 0.6119 0.5414 0.5775 0.6186 0.5191 0.6026 0.5610 1.0000 0.5484 0.5808 0.6068 0.5337 0.6548 0.5332 0.5107 0.5494 0.5668 0.6477 0.5980 0.6573 
0.4597 0.5790 0.6316 0.5735 0.6436 0.6584 0.6122 0.5478 0.5549 0.5782 0.6229 0.5765 0.5095 0.6656 0.5458 0.6289 0.4970 0.5810 0.4502 0.5640 0.4996 0.5202 0.5646 0.6536 0.5875 0.6521 0.5956 0.6471 0.6133 0.4880 0.5607 0.6224 0.6335 0.6092 0.5900 0.6479 0.5748 0.5484 1.0000 0.6538 0.5284 0.4408 0.6679 0.4326 0.5826 0.5264 0.5670 0.6107 0.4889 0.6556 
0.4999 0.6048 0.6154 0.5475 0.6615 0.6198 0.5596 0.5704 0.5147 0.5790 0.6378 0.6213 0.5241 0.6302 0.5273 0.6293 0.4750 0.6702 0.4496 0.5540 0.4725 0.5289 0.5737 0.5925 0.6428 0.6220 0.6050 0.6044 0.5520 0.4771 0.5503 0.5795 0.5875 0.6679 0.5639 0.6349 0.5872 0.5808 0.6538 1.0000 0.5261 0.4353 0.6380 0.4452 0.5891 0.5129 0.5712 0.6512 0.4917 0.6386 
0.5427 0.5347 0.4787 0.5433 0.5718 0.4968 0.5889 0.5670 0.5960 0.5056 0.6018 0.4811 0.5292 0.5455 0.5855 0.5481 0.5289 0.4856 0.5263 0.5164 0.6041 0.5671 0.5660 0.6043 0.5177 0.5257 0.5159 0.5492 0.5762 0.5710 0.5301 0.5327 0.5475 0.5687 0.5427 0.5612 0.5040 0.6068 0.5284 0.5261 1.0000 0.5089 0.5732 0.4811 0.4785 0.5051 0.4886 0.5592 0.5237 0.5803 
0.5402 0.4661 0.4454 0.6109 0.4720 0.4879 0.4949 0.4794 0.5311 0.4911 0.5473 0.4784 0.4746 0.4484 0.5666 0.4903 0.5596 0.4234 0.5334 0.5335 0.5812 0.5579 0.5103 0.4978 0.4754 0.5035 0.4908 0.5375 0.5230 0.5444 0.5818 0.4217 0.5231 0.4538 0.4456 0.4516 0.4852 0.5337 0.4408 0.4353 0.5089 1.0000 0.4974 0.5103 0.4519 0.5000 0.5126 0.4384 0.6012 0.5141 
0.5148 0.6731 0.5907 0.7211 0.7614 0.6611 0.7038 0.6358 0.6226 0.6604 0.7078 0.6151 0.5135 0.7321 0.6357 0.6967 0.5419 0.6114 0.5136 0.6661 0.6102 0.5477 0.6573 0.6712 0.6539 0.7041 0.6826 0.7804 0.6908 0.5551 0.6358 0.6289 0.7448 0.6758 0.6125 0.6837 0.6773 0.6548 0.6679 0.6380 0.5732 0.4974 1.0000 0.4667 0.5881 0.5951 0.6589 0.6754 0.5902 0.7824 
0.5821 0.4600 0.4601 0.5240 0.4371 0.4949 0.5014 0.5279 0.4999 0.4610 0.4769 0.4751 0.5376 0.4428 0.5679 0.4407 0.5459 0.4366 0.5966 0.5519 0.5046 0.5996 0.5020 0.4820 0.4908 0.4675 0.4930 0.4519 0.4800 0.5476 0.5393 0.4068 0.4535 0.4308 0.4445 0.4560 0.4693 0.5332 0.4326 0.4452 0.4811 0.5103 0.4667 1.0000 0.4698 0.5395 0.4970 0.4322 0.5146 0.4646 
0.5138 0.5303 0.6604 0.5953 0.5864 0.6807 0.5450 0.5244 0.5181 0.6197 0.5542 0.7007 0.5512 0.5995 0.5875 0.5697 0.5543 0.5563 0.5078 0.6307 0.4482 0.5857 0.6211 0.5495 0.6651 0.6506 0.5229 0.5842 0.5590 0.5576 0.6355 0.5701 0.5658 0.5308 0.6561 0.5748 0.5563 0.5107 0.5826 0.5891 0.4785 0.4519 0.5881 0.4698 1.0000 0.6179 0.6288 0.5342 0.5482 0.5935 
0.5460 0.5058 0.5816 0.6136 0.5583 0.6044 0.6152 0.5451 0.5528 0.5892 0.5265 0.5896 0.5394 0.5371 0.6583 0.5559 0.6180 0.4766 0.5198 0.6483 0.5235 0.6610 0.5977 0.5959 0.5851 0.6174 0.5244 0.5679 0.5964 0.5946 0.6624 0.5023 0.5687 0.5010 0.5550 0.5243 0.5339 0.5494 0.5264 0.5129 0.5051 0.5000 0.5951 0.5395 0.6179 1.0000 0.6029 0.4908 0.5593 0.5633 
0.5710 0.6002 0.6213 0.6713 0.6300 0.7048 0.5656 0.5216 0.5164 0.6200 0.6059 0.6549 0.5330 0.5994 0.6569 0.5918 0.5424 0.5405 0.5593 0.7121 0.4970 0.5688 0.6206 0.5493 0.7058 0.6751 0.5773 0.6451 0.5930 0.5218 0.6976 0.5395 0.6309 0.5834 0.5951 0.5914 0.6497 0.5668 0.5670 0.5712 0.4886 0.5126 0.6589 0.4970 0.6288 0.6029 1.0000 0.5865 0.6328 0.6660 
0.4769 0.6492 0.5710 0.5829 0.7548 0.5850 0.5879 0.6279 0.5377 0.5809 0.6799 0.5784 0.5494 0.6478 0.5399 0.6608 0.4725 0.5777 0.5043 0.6046 0.5125 0.5216 0.5996 0.5943 0.6397 0.6264 0.5794 0.6517 0.5644 0.4950 0.5687 0.5915 0.6130 0.7409 0.5823 0.6838 0.6057 0.6477 0.6107 0.6512 0.5592 0.4384 0.6754 0.4322 0.5342 0.4908 0.5865 1.0000 0.5225 0.7208 
0.5966 0.5179 0.5468 0.6865 0.5500 0.6061 0.5413 0.4974 0.5266 0.5310 0.5718 0.5731 0.5244 0.5185 0.6436 0.5063 0.5962 0.4644 0.6427 0.6660 0.5795 0.5690 0.5655 0.5446 0.6146 0.5854 0.5222 0.5792 0.5207 0.5386 0.6522 0.4743 0.5379 0.5061 0.5139 0.5140 0.5565 0.5980 0.4889 0.4917 0.5237 0.6012 0.5902 0.5146 0.5482 0.5593 0.6328 0.5225 1.0000 0.5837 
0.5214 0.7107 0.5928 0.7033 0.7680 0.6592 0.6633 0.6312 0.6127 0.6438 0.7711 0.6112 0.5195 0.7349 0.6054 0.7058 0.5341 0.6087 0.5512 0.6576 0.5701 0.5687 0.6637 0.6403 0.6749 0.7140 0.6686 0.7852 0.6610 0.5521 0.6521 0.6292 0.7386 0.7072 0.6313 0.7282 0.7214 0.6573 0.6556 0.6386 0.5803 0.5141 0.7824 0.4646 0.5935 0.5633 0.6660 0.7208 0.5837 1.0000 
