1:	0.3172 0.0003 0.1066 0.2454 0.0151 0.0169 0.0682 0.1197 0.0006 0.0349 0.0521 0.0230 	23
2:	0.3979 0.0137 0.0046 0.1868 0.0170 0.0084 0.0205 0.1224 0.0565 0.0628 0.0843 0.0251 	13
3:	0.6501 0.0000 0.0001 0.0125 0.0624 0.0026 0.0294 0.0192 0.0000 0.0151 0.1848 0.0238 	5
4:	0.4616 0.1713 0.0044 0.0037 0.0054 0.0347 0.0122 0.0381 0.0710 0.0311 0.1209 0.0456 	15
5:	0.4329 0.1908 0.0077 0.0056 0.0134 0.0200 0.0141 0.0065 0.1581 0.0343 0.1000 0.0165 	18
6:	0.1022 0.2326 0.0145 0.0600 0.0067 0.1645 0.0037 0.0230 0.2681 0.0365 0.0844 0.0038 	24
7:	0.3870 0.0424 0.2261 0.0079 0.0183 0.0257 0.0206 0.0161 0.0511 0.0302 0.1525 0.0222 	9
8:	0.3224 0.0013 0.0911 0.0022 0.1879 0.0084 0.1173 0.0069 0.0003 0.0150 0.0707 0.1767 	11
9:	0.0000 0.4238 0.0000 0.0000 0.0000 0.0000 0.0000 0.0000 0.3433 0.1230 0.1099 0.0000 	1
10:	0.7351 0.0038 0.0233 0.0109 0.0257 0.0162 0.0152 0.0130 0.0011 0.0139 0.1107 0.0311 	17
11:	0.0000 0.4911 0.0884 0.0000 0.0000 0.0158 0.0000 0.0000 0.2397 0.0496 0.1154 0.0000 	1
12:	0.2980 0.0057 0.0636 0.1292 0.0063 0.2441 0.0421 0.0966 0.0176 0.0125 0.0686 0.0157 	8
13:	0.0000 0.7415 0.0000 0.0000 0.0000 0.0148 0.0000 0.0000 0.1217 0.0574 0.0645 0.0000 	5
14:	0.3653 0.2883 0.0000 0.0097 0.0103 0.0042 0.0033 0.0120 0.1562 0.0196 0.1081 0.0230 	2
15:	0.0170 0.2775 0.0188 0.0006 0.0014 0.4376 0.0001 0.0001 0.1675 0.0417 0.0375 0.0001 	2
16:	0.7385 0.0000 0.0244 0.0219 0.0200 0.0146 0.0432 0.0049 0.0000 0.0012 0.0849 0.0462 	2
17:	0.0095 0.0027 0.0690 0.5030 0.0014 0.3826 0.0086 0.0029 0.0070 0.0000 0.0134 0.0000 	2
18:	0.7435 0.0000 0.0052 0.0010 0.0123 0.0055 0.0334 0.0164 0.0000 0.0202 0.1349 0.0275 	3
19:	0.3711 0.0096 0.0756 0.0033 0.0897 0.0826 0.0123 0.0261 0.0294 0.0133 0.2249 0.0622 	3
