1:	0.0000 0.4478 0.0232 0.4517 0.0000 0.0000 0.0370 0.0404 	6
2:	0.0029 0.4080 0.0248 0.4851 0.0000 0.0025 0.0669 0.0097 	7
3:	0.1957 0.0000 0.0858 0.0000 0.2739 0.3718 0.0000 0.0728 	12
4:	0.1958 0.1817 0.0000 0.0014 0.2598 0.2645 0.0419 0.0549 	14
5:	0.1920 0.1720 0.0000 0.0000 0.1729 0.2799 0.1096 0.0735 	13
6:	0.1087 0.1133 0.2863 0.0063 0.1147 0.1766 0.1292 0.0650 	11
7:	0.0000 0.2012 0.0008 0.0039 0.0000 0.0000 0.7941 0.0000 	4
8:	0.0982 0.0018 0.1789 0.0000 0.4369 0.1198 0.0031 0.1613 	6
9:	0.0037 0.4047 0.0701 0.0227 0.0092 0.0039 0.3964 0.0893 	2
10:	0.0000 0.2485 0.0000 0.0000 0.0000 0.0000 0.7515 0.0000 	1
11:	0.0000 0.9139 0.0000 0.0000 0.0000 0.0000 0.0861 0.0000 	1
12:	0.0000 0.9315 0.0000 0.0000 0.0000 0.0000 0.0685 0.0000 	1
13:	0.1203 0.0000 0.2898 0.0000 0.3155 0.1451 0.0000 0.1293 	2
