1:	0.1190 0.0009 0.0046 0.1640 0.0041 0.2333 0.0004 0.1895 0.1795 0.1047 	13
2:	0.2350 0.0000 0.0681 0.2965 0.0000 0.1186 0.0714 0.0308 0.0566 0.1229 	14
3:	0.1083 0.0799 0.1965 0.0576 0.1909 0.0570 0.1181 0.0185 0.1296 0.0436 	18
4:	0.0562 0.1818 0.0640 0.0164 0.0000 0.2420 0.0000 0.0001 0.0997 0.3400 	11
5:	0.0483 0.3364 0.0000 0.0824 0.0000 0.0624 0.1667 0.0049 0.0880 0.2110 	6
6:	0.0393 0.4722 0.0536 0.0489 0.3493 0.0133 0.0024 0.0013 0.0040 0.0158 	17
7:	0.0000 0.0000 0.0000 0.0000 0.0000 0.8333 0.0000 0.0000 0.1667 0.0000 	1
8:	0.0149 0.0000 0.0295 0.3090 0.0000 0.2568 0.0000 0.0000 0.2655 0.1243 	1
9:	0.0000 0.0000 1.0000 0.0000 0.0000 0.0000 0.0000 0.0000 0.0000 0.0000 	1
10:	0.0000 0.0000 0.0938 0.0765 0.0000 0.0637 0.0000 0.0045 0.0397 0.7218 	1
11:	0.1694 0.0000 0.2251 0.1165 0.0000 0.1557 0.0000 0.1666 0.0833 0.0833 	2
12:	0.1350 0.0000 0.0965 0.3345 0.1250 0.1594 0.0000 0.0429 0.0474 0.0592 	8
13:	0.4560 0.0000 0.0000 0.0000 0.0000 0.1452 0.0000 0.1951 0.2037 0.0000 	1
