1:	0.2059 0.0013 0.0090 0.2483 0.0077 0.2247 0.0012 0.2300 0.0718 	13
2:	0.2309 0.0000 0.0705 0.2880 0.0000 0.2023 0.0714 0.0691 0.0679 	14
3:	0.1022 0.0677 0.1962 0.0978 0.1875 0.0802 0.1175 0.0233 0.1277 	18
4:	0.1335 0.1744 0.0667 0.1422 0.0000 0.2631 0.0000 0.0672 0.1528 	11
5:	0.1062 0.3162 0.0002 0.2090 0.0000 0.0889 0.1667 0.0291 0.0838 	6
6:	0.0673 0.4470 0.0534 0.0207 0.3493 0.0249 0.0023 0.0039 0.0312 	17
7:	0.0000 0.0000 0.0000 0.7766 0.0000 0.0833 0.0000 0.1401 0.0000 	1
8:	0.2025 0.0000 0.0390 0.3139 0.0000 0.2437 0.0000 0.1453 0.0556 	1
9:	0.0000 0.0000 1.0000 0.0000 0.0000 0.0000 0.0000 0.0000 0.0000 	1
10:	0.1537 0.0000 0.1269 0.2690 0.0000 0.2346 0.0000 0.1265 0.0893 	1
11:	0.0499 0.0000 0.2250 0.5096 0.0000 0.1321 0.0000 0.0416 0.0416 	2
12:	0.2855 0.0000 0.0972 0.1176 0.1250 0.2534 0.0000 0.0784 0.0429 	8
13:	0.0262 0.0000 0.0000 0.5275 0.0000 0.2703 0.0000 0.0285 0.1475 	1
