1:	0.3670 0.0168 0.0134 0.3173 0.2856 	13
2:	0.3145 0.0714 0.0710 0.3942 0.1490 	14
3:	0.1341 0.3886 0.1962 0.1941 0.0871 	18
4:	0.2626 0.1818 0.0722 0.2091 0.2744 	11
5:	0.2347 0.4654 0.0262 0.1596 0.1141 	6
6:	0.0301 0.8129 0.0656 0.0732 0.0183 	17
7:	0.9551 0.0000 0.0000 0.0256 0.0192 	1
8:	0.6366 0.0000 0.0452 0.1277 0.1905 	1
9:	0.0000 0.0000 1.0000 0.0000 0.0000 	1
10:	0.4462 0.0000 0.1327 0.2152 0.2060 	1
11:	0.4942 0.0000 0.2222 0.1837 0.0999 	2
12:	0.2985 0.1151 0.1039 0.3053 0.1772 	8
13:	0.4682 0.0000 0.0000 0.2384 0.2934 	1
