0.0000999 0.9524989 0.0474012
0.0001001 0.3419938 0.6579061
0.0039433 0.1156700 0.8803867
0.0121746 0.1239280 0.8638974
0.0003525 0.0951566 0.9044908
0.0022418 0.1212848 0.8764734
0.0196629 0.0913586 0.8889785
0.0294065 0.0944137 0.8761798
0.1748511 0.3830606 0.4420883
0.0698894 0.0300572 0.9000533
0.0143644 0.9360448 0.0495908
0.0951223 0.8408125 0.0640652
0.0363027 0.0530233 0.9106740
0.1766458 0.7663990 0.0569553
0.9199825 0.0000968 0.0799208
0.0275501 0.1046429 0.8678069
0.1437822 0.0001000 0.8561178
0.0335112 0.0736518 0.8928370
0.0372822 0.0765998 0.8861180
0.0699878 0.0296024 0.9004098
0.0036360 0.0932277 0.9031364
0.0906969 0.0430737 0.8662295
0.0509269 0.4750338 0.4740393
0.1997329 0.0000988 0.8001683
0.0001001 0.0876986 0.9122013
0.1140929 0.8802532 0.0056539
0.9819345 0.0179653 0.0001002
0.8629489 0.1369511 0.0001000
0.9419659 0.0579346 0.0000995
0.0833043 0.9128880 0.0038077
0.0716830 0.9008883 0.0274286
0.0001001 0.5286304 0.4712695
0.0341754 0.9070956 0.0587289
0.0179813 0.1287732 0.8532455
0.0083891 0.9240541 0.0675568
0.0251374 0.0801157 0.8947469
0.0311233 0.9363079 0.0325688
0.0223511 0.9217592 0.0558897
0.0064411 0.0869133 0.9066456
0.0187691 0.1435794 0.8376515
0.0075247 0.9258255 0.0666497
0.0001002 0.0946376 0.9052622
0.0325985 0.9055327 0.0618688
0.0376553 0.0796306 0.8827142
0.0001940 0.9602695 0.0395365
0.0256300 0.5415270 0.4328431
0.0465257 0.9274481 0.0260262
0.0350239 0.9118057 0.0531705
0.0191614 0.8724495 0.1083891
0.0736373 0.8646172 0.0617455
0.0550571 0.9448432 0.0000997
0.0396735 0.9453700 0.0149565
0.0001000 0.3711713 0.6287286
0.0279936 0.9246762 0.0473302
0.0144943 0.9126235 0.0728822
0.0429388 0.0715495 0.8855117
0.0105338 0.0411387 0.9483275
0.0112460 0.9539868 0.0347672
0.0655193 0.3845536 0.5499272
0.0291976 0.8958350 0.0749674
0.0001002 0.1102372 0.8896626
0.3959402 0.0000937 0.6039661
0.0386271 0.1034612 0.8579117
0.0367821 0.8657721 0.0974459
0.0001002 0.1006530 0.8992468
0.0252945 0.9379073 0.0367982
0.0001002 0.1393198 0.8605800
0.0045168 0.1140948 0.8813884
0.0577181 0.8999068 0.0423751
0.1521053 0.8477947 0.0001000
0.1975850 0.7934949 0.0089201
0.1571523 0.8062808 0.0365670
0.1217775 0.0431919 0.8350306
0.8485689 0.1513301 0.0001010
0.0377355 0.9618994 0.0003651
0.0847859 0.9151144 0.0000997
0.3275029 0.6723980 0.0000991
0.0821665 0.9177338 0.0000998
0.9716380 0.0282632 0.0000989
0.1417025 0.8581985 0.0000990
0.0766065 0.0320251 0.8913684
0.4416542 0.0000989 0.5582469
0.5075294 0.4747627 0.0177079
0.0509224 0.9489522 0.0001254
0.1734171 0.0000992 0.8264836
0.5158092 0.4113995 0.0727913
0.0453662 0.8935843 0.0610496
0.9703329 0.0295670 0.0001000
0.0708294 0.9290708 0.0000999
0.0415745 0.1061794 0.8522460
0.0000999 0.8339366 0.1659635
0.0001001 0.4704529 0.5294470
0.0632798 0.9065404 0.0301798
0.0000998 0.8394937 0.1604065
0.0036035 0.9493253 0.0470712
0.0237205 0.8760927 0.1001868
0.0723517 0.9209224 0.0067259
0.9141867 0.0857134 0.0001000
0.0000999 0.8759729 0.1239272
0.0000998 0.8435393 0.1563609
0.0652941 0.9088417 0.0258642
0.0144196 0.0647253 0.9208551
0.9352303 0.0646702 0.0000996
0.0440704 0.9387426 0.0171870
0.0783114 0.8887706 0.0329180
