0.9766618 -0.0350801 -0.0600481 -0.0570254 -0.0499143 -0.0669397 -0.0412692 -0.0643395 -0.0281923 -0.0680198 0.0456075 0.0186024 -0.0561059 0.0291199 -0.1413757 -0.0595248 -0.0714771 -0.0540538 -0.0568362 -0.0544064 -0.0586849 -0.0605122 -0.0005633 -0.0864596 -0.0617372 0.0507373 -0.1198001 -0.0828885 -0.1054143 0.0537175 0.0378582 0.0011122 0.0516713 -0.0484681 0.0496875 -0.0717759 0.0435794 0.0352860 -0.0589675 -0.0687416 0.0565108 -0.0487726 0.0495305 -0.0606113 0.0692332 -0.0115601 0.0451536 0.0479672 0.0356816 0.0443470 0.0444918 0.0410492 -0.0250714 0.0574322 0.0663173 -0.0526389 -0.0600670 0.0626804 -0.0144131 0.0584657 -0.0582228 -0.1351835 -0.0481405 0.0542806 -0.0421714 0.0423911 -0.0402569 -0.0551995 0.0302130 0.0370462 0.0213105 0.0405356 -0.0654236 -0.0888957 0.0565397 0.0498093 0.0246394 0.0470277 -0.1076402 0.0505148 -0.0619682 -0.1051585 -0.0266250 0.0497949 -0.0748241 -0.0382492 0.0324754 -0.1144144 0.0709380 -0.0652852 0.0054985 -0.0378573 0.0271262 0.0020026 0.0476836 0.0578490 0.0456918 -0.1019805 0.0116147 0.0042499 0.0556535 -0.0751365 -0.0940894 0.0772412 0.0320168
-0.0350801 1.1388830 0.0154621 0.0274981 0.0244111 0.0252336 0.0298484 0.0196559 -0.0176470 0.0338334 -0.0476460 -0.0490062 0.0194613 -0.0458073 -0.1690708 0.0256646 0.0065436 0.0389970 0.0171043 0.0357352 0.0433498 0.0394751 -0.0242314 0.0013186 0.0283517 -0.0417705 -0.1767532 -0.1594977 -0.1775700 -0.0366934 -0.0427483 -0.0005053 -0.0377210 0.0586136 -0.0352677 0.0223498 -0.0324838 -0.0336388 0.0253641 -0.0103417 -0.0375201 0.0333535 -0.0414020 0.0233868 -0.0508123 -0.0026527 -0.0310308 -0.0497930 -0.0578433 -0.0308276 -0.0517040 -0.0416924 0.2240850 -0.0436901 -0.0367800 0.0223856 0.0291119 -0.0268166 0.0087299 -0.0364935 0.0322376 -0.0133661 0.0057772 -0.0344308 0.0226912 -0.0309772 0.0100586 0.0258083 -0.0237395 -0.0413693 -0.0534363 -0.0380928 0.0235360 -0.1557632 -0.0507015 -0.0586455 -0.0696445 -0.0194555 -0.1848536 -0.0538944 0.0092940 -0.0412242 -0.0961776 -0.0441354 0.0106855 -0.0832013 -0.0236280 -0.1791565 -0.0292237 0.0302213 0.0647207 0.0415389 -0.0361651 0.0512349 -0.0174087 -0.0204824 -0.0226283 -0.1649083 0.0448845 0.0514101 -0.0396991 0.0252198 -0.1625135 -0.0413164 -0.0356231
-0.0600481 0.0154621 1.0772340 0.0634791 0.0759540 0.0700572 0.0574755 0.0672200 -0.0084346 0.0687424 -0.0480958 -0.0608013 0.0816428 -0.0753867 -0.1099626 0.0432433 0.0569104 0.0599315 0.0801649 0.0605109 0.0774387 0.0551746 0.0095607 0.0542762 0.0553597 -0.0690340 -0.1347253 -0.1255931 -0.1392922 -0.0613997 -0.0461122 -0.0052550 -0.0624355 0.0594945 -0.0220219 0.0769108 -0.0704381 -0.0495645 0.0638380 0.0499565 -0.0454295 0.0676750 -0.0492245 0.0717037 -0.0495017 0.0037115 -0.0770311 -0.0477154 -0.0351524 -0.0443649 -0.0627947 -0.0499451 0.0307243 -0.0532441 -0.0425686 0.0695593 0.0794318 -0.0503741 0.0180345 -0.0365972 0.0617312 0.0155173 0.0500613 -0.0415086 0.0789909 -0.0512862 0.0621131 0.0624634 -0.0480485 -0.0735050 -0.0771004 -0.0534772 0.0735049 -0.1212486 -0.0597929 -0.0760079 -0.0992974 -0.0698122 -0.1407598 -0.0555899 0.0676795 0.0044171 -0.0889252 -0.0659629 0.0468877 -0.0838357 -0.0608111 -0.1442020 -0.0397259 0.0421892 -0.0514013 0.0180105 -0.0589446 -0.0585918 -0.0616250 -0.0365748 -0.0648763 -0.1336261 -0.0596855 -0.0223722 -0.0551246 0.0670284 -0.1375463 -0.0550756 -0.0641584
-0.0570254 0.0274981 0.0634791 1.0033854 0.0712630 0.0553478 0.0727150 0.0645927 -0.0014305 0.0664246 -0.0624377 -0.0602387 0.0784861 -0.0599145 -0.0954609 0.0519861 0.0550813 0.0546920 0.0699584 0.0526409 0.0658222 0.0534300 0.0072754 0.0613687 0.0913682 -0.0493429 -0.1275794 -0.1159986 -0.1271989 -0.0680860 -0.0533958 0.0077995 -0.0380292 0.0858542 -0.0499298 0.0751717 -0.0338327 -0.0532264 0.0775962 0.0806098 -0.0481686 0.0634919 -0.0613706 0.0587796 -0.0584761 0.0122211 -0.0564479 -0.0576246 -0.0359067 -0.0431304 -0.0619680 -0.0794579 0.0104673 -0.0357207 -0.0511970 0.0556451 0.0730020 -0.0549368 0.0128764 -0.0608962 0.0631707 0.0392759 0.0649368 -0.0414339 0.0700718 -0.0632574 0.0556174 0.0774780 -0.0670199 -0.0794792 -0.0587443 -0.0606578 0.0653462 -0.1123056 -0.0715280 -0.0749742 -0.0860252 -0.0642819 -0.1341049 -0.0845821 0.0742201 0.0084959 -0.0865835 -0.0696565 0.0584871 -0.0804979 -0.0491545 -0.1230029 -0.0506038 0.0950324 -0.0547386 0.0251334 -0.0686031 -0.0631882 -0.0574176 -0.0470815 -0.0696670 -0.1230901 -0.0441073 -0.0580522 -0.0461763 0.0693614 -0.1231637 -0.0529702 -0.0513609
-0.0499143 0.0244111 0.0759540 0.0712630 1.0511814 0.0912885 0.0643722 0.0732558 -0.0115311 0.0825624 -0.0553564 -0.0544422 0.0729314 -0.0585667 -0.1132107 0.0577045 0.0762795 0.0454377 0.0747378 0.0684260 0.0521613 0.0490299 0.0097625 0.0512358 0.0615799 -0.0604463 -0.1357227 -0.1268633 -0.1376728 -0.0684192 -0.0545689 -0.0050511 -0.0406217 0.0659954 -0.0599649 0.0771219 -0.0644332 -0.0444338 0.0751674 0.0716891 -0.0572347 0.0885081 -0.0642534 0.0652157 -0.0518129 0.0074075 -0.0724311 -0.0618379 -0.0562251 -0.0438014 -0.0583980 -0.0583211 0.0265864 -0.0575476 -0.0463286 0.0660307 0.0956678 -0.0570071 0.0121439 -0.0339555 0.0682610 0.0102935 0.0737883 -0.0588085 0.0759426 -0.0628258 0.0553237 0.0619527 -0.0703767 -0.0854858 -0.0711480 -0.0721852 0.0755170 -0.1172928 -0.0536018 -0.0742974 -0.0870076 -0.0761677 -0.1440052 -0.0525969 0.0624002 0.0155220 -0.0965188 -0.0657154 0.0590345 -0.0826357 -0.0344249 -0.1320864 -0.0582311 0.0606174 -0.0486367 0.0277613 -0.0739129 -0.0416876 -0.0466011 -0.0503463 -0.0611693 -0.1400371 -0.0665861 -0.0526910 -0.0509561 0.0667241 -0.1319293 -0.0469174 -0.0546880
-0.0669397 0.0252336 0.0700572 0.0553478 0.0912885 1.0120590 0.0874393 0.0789185 0.0106102 0.0606657 -0.0445990 -0.0323417 0.0586950 -0.0617862 -0.1060875 0.0587384 0.0485053 0.0866611 0.0664396 0.0831912 0.0694194 0.0611602 0.0104994 0.0462909 0.0552406 -0.0603881 -0.1324953 -0.1232345 -0.1349380 -0.0647124 -0.0584647 0.0023883 -0.0622100 0.0582892 -0.0454092 0.0765309 -0.0573679 -0.0593765 0.0852777 0.0731728 -0.0432817 0.0793264 -0.0650027 0.0648027 -0.0754928 0.0040912 -0.0641361 -0.0604317 -0.0450206 -0.0346940 -0.0636696 -0.0587649 0.0182400 -0.0634154 -0.0452696 0.0687875 0.0572872 -0.0560055 0.0309824 -0.0489416 0.0694194 0.0326955 0.0633272 -0.0375386 0.0754240 -0.0650994 0.0789235 0.0584390 -0.0573953 -0.0730063 -0.0705398 -0.0745871 0.0577223 -0.1179796 -0.0624103 -0.0734033 -0.0914679 -0.0704817 -0.1410955 -0.0751144 0.0685483 0.0155798 -0.0919919 -0.0668570 0.0662870 -0.0871778 -0.0537914 -0.1291493 -0.0537673 0.0592187 -0.0492008 -0.0020618 -0.0492662 -0.0449881 -0.0377935 -0.0534374 -0.0438477 -0.1302011 -0.0552583 -0.0458332 -0.0663427 0.0730266 -0.1319926 -0.0710533 -0.0616720
-0.0412692 0.0298484 0.0574755 0.0727150 0.0643722 0.0874393 1.0498295 0.0858433 0.0257873 0.0903196 -0.0634542 -0.0487733 0.0866868 -0.0528723 -0.1003102 0.0678708 0.0420078 0.0598598 0.0671138 0.0714892 0.0748841 0.0635798 -0.0045331 0.0495177 0.0663891 -0.0797046 -0.1216109 -0.1099289 -0.1224533 -0.0643842 -0.0718364 0.0101897 -0.0718762 0.0603580 -0.0591480 0.0837349 -0.0629180 -0.0490224 0.0799667 0.0866495 -0.0490797 0.0861463 -0.0633677 0.0314539 -0.0400563 0.0015654 -0.0598460 -0.0524480 -0.0636178 -0.0666482 -0.0741202 -0.0544626 0.0098397 -0.0668504 -0.0463591 0.0647561 0.0740968 -0.0644764 0.0236035 -0.0486838 0.0565275 0.0385430 0.0625805 -0.0528176 0.0808079 -0.0510597 0.0625430 0.0789035 -0.0563610 -0.0583879 -0.0654844 -0.0526329 0.0575545 -0.1102213 -0.0625159 -0.0722896 -0.0936312 -0.0467810 -0.1340519 -0.0743681 0.0584250 0.0145758 -0.0903686 -0.0513486 0.0517702 -0.0871046 -0.0826356 -0.1158654 -0.0678457 0.0683828 -0.0592333 0.0181627 -0.0532752 -0.0498059 -0.0706334 -0.0431684 -0.0562867 -0.1122604 -0.0490103 -0.0715418 -0.0605788 0.0746648 -0.1313073 -0.0518644 -0.0493270
-0.0643395 0.0196559 0.0672200 0.0645927 0.0732558 0.0789185 0.0858433 1.0380647 -0.0010645 0.0876459 -0.0424715 -0.0419766 0.0628445 -0.0702202 -0.0715537 0.0591644 0.0701646 0.0629305 0.0733463 0.0622108 0.0746891 0.0673124 0.0169120 0.0530547 0.0561136 -0.0550849 -0.0984411 -0.0954936 -0.1034799 -0.0569298 -0.0557708 0.0070470 -0.0631283 0.0676085 -0.0572741 0.0549356 -0.0637320 -0.0630189 0.0746659 0.0724077 -0.0696229 0.0648846 -0.0564526 0.0548533 -0.0685312 -0.0124579 -0.0674267 -0.0443858 -0.0459555 -0.0337986 -0.0738554 -0.0599431 0.0110843 -0.0525765 -0.0507610 0.0599534 0.0628005 -0.0698243 0.0155529 -0.0625337 0.0774410 0.0348947 0.0844859 -0.0456946 0.0749177 -0.0610107 0.0561906 0.0533846 -0.0502710 -0.0590544 -0.0586577 -0.0576480 0.0594531 -0.0880844 -0.0623503 -0.0672906 -0.0813110 -0.0612705 -0.1105199 -0.0748487 0.0709366 0.0243157 -0.0757962 -0.0435036 0.0658813 -0.0747055 -0.0676936 -0.1026796 -0.0751576 0.0546513 -0.0445558 0.0114428 -0.0626221 -0.0546766 -0.0519871 -0.0518552 -0.0760908 -0.1023893 -0.0604622 -0.0529644 -0.0537277 0.0662803 -0.1050038 -0.0559717 -0.0589539
-0.0281923 -0.0176470 -0.0084346 -0.0014305 -0.0115311 0.0106102 0.0257873 -0.0010645 0.9845091 0.0197825 0.0080842 0.0056283 0.0047275 0.0016369 0.0897291 0.0116546 0.0206478 -0.0060919 0.0036687 -0.0037817 -0.0095327 -0.0079692 -0.0155127 0.0166661 0.0030151 -0.0047930 0.0805625 0.0761613 0.0798496 -0.0087967 -0.0296278 -0.0117655 -0.0072055 0.0133448 -0.0417010 -0.0071801 -0.0026478 -0.0181904 -0.0104751 -0.0059752 -0.0292560 -0.0117589 -0.0197078 -0.0046122 -0.0403426 -0.0117878 -0.0195996 -0.0190470 -0.0184661 -0.0206778 -0.0166226 -0.0306168 -0.0186199 -0.0133848 -0.0140723 0.0085394 0.0050187 -0.0182691 0.0074564 -0.0270791 -0.0092348 0.0243993 -0.0047195 -0.0058607 -0.0056753 -0.0122408 0.0043548 0.0086603 -0.0312415 -0.0034801 0.0044726 -0.0170457 0.0047936 0.0654044 -0.0249504 -0.0170189 0.0181698 -0.0181083 0.0872390 -0.0215356 0.0120595 0.0380213 0.0356884 -0.0168040 0.0238333 0.0363268 -0.0251418 0.0756935 -0.0141677 0.0098502 -0.0262126 -0.0212372 -0.0233281 -0.0323216 -0.0286033 -0.0054093 -0.0178593 0.0771600 -0.0411616 -0.0487782 -0.0173513 -0.0118373 0.0759397 -0.0295002 -0.0213886
-0.0680198 0.0338334 0.0687424 0.0664246 0.0825624 0.0606657 0.0903196 0.0876459 0.0197825 1.0105914 -0.0502485 -0.0516701 0.0742551 -0.0666417 -0.0214004 0.0622577 0.0662520 0.0887409 0.0551986 0.0663956 0.0794637 0.0863998 0.0262397 0.0764328 0.0828345 -0.0785321 -0.0538592 -0.0605041 -0.0647995 -0.0746014 -0.0761280 0.0066230 -0.0583362 0.0719737 -0.0674338 0.0774910 -0.0782756 -0.0786555 0.0767461 0.0616294 -0.0758917 0.0689534 -0.0651641 0.0547298 -0.0825483 -0.0139586 -0.0777861 -0.0668261 -0.0484264 -0.0560531 -0.0742500 -0.0808239 0.0316249 -0.0631398 -0.0653049 0.0643960 0.0790861 -0.0736196 0.0317829 -0.0535342 0.0679895 0.0615733 0.0693343 -0.0578249 0.0882235 -0.0575339 0.0688471 0.0410454 -0.0636092 -0.0723924 -0.0601053 -0.0597775 0.0758894 -0.0560993 -0.0625732 -0.0880088 -0.0772167 -0.0857923 -0.0716821 -0.0768635 0.0647523 0.0372768 -0.0659218 -0.0605083 0.0871876 -0.0587103 -0.0581151 -0.0633606 -0.0732261 0.0680777 -0.0673476 0.0040375 -0.0574748 -0.0512802 -0.0628736 -0.0437032 -0.0579621 -0.0668073 -0.0601752 -0.0698834 -0.0593202 0.0501957 -0.0721086 -0.0611632 -0.0657499
0.0456075 -0.0476460 -0.0480958 -0.0624377 -0.0553564 -0.0445990 -0.0634542 -0.0424715 0.0080842 -0.0502485 1.0261922 0.0400821 -0.0524451 0.0346257 -0.1118018 -0.0518228 -0.0687783 -0.0574142 -0.0580349 -0.0622258 -0.0670194 -0.0626906 -0.0048404 -0.0839022 -0.0636482 0.0274723 -0.0880227 -0.0579995 -0.0791387 0.0578282 0.0513337 -0.0076044 0.0435298 -0.0767398 0.0611598 -0.0632205 0.0343560 0.0652192 -0.0523498 -0.0466446 0.0487432 -0.0490209 0.0658483 -0.0584827 0.0399466 -0.0002586 0.0368343 0.0483359 0.0278195 0.0448554 0.0413863 0.0428334 -0.0303571 0.0450883 0.0439419 -0.0452583 -0.0538996 0.0624719 -0.0328835 0.0319672 -0.0447787 -0.1111999 -0.0418622 0.0355704 -0.0489917 0.0417501 -0.0584056 -0.0416662 0.0427400 0.0429881 0.0274830 0.0322101 -0.0588411 -0.0615752 0.0509521 0.0522685 0.0184522 0.0260627 -0.0804868 0.0401475 -0.0751902 -0.0848470 -0.0127867 0.0351193 -0.0860142 -0.0237896 0.0292866 -0.0852300 0.0330203 -0.0590579 -0.0035340 -0.0122194 0.0408498 0.0029553 0.0493286 0.0363449 0.0320274 -0.0718999 0.0061200 0.0084100 0.0555007 -0.0661063 -0.0719296 0.0486655 0.0306435
0.0186024 -0.0490062 -0.0608013 -0.0602387 -0.0544422 -0.0323417 -0.0487733 -0.0419766 0.0056283 -0.0516701 0.0400821 0.9848616 -0.0829514 0.0423536 -0.0346205 -0.0557710 -0.0731418 -0.0592532 -0.0637295 -0.0662113 -0.0464333 -0.0675343 -0.0119880 -0.0619389 -0.0665771 0.0540841 -0.0090661 0.0109227 0.0029372 0.0450457 0.0326424 -0.0089143 0.0239728 -0.0520772 0.0189945 -0.0619131 0.0351535 0.0351331 -0.0448557 -0.0497567 0.0441719 -0.0565628 0.0512698 -0.0614405 0.0380190 -0.0105190 0.0339876 0.0640656 0.0344453 0.0333715 0.0450821 0.0403227 -0.0331849 0.0414739 0.0433550 -0.0656031 -0.0599448 0.0527479 -0.0292154 0.0290202 -0.0602429 -0.0840370 -0.0500629 0.0167273 -0.0493667 0.0345031 -0.0463024 -0.0634643 0.0318860 0.0428684 0.0418491 0.0296396 -0.0521115 0.0061098 0.0634734 0.0332245 0.0402328 0.0412981 -0.0001673 0.0305809 -0.0637135 -0.0531274 0.0207514 0.0282685 -0.0588398 0.0145936 0.0353902 -0.0081731 0.0244628 -0.0558345 0.0031231 -0.0347220 0.0264662 -0.0039970 0.0406206 0.0456703 0.0454577 0.0026821 0.0072268 0.0011290 0.0221099 -0.0555335 0.0010673 0.0385532 0.0288974
-0.0561059 0.0194613 0.0816428 0.0784861 0.0729314 0.0586950 0.0866868 0.0628445 0.0047275 0.0742551 -0.0524451 -0.0829514 1.0421773 -0.0464655 -0.0624705 0.0738220 0.0752712 0.0684320 0.0657291 0.0624574 0.0678926 0.0721636 0.0044795 0.0498942 0.0770624 -0.0638552 -0.0950539 -0.0953829 -0.1026227 -0.0618288 -0.0737175 0.0028827 -0.0524716 0.0633513 -0.0528721 0.1017180 -0.0670909 -0.0491327 0.0643776 0.0701171 -0.0566772 0.0767511 -0.0521881 0.0736736 -0.0783938 -0.0120676 -0.0819037 -0.0594221 -0.0532513 -0.0605258 -0.0687020 -0.0734534 0.0205104 -0.0604399 -0.0632632 0.0625014 0.0921478 -0.0718106 0.0271020 -0.0496438 0.0795454 0.0284898 0.0663800 -0.0458199 0.0664100 -0.0662073 0.0609371 0.0701569 -0.0729207 -0.0766215 -0.0650201 -0.0560589 0.0576486 -0.0941128 -0.0670178 -0.0593983 -0.0918427 -0.0649152 -0.1128081 -0.0661319 0.0785161 0.0263310 -0.0763076 -0.0704797 0.0786424 -0.0728765 -0.0491415 -0.1029066 -0.0696471 0.0435143 -0.0650948 -0.0031761 -0.0660849 -0.0595419 -0.0576859 -0.0567493 -0.0441911 -0.1034520 -0.0399024 -0.0660627 -0.0479504 0.0707021 -0.1125846 -0.0645880 -0.0535175
0.0291199 -0.0458073 -0.0753867 -0.0599145 -0.0585667 -0.0617862 -0.0528723 -0.0702202 0.0016369 -0.0666417 0.0346257 0.0423536 -0.0464655 1.0022556 0.0753548 -0.0552472 -0.0405780 -0.0512172 -0.0600032 -0.0621505 -0.0603727 -0.0516072 -0.0223870 -0.0509192 -0.0727603 0.0467806 0.0979421 0.0937397 0.0987723 0.0322641 0.0380910 -0.0233516 0.0499957 -0.0496357 0.0213920 -0.0596326 0.0397106 0.0386860 -0.0749386 -0.0588515 0.0040098 -0.0647025 0.0310048 -0.0530892 0.0194581 -0.0148455 0.0430976 0.0203956 0.0190162 0.0302900 0.0302086 0.0291927 -0.0425960 0.0211747 0.0190685 -0.0596965 -0.0695339 0.0357915 -0.0242520 0.0250202 -0.0742982 -0.0605996 -0.0819342 0.0368175 -0.0652146 0.0513368 -0.0593879 -0.0425118 0.0239844 0.0448781 0.0608797 0.0425918 -0.0651057 0.0919260 0.0379879 0.0414945 0.0669094 0.0291502 0.0989683 0.0551950 -0.0604269 -0.0122927 0.0683724 0.0302944 -0.0557953 0.0548061 0.0279899 0.0871561 0.0422334 -0.0446431 -0.0196127 -0.0463723 0.0351548 -0.0095970 0.0172016 0.0028646 0.0322364 0.0980721 0.0041609 -0.0153842 0.0306881 -0.0721868 0.0893596 0.0346631 0.0341298
-0.1413757 -0.1690708 -0.1099626 -0.0954609 -0.1132107 -0.1060875 -0.1003102 -0.0715537 0.0897291 -0.0214004 -0.1118018 -0.0346205 -0.0624705 0.0753548 2.1763573 -0.0536283 0.0741698 -0.0610384 -0.0729169 -0.0223419 -0.0959408 -0.0024925 -0.0728167 0.1486710 -0.1330174 -0.0070654 1.2765585 1.0372629 1.1875514 -0.0516294 -0.0555214 -0.1167394 -0.0963677 -0.0940288 -0.1221490 -0.0855919 -0.0979055 -0.0984202 -0.1062130 -0.0934090 -0.1254661 -0.1279316 -0.0995648 -0.0785846 -0.1305092 -0.0973718 -0.0810295 -0.0934211 -0.1045241 -0.0529627 -0.0804471 -0.0892677 -0.1821662 -0.1042973 -0.1112659 -0.0682266 -0.1004902 -0.1249660 -0.0465174 -0.1105419 -0.1216551 0.5232028 -0.0737952 -0.0825930 -0.1198779 -0.1074679 -0.1116682 -0.1035286 -0.0730185 0.0426977 0.1087200 0.0566719 0.0351901 1.0276133 -0.0975726 -0.0364180 0.2946635 -0.0447079 1.2717928 0.0118171 -0.0267420 0.5029905 0.5522538 -0.0795870 0.1312595 0.5620764 -0.0854572 1.2221857 -0.0649762 -0.0630456 -0.1642122 -0.1612549 -0.0643863 -0.1988702 -0.1330581 -0.1014670 -0.0558292 1.1202509 -0.1549710 -0.1877263 -0.0769956 -0.0880451 1.1643111 -0.0840873 -0.0631995
-0.0595248 0.0256646 0.0432433 0.0519861 0.0577045 0.0587384 0.0678708 0.0591644 0.0116546 0.0622577 -0.0518228 -0.0557710 0.0738220 -0.0552472 -0.0536283 1.0408486 0.0699368 0.0709466 0.0781589 0.0752622 0.0716774 0.0685591 0.0003390 0.0591435 0.0577444 -0.0652772 -0.1047073 -0.1047175 -0.1121661 -0.0696359 -0.0702354 0.0255536 -0.0475838 0.0810744 -0.0447782 0.0520498 -0.0492153 -0.0516054 0.0543475 0.0560795 -0.0544262 0.0589248 -0.0473178 0.0626175 -0.0359022 -0.0111907 -0.0456727 -0.0509190 -0.0506261 -0.0501334 -0.0588750 -0.0562427 0.0324754 -0.0642413 -0.0407231 0.0711864 0.0750921 -0.0451887 0.0159047 -0.0534003 0.0476106 0.0341871 0.0524117 -0.0508800 0.0694503 -0.0682017 0.0664674 0.0714939 -0.0723966 -0.0572495 -0.0597708 -0.0650367 0.0548410 -0.1008117 -0.0618662 -0.0605439 -0.0870486 -0.0630279 -0.1205445 -0.0728121 0.0537311 0.0179294 -0.0733365 -0.0497894 0.0685538 -0.0740559 -0.0629201 -0.1037089 -0.0797964 0.0580246 -0.0430769 0.0005505 -0.0589243 -0.0453930 -0.0550379 -0.0470215 -0.0588093 -0.1112260 -0.0292672 -0.0451289 -0.0614095 0.0620391 -0.1114636 -0.0605427 -0.0528707
-0.0714771 0.0065436 0.0569104 0.0550813 0.0762795 0.0485053 0.0420078 0.0701646 0.0206478 0.0662520 -0.0687783 -0.0731418 0.0752712 -0.0405780 0.0741698 0.0699368 1.1167140 0.0744453 0.0718626 0.0714704 0.0568248 0.0794479 0.0053843 0.0909620 0.0538072 -0.0502137 0.0329989 0.0127465 0.0267926 -0.0857279 -0.0427648 0.0050828 -0.0678236 0.0471883 -0.0659957 0.0610328 -0.0684719 -0.0804235 0.0680192 0.0580462 -0.0611076 0.0744337 -0.0764420 0.0656504 -0.0710038 -0.0135650 -0.0461912 -0.0694675 -0.0549290 -0.0522328 -0.0926279 -0.0821230 0.0108414 -0.0590822 -0.0544657 0.0802815 0.0676209 -0.0813802 0.0070699 -0.0701557 0.0588857 0.0514680 0.0474730 -0.0592157 0.0502508 -0.0846156 0.0661481 0.0458695 -0.0716833 -0.0661203 -0.0568586 -0.0728335 0.0819378 0.0149158 -0.0748539 -0.0804250 -0.0599119 -0.0789939 0.0204495 -0.0756710 0.0928532 0.0816225 -0.0180007 -0.0644404 0.0836311 -0.0095945 -0.0707109 0.0273231 -0.0685438 0.0622365 -0.0641092 -0.0094648 -0.0873515 -0.0837657 -0.0815091 -0.0756462 -0.0614126 0.0175071 -0.0748952 -0.0688432 -0.0800880 0.0645079 0.0140980 -0.0862584 -0.0524175
-0.0540538 0.0389970 0.0599315 0.0546920 0.0454377 0.0866611 0.0598598 0.0629305 -0.0060919 0.0887409 -0.0574142 -0.0592532 0.0684320 -0.0512172 -0.0610384 0.0709466 0.0744453 1.0395336 0.0524720 0.0641801 0.0738299 0.0747760 0.0016894 0.0595194 0.0628488 -0.0568982 -0.1048119 -0.0937615 -0.1059271 -0.0734383 -0.0390035 0.0016728 -0.0834418 0.0734836 -0.0549081 0.0665153 -0.0674411 -0.0666741 0.0676408 0.0564039 -0.0584796 0.0808617 -0.0561701 0.0830650 -0.0559159 0.0099911 -0.0623389 -0.0658484 -0.0379300 -0.0610297 -0.0611807 -0.0770842 0.0394136 -0.0498973 -0.0626727 0.0939301 0.0837825 -0.0513552 0.0259239 -0.0728871 0.0631479 0.0609017 0.0691444 -0.0446452 0.0729532 -0.0708391 0.0482363 0.0594117 -0.0737498 -0.0629496 -0.0766955 -0.0708842 0.0368747 -0.0901420 -0.0650617 -0.0522204 -0.0912590 -0.0847459 -0.1112321 -0.0830905 0.0684104 0.0262479 -0.0780073 -0.0531831 0.0761080 -0.0761893 -0.0499612 -0.1029466 -0.0568570 0.0564493 -0.0372136 0.0215438 -0.0636486 -0.0541578 -0.0683668 -0.0488553 -0.0595440 -0.1015654 -0.0549495 -0.0359260 -0.0531954 0.0589032 -0.1038099 -0.0624228 -0.0515099
-0.0568362 0.0171043 0.0801649 0.0699584 0.0747378 0.0664396 0.0671138 0.0733463 0.0036687 0.0551986 -0.0580349 -0.0637295 0.0657291 -0.0600032 -0.0729169 0.0781589 0.0718626 0.0524720 1.0260736 0.0755680 0.0666628 0.0524027 0.0111804 0.0649448 0.0703818 -0.0808172 -0.1011289 -0.0996235 -0.1037682 -0.0694255 -0.0663043 0.0256134 -0.0485429 0.0724611 -0.0428111 0.0566736 -0.0600696 -0.0546575 0.0607509 0.0523222 -0.0521475 0.0562249 -0.0633266 0.0805774 -0.0744328 0.0081384 -0.0717524 -0.0484708 -0.0540169 -0.0615399 -0.0764490 -0.0669414 0.0187479 -0.0552780 -0.0565860 0.0686416 0.0841476 -0.0719685 0.0173083 -0.0446442 0.0561948 0.0502791 0.0721458 -0.0418523 0.0665087 -0.0670962 0.0658448 0.0688300 -0.0548015 -0.0738871 -0.0662586 -0.0663620 0.0603757 -0.0894431 -0.0747968 -0.0703878 -0.0871926 -0.0654299 -0.1100958 -0.0834088 0.0572439 0.0224705 -0.0708115 -0.0715609 0.0580471 -0.0647921 -0.0658266 -0.1010322 -0.0635343 0.0620647 -0.0554747 0.0180892 -0.0554263 -0.0491018 -0.0504461 -0.0467709 -0.0820336 -0.0923546 -0.0374869 -0.0505044 -0.0593816 0.0680112 -0.0994917 -0.0478238 -0.0660741
-0.0544064 0.0357352 0.0605109 0.0526409 0.0684260 0.0831912 0.0714892 0.0622108 -0.0037817 0.0663956 -0.0622258 -0.0662113 0.0624574 -0.0621505 -0.0223419 0.0752622 0.0714704 0.0641801 0.0755680 1.0318443 0.0725783 0.0811374 -0.0023434 0.0661184 0.0767772 -0.0760983 -0.0524976 -0.0597198 -0.0598509 -0.0736778 -0.0684624 -0.0128855 -0.0526381 0.0695594 -0.0428784 0.0645170 -0.0661576 -0.0546653 0.0739249 0.0551596 -0.0592093 0.0719383 -0.0802439 0.0509799 -0.0637274 0.0162589 -0.0649606 -0.0662859 -0.0590109 -0.0541698 -0.0837602 -0.0585302 0.0174205 -0.0595466 -0.0581806 0.0770502 0.0685977 -0.0583152 0.0156326 -0.0512835 0.0875455 0.0613703 0.0478387 -0.0566888 0.0744256 -0.0767691 0.0794951 0.0720489 -0.0662358 -0.0735302 -0.0622239 -0.0620834 0.0668629 -0.0574056 -0.0799405 -0.0677247 -0.0630124 -0.0792545 -0.0687975 -0.0683723 0.0820827 0.0390826 -0.0597153 -0.0666931 0.0676054 -0.0512332 -0.0670463 -0.0588573 -0.0654337 0.0550180 -0.0580711 0.0107237 -0.0653975 -0.0498792 -0.0652925 -0.0643450 -0.0740812 -0.0579035 -0.0533981 -0.0631917 -0.0562470 0.0684526 -0.0656289 -0.0891919 -0.0637302
-0.0586849 0.0433498 0.0774387 0.0658222 0.0521613 0.0694194 0.0748841 0.0746891 -0.0095327 0.0794637 -0.0670194 -0.0464333 0.0678926 -0.0603727 -0.0959408 0.0716774 0.0568248 0.0738299 0.0666628 0.0725783 1.0014397 0.0820924 0.0204893 0.0738815 0.0632186 -0.0492267 -0.1359184 -0.1291884 -0.1351988 -0.0681436 -0.0702278 0.0085007 -0.0462047 0.0666344 -0.0512316 0.0677764 -0.0564348 -0.0614863 0.0607937 0.0527485 -0.0532555 0.0688382 -0.0582640 0.0780988 -0.0586572 0.0051988 -0.0609626 -0.0542987 -0.0628682 -0.0397774 -0.0667701 -0.0521728 0.0127245 -0.0626993 -0.0542933 0.0540199 0.0672238 -0.0655884 0.0081034 -0.0474581 0.0701618 0.0310600 0.0627934 -0.0597732 0.0849261 -0.0396575 0.0541215 0.0779814 -0.0628688 -0.0682114 -0.0712398 -0.0647289 0.0631499 -0.1166929 -0.0552711 -0.0482283 -0.0847515 -0.0744256 -0.1481403 -0.0680771 0.0726212 0.0090548 -0.0978863 -0.0519791 0.0662762 -0.0859457 -0.0700977 -0.1345402 -0.0667525 0.0834817 -0.0421285 0.0350074 -0.0693620 -0.0510617 -0.0681871 -0.0555398 -0.0706826 -0.1321801 -0.0476665 -0.0341206 -0.0630654 0.0686645 -0.1370219 -0.0518370 -0.0467158
-0.0605122 0.0394751 0.0551746 0.0534300 0.0490299 0.0611602 0.0635798 0.0673124 -0.0079692 0.0863998 -0.0626906 -0.0675343 0.0721636 -0.0516072 -0.0024925 0.0685591 0.0794479 0.0747760 0.0524027 0.0811374 0.0820924 1.0351765 0.0008414 0.0865833 0.0674244 -0.0727818 -0.0300770 -0.0382130 -0.0380638 -0.0794231 -0.0695813 -0.0033123 -0.0524744 0.0529117 -0.0802070 0.0745019 -0.0641993 -0.0730161 0.0639016 0.0503137 -0.0598509 0.0478492 -0.0652598 0.0540261 -0.0676516 -0.0062967 -0.0467331 -0.0605867 -0.0433109 -0.0634949 -0.0703857 -0.0696196 0.0153555 -0.0640690 -0.0493078 0.0503517 0.0716402 -0.0635060 0.0237178 -0.0719817 0.0757045 0.0681973 0.0644758 -0.0543847 0.0738648 -0.0518893 0.0674158 0.0638899 -0.0658319 -0.0660205 -0.0540007 -0.0701346 0.0679634 -0.0382945 -0.0806212 -0.0775868 -0.0619596 -0.0722838 -0.0434353 -0.0667818 0.0884846 0.0592691 -0.0462957 -0.0722082 0.0755934 -0.0363960 -0.0660137 -0.0325858 -0.0807200 0.0503065 -0.0506392 0.0172831 -0.0774317 -0.0389351 -0.0812526 -0.0628864 -0.0657586 -0.0387077 -0.0549458 -0.0462093 -0.0815442 0.0615260 -0.0400633 -0.0642140 -0.0692863
-0.0005633 -0.0242314 0.0095607 0.0072754 0.0097625 0.0104994 -0.0045331 0.0169120 -0.0155127 0.0262397 -0.0048404 -0.0119880 0.0044795 -0.0223870 -0.0728167 0.0003390 0.0053843 0.0016894 0.0111804 -0.0023434 0.0204893 0.0008414 0.9209044 0.0032251 -0.0089276 -0.0130986 -0.0775439 -0.0546760 -0.0717360 -0.0119448 -0.0269808 -0.0101632 -0.0109088 0.0153132 -0.0132061 0.0042797 -0.0067330 -0.0149355 0.0125624 0.0040904 -0.0005034 0.0084249 -0.0137113 0.0213313 -0.0070909 0.0063179 -0.0029113 -0.0013843 -0.0057989 -0.0016236 -0.0234983 -0.0053253 -0.0102196 0.0044719 -0.0061823 0.0115310 0.0116811 -0.0099327 0.0079459 0.0047512 0.0116970 -0.0370507 0.0128917 0.0017378 -0.0153066 -0.0129141 -0.0004161 0.0072964 -0.0151982 -0.0065219 -0.0197582 0.0011559 -0.0082431 -0.0589409 0.0035621 -0.0056382 -0.0268766 -0.0188647 -0.0784700 -0.0151736 0.0063430 -0.0262757 -0.0365812 -0.0055823 -0.0027020 -0.0439735 0.0077053 -0.0802605 -0.0007505 0.0017695 -0.0450303 -0.0166795 -0.0109346 -0.0272572 0.0053536 -0.0045197 0.0067343 -0.0679371 -0.0351600 -0.0381758 -0.0131136 -0.0023929 -0.0682425 -0.0095088 -0.0160495
-0.0864596 0.0013186 0.0542762 0.0613687 0.0512358 0.0462909 0.0495177 0.0530547 0.0166661 0.0764328 -0.0839022 -0.0619389 0.0498942 -0.0509192 0.1486710 0.0591435 0.0909620 0.0595194 0.0649448 0.0661184 0.0738815 0.0865833 0.0032251 1.0755024 0.0777277 -0.0677594 0.1080459 0.0845165 0.0942132 -0.0778718 -0.0764873 -0.0178257 -0.0716568 0.0478647 -0.0861276 0.0539630 -0.0805830 -0.0697322 0.0725682 0.0612251 -0.0911460 0.0599863 -0.0850535 0.0611065 -0.0867096 -0.0167553 -0.0756544 -0.0695992 -0.0675705 -0.0875780 -0.0790424 -0.0787636 -0.0098312 -0.0821805 -0.0677705 0.0656786 0.0539264 -0.0791672 -0.0013358 -0.0824332 0.0361837 0.1130452 0.0672848 -0.0612808 0.0590762 -0.0878226 0.0512395 0.0619302 -0.0652791 -0.0656325 -0.0536527 -0.0539800 0.0713292 0.0801284 -0.0917047 -0.0852031 -0.0184153 -0.0712595 0.1032059 -0.0608017 0.0584817 0.1108353 0.0148620 -0.0855070 0.1066601 0.0295901 -0.0737268 0.0982109 -0.0827163 0.0865950 -0.0767707 -0.0052480 -0.0813891 -0.0746265 -0.0884064 -0.0662260 -0.0870592 0.0948065 -0.0637142 -0.0637182 -0.0856174 0.0652115 0.0961191 -0.0895398 -0.0692827
-0.0617372 0.0283517 0.0553597 0.0913682 0.0615799 0.0552406 0.0663891 0.0561136 0.0030151 0.0828345 -0.0636482 -0.0665771 0.0770624 -0.0727603 -0.1330174 0.0577444 0.0538072 0.0628488 0.0703818 0.0767772 0.0632186 0.0674244 -0.0089276 0.0777277 1.1151121 -0.0429457 -0.1683256 -0.1500002 -0.1696908 -0.0824452 -0.0612328 0.0159088 -0.0687494 0.0646324 -0.0611012 0.0532379 -0.0469224 -0.0457588 0.0964258 0.0773243 -0.0514430 0.0693108 -0.0534920 0.0808916 -0.0314449 0.0034061 -0.0511067 -0.0516304 -0.0482986 -0.0632548 -0.0666389 -0.0608777 0.0466253 -0.0662051 -0.0726351 0.0756143 0.0572643 -0.0407527 0.0184617 -0.0567501 0.0940855 0.0195848 0.0730049 -0.0459792 0.0731897 -0.0580409 0.0704651 0.0711372 -0.0614360 -0.0837558 -0.0793956 -0.0689772 0.0684982 -0.1496409 -0.0491065 -0.0727065 -0.0945248 -0.0723819 -0.1740410 -0.0903950 0.0615032 -0.0067457 -0.1126127 -0.0751879 0.0707573 -0.1054557 -0.0530910 -0.1627890 -0.0756231 0.0742460 -0.0478573 0.0141131 -0.0695137 -0.0698394 -0.0649462 -0.0516881 -0.0677392 -0.1594547 -0.0266825 -0.0455279 -0.0519510 0.0867017 -0.1618778 -0.0659927 -0.0390832
0.0507373 -0.0417705 -0.0690340 -0.0493429 -0.0604463 -0.0603881 -0.0797046 -0.0550849 -0.0047930 -0.0785321 0.0274723 0.0540841 -0.0638552 0.0467806 -0.0070654 -0.0652772 -0.0502137 -0.0568982 -0.0808172 -0.0760983 -0.0492267 -0.0727818 -0.0130986 -0.0677594 -0.0429457 1.0219963 0.0211270 0.0378391 0.0320798 0.0317928 0.0632898 -0.0045763 0.0508953 -0.0604843 0.0435271 -0.0668354 0.0445692 0.0416111 -0.0636844 -0.0575653 0.0447217 -0.0776434 0.0426581 -0.0714195 0.0330037 0.0019034 0.0606056 0.0685266 0.0441935 0.0217900 0.0482046 0.0449076 -0.0472266 0.0327856 0.0496713 -0.0676698 -0.0750699 0.0402696 -0.0233192 0.0578360 -0.0768298 -0.0938956 -0.0653536 0.0511314 -0.0572983 0.0330923 -0.0627383 -0.0676191 0.0306340 0.0516063 0.0488188 0.0488544 -0.0682411 0.0274424 0.0515427 0.0312281 0.0462007 0.0455919 0.0292102 0.0501037 -0.0734457 -0.0466859 0.0330295 0.0493429 -0.0598849 0.0230333 0.0436668 0.0185520 0.0365216 -0.0578636 -0.0155005 -0.0444010 0.0358064 -0.0036509 0.0268449 0.0162379 0.0271729 0.0212889 0.0114804 -0.0053312 0.0470456 -0.0719735 0.0283791 0.0464537 0.0585836
-0.1198001 -0.1767532 -0.1347253 -0.1275794 -0.1357227 -0.1324953 -0.1216109 -0.0984411 0.0805625 -0.0538592 -0.0880227 -0.0090661 -0.0950539 0.0979421 1.2765585 -0.1047073 0.0329989 -0.1048119 -0.1011289 -0.0524976 -0.1359184 -0.0300770 -0.0775439 0.1080459 -0.1683256 0.0211270 2.1673310 1.0492622 1.1972315 -0.0118207 -0.0135485 -0.1240357 -0.0724526 -0.1180633 -0.0963794 -0.1164238 -0.0736679 -0.0878575 -0.1372378 -0.1195210 -0.1009762 -0.1526449 -0.0729135 -0.1094486 -0.1023450 -0.0947143 -0.0602866 -0.0703692 -0.0848437 -0.0240990 -0.0439808 -0.0604598 -0.1913094 -0.0812202 -0.0951140 -0.0971199 -0.1332882 -0.0985722 -0.0588207 -0.0848299 -0.1464783 0.4938843 -0.0985682 -0.0742808 -0.1479410 -0.0798625 -0.1379184 -0.1270385 -0.0467643 0.0742878 0.1341473 0.0758323 0.0123301 1.0409460 -0.0711156 -0.0079972 0.3240492 -0.0235144 1.2795813 0.0526702 -0.0594052 0.4751903 0.5642429 -0.0565691 0.0990549 0.5712493 -0.0610784 1.2215261 -0.0389036 -0.0919330 -0.1490361 -0.1712576 -0.0385497 -0.1877842 -0.0967888 -0.0778418 -0.0292714 1.1301060 -0.1395841 -0.1662459 -0.0512997 -0.1236824 1.1814423 -0.0587568 -0.0452940
-0.0828885 -0.1594977 -0.1255931 -0.1159986 -0.1268633 -0.1232345 -0.1099289 -0.0954936 0.0761613 -0.0605041 -0.0579995 0.0109227 -0.0953829 0.0937397 1.0372629 -0.1047175 0.0127465 -0.0937615 -0.0996235 -0.0597198 -0.1291884 -0.0382130 -0.0546760 0.0845165 -0.1500002 0.0378391 1.0492622 1.9230944 1.0174898 0.0110632 0.0016969 -0.1011649 -0.0485075 -0.1084973 -0.0711262 -0.1126287 -0.0512564 -0.0611595 -0.1261218 -0.1071357 -0.0748785 -0.1426847 -0.0482210 -0.1077101 -0.0781924 -0.0745212 -0.0418969 -0.0492481 -0.0633194 -0.0017244 -0.0256578 -0.0429465 -0.1737174 -0.0520476 -0.0666429 -0.0883718 -0.1289290 -0.0725598 -0.0548386 -0.0562553 -0.1416631 0.3826062 -0.0982735 -0.0481177 -0.1425472 -0.0558415 -0.1306626 -0.1211287 -0.0284486 0.0788697 0.1267499 0.0836040 -0.0044798 0.8719990 -0.0444316 0.0108219 0.2810613 -0.0016755 1.0760120 0.0437585 -0.0528244 0.3995689 0.4924521 -0.0294594 0.0672955 0.4964911 -0.0390571 1.0284635 -0.0162255 -0.0887166 -0.1261161 -0.1444619 -0.0193541 -0.1502643 -0.0750381 -0.0552298 -0.0089011 0.9610112 -0.1065569 -0.1409167 -0.0307599 -0.1207638 0.9839625 -0.0416360 -0.0203882
-0.1054143 -0.1775700 -0.1392922 -0.1271989 -0.1376728 -0.1349380 -0.1224533 -0.1034799 0.0798496 -0.0647995 -0.0791387 0.0029372 -0.1026227 0.0987723 1.1875514 -0.1121661 0.0267926 -0.1059271 -0.1037682 -0.0598509 -0.1351988 -0.0380638 -0.0717360 0.0942132 -0.1696908 0.0320798 1.1972315 1.0174898 2.0585804 0.0050115 -0.0030901 -0.1228658 -0.0664077 -0.1236026 -0.0939809 -0.1207361 -0.0661214 -0.0744323 -0.1359691 -0.1198711 -0.0948033 -0.1530564 -0.0641529 -0.1032964 -0.0937489 -0.0929021 -0.0497194 -0.0608840 -0.0764025 -0.0154769 -0.0416157 -0.0522475 -0.1930273 -0.0701618 -0.0810289 -0.1013985 -0.1270300 -0.0878571 -0.0617839 -0.0762794 -0.1535432 0.4746519 -0.0974069 -0.0618605 -0.1555248 -0.0668981 -0.1436285 -0.1340109 -0.0446053 0.0781169 0.1353939 0.0856356 0.0008924 0.9874740 -0.0551737 0.0029702 0.3217984 0.0011943 1.2233492 0.0531939 -0.0704390 0.4488595 0.5462487 -0.0460676 0.0846512 0.5508513 -0.0488208 1.2050261 -0.0266600 -0.1049799 -0.1429086 -0.1634339 -0.0272811 -0.1769194 -0.0942204 -0.0674071 -0.0151046 1.0973058 -0.1264684 -0.1610325 -0.0390240 -0.1238587 1.1209494 -0.0482900 -0.0354996
0.0537175 -0.0366934 -0.0613997 -0.0680860 -0.0684192 -0.0647124 -0.0643842 -0.0569298 -0.0087967 -0.0746014 0.0578282 0.0450457 -0.0618288 0.0322641 -0.0516294 -0.0696359 -0.0857279 -0.0734383 -0.0694255 -0.0736778 -0.0681436 -0.0794231 -0.0119448 -0.0778718 -0.0824452 0.0317928 -0.0118207 0.0110632 0.0050115 1.0342435 0.0521959 -0.0112549 0.0480528 -0.0631331 0.0315131 -0.0585023 0.0482695 0.0472032 -0.0674773 -0.0471239 0.0317421 -0.0568399 0.0478618 -0.0768847 0.0529658 0.0016342 0.0548491 0.0290652 0.0371292 0.0302509 0.0520122 0.0264875 -0.0435846 0.0455876 0.0415848 -0.0741429 -0.0757325 0.0633891 -0.0213277 0.0418804 -0.0740703 -0.0907907 -0.0585991 0.0388183 -0.0656826 0.0472959 -0.0601298 -0.0559944 0.0395992 0.0474210 0.0531329 0.0356331 -0.0685356 -0.0041670 0.0484704 0.0537846 0.0369609 0.0614214 -0.0037479 0.0268923 -0.0793278 -0.0705295 0.0156236 0.0379734 -0.0776914 0.0067773 0.0416144 -0.0181843 0.0466600 -0.0646252 0.0311688 -0.0421979 0.0503038 0.0331986 0.0602700 0.0271688 0.0535644 -0.0088433 0.0308624 0.0131814 0.0263078 -0.0693303 -0.0109418 0.0504395 0.0336829
0.0378582 -0.0427483 -0.0461122 -0.0533958 -0.0545689 -0.0584647 -0.0718364 -0.0557708 -0.0296278 -0.0761280 0.0513337 0.0326424 -0.0737175 0.0380910 -0.0555214 -0.0702354 -0.0427648 -0.0390035 -0.0663043 -0.0684624 -0.0702278 -0.0695813 -0.0269808 -0.0764873 -0.0612328 0.0632898 -0.0135485 0.0016969 -0.0030901 0.0521959 1.0035732 0.0038597 0.0411590 -0.0569264 0.0356614 -0.0717738 0.0344498 0.0400612 -0.0609858 -0.0312877 0.0538182 -0.0685012 0.0404273 -0.0512413 0.0402040 -0.0049283 0.0380261 0.0310221 0.0334687 0.0300423 0.0590837 0.0542254 -0.0438897 0.0440681 0.0416382 -0.0505523 -0.0525344 0.0360004 -0.0168459 0.0400417 -0.0745579 -0.1107818 -0.0451304 0.0538522 -0.0830031 0.0488181 -0.0557741 -0.0653734 0.0581327 0.0503760 0.0215285 0.0457674 -0.0744891 -0.0115836 0.0318301 0.0366139 0.0426742 0.0471762 -0.0220291 0.0664456 -0.0736459 -0.0694610 0.0127557 0.0494431 -0.0680076 -0.0010009 0.0601040 -0.0284726 0.0494430 -0.0549730 0.0012864 -0.0412854 0.0420911 0.0203393 0.0581224 0.0323746 0.0364468 -0.0279433 0.0002961 0.0176171 0.0423420 -0.0678784 -0.0211534 0.0494553 0.0446759
0.0011122 -0.0005053 -0.0052550 0.0077995 -0.0050511 0.0023883 0.0101897 0.0070470 -0.0117655 0.0066230 -0.0076044 -0.0089143 0.0028827 -0.0233516 -0.1167394 0.0255536 0.0050828 0.0016728 0.0256134 -0.0128855 0.0085007 -0.0033123 -0.0101632 -0.0178257 0.0159088 -0.0045763 -0.1240357 -0.1011649 -0.1228658 -0.0112549 0.0038597 0.9583747 0.0065984 0.0007122 0.0040514 0.0030765 -0.0055300 -0.0023000 0.0080275 -0.0162502 -0.0104865 0.0134236 -0.0158771 0.0025395 -0.0203973 -0.0001340 0.0018959 -0.0188669 0.0036743 -0.0033020 -0.0087358 0.0162128 0.0022267 -0.0180550 0.0001315 0.0187381 0.0075227 0.0072131 0.0137621 -0.0079085 0.0080837 -0.0325491 0.0167276 0.0066740 0.0105599 -0.0169018 0.0206215 0.0053486 -0.0229891 -0.0179809 -0.0190747 -0.0234532 -0.0095871 -0.1046222 -0.0114466 -0.0154221 -0.0458658 0.0078227 -0.1277102 -0.0062409 -0.0082009 -0.0467864 -0.0626628 0.0006251 -0.0050819 -0.0679377 0.0063887 -0.1245131 -0.0008533 0.0124182 -0.0218629 -0.0128939 -0.0038864 -0.0285135 0.0114256 -0.0017972 -0.0274925 -0.1173103 -0.0084392 -0.0157467 -0.0090672 0.0056445 -0.1149802 -0.0095191 -0.0140867
0.0516713 -0.0377210 -0.0624355 -0.0380292 -0.0406217 -0.0622100 -0.0718762 -0.0631283 -0.0072055 -0.0583362 0.0435298 0.0239728 -0.0524716 0.0499957 -0.0963677 -0.0475838 -0.0678236 -0.0834418 -0.0485429 -0.0526381 -0.0462047 -0.0524744 -0.0109088 -0.0716568 -0.0687494 0.0508953 -0.0724526 -0.0485075 -0.0664077 0.0480528 0.0411590 0.0065984 0.9833157 -0.0462713 0.0667280 -0.0538755 0.0545419 0.0525548 -0.0527817 -0.0492421 0.0405323 -0.0469443 0.0407504 -0.0699033 0.0466025 -0.0207513 0.0455356 0.0383987 0.0246969 0.0304705 0.0384032 0.0506428 -0.0291544 0.0477339 0.0336921 -0.0742414 -0.0702947 0.0204289 -0.0073253 0.0336538 -0.0639064 -0.1125466 -0.0513529 0.0408826 -0.0565490 0.0302399 -0.0524713 -0.0566183 0.0330703 0.0350931 0.0348155 0.0367952 -0.0433419 -0.0542731 0.0435877 0.0572751 0.0269537 0.0481531 -0.0679621 0.0269399 -0.0674352 -0.0757490 -0.0035062 0.0490287 -0.0795898 -0.0241226 0.0372981 -0.0743817 0.0429095 -0.0530677 0.0016812 -0.0141677 0.0389647 0.0139989 0.0418211 0.0469816 0.0430228 -0.0622013 0.0133360 0.0332811 0.0516370 -0.0728150 -0.0636192 0.0413035 0.0407470
-0.0484681 0.0586136 0.0594945 0.0858542 0.0659954 0.0582892 0.0603580 0.0676085 0.0133448 0.0719737 -0.0767398 -0.0520772 0.0633513 -0.0496357 -0.0940288 0.0810744 0.0471883 0.0734836 0.0724611 0.0695594 0.0666344 0.0529117 0.0153132 0.0478647 0.0646324 -0.0604843 -0.1180633 -0.1084973 -0.1236026 -0.0631331 -0.0569264 0.0007122 -0.0462713 1.0231845 -0.0401501 0.0723553 -0.0682009 -0.0424536 0.0684116 0.0701573 -0.0523712 0.0471544 -0.0509624 0.0390796 -0.0586637 -0.0090982 -0.0594978 -0.0469398 -0.0411862 -0.0566615 -0.0575924 -0.0590840 0.0210910 -0.0610131 -0.0550307 0.0735916 0.0772297 -0.0573350 0.0265561 -0.0562823 0.0610837 0.0491059 0.0657597 -0.0377362 0.0598591 -0.0719036 0.0593068 0.0491216 -0.0439459 -0.0608535 -0.0658004 -0.0575664 0.0704276 -0.1073016 -0.0601849 -0.0546883 -0.0811056 -0.0702249 -0.1274681 -0.0722036 0.0762016 0.0123980 -0.0861092 -0.0673898 0.0561757 -0.0799198 -0.0493335 -0.1194054 -0.0499085 0.0447650 -0.0364048 0.0244760 -0.0552782 -0.0433238 -0.0644094 -0.0426397 -0.0447797 -0.1135809 -0.0586752 -0.0470620 -0.0714509 0.0491406 -0.1212177 -0.0673492 -0.0481657
0.0496875 -0.0352677 -0.0220219 -0.0499298 -0.0599649 -0.0454092 -0.0591480 -0.0572741 -0.0417010 -0.0674338 0.0611598 0.0189945 -0.0528721 0.0213920 -0.1221490 -0.0447782 -0.0659957 -0.0549081 -0.0428111 -0.0428784 -0.0512316 -0.0802070 -0.0132061 -0.0861276 -0.0611012 0.0435271 -0.0963794 -0.0711262 -0.0939809 0.0315131 0.0356614 0.0040514 0.0667280 -0.0401501 1.0059814 -0.0560555 0.0474369 0.0571313 -0.0511347 -0.0511701 0.0395799 -0.0585336 0.0479780 -0.0620151 0.0586022 0.0088159 0.0377782 0.0447181 0.0344116 0.0141571 0.0376394 0.0571221 -0.0019680 0.0411070 0.0595429 -0.0563801 -0.0756429 0.0367135 -0.0219500 0.0439313 -0.0499313 -0.0976299 -0.0698140 0.0287814 -0.0513647 0.0240740 -0.0374559 -0.0607231 0.0542485 0.0456793 0.0333585 0.0345048 -0.0659446 -0.0812157 0.0454650 0.0440424 0.0109028 0.0318730 -0.0978959 0.0398733 -0.0429142 -0.0872985 0.0019123 0.0491031 -0.0700385 -0.0344696 0.0177693 -0.0988662 0.0519141 -0.0583070 0.0059292 -0.0040959 0.0501072 0.0069234 0.0409236 0.0326374 0.0439966 -0.0854105 0.0293136 -0.0043757 0.0495536 -0.0568556 -0.0855784 0.0428973 0.0566908
-0.0717759 0.0223498 0.0769108 0.0751717 0.0771219 0.0765309 0.0837349 0.0549356 -0.0071801 0.0774910 -0.0632205 -0.0619131 0.1017180 -0.0596326 -0.0855919 0.0520498 0.0610328 0.0665153 0.0566736 0.0645170 0.0677764 0.0745019 0.0042797 0.0539630 0.0532379 -0.0668354 -0.1164238 -0.1126287 -0.1207361 -0.0585023 -0.0717738 0.0030765 -0.0538755 0.0723553 -0.0560555 1.0201111 -0.0582288 -0.0608518 0.0628600 0.0565636 -0.0601122 0.0788562 -0.0539590 0.0902500 -0.0434480 0.0104623 -0.0555085 -0.0607354 -0.0399107 -0.0526563 -0.0488627 -0.0584799 0.0257775 -0.0740039 -0.0532373 0.0674530 0.1005480 -0.0508721 0.0068136 -0.0616132 0.0769607 0.0238813 0.0624813 -0.0357532 0.0729842 -0.0529934 0.0563035 0.0616744 -0.0641516 -0.0743639 -0.0676325 -0.0611841 0.0570966 -0.1010393 -0.0535226 -0.0609156 -0.0901266 -0.0783284 -0.1236270 -0.0796624 0.0740130 0.0205068 -0.0850975 -0.0679297 0.0678136 -0.0703447 -0.0619765 -0.1171420 -0.0874117 0.0644644 -0.0551965 0.0055667 -0.0555424 -0.0587072 -0.0495366 -0.0399997 -0.0593069 -0.1205133 -0.0578749 -0.0530320 -0.0638608 0.0757360 -0.1197250 -0.0542680 -0.0586781
