
Using the parameter settings in the file: 
''1763240293/clumpp.paramfile''

Parameter settings
----------------------- Main parameters -------------------------
DATATYPE = 0
INDFILE = 1763240293/ClumppIndFile
POPFILE = 
OUTFILE = 1763240293/ClumppIndFile.output
MISCFILE = 1763240293/ClumppIndFile.misc
K = 5
C = 164
R = 50
M = 3
W = 0
S = 2
- Additional options for the Greedy and LargeKGreedy algorithms -
GREEDY_OPTION = 2
REPEATS = 2000
PERMUTATIONFILE = 
----------------------- Optional outputs ------------------------
PRINT_PERMUTED_DATA = 0
PERMUTED_DATAFILE = 
PRINT_EVERY_PERM = 0
EVERY_PERMFILE = 
PRINT_RANDOM_INPUTORDER = 0
RANDOM_INPUTORDERFILE = 
----------------------- Advanced options ------------------------
OVERRIDE_WARNINGS = 0
ORDER_BY_RUN = 1


In total, 2000 configurations of runs and clusters will be tested.

Results
------------------------------
The highest value of H' is: 0.80790818873203

The list of permutations of the clusters that produces that
H' value is (runs are listed sequentially on separate rows)

1 2 3 4 5 
4 1 5 2 3 
3 5 2 4 1 
5 1 2 3 4 
5 3 4 1 2 
5 4 2 1 3 
2 4 5 3 1 
2 1 3 4 5 
4 5 1 3 2 
1 5 4 2 3 
3 1 2 5 4 
2 3 4 1 5 
4 5 1 2 3 
2 5 4 3 1 
5 4 1 2 3 
4 5 3 2 1 
5 1 4 2 3 
5 4 2 3 1 
3 1 2 4 5 
2 5 4 3 1 
1 4 2 5 3 
1 2 4 5 3 
4 2 1 5 3 
3 2 4 5 1 
1 2 4 3 5 
1 5 4 3 2 
4 2 1 5 3 
2 4 5 1 3 
5 3 2 1 4 
3 1 5 4 2 
4 5 3 2 1 
3 4 2 1 5 
5 1 4 2 3 
4 1 2 3 5 
1 3 5 2 4 
4 5 3 2 1 
1 4 5 2 3 
3 5 2 1 4 
2 4 5 3 1 
2 1 3 5 4 
3 5 1 2 4 
2 1 5 3 4 
4 2 5 3 1 
3 1 4 5 2 
3 4 1 5 2 
5 4 3 2 1 
3 2 4 5 1 
5 1 2 3 4 
3 4 2 5 1 
4 5 3 1 2 

The pairwise G' values for each pair of runs where the clusters
of each run are permuted according to the list of permutations above

1.0000 0.7601 0.7880 0.8394 0.7879 0.7880 0.8384 0.7599 0.8047 0.7465 0.8880 0.7947 0.8799 0.8847 0.7599 0.8799 0.7021 0.8800 0.7947 0.8799 0.8383 0.7600 0.8799 0.8880 0.7602 0.7986 0.6654 0.7725 0.8800 0.7601 0.8880 0.8393 0.8391 0.7601 0.7600 0.8394 0.8329 0.7600 0.8799 0.8880 0.7724 0.7600 0.7601 0.8800 0.7602 0.7883 0.7594 0.7601 0.8394 0.8847 
0.7601 1.0000 0.7152 0.7673 0.7150 0.7152 0.7549 0.9994 0.7386 0.7446 0.7328 0.8002 0.7946 0.7390 0.9993 0.7946 0.7172 0.7946 0.8002 0.7946 0.7547 0.9997 0.7946 0.7328 0.9994 0.7921 0.6738 0.7655 0.7946 0.9999 0.7328 0.7673 0.7559 0.9996 0.9998 0.7673 0.7612 0.9998 0.7946 0.7326 0.7656 0.9998 0.9999 0.7945 0.9995 0.7155 0.9971 0.9999 0.7673 0.7390 
0.7880 0.7152 1.0000 0.7838 0.9996 0.9999 0.8772 0.7151 0.8171 0.6982 0.8210 0.8070 0.7450 0.8199 0.7151 0.7451 0.6581 0.7452 0.8068 0.7451 0.8780 0.7152 0.7451 0.8211 0.7153 0.7987 0.6260 0.8575 0.7452 0.7152 0.8210 0.7834 0.8687 0.7152 0.7152 0.7837 0.8826 0.7151 0.7451 0.8214 0.8569 0.7152 0.7152 0.7452 0.7153 0.9990 0.7147 0.7152 0.7838 0.8202 
0.8394 0.7673 0.7838 1.0000 0.7836 0.7837 0.7748 0.7671 0.8879 0.7493 0.8033 0.8793 0.8828 0.8866 0.7671 0.8828 0.7045 0.8829 0.8792 0.8828 0.7749 0.7673 0.8828 0.8033 0.7674 0.8026 0.6676 0.8392 0.8829 0.7673 0.8033 0.9991 0.7720 0.7674 0.7672 0.9999 0.8347 0.7672 0.8828 0.8032 0.8392 0.7672 0.7673 0.8829 0.7674 0.7841 0.7666 0.7673 0.9998 0.8865 
0.7879 0.7150 0.9996 0.7836 1.0000 0.9997 0.8770 0.7150 0.8170 0.6980 0.8208 0.8067 0.7449 0.8198 0.7149 0.7450 0.6579 0.7450 0.8066 0.7449 0.8778 0.7150 0.7449 0.8210 0.7151 0.7985 0.6258 0.8573 0.7450 0.7151 0.8209 0.7832 0.8685 0.7151 0.7150 0.7836 0.8824 0.7150 0.7449 0.8213 0.8567 0.7150 0.7150 0.7450 0.7151 0.9986 0.7146 0.7151 0.7837 0.8201 
0.7880 0.7152 0.9999 0.7837 0.9997 1.0000 0.8772 0.7151 0.8171 0.6981 0.8209 0.8069 0.7450 0.8199 0.7150 0.7451 0.6581 0.7452 0.8067 0.7450 0.8779 0.7151 0.7451 0.8211 0.7153 0.7986 0.6260 0.8575 0.7451 0.7152 0.8210 0.7834 0.8686 0.7152 0.7151 0.7837 0.8825 0.7151 0.7450 0.8214 0.8569 0.7151 0.7152 0.7451 0.7152 0.9989 0.7147 0.7152 0.7838 0.8202 
0.8384 0.7549 0.8772 0.7748 0.8770 0.8772 1.0000 0.7547 0.8044 0.7416 0.8822 0.8017 0.7967 0.8048 0.7547 0.7968 0.6982 0.7968 0.8015 0.7967 0.9991 0.7548 0.7968 0.8822 0.7550 0.8699 0.6624 0.8417 0.7968 0.7549 0.8822 0.7747 0.9913 0.7549 0.7548 0.7748 0.8507 0.7548 0.7967 0.8823 0.8416 0.7548 0.7549 0.7968 0.7549 0.8777 0.7543 0.7549 0.7748 0.8048 
0.7599 0.9994 0.7151 0.7671 0.7150 0.7151 0.7547 1.0000 0.7385 0.7445 0.7327 0.8001 0.7944 0.7389 0.9998 0.7945 0.7171 0.7945 0.8000 0.7944 0.7546 0.9995 0.7944 0.7326 0.9988 0.7920 0.6738 0.7654 0.7944 0.9993 0.7327 0.7672 0.7557 0.9991 0.9995 0.7672 0.7611 0.9996 0.7944 0.7325 0.7655 0.9996 0.9994 0.7944 0.9990 0.7154 0.9976 0.9993 0.7671 0.7388 
0.8047 0.7386 0.8171 0.8879 0.8170 0.8171 0.8044 0.7385 1.0000 0.7240 0.8389 0.8393 0.8365 0.8409 0.7385 0.8365 0.6822 0.8366 0.8391 0.8365 0.8046 0.7386 0.8365 0.8389 0.7387 0.8342 0.6476 0.8823 0.8365 0.7386 0.8389 0.8878 0.8010 0.7387 0.7386 0.8879 0.8074 0.7386 0.8365 0.8388 0.8823 0.7386 0.7386 0.8365 0.7387 0.8175 0.7380 0.7386 0.8879 0.8409 
0.7465 0.7446 0.6982 0.7493 0.6980 0.6981 0.7416 0.7445 0.7240 1.0000 0.7211 0.7744 0.7796 0.7224 0.7445 0.7796 0.6900 0.7796 0.7744 0.7796 0.7414 0.7446 0.7796 0.7210 0.7448 0.7782 0.6555 0.7479 0.7796 0.7447 0.7210 0.7495 0.7429 0.7447 0.7446 0.7493 0.7402 0.7446 0.7796 0.7208 0.7480 0.7446 0.7446 0.7796 0.7447 0.6986 0.7440 0.7447 0.7493 0.7223 
0.8880 0.7328 0.8210 0.8033 0.8208 0.8209 0.8822 0.7327 0.8389 0.7211 1.0000 0.7684 0.8337 0.8389 0.7327 0.8338 0.6797 0.8338 0.7683 0.8338 0.8821 0.7328 0.8338 0.9996 0.7330 0.8289 0.6454 0.7997 0.8338 0.7329 0.9998 0.8032 0.8829 0.7329 0.7328 0.8033 0.8052 0.7328 0.8338 0.9988 0.7996 0.7328 0.7328 0.8338 0.7329 0.8213 0.7322 0.7328 0.8034 0.8389 
0.7947 0.8002 0.8070 0.8793 0.8067 0.8069 0.8017 0.8001 0.8393 0.7744 0.7684 1.0000 0.8355 0.8318 0.8000 0.8355 0.7276 0.8355 0.9987 0.8355 0.8017 0.8002 0.8355 0.7683 0.8004 0.8451 0.6885 0.8916 0.8355 0.8002 0.7684 0.8795 0.7988 0.8003 0.8002 0.8793 0.8739 0.8001 0.8355 0.7682 0.8919 0.8001 0.8002 0.8355 0.8003 0.8076 0.7995 0.8002 0.8793 0.8316 
0.8799 0.7946 0.7450 0.8828 0.7449 0.7450 0.7967 0.7944 0.8365 0.7796 0.8337 0.8355 1.0000 0.8340 0.7944 0.9992 0.7317 0.9992 0.8355 0.9993 0.7965 0.7945 0.9998 0.8336 0.7947 0.8415 0.6915 0.8018 0.9997 0.7946 0.8337 0.8830 0.7982 0.7947 0.7945 0.8828 0.7933 0.7945 0.9993 0.8334 0.8019 0.7945 0.7946 0.9996 0.7947 0.7454 0.7938 0.7946 0.8828 0.8339 
0.8847 0.7390 0.8199 0.8866 0.8198 0.8199 0.8048 0.7389 0.8409 0.7224 0.8389 0.8318 0.8340 1.0000 0.7389 0.8341 0.6807 0.8341 0.8317 0.8340 0.8049 0.7390 0.8341 0.8388 0.7392 0.7695 0.6463 0.8025 0.8341 0.7391 0.8389 0.8864 0.8012 0.7391 0.7390 0.8865 0.8800 0.7390 0.8340 0.8388 0.8024 0.7390 0.7390 0.8341 0.7391 0.8203 0.7384 0.7391 0.8866 0.9993 
0.7599 0.9993 0.7151 0.7671 0.7149 0.7150 0.7547 0.9998 0.7385 0.7445 0.7327 0.8000 0.7944 0.7389 1.0000 0.7944 0.7171 0.7944 0.8000 0.7944 0.7545 0.9994 0.7944 0.7326 0.9987 0.7919 0.6738 0.7653 0.7944 0.9991 0.7326 0.7672 0.7557 0.9989 0.9994 0.7671 0.7611 0.9995 0.7944 0.7324 0.7654 0.9995 0.9992 0.7943 0.9988 0.7154 0.9977 0.9992 0.7671 0.7388 
0.8799 0.7946 0.7451 0.8828 0.7450 0.7451 0.7968 0.7945 0.8365 0.7796 0.8338 0.8355 0.9992 0.8341 0.7944 1.0000 0.7317 0.9998 0.8355 0.9998 0.7965 0.7946 0.9994 0.8337 0.7948 0.8415 0.6915 0.8018 0.9992 0.7946 0.8337 0.8830 0.7983 0.7947 0.7946 0.8829 0.7934 0.7945 0.9999 0.8334 0.8020 0.7945 0.7946 0.9992 0.7947 0.7455 0.7938 0.7946 0.8828 0.8339 
0.7021 0.7172 0.6581 0.7045 0.6579 0.6581 0.6982 0.7171 0.6822 0.6900 0.6797 0.7276 0.7317 0.6807 0.7171 0.7317 1.0000 0.7317 0.7276 0.7317 0.6980 0.7172 0.7317 0.6796 0.7173 0.7314 0.7129 0.7041 0.7317 0.7172 0.6796 0.7046 0.6995 0.7172 0.7172 0.7045 0.6966 0.7172 0.7317 0.6794 0.7042 0.7172 0.7172 0.7317 0.7172 0.6585 0.7168 0.7172 0.7045 0.6806 
0.8800 0.7946 0.7452 0.8829 0.7450 0.7452 0.7968 0.7945 0.8366 0.7796 0.8338 0.8355 0.9992 0.8341 0.7944 0.9998 0.7317 1.0000 0.8355 0.9996 0.7966 0.7946 0.9994 0.8337 0.7948 0.8415 0.6915 0.8018 0.9992 0.7946 0.8338 0.8831 0.7983 0.7947 0.7946 0.8829 0.7934 0.7945 0.9997 0.8335 0.8020 0.7946 0.7946 0.9992 0.7947 0.7456 0.7938 0.7946 0.8829 0.8340 
0.7947 0.8002 0.8068 0.8792 0.8066 0.8067 0.8015 0.8000 0.8391 0.7744 0.7683 0.9987 0.8355 0.8317 0.8000 0.8355 0.7276 0.8355 1.0000 0.8355 0.8015 0.8001 0.8355 0.7682 0.8003 0.8450 0.6885 0.8914 0.8355 0.8002 0.7682 0.8794 0.7987 0.8003 0.8001 0.8792 0.8739 0.8001 0.8355 0.7680 0.8917 0.8001 0.8002 0.8355 0.8003 0.8074 0.7994 0.8002 0.8792 0.8315 
0.8799 0.7946 0.7451 0.8828 0.7449 0.7450 0.7967 0.7944 0.8365 0.7796 0.8338 0.8355 0.9993 0.8340 0.7944 0.9998 0.7317 0.9996 0.8355 1.0000 0.7965 0.7946 0.9994 0.8336 0.7948 0.8415 0.6915 0.8018 0.9992 0.7946 0.8337 0.8830 0.7982 0.7947 0.7945 0.8828 0.7933 0.7945 1.0000 0.8334 0.8019 0.7945 0.7946 0.9991 0.7947 0.7455 0.7938 0.7946 0.8828 0.8339 
0.8383 0.7547 0.8780 0.7749 0.8778 0.8779 0.9991 0.7546 0.8046 0.7414 0.8821 0.8017 0.7965 0.8049 0.7545 0.7965 0.6980 0.7966 0.8015 0.7965 1.0000 0.7547 0.7965 0.8821 0.7548 0.8695 0.6622 0.8419 0.7965 0.7547 0.8821 0.7748 0.9905 0.7548 0.7546 0.7749 0.8510 0.7546 0.7965 0.8822 0.8417 0.7546 0.7547 0.7965 0.7548 0.8784 0.7541 0.7547 0.7749 0.8050 
0.7600 0.9997 0.7152 0.7673 0.7150 0.7151 0.7548 0.9995 0.7386 0.7446 0.7328 0.8002 0.7945 0.7390 0.9994 0.7946 0.7172 0.7946 0.8001 0.7946 0.7547 1.0000 0.7946 0.7327 0.9993 0.7921 0.6738 0.7655 0.7946 0.9997 0.7328 0.7673 0.7558 0.9995 0.9997 0.7673 0.7612 0.9997 0.7946 0.7326 0.7656 0.9997 0.9997 0.7945 0.9994 0.7155 0.9971 0.9997 0.7672 0.7389 
0.8799 0.7946 0.7451 0.8828 0.7449 0.7451 0.7968 0.7944 0.8365 0.7796 0.8338 0.8355 0.9998 0.8341 0.7944 0.9994 0.7317 0.9994 0.8355 0.9994 0.7965 0.7946 1.0000 0.8337 0.7947 0.8415 0.6915 0.8018 0.9997 0.7946 0.8337 0.8830 0.7983 0.7947 0.7945 0.8828 0.7933 0.7945 0.9994 0.8334 0.8019 0.7945 0.7946 0.9996 0.7947 0.7455 0.7938 0.7946 0.8828 0.8339 
0.8880 0.7328 0.8211 0.8033 0.8210 0.8211 0.8822 0.7326 0.8389 0.7210 0.9996 0.7683 0.8336 0.8388 0.7326 0.8337 0.6796 0.8337 0.7682 0.8336 0.8821 0.7327 0.8337 1.0000 0.7329 0.8287 0.6453 0.7997 0.8337 0.7328 0.9998 0.8032 0.8830 0.7328 0.7327 0.8033 0.8052 0.7327 0.8337 0.9992 0.7996 0.7327 0.7328 0.8337 0.7328 0.8214 0.7321 0.7328 0.8033 0.8389 
0.7602 0.9994 0.7153 0.7674 0.7151 0.7153 0.7550 0.9988 0.7387 0.7448 0.7330 0.8004 0.7947 0.7392 0.9987 0.7948 0.7173 0.7948 0.8003 0.7948 0.7548 0.9993 0.7947 0.7329 1.0000 0.7923 0.6739 0.7656 0.7947 0.9995 0.7329 0.7675 0.7560 0.9997 0.9992 0.7674 0.7613 0.9991 0.7948 0.7327 0.7657 0.9992 0.9994 0.7947 0.9998 0.7156 0.9965 0.9995 0.7674 0.7391 
0.7986 0.7921 0.7987 0.8026 0.7985 0.7986 0.8699 0.7920 0.8342 0.7782 0.8289 0.8451 0.8415 0.7695 0.7919 0.8415 0.7314 0.8415 0.8450 0.8415 0.8695 0.7921 0.8415 0.8287 0.7923 1.0000 0.6919 0.8826 0.8415 0.7922 0.8288 0.8028 0.8722 0.7922 0.7921 0.8026 0.8014 0.7921 0.8415 0.8285 0.8829 0.7921 0.7921 0.8415 0.7922 0.7993 0.7914 0.7922 0.8026 0.7694 
0.6654 0.6738 0.6260 0.6676 0.6258 0.6260 0.6624 0.6738 0.6476 0.6555 0.6454 0.6885 0.6915 0.6463 0.6738 0.6915 0.7129 0.6915 0.6885 0.6915 0.6622 0.6738 0.6915 0.6453 0.6739 0.6919 1.0000 0.6677 0.6915 0.6739 0.6453 0.6677 0.6635 0.6739 0.6738 0.6676 0.6610 0.6738 0.6915 0.6451 0.6678 0.6738 0.6738 0.6915 0.6739 0.6263 0.6735 0.6739 0.6676 0.6462 
0.7725 0.7655 0.8575 0.8392 0.8573 0.8575 0.8417 0.7654 0.8823 0.7479 0.7997 0.8916 0.8018 0.8025 0.7653 0.8018 0.7041 0.8018 0.8914 0.8018 0.8419 0.7655 0.8018 0.7997 0.7656 0.8826 0.6677 1.0000 0.8018 0.7655 0.7997 0.8392 0.8375 0.7656 0.7654 0.8392 0.8473 0.7654 0.8018 0.7996 0.9990 0.7654 0.7655 0.8018 0.7656 0.8581 0.7649 0.7655 0.8392 0.8025 
0.8800 0.7946 0.7452 0.8829 0.7450 0.7451 0.7968 0.7944 0.8365 0.7796 0.8338 0.8355 0.9997 0.8341 0.7944 0.9992 0.7317 0.9992 0.8355 0.9992 0.7965 0.7946 0.9997 0.8337 0.7947 0.8415 0.6915 0.8018 1.0000 0.7946 0.8338 0.8830 0.7983 0.7947 0.7945 0.8829 0.7934 0.7945 0.9992 0.8335 0.8020 0.7945 0.7946 0.9997 0.7947 0.7456 0.7938 0.7946 0.8828 0.8339 
0.7601 0.9999 0.7152 0.7673 0.7151 0.7152 0.7549 0.9993 0.7386 0.7447 0.7329 0.8002 0.7946 0.7391 0.9991 0.7946 0.7172 0.7946 0.8002 0.7946 0.7547 0.9997 0.7946 0.7328 0.9995 0.7922 0.6739 0.7655 0.7946 1.0000 0.7328 0.7674 0.7559 0.9997 0.9997 0.7673 0.7612 0.9996 0.7946 0.7326 0.7656 0.9997 0.9999 0.7945 0.9997 0.7156 0.9970 1.0000 0.7673 0.7390 
0.8880 0.7328 0.8210 0.8033 0.8209 0.8210 0.8822 0.7327 0.8389 0.7210 0.9998 0.7684 0.8337 0.8389 0.7326 0.8337 0.6796 0.8338 0.7682 0.8337 0.8821 0.7328 0.8337 0.9998 0.7329 0.8288 0.6453 0.7997 0.8338 0.7328 1.0000 0.8032 0.8830 0.7329 0.7328 0.8033 0.8052 0.7327 0.8337 0.9990 0.7996 0.7327 0.7328 0.8338 0.7329 0.8214 0.7322 0.7328 0.8033 0.8389 
0.8393 0.7673 0.7834 0.9991 0.7832 0.7834 0.7747 0.7672 0.8878 0.7495 0.8032 0.8795 0.8830 0.8864 0.7672 0.8830 0.7046 0.8831 0.8794 0.8830 0.7748 0.7673 0.8830 0.8032 0.7675 0.8028 0.6677 0.8392 0.8830 0.7674 0.8032 1.0000 0.7719 0.7674 0.7673 0.9992 0.8346 0.7673 0.8830 0.8031 0.8392 0.7673 0.7674 0.8830 0.7674 0.7838 0.7667 0.7674 0.9990 0.8864 
0.8391 0.7559 0.8687 0.7720 0.8685 0.8686 0.9913 0.7557 0.8010 0.7429 0.8829 0.7988 0.7982 0.8012 0.7557 0.7983 0.6995 0.7983 0.7987 0.7982 0.9905 0.7558 0.7983 0.8830 0.7560 0.8722 0.6635 0.8375 0.7983 0.7559 0.8830 0.7719 1.0000 0.7559 0.7558 0.7720 0.8453 0.7558 0.7983 0.8830 0.8373 0.7558 0.7559 0.7983 0.7560 0.8691 0.7553 0.7559 0.7720 0.8012 
0.7601 0.9996 0.7152 0.7674 0.7151 0.7152 0.7549 0.9991 0.7387 0.7447 0.7329 0.8003 0.7947 0.7391 0.9989 0.7947 0.7172 0.7947 0.8003 0.7947 0.7548 0.9995 0.7947 0.7328 0.9997 0.7922 0.6739 0.7656 0.7947 0.9997 0.7329 0.7674 0.7559 1.0000 0.9995 0.7674 0.7613 0.9994 0.7947 0.7327 0.7657 0.9994 0.9997 0.7946 0.9999 0.7156 0.9967 0.9997 0.7673 0.7390 
0.7600 0.9998 0.7152 0.7672 0.7150 0.7151 0.7548 0.9995 0.7386 0.7446 0.7328 0.8002 0.7945 0.7390 0.9994 0.7946 0.7172 0.7946 0.8001 0.7945 0.7546 0.9997 0.7945 0.7327 0.9992 0.7921 0.6738 0.7654 0.7945 0.9997 0.7328 0.7673 0.7558 0.9995 1.0000 0.7672 0.7612 0.9999 0.7945 0.7326 0.7655 0.9999 0.9998 0.7945 0.9994 0.7155 0.9972 0.9997 0.7672 0.7389 
0.8394 0.7673 0.7837 0.9999 0.7836 0.7837 0.7748 0.7672 0.8879 0.7493 0.8033 0.8793 0.8828 0.8865 0.7671 0.8829 0.7045 0.8829 0.8792 0.8828 0.7749 0.7673 0.8828 0.8033 0.7674 0.8026 0.6676 0.8392 0.8829 0.7673 0.8033 0.9992 0.7720 0.7674 0.7672 1.0000 0.8347 0.7672 0.8828 0.8032 0.8392 0.7672 0.7673 0.8829 0.7674 0.7841 0.7666 0.7673 0.9998 0.8865 
0.8329 0.7612 0.8826 0.8347 0.8824 0.8825 0.8507 0.7611 0.8074 0.7402 0.8052 0.8739 0.7933 0.8800 0.7611 0.7934 0.6966 0.7934 0.8739 0.7933 0.8510 0.7612 0.7933 0.8052 0.7613 0.8014 0.6610 0.8473 0.7934 0.7612 0.8052 0.8346 0.8453 0.7613 0.7612 0.8347 1.0000 0.7612 0.7933 0.8052 0.8472 0.7612 0.7612 0.7934 0.7613 0.8831 0.7606 0.7612 0.8347 0.8800 
0.7600 0.9998 0.7151 0.7672 0.7150 0.7151 0.7548 0.9996 0.7386 0.7446 0.7328 0.8001 0.7945 0.7390 0.9995 0.7945 0.7172 0.7945 0.8001 0.7945 0.7546 0.9997 0.7945 0.7327 0.9991 0.7921 0.6738 0.7654 0.7945 0.9996 0.7327 0.7673 0.7558 0.9994 0.9999 0.7672 0.7612 1.0000 0.7945 0.7325 0.7655 1.0000 0.9997 0.7944 0.9993 0.7155 0.9973 0.9997 0.7672 0.7389 
0.8799 0.7946 0.7451 0.8828 0.7449 0.7450 0.7967 0.7944 0.8365 0.7796 0.8338 0.8355 0.9993 0.8340 0.7944 0.9999 0.7317 0.9997 0.8355 1.0000 0.7965 0.7946 0.9994 0.8337 0.7948 0.8415 0.6915 0.8018 0.9992 0.7946 0.8337 0.8830 0.7983 0.7947 0.7945 0.8828 0.7933 0.7945 1.0000 0.8334 0.8019 0.7945 0.7946 0.9991 0.7947 0.7455 0.7938 0.7946 0.8828 0.8339 
0.8880 0.7326 0.8214 0.8032 0.8213 0.8214 0.8823 0.7325 0.8388 0.7208 0.9988 0.7682 0.8334 0.8388 0.7324 0.8334 0.6794 0.8335 0.7680 0.8334 0.8822 0.7326 0.8334 0.9992 0.7327 0.8285 0.6451 0.7996 0.8335 0.7326 0.9990 0.8031 0.8830 0.7327 0.7326 0.8032 0.8052 0.7325 0.8334 1.0000 0.7995 0.7326 0.7326 0.8335 0.7327 0.8217 0.7320 0.7326 0.8032 0.8388 
0.7724 0.7656 0.8569 0.8392 0.8567 0.8569 0.8416 0.7655 0.8823 0.7480 0.7996 0.8919 0.8019 0.8024 0.7654 0.8020 0.7042 0.8020 0.8917 0.8019 0.8417 0.7656 0.8019 0.7996 0.7657 0.8829 0.6678 0.9990 0.8020 0.7656 0.7996 0.8392 0.8373 0.7657 0.7655 0.8392 0.8472 0.7655 0.8019 0.7995 1.0000 0.7655 0.7656 0.8020 0.7657 0.8575 0.7650 0.7656 0.8392 0.8024 
0.7600 0.9998 0.7152 0.7672 0.7150 0.7151 0.7548 0.9996 0.7386 0.7446 0.7328 0.8001 0.7945 0.7390 0.9995 0.7945 0.7172 0.7946 0.8001 0.7945 0.7546 0.9997 0.7945 0.7327 0.9992 0.7921 0.6738 0.7654 0.7945 0.9997 0.7327 0.7673 0.7558 0.9994 0.9999 0.7672 0.7612 1.0000 0.7945 0.7326 0.7655 1.0000 0.9997 0.7944 0.9993 0.7155 0.9973 0.9997 0.7672 0.7389 
0.7601 0.9999 0.7152 0.7673 0.7150 0.7152 0.7549 0.9994 0.7386 0.7446 0.7328 0.8002 0.7946 0.7390 0.9992 0.7946 0.7172 0.7946 0.8002 0.7946 0.7547 0.9997 0.7946 0.7328 0.9994 0.7921 0.6738 0.7655 0.7946 0.9999 0.7328 0.7674 0.7559 0.9997 0.9998 0.7673 0.7612 0.9997 0.7946 0.7326 0.7656 0.9997 1.0000 0.7945 0.9996 0.7155 0.9970 0.9999 0.7673 0.7390 
0.8800 0.7945 0.7452 0.8829 0.7450 0.7451 0.7968 0.7944 0.8365 0.7796 0.8338 0.8355 0.9996 0.8341 0.7943 0.9992 0.7317 0.9992 0.8355 0.9991 0.7965 0.7945 0.9996 0.8337 0.7947 0.8415 0.6915 0.8018 0.9997 0.7945 0.8338 0.8830 0.7983 0.7946 0.7945 0.8829 0.7934 0.7944 0.9991 0.8335 0.8020 0.7944 0.7945 1.0000 0.7946 0.7456 0.7937 0.7945 0.8828 0.8339 
0.7602 0.9995 0.7153 0.7674 0.7151 0.7152 0.7549 0.9990 0.7387 0.7447 0.7329 0.8003 0.7947 0.7391 0.9988 0.7947 0.7172 0.7947 0.8003 0.7947 0.7548 0.9994 0.7947 0.7328 0.9998 0.7922 0.6739 0.7656 0.7947 0.9997 0.7329 0.7674 0.7560 0.9999 0.9994 0.7674 0.7613 0.9993 0.7947 0.7327 0.7657 0.9993 0.9996 0.7946 1.0000 0.7156 0.9967 0.9997 0.7674 0.7390 
0.7883 0.7155 0.9990 0.7841 0.9986 0.9989 0.8777 0.7154 0.8175 0.6986 0.8213 0.8076 0.7454 0.8203 0.7154 0.7455 0.6585 0.7456 0.8074 0.7455 0.8784 0.7155 0.7455 0.8214 0.7156 0.7993 0.6263 0.8581 0.7456 0.7156 0.8214 0.7838 0.8691 0.7156 0.7155 0.7841 0.8831 0.7155 0.7455 0.8217 0.8575 0.7155 0.7155 0.7456 0.7156 1.0000 0.7151 0.7156 0.7842 0.8206 
0.7594 0.9971 0.7147 0.7666 0.7146 0.7147 0.7543 0.9976 0.7380 0.7440 0.7322 0.7995 0.7938 0.7384 0.9977 0.7938 0.7168 0.7938 0.7994 0.7938 0.7541 0.9971 0.7938 0.7321 0.9965 0.7914 0.6735 0.7649 0.7938 0.9970 0.7322 0.7667 0.7553 0.9967 0.9972 0.7666 0.7606 0.9973 0.7938 0.7320 0.7650 0.9973 0.9970 0.7937 0.9967 0.7151 1.0000 0.9970 0.7666 0.7384 
0.7601 0.9999 0.7152 0.7673 0.7151 0.7152 0.7549 0.9993 0.7386 0.7447 0.7328 0.8002 0.7946 0.7391 0.9992 0.7946 0.7172 0.7946 0.8002 0.7946 0.7547 0.9997 0.7946 0.7328 0.9995 0.7922 0.6739 0.7655 0.7946 1.0000 0.7328 0.7674 0.7559 0.9997 0.9997 0.7673 0.7612 0.9997 0.7946 0.7326 0.7656 0.9997 0.9999 0.7945 0.9997 0.7156 0.9970 1.0000 0.7673 0.7390 
0.8394 0.7673 0.7838 0.9998 0.7837 0.7838 0.7748 0.7671 0.8879 0.7493 0.8034 0.8793 0.8828 0.8866 0.7671 0.8828 0.7045 0.8829 0.8792 0.8828 0.7749 0.7672 0.8828 0.8033 0.7674 0.8026 0.6676 0.8392 0.8828 0.7673 0.8033 0.9990 0.7720 0.7673 0.7672 0.9998 0.8347 0.7672 0.8828 0.8032 0.8392 0.7672 0.7673 0.8828 0.7674 0.7842 0.7666 0.7673 1.0000 0.8865 
0.8847 0.7390 0.8202 0.8865 0.8201 0.8202 0.8048 0.7388 0.8409 0.7223 0.8389 0.8316 0.8339 0.9993 0.7388 0.8339 0.6806 0.8340 0.8315 0.8339 0.8050 0.7389 0.8339 0.8389 0.7391 0.7694 0.6462 0.8025 0.8339 0.7390 0.8389 0.8864 0.8012 0.7390 0.7389 0.8865 0.8800 0.7389 0.8339 0.8388 0.8024 0.7389 0.7390 0.8339 0.7390 0.8206 0.7384 0.7390 0.8865 1.0000 
