1:	0.4201 0.0009 0.1067 0.3580 0.0975 0.0168 	23
2:	0.5234 0.0769 0.0044 0.2994 0.0928 0.0030 	13
3:	0.8431 0.0000 0.0014 0.0320 0.1236 0.0000 	5
4:	0.6178 0.2949 0.0043 0.0057 0.0523 0.0249 	15
5:	0.4867 0.4279 0.0075 0.0112 0.0516 0.0152 	18
6:	0.1315 0.5890 0.0079 0.0782 0.0190 0.1744 	24
7:	0.5515 0.1257 0.2263 0.0147 0.0624 0.0194 	9
8:	0.5928 0.0021 0.0909 0.0104 0.2939 0.0098 	11
9:	0.0000 1.0000 0.0000 0.0000 0.0000 0.0000 	1
10:	0.8527 0.0054 0.0233 0.0129 0.0875 0.0182 	17
11:	0.0000 0.9110 0.0890 0.0000 0.0000 0.0000 	1
12:	0.3726 0.0265 0.0521 0.2202 0.0378 0.2909 	8
13:	0.0000 1.0000 0.0000 0.0000 0.0000 0.0000 	5
14:	0.4417 0.5000 0.0000 0.0125 0.0458 0.0000 	2
15:	0.0000 0.4914 0.0000 0.0000 0.0000 0.5086 	2
16:	0.8296 0.0000 0.0239 0.0219 0.1019 0.0227 	2
17:	0.0000 0.0000 0.0627 0.4819 0.0157 0.4397 	2
18:	0.8986 0.0000 0.0041 0.0003 0.0894 0.0076 	3
19:	0.6056 0.0457 0.0730 0.0262 0.1519 0.0976 	3
