
Using the parameter settings in the file: 
''1763240293/clumpp.paramfile''

Parameter settings
----------------------- Main parameters -------------------------
DATATYPE = 0
INDFILE = 1763240293/ClumppIndFile
POPFILE = 
OUTFILE = 1763240293/ClumppIndFile.output
MISCFILE = 1763240293/ClumppIndFile.misc
K = 6
C = 164
R = 32
M = 3
W = 0
S = 2
- Additional options for the Greedy and LargeKGreedy algorithms -
GREEDY_OPTION = 2
REPEATS = 2000
PERMUTATIONFILE = 
----------------------- Optional outputs ------------------------
PRINT_PERMUTED_DATA = 0
PERMUTED_DATAFILE = 
PRINT_EVERY_PERM = 0
EVERY_PERMFILE = 
PRINT_RANDOM_INPUTORDER = 0
RANDOM_INPUTORDERFILE = 
----------------------- Advanced options ------------------------
OVERRIDE_WARNINGS = 0
ORDER_BY_RUN = 1


In total, 2000 configurations of runs and clusters will be tested.

Results
------------------------------
The highest value of H' is: 0.83561737053785

The list of permutations of the clusters that produces that
H' value is (runs are listed sequentially on separate rows)

1 2 3 4 5 6 
3 1 2 6 5 4 
3 5 6 1 2 4 
1 4 5 6 2 3 
3 4 1 5 2 6 
3 2 5 4 1 6 
5 4 2 1 6 3 
3 2 5 1 4 6 
1 5 4 6 3 2 
4 6 3 5 1 2 
3 5 6 4 2 1 
1 3 2 6 5 4 
5 2 1 6 3 4 
2 3 5 1 6 4 
1 4 5 2 6 3 
5 2 3 6 1 4 
6 2 3 1 4 5 
6 2 1 4 5 3 
5 2 6 4 1 3 
5 6 2 1 4 3 
3 2 1 5 6 4 
5 1 3 6 4 2 
5 1 3 6 4 2 
4 3 1 5 2 6 
4 1 2 6 3 5 
4 2 6 1 3 5 
5 4 6 1 2 3 
2 4 5 6 3 1 
6 2 4 1 5 3 
1 4 3 6 5 2 
4 2 1 5 6 3 
3 1 4 2 5 6 

The pairwise G' values for each pair of runs where the clusters
of each run are permuted according to the list of permutations above

1.0000 0.8033 0.8489 0.8350 0.8391 0.8349 0.7999 0.8391 0.8390 0.9990 0.7739 0.8024 0.8825 0.8677 0.8032 0.8393 0.7998 0.8680 0.8825 0.8046 0.8394 0.8349 0.8032 0.7739 0.8393 0.8390 0.7458 0.8684 0.8032 0.7998 0.7739 0.8393 
0.8033 1.0000 0.8793 0.8035 0.8017 0.8034 0.8354 0.8017 0.8017 0.8032 0.8866 0.8409 0.8415 0.8200 0.9978 0.8876 0.8353 0.8202 0.8415 0.7732 0.8877 0.8034 0.9988 0.8865 0.8876 0.8017 0.7242 0.8206 0.9991 0.8354 0.8865 0.8877 
0.8489 0.8793 1.0000 0.7745 0.8472 0.7744 0.7955 0.8472 0.8472 0.8489 0.8346 0.8071 0.8076 0.8832 0.8790 0.8361 0.7955 0.8835 0.8076 0.7524 0.8361 0.7745 0.8791 0.8346 0.8361 0.8472 0.7431 0.8839 0.8792 0.7955 0.8345 0.8360 
0.8350 0.8035 0.7745 1.0000 0.8370 0.9983 0.8875 0.8370 0.8370 0.8348 0.8412 0.8858 0.8846 0.7763 0.8037 0.8393 0.8874 0.7766 0.8847 0.8745 0.8393 0.9984 0.8036 0.8412 0.8393 0.8370 0.7526 0.7770 0.8036 0.8875 0.8412 0.8394 
0.8391 0.8017 0.8472 0.8370 1.0000 0.8369 0.8027 0.9983 0.9982 0.8390 0.8385 0.8815 0.8015 0.8561 0.8018 0.7732 0.8027 0.8565 0.8015 0.7977 0.7732 0.8369 0.8018 0.8385 0.7732 0.9996 0.7499 0.8570 0.8018 0.8027 0.8385 0.7732 
0.8349 0.8034 0.7744 0.9983 0.8369 1.0000 0.8875 0.8369 0.8370 0.8347 0.8412 0.8857 0.8845 0.7761 0.8037 0.8392 0.8875 0.7764 0.8846 0.8741 0.8392 0.9997 0.8036 0.8412 0.8392 0.8370 0.7527 0.7768 0.8035 0.8875 0.8412 0.8393 
0.7999 0.8354 0.7955 0.8875 0.8027 0.8875 1.0000 0.8027 0.8028 0.7996 0.8844 0.8379 0.8368 0.7459 0.8358 0.8805 0.9987 0.7462 0.8369 0.8259 0.8805 0.8875 0.8357 0.8845 0.8805 0.8027 0.7811 0.7466 0.8356 0.9997 0.8845 0.8806 
0.8391 0.8017 0.8472 0.8370 0.9983 0.8369 0.8027 1.0000 0.9995 0.8390 0.8385 0.8815 0.8015 0.8561 0.8018 0.7732 0.8027 0.8564 0.8015 0.7977 0.7732 0.8369 0.8018 0.8385 0.7732 0.9983 0.7499 0.8570 0.8017 0.8027 0.8385 0.7732 
0.8390 0.8017 0.8472 0.8370 0.9982 0.8370 0.8028 0.9995 1.0000 0.8389 0.8385 0.8814 0.8014 0.8558 0.8018 0.7731 0.8027 0.8562 0.8015 0.7976 0.7731 0.8370 0.8017 0.8385 0.7731 0.9983 0.7500 0.8567 0.8017 0.8027 0.8385 0.7732 
0.9990 0.8032 0.8489 0.8348 0.8390 0.8347 0.7996 0.8390 0.8389 1.0000 0.7738 0.8023 0.8824 0.8682 0.8031 0.8393 0.7996 0.8685 0.8824 0.8048 0.8393 0.8347 0.8032 0.7738 0.8393 0.8389 0.7455 0.8689 0.8032 0.7996 0.7738 0.8393 
0.7739 0.8866 0.8346 0.8412 0.8385 0.8412 0.8844 0.8385 0.8385 0.7738 1.0000 0.8880 0.8059 0.7838 0.8868 0.8412 0.8844 0.7840 0.8059 0.8028 0.8412 0.8412 0.8867 0.9994 0.8412 0.8385 0.7512 0.7844 0.8867 0.8844 0.9997 0.8412 
0.8024 0.8409 0.8071 0.8858 0.8815 0.8857 0.8379 0.8815 0.8814 0.8023 0.8880 1.0000 0.8410 0.8159 0.8409 0.8058 0.8379 0.8162 0.8410 0.8378 0.8058 0.8857 0.8409 0.8880 0.8058 0.8814 0.7260 0.8165 0.8409 0.8379 0.8880 0.8058 
0.8825 0.8415 0.8076 0.8846 0.8015 0.8845 0.8368 0.8015 0.8014 0.8824 0.8059 0.8410 1.0000 0.8181 0.8415 0.8883 0.8368 0.8183 0.9995 0.8389 0.8883 0.8845 0.8415 0.8059 0.8883 0.8015 0.7246 0.8187 0.8415 0.8368 0.8059 0.8883 
0.8677 0.8200 0.8832 0.7763 0.8561 0.7761 0.7459 0.8561 0.8558 0.8682 0.7838 0.8159 0.8181 1.0000 0.8192 0.7887 0.7458 0.9994 0.8179 0.7739 0.7887 0.7762 0.8195 0.7838 0.7887 0.8559 0.6999 0.9974 0.8196 0.7459 0.7837 0.7885 
0.8032 0.9978 0.8790 0.8037 0.8018 0.8037 0.8358 0.8018 0.8018 0.8031 0.8868 0.8409 0.8415 0.8192 1.0000 0.8876 0.8358 0.8194 0.8415 0.7729 0.8876 0.8037 0.9986 0.8867 0.8876 0.8018 0.7245 0.8198 0.9985 0.8358 0.8867 0.8876 
0.8393 0.8876 0.8361 0.8393 0.7732 0.8392 0.8805 0.7732 0.7731 0.8393 0.8412 0.8058 0.8883 0.7887 0.8876 1.0000 0.8804 0.7889 0.8883 0.8050 0.9983 0.8392 0.8876 0.8412 0.9998 0.7732 0.7481 0.7892 0.8876 0.8805 0.8412 0.9982 
0.7998 0.8353 0.7955 0.8874 0.8027 0.8875 0.9987 0.8027 0.8027 0.7996 0.8844 0.8379 0.8368 0.7458 0.8358 0.8804 1.0000 0.7461 0.8369 0.8258 0.8804 0.8874 0.8356 0.8844 0.8804 0.8027 0.7811 0.7465 0.8356 0.9989 0.8845 0.8805 
0.8680 0.8202 0.8835 0.7766 0.8565 0.7764 0.7462 0.8564 0.8562 0.8685 0.7840 0.8162 0.8183 0.9994 0.8194 0.7889 0.7461 1.0000 0.8181 0.7740 0.7889 0.7764 0.8197 0.7840 0.7889 0.8563 0.7002 0.9977 0.8198 0.7461 0.7839 0.7887 
0.8825 0.8415 0.8076 0.8847 0.8015 0.8846 0.8369 0.8015 0.8015 0.8824 0.8059 0.8410 0.9995 0.8179 0.8415 0.8883 0.8369 0.8181 1.0000 0.8388 0.8883 0.8846 0.8415 0.8059 0.8883 0.8015 0.7247 0.8185 0.8415 0.8369 0.8059 0.8883 
0.8046 0.7732 0.7524 0.8745 0.7977 0.8741 0.8259 0.7977 0.7976 0.8048 0.8028 0.8378 0.8389 0.7739 0.7729 0.8050 0.8258 0.7740 0.8388 1.0000 0.8051 0.8742 0.7730 0.8027 0.8051 0.7976 0.7150 0.7741 0.7731 0.8259 0.8027 0.8049 
0.8394 0.8877 0.8361 0.8393 0.7732 0.8392 0.8805 0.7732 0.7731 0.8393 0.8412 0.8058 0.8883 0.7887 0.8876 0.9983 0.8804 0.7889 0.8883 0.8051 1.0000 0.8392 0.8877 0.8412 0.9983 0.7732 0.7481 0.7892 0.8877 0.8804 0.8412 0.9995 
0.8349 0.8034 0.7745 0.9984 0.8369 0.9997 0.8875 0.8369 0.8370 0.8347 0.8412 0.8857 0.8845 0.7762 0.8037 0.8392 0.8874 0.7764 0.8846 0.8742 0.8392 1.0000 0.8036 0.8412 0.8392 0.8370 0.7526 0.7768 0.8036 0.8875 0.8412 0.8393 
0.8032 0.9988 0.8791 0.8036 0.8018 0.8036 0.8357 0.8018 0.8017 0.8032 0.8867 0.8409 0.8415 0.8195 0.9986 0.8876 0.8356 0.8197 0.8415 0.7730 0.8877 0.8036 1.0000 0.8867 0.8876 0.8018 0.7244 0.8201 0.9996 0.8357 0.8867 0.8877 
0.7739 0.8865 0.8346 0.8412 0.8385 0.8412 0.8845 0.8385 0.8385 0.7738 0.9994 0.8880 0.8059 0.7838 0.8867 0.8412 0.8844 0.7840 0.8059 0.8027 0.8412 0.8412 0.8867 1.0000 0.8412 0.8385 0.7512 0.7843 0.8866 0.8844 0.9994 0.8412 
0.8393 0.8876 0.8361 0.8393 0.7732 0.8392 0.8805 0.7732 0.7731 0.8393 0.8412 0.8058 0.8883 0.7887 0.8876 0.9998 0.8804 0.7889 0.8883 0.8051 0.9983 0.8392 0.8876 0.8412 1.0000 0.7732 0.7481 0.7892 0.8876 0.8805 0.8412 0.9982 
0.8390 0.8017 0.8472 0.8370 0.9996 0.8370 0.8027 0.9983 0.9983 0.8389 0.8385 0.8814 0.8015 0.8559 0.8018 0.7732 0.8027 0.8563 0.8015 0.7976 0.7732 0.8370 0.8018 0.8385 0.7732 1.0000 0.7499 0.8568 0.8017 0.8027 0.8385 0.7732 
0.7458 0.7242 0.7431 0.7526 0.7499 0.7527 0.7811 0.7499 0.7500 0.7455 0.7512 0.7260 0.7246 0.6999 0.7245 0.7481 0.7811 0.7002 0.7247 0.7150 0.7481 0.7526 0.7244 0.7512 0.7481 0.7499 1.0000 0.7005 0.7244 0.7811 0.7513 0.7482 
0.8684 0.8206 0.8839 0.7770 0.8570 0.7768 0.7466 0.8570 0.8567 0.8689 0.7844 0.8165 0.8187 0.9974 0.8198 0.7892 0.7465 0.9977 0.8185 0.7741 0.7892 0.7768 0.8201 0.7843 0.7892 0.8568 0.7005 1.0000 0.8202 0.7465 0.7842 0.7891 
0.8032 0.9991 0.8792 0.8036 0.8018 0.8035 0.8356 0.8017 0.8017 0.8032 0.8867 0.8409 0.8415 0.8196 0.9985 0.8876 0.8356 0.8198 0.8415 0.7731 0.8877 0.8036 0.9996 0.8866 0.8876 0.8017 0.7244 0.8202 1.0000 0.8356 0.8866 0.8877 
0.7998 0.8354 0.7955 0.8875 0.8027 0.8875 0.9997 0.8027 0.8027 0.7996 0.8844 0.8379 0.8368 0.7459 0.8358 0.8805 0.9989 0.7461 0.8369 0.8259 0.8804 0.8875 0.8357 0.8844 0.8805 0.8027 0.7811 0.7465 0.8356 1.0000 0.8845 0.8806 
0.7739 0.8865 0.8345 0.8412 0.8385 0.8412 0.8845 0.8385 0.8385 0.7738 0.9997 0.8880 0.8059 0.7837 0.8867 0.8412 0.8845 0.7839 0.8059 0.8027 0.8412 0.8412 0.8867 0.9994 0.8412 0.8385 0.7513 0.7842 0.8866 0.8845 1.0000 0.8412 
0.8393 0.8877 0.8360 0.8394 0.7732 0.8393 0.8806 0.7732 0.7732 0.8393 0.8412 0.8058 0.8883 0.7885 0.8876 0.9982 0.8805 0.7887 0.8883 0.8049 0.9995 0.8393 0.8877 0.8412 0.9982 0.7732 0.7482 0.7891 0.8877 0.8806 0.8412 1.0000 
