1.0000	0.5805	0.5084	0.5065	0.6199	0.5351	0.5043	0.4046	0.6183	0.4767	0.6049	0.6071	0.6124	0.4949	0.5548	0.5655	0.4904	0.6621	0.4910	0.5295	0.4928	0.4753	0.4704	0.6348	0.6695	0.5943	0.5113	0.5802	0.5734	0.4838	0.5577	0.5781	0.5227	0.5809	0.6000	0.6145	0.5605	0.5175	0.5630	0.5095	0.5669	0.5521	0.5046	0.5291	0.5175	0.5297	0.5736	0.5528	0.5253	0.5069
0.5805	1.0000	0.5407	0.4967	0.5641	0.6726	0.4971	0.4725	0.5683	0.6643	0.6162	0.6383	0.5509	0.5815	0.4875	0.6480	0.5351	0.5779	0.5498	0.5136	0.5258	0.5350	0.5934	0.6108	0.5936	0.5183	0.5515	0.5084	0.5193	0.5420	0.4519	0.5340	0.6979	0.6502	0.5610	0.6426	0.5296	0.5629	0.5629	0.6036	0.6395	0.6044	0.5511	0.7991	0.5526	0.5187	0.6150	0.6240	0.5965	0.4627
0.5084	0.5407	1.0000	0.4737	0.4901	0.5659	0.5162	0.4321	0.5170	0.4955	0.5762	0.5464	0.4799	0.4833	0.4919	0.5234	0.4549	0.5914	0.4843	0.4704	0.4852	0.4701	0.5126	0.5908	0.4944	0.4813	0.4833	0.4736	0.4788	0.4980	0.4925	0.4845	0.5039	0.5576	0.5135	0.4826	0.5044	0.4781	0.4838	0.4838	0.5467	0.5024	0.4786	0.5573	0.4911	0.4377	0.5044	0.4961	0.4492	0.4381
0.5065	0.4967	0.4737	1.0000	0.5016	0.5342	0.4852	0.3966	0.4523	0.4158	0.4866	0.5212	0.5047	0.4333	0.4692	0.4268	0.4229	0.4887	0.5343	0.4530	0.4669	0.5507	0.4240	0.5393	0.5145	0.4740	0.4358	0.4540	0.4877	0.4639	0.4462	0.4756	0.4973	0.5299	0.5448	0.5124	0.4952	0.5294	0.4528	0.4724	0.4730	0.4491	0.4541	0.4444	0.4514	0.5624	0.4863	0.4655	0.5416	0.4629
0.6199	0.5641	0.4901	0.5016	1.0000	0.5436	0.5412	0.4221	0.5456	0.4832	0.5716	0.5712	0.5734	0.4556	0.5084	0.5434	0.5157	0.6358	0.5234	0.5387	0.5029	0.4825	0.4822	0.5907	0.6222	0.5650	0.4838	0.5776	0.6097	0.4232	0.5239	0.6708	0.5054	0.5843	0.5709	0.6750	0.6914	0.5340	0.5444	0.5339	0.5130	0.4820	0.4945	0.5143	0.4822	0.5721	0.5352	0.5892	0.5433	0.5168
0.5351	0.6726	0.5659	0.5342	0.5436	1.0000	0.5707	0.4814	0.5890	0.5925	0.6468	0.5635	0.5164	0.5702	0.5119	0.6010	0.5525	0.6231	0.5769	0.5404	0.5961	0.6385	0.5706	0.6920	0.5729	0.5889	0.5467	0.5328	0.6010	0.5722	0.4949	0.5697	0.6325	0.5647	0.5455	0.5826	0.5620	0.6620	0.6018	0.6672	0.6059	0.5003	0.5852	0.6830	0.5982	0.5501	0.5380	0.5578	0.5706	0.5488
0.5043	0.4971	0.5162	0.4852	0.5412	0.5707	1.0000	0.4394	0.5167	0.5053	0.5396	0.5024	0.5301	0.4713	0.4994	0.5227	0.4559	0.5968	0.5677	0.4995	0.5146	0.5540	0.5213	0.5843	0.5029	0.5478	0.4939	0.5313	0.5161	0.4653	0.4703	0.5477	0.5079	0.4726	0.5095	0.5116	0.5593	0.5509	0.4903	0.5414	0.4875	0.4666	0.4868	0.5044	0.4682	0.5126	0.4378	0.4611	0.4797	0.4849
0.4046	0.4725	0.4321	0.3966	0.4221	0.4814	0.4394	1.0000	0.4556	0.4745	0.4500	0.4778	0.4156	0.5191	0.4346	0.4748	0.4812	0.4737	0.4217	0.4139	0.4523	0.4390	0.4531	0.4815	0.3879	0.4719	0.4391	0.4664	0.4361	0.4656	0.3699	0.4399	0.4281	0.4364	0.3797	0.4496	0.4225	0.4102	0.4189	0.4588	0.4953	0.4156	0.4649	0.4976	0.4613	0.3813	0.4377	0.4887	0.3944	0.4088
0.6183	0.5683	0.5170	0.4523	0.5456	0.5890	0.5167	0.4556	1.0000	0.5240	0.6102	0.5849	0.5362	0.5150	0.5475	0.5845	0.5282	0.6389	0.5207	0.6474	0.5750	0.5248	0.5235	0.6609	0.6125	0.6413	0.5954	0.6233	0.5527	0.5208	0.5296	0.5729	0.4953	0.5455	0.5617	0.6002	0.5630	0.5481	0.5803	0.5406	0.5822	0.5002	0.5411	0.5651	0.5523	0.4609	0.5230	0.5136	0.4949	0.5251
0.4767	0.6643	0.4955	0.4158	0.4832	0.5925	0.5053	0.4745	0.5240	1.0000	0.5678	0.5198	0.4544	0.6283	0.4667	0.5895	0.5272	0.5193	0.4844	0.5050	0.5244	0.5348	0.6269	0.5637	0.4949	0.4917	0.5569	0.4905	0.5165	0.5398	0.4263	0.4987	0.5905	0.5212	0.4658	0.5612	0.5030	0.5390	0.5593	0.6081	0.5970	0.5569	0.5797	0.7225	0.5276	0.4567	0.4906	0.5661	0.4815	0.4801
0.6049	0.6162	0.5762	0.4866	0.5716	0.6468	0.5396	0.4500	0.6102	0.5678	1.0000	0.5394	0.5672	0.5216	0.5693	0.5657	0.5465	0.6313	0.4859	0.5563	0.5455	0.5216	0.5690	0.6780	0.6151	0.5700	0.5584	0.5162	0.5460	0.5642	0.5338	0.5696	0.5884	0.6407	0.6014	0.5490	0.5731	0.5354	0.5791	0.5527	0.6321	0.5502	0.5679	0.6301	0.5385	0.5113	0.5719	0.5289	0.4937	0.5006
0.6071	0.6383	0.5464	0.5212	0.5712	0.5635	0.5024	0.4778	0.5849	0.5198	0.5394	1.0000	0.5471	0.4992	0.4677	0.6134	0.4645	0.5458	0.6012	0.5132	0.5124	0.5170	0.4871	0.5972	0.5656	0.5236	0.5123	0.5766	0.5045	0.4732	0.4727	0.5338	0.5158	0.5944	0.5421	0.6084	0.5542	0.5129	0.5354	0.5248	0.5390	0.5168	0.4744	0.5671	0.5175	0.5071	0.5974	0.5378	0.5264	0.4832
0.6124	0.5509	0.4799	0.5047	0.5734	0.5164	0.5301	0.4156	0.5362	0.4544	0.5672	0.5471	1.0000	0.5017	0.4932	0.5046	0.4659	0.5820	0.4856	0.5119	0.4775	0.4677	0.4772	0.6017	0.5840	0.5197	0.4876	0.5001	0.5055	0.4339	0.5061	0.5598	0.5057	0.5639	0.5589	0.5759	0.5542	0.4916	0.5018	0.4783	0.5478	0.5211	0.4894	0.4994	0.4722	0.5546	0.5266	0.4855	0.5020	0.4419
0.4949	0.5815	0.4833	0.4333	0.4556	0.5702	0.4713	0.5191	0.5150	0.6283	0.5216	0.4992	0.5017	1.0000	0.4587	0.5492	0.5124	0.5685	0.4519	0.4941	0.5154	0.5105	0.5554	0.5844	0.4839	0.4987	0.5243	0.4825	0.5257	0.5475	0.4491	0.5031	0.5549	0.4897	0.4625	0.5345	0.4749	0.5130	0.5632	0.5324	0.6030	0.5300	0.5346	0.6300	0.5359	0.4521	0.4541	0.5268	0.4657	0.4519
0.5548	0.4875	0.4919	0.4692	0.5084	0.5119	0.4994	0.4346	0.5475	0.4667	0.5693	0.4677	0.4932	0.4587	1.0000	0.5115	0.4986	0.5730	0.4305	0.4970	0.4477	0.4999	0.4652	0.5673	0.5268	0.5691	0.4786	0.5502	0.5316	0.4381	0.4886	0.5518	0.4411	0.4981	0.5074	0.4908	0.5231	0.5090	0.4838	0.4786	0.4992	0.4296	0.4579	0.5028	0.4865	0.4568	0.5148	0.4476	0.4654	0.4760
0.5655	0.6480	0.5234	0.4268	0.5434	0.6010	0.5227	0.4748	0.5845	0.5895	0.5657	0.6134	0.5046	0.5492	0.5115	1.0000	0.5268	0.5770	0.4849	0.5213	0.5138	0.5088	0.5253	0.6061	0.5395	0.5350	0.5426	0.6047	0.5437	0.4685	0.4834	0.5814	0.5305	0.5126	0.5091	0.5878	0.5875	0.5587	0.5744	0.6001	0.5696	0.4920	0.4962	0.6715	0.5453	0.4419	0.5123	0.5451	0.5155	0.4947
0.4904	0.5351	0.4549	0.4229	0.5157	0.5525	0.4559	0.4812	0.5282	0.5272	0.5465	0.4645	0.4659	0.5124	0.4986	0.5268	1.0000	0.5351	0.4185	0.5880	0.4877	0.4993	0.4863	0.5755	0.4917	0.5206	0.4516	0.4957	0.5697	0.4496	0.4555	0.5982	0.5199	0.4700	0.4681	0.5223	0.5068	0.5587	0.5062	0.5825	0.5672	0.4428	0.5192	0.5490	0.5562	0.4377	0.4774	0.5512	0.4640	0.4405
0.6621	0.5779	0.5914	0.4887	0.6358	0.6231	0.5968	0.4737	0.6389	0.5193	0.6313	0.5458	0.5820	0.5685	0.5730	0.5770	0.5351	1.0000	0.5152	0.5520	0.5743	0.5338	0.5505	0.6996	0.6192	0.6321	0.5409	0.5814	0.6247	0.5490	0.5656	0.6513	0.5406	0.5780	0.5687	0.6240	0.6041	0.5551	0.5686	0.5524	0.6218	0.5491	0.5467	0.5927	0.5556	0.5091	0.5219	0.5536	0.5074	0.5291
0.4910	0.5498	0.4843	0.5343	0.5234	0.5769	0.5677	0.4217	0.5207	0.4844	0.4859	0.6012	0.4856	0.4519	0.4305	0.4849	0.4185	0.5152	1.0000	0.4984	0.4857	0.5869	0.4885	0.5346	0.5055	0.4918	0.4697	0.4989	0.4749	0.4389	0.3912	0.4519	0.5164	0.5393	0.5227	0.5524	0.5028	0.5528	0.4599	0.4914	0.4614	0.4632	0.4453	0.4938	0.4674	0.4957	0.5001	0.4889	0.5347	0.4709
0.5295	0.5136	0.4704	0.4530	0.5387	0.5404	0.4995	0.4139	0.6474	0.5050	0.5563	0.5132	0.5119	0.4941	0.4970	0.5213	0.5880	0.5520	0.4984	1.0000	0.5401	0.5289	0.5223	0.6128	0.5740	0.5681	0.5419	0.5867	0.5416	0.4642	0.4657	0.5494	0.4734	0.4815	0.5297	0.5535	0.5700	0.5967	0.5768	0.5537	0.5176	0.4455	0.5709	0.5226	0.5208	0.4746	0.4434	0.5062	0.5060	0.5056
0.4928	0.5258	0.4852	0.4669	0.5029	0.5961	0.5146	0.4523	0.5750	0.5244	0.5455	0.5124	0.4775	0.5154	0.4477	0.5138	0.4877	0.5743	0.4857	0.5401	1.0000	0.5186	0.4766	0.5970	0.5646	0.5303	0.6384	0.5315	0.5289	0.5134	0.5122	0.5436	0.5012	0.5024	0.5146	0.5539	0.5281	0.5297	0.5716	0.4885	0.5359	0.5076	0.5465	0.5349	0.5577	0.5179	0.4626	0.4721	0.5066	0.5391
0.4753	0.5350	0.4701	0.5507	0.4825	0.6385	0.5540	0.4390	0.5248	0.5348	0.5216	0.5170	0.4677	0.5105	0.4999	0.5088	0.4993	0.5338	0.5869	0.5289	0.5186	1.0000	0.5527	0.6001	0.4893	0.5354	0.4689	0.5223	0.5702	0.4779	0.4337	0.5200	0.4867	0.4548	0.4633	0.5242	0.5149	0.6742	0.5207	0.5778	0.4873	0.4147	0.4958	0.5481	0.5797	0.5023	0.4590	0.4652	0.5623	0.5256
0.4704	0.5934	0.5126	0.4240	0.4822	0.5706	0.5213	0.4531	0.5235	0.6269	0.5690	0.4871	0.4772	0.5554	0.4652	0.5253	0.4863	0.5505	0.4885	0.5223	0.4766	0.5527	1.0000	0.5669	0.4652	0.5116	0.4822	0.4565	0.5253	0.5456	0.3975	0.4746	0.5705	0.5357	0.4807	0.5331	0.4745	0.5211	0.5377	0.5892	0.5781	0.5422	0.5565	0.6421	0.5206	0.4517	0.4736	0.5569	0.4879	0.4430
0.6348	0.6108	0.5908	0.5393	0.5907	0.6920	0.5843	0.4815	0.6609	0.5637	0.6780	0.5972	0.6017	0.5844	0.5673	0.6061	0.5755	0.6996	0.5346	0.6128	0.5970	0.6001	0.5669	1.0000	0.6132	0.6060	0.5764	0.5890	0.6140	0.5475	0.5651	0.6265	0.5732	0.5622	0.5854	0.6023	0.6191	0.5910	0.6146	0.5815	0.6479	0.5257	0.5681	0.6292	0.5939	0.5562	0.5372	0.5455	0.5488	0.5303
0.6695	0.5936	0.4944	0.5145	0.6222	0.5729	0.5029	0.3879	0.6125	0.4949	0.6151	0.5656	0.5840	0.4839	0.5268	0.5395	0.4917	0.6192	0.5055	0.5740	0.5646	0.4893	0.4652	0.6132	1.0000	0.6209	0.5826	0.5763	0.5322	0.5152	0.5665	0.5731	0.5530	0.5926	0.6529	0.5880	0.6051	0.5226	0.6312	0.5050	0.5378	0.5076	0.5593	0.5441	0.5162	0.5425	0.5524	0.5390	0.5299	0.5088
0.5943	0.5183	0.4813	0.4740	0.5650	0.5889	0.5478	0.4719	0.6413	0.4917	0.5700	0.5236	0.5197	0.4987	0.5691	0.5350	0.5206	0.6321	0.4918	0.5681	0.5303	0.5354	0.5116	0.6060	0.6209	1.0000	0.5328	0.6246	0.5655	0.5526	0.5118	0.6059	0.4867	0.4866	0.5103	0.5957	0.5888	0.5679	0.5914	0.5845	0.5686	0.4768	0.5727	0.5312	0.5446	0.4931	0.5011	0.5420	0.4756	0.5183
0.5113	0.5515	0.4833	0.4358	0.4838	0.5467	0.4939	0.4391	0.5954	0.5569	0.5584	0.5123	0.4876	0.5243	0.4786	0.5426	0.4516	0.5409	0.4697	0.5419	0.6384	0.4689	0.4822	0.5764	0.5826	0.5328	1.0000	0.5589	0.4784	0.5321	0.4963	0.5092	0.5093	0.5090	0.5282	0.5173	0.5389	0.4963	0.5655	0.4680	0.5600	0.5323	0.5409	0.5671	0.5247	0.4717	0.4744	0.4652	0.4599	0.4751
0.5802	0.5084	0.4736	0.4540	0.5776	0.5328	0.5313	0.4664	0.6233	0.4905	0.5162	0.5766	0.5001	0.4825	0.5502	0.6047	0.4957	0.5814	0.4989	0.5867	0.5315	0.5223	0.4565	0.5890	0.5763	0.6246	0.5589	1.0000	0.6104	0.4777	0.5158	0.6182	0.4444	0.4539	0.4983	0.5940	0.6256	0.5554	0.5717	0.5167	0.5069	0.4272	0.5050	0.5129	0.5498	0.4773	0.4674	0.4991	0.4890	0.5222
0.5734	0.5193	0.4788	0.4877	0.6097	0.6010	0.5161	0.4361	0.5527	0.5165	0.5460	0.5045	0.5055	0.5257	0.5316	0.5437	0.5697	0.6247	0.4749	0.5416	0.5289	0.5702	0.5253	0.6140	0.5322	0.5655	0.4784	0.6104	1.0000	0.4985	0.5194	0.6641	0.5222	0.4786	0.5124	0.5768	0.5723	0.6168	0.6038	0.6157	0.5354	0.4582	0.5456	0.5375	0.6039	0.5287	0.4811	0.5493	0.5346	0.5706
0.4838	0.5420	0.4980	0.4639	0.4232	0.5722	0.4653	0.4656	0.5208	0.5398	0.5642	0.4732	0.4339	0.5475	0.4381	0.4685	0.4496	0.5490	0.4389	0.4642	0.5134	0.4779	0.5456	0.5475	0.5152	0.5526	0.5321	0.4777	0.4985	1.0000	0.4400	0.4617	0.6022	0.5141	0.4888	0.4867	0.4342	0.4762	0.5730	0.5136	0.6284	0.5531	0.5878	0.5838	0.5243	0.4301	0.4755	0.5230	0.4381	0.4507
0.5577	0.4519	0.4925	0.4462	0.5239	0.4949	0.4703	0.3699	0.5296	0.4263	0.5338	0.4727	0.5061	0.4491	0.4886	0.4834	0.4555	0.5656	0.3912	0.4657	0.5122	0.4337	0.3975	0.5651	0.5665	0.5118	0.4963	0.5158	0.5194	0.4400	1.0000	0.5764	0.4400	0.4744	0.5051	0.4859	0.5746	0.4723	0.5488	0.4405	0.5054	0.4476	0.4627	0.4583	0.4666	0.4598	0.4548	0.4277	0.4341	0.4906
0.5781	0.5340	0.4845	0.4756	0.6708	0.5697	0.5477	0.4399	0.5729	0.4987	0.5696	0.5338	0.5598	0.5031	0.5518	0.5814	0.5982	0.6513	0.4519	0.5494	0.5436	0.5200	0.4746	0.6265	0.5731	0.6059	0.5092	0.6182	0.6641	0.4617	0.5764	1.0000	0.5062	0.4956	0.5122	0.6326	0.6951	0.5980	0.5761	0.5789	0.5831	0.4540	0.5092	0.5354	0.5382	0.5097	0.5006	0.5169	0.4981	0.5144
0.5227	0.6979	0.5039	0.4973	0.5054	0.6325	0.5079	0.4281	0.4953	0.5905	0.5884	0.5158	0.5057	0.5549	0.4411	0.5305	0.5199	0.5406	0.5164	0.4734	0.5012	0.4867	0.5705	0.5732	0.5530	0.4867	0.5093	0.4444	0.5222	0.6022	0.4400	0.5062	1.0000	0.5939	0.5701	0.5389	0.4590	0.5453	0.5526	0.5588	0.6285	0.5861	0.5595	0.6645	0.5161	0.4908	0.5446	0.5833	0.5516	0.4289
0.5809	0.6502	0.5576	0.5299	0.5843	0.5647	0.4726	0.4364	0.5455	0.5212	0.6407	0.5944	0.5639	0.4897	0.4981	0.5126	0.4700	0.5780	0.5393	0.4815	0.5024	0.4548	0.5357	0.5622	0.5926	0.4866	0.5090	0.4539	0.4786	0.5141	0.4744	0.4956	0.5939	1.0000	0.6810	0.5622	0.5046	0.4714	0.5080	0.4775	0.5752	0.6052	0.4924	0.5812	0.4590	0.5342	0.6609	0.5594	0.5419	0.4749
0.6000	0.5610	0.5135	0.5448	0.5709	0.5455	0.5095	0.3797	0.5617	0.4658	0.6014	0.5421	0.5589	0.4625	0.5074	0.5091	0.4681	0.5687	0.5227	0.5297	0.5146	0.4633	0.4807	0.5854	0.6529	0.5103	0.5282	0.4983	0.5124	0.4888	0.5051	0.5122	0.5701	0.6810	1.0000	0.5437	0.5258	0.4946	0.5381	0.4748	0.4876	0.5237	0.4874	0.5080	0.4816	0.5547	0.5784	0.5100	0.5541	0.5070
0.6145	0.6426	0.4826	0.5124	0.6750	0.5826	0.5116	0.4496	0.6002	0.5612	0.5490	0.6084	0.5759	0.5345	0.4908	0.5878	0.5223	0.6240	0.5524	0.5535	0.5539	0.5242	0.5331	0.6023	0.5880	0.5957	0.5173	0.5940	0.5768	0.4867	0.4859	0.6326	0.5389	0.5622	0.5437	1.0000	0.6252	0.5532	0.5779	0.5797	0.5802	0.5654	0.5280	0.5868	0.5349	0.5628	0.5412	0.6292	0.5645	0.5157
0.5605	0.5296	0.5044	0.4952	0.6914	0.5620	0.5593	0.4225	0.5630	0.5030	0.5731	0.5542	0.5542	0.4749	0.5231	0.5875	0.5068	0.6041	0.5028	0.5700	0.5281	0.5149	0.4745	0.6191	0.6051	0.5888	0.5389	0.6256	0.5723	0.4342	0.5746	0.6951	0.4590	0.5046	0.5258	0.6252	1.0000	0.5740	0.5897	0.5533	0.5270	0.4350	0.5045	0.5371	0.4912	0.5405	0.4724	0.5164	0.5073	0.5461
0.5175	0.5629	0.4781	0.5294	0.5340	0.6620	0.5509	0.4102	0.5481	0.5390	0.5354	0.5129	0.4916	0.5130	0.5090	0.5587	0.5587	0.5551	0.5528	0.5967	0.5297	0.6742	0.5211	0.5910	0.5226	0.5679	0.4963	0.5554	0.6168	0.4762	0.4723	0.5980	0.5453	0.4714	0.4946	0.5532	0.5740	1.0000	0.5565	0.6368	0.5097	0.4295	0.5292	0.5787	0.5879	0.5050	0.4633	0.4967	0.5981	0.5635
0.5630	0.5629	0.4838	0.4528	0.5444	0.6018	0.4903	0.4189	0.5803	0.5593	0.5791	0.5354	0.5018	0.5632	0.4838	0.5744	0.5062	0.5686	0.4599	0.5768	0.5716	0.5207	0.5377	0.6146	0.6312	0.5914	0.5655	0.5717	0.6038	0.5730	0.5488	0.5761	0.5526	0.5080	0.5381	0.5779	0.5897	0.5565	1.0000	0.5864	0.5771	0.4855	0.6290	0.6017	0.5621	0.4951	0.4752	0.5664	0.5052	0.5376
0.5095	0.6036	0.4838	0.4724	0.5339	0.6672	0.5414	0.4588	0.5406	0.6081	0.5527	0.5248	0.4783	0.5324	0.4786	0.6001	0.5825	0.5524	0.4914	0.5537	0.4885	0.5778	0.5892	0.5815	0.5050	0.5845	0.4680	0.5167	0.6157	0.5136	0.4405	0.5789	0.5588	0.4775	0.4748	0.5797	0.5533	0.6368	0.5864	1.0000	0.5580	0.4803	0.5803	0.6221	0.5773	0.4917	0.4757	0.5632	0.5144	0.5238
0.5669	0.6395	0.5467	0.4730	0.5130	0.6059	0.4875	0.4953	0.5822	0.5970	0.6321	0.5390	0.5478	0.6030	0.4992	0.5696	0.5672	0.6218	0.4614	0.5176	0.5359	0.4873	0.5781	0.6479	0.5378	0.5686	0.5600	0.5069	0.5354	0.6284	0.5054	0.5831	0.6285	0.5752	0.4876	0.5802	0.5270	0.5097	0.5771	0.5580	1.0000	0.6408	0.5929	0.6712	0.5332	0.4560	0.5569	0.5873	0.4643	0.4284
0.5521	0.6044	0.5024	0.4491	0.4820	0.5003	0.4666	0.4156	0.5002	0.5569	0.5502	0.5168	0.5211	0.5300	0.4296	0.4920	0.4428	0.5491	0.4632	0.4455	0.5076	0.4147	0.5422	0.5257	0.5076	0.4768	0.5323	0.4272	0.4582	0.5531	0.4476	0.4540	0.5861	0.6052	0.5237	0.5654	0.4350	0.4295	0.4855	0.4803	0.6408	1.0000	0.5210	0.5784	0.4553	0.4838	0.5419	0.5646	0.4681	0.4175
0.5046	0.5511	0.4786	0.4541	0.4945	0.5852	0.4868	0.4649	0.5411	0.5797	0.5679	0.4744	0.4894	0.5346	0.4579	0.4962	0.5192	0.5467	0.4453	0.5709	0.5465	0.4958	0.5565	0.5681	0.5593	0.5727	0.5409	0.5050	0.5456	0.5878	0.4627	0.5092	0.5595	0.4924	0.4874	0.5280	0.5045	0.5292	0.6290	0.5803	0.5929	0.5210	1.0000	0.5880	0.5084	0.4808	0.4562	0.6162	0.4522	0.4830
0.5291	0.7991	0.5573	0.4444	0.5143	0.6830	0.5044	0.4976	0.5651	0.7225	0.6301	0.5671	0.4994	0.6300	0.5028	0.6715	0.5490	0.5927	0.4938	0.5226	0.5349	0.5481	0.6421	0.6292	0.5441	0.5312	0.5671	0.5129	0.5375	0.5838	0.4583	0.5354	0.6645	0.5812	0.5080	0.5868	0.5371	0.5787	0.6017	0.6221	0.6712	0.5784	0.5880	1.0000	0.5702	0.4604	0.5500	0.6073	0.5437	0.4748
0.5175	0.5526	0.4911	0.4514	0.4822	0.5982	0.4682	0.4613	0.5523	0.5276	0.5385	0.5175	0.4722	0.5359	0.4865	0.5453	0.5562	0.5556	0.4674	0.5208	0.5577	0.5797	0.5206	0.5939	0.5162	0.5446	0.5247	0.5498	0.6039	0.5243	0.4666	0.5382	0.5161	0.4590	0.4816	0.5349	0.4912	0.5879	0.5621	0.5773	0.5332	0.4553	0.5084	0.5702	1.0000	0.4474	0.4888	0.4776	0.5056	0.4904
0.5297	0.5187	0.4377	0.5624	0.5721	0.5501	0.5126	0.3813	0.4609	0.4567	0.5113	0.5071	0.5546	0.4521	0.4568	0.4419	0.4377	0.5091	0.4957	0.4746	0.5179	0.5023	0.4517	0.5562	0.5425	0.4931	0.4717	0.4773	0.5287	0.4301	0.4598	0.5097	0.4908	0.5342	0.5547	0.5628	0.5405	0.5050	0.4951	0.4917	0.4560	0.4838	0.4808	0.4604	0.4474	1.0000	0.5312	0.4919	0.6043	0.5286
0.5736	0.6150	0.5044	0.4863	0.5352	0.5380	0.4378	0.4377	0.5230	0.4906	0.5719	0.5974	0.5266	0.4541	0.5148	0.5123	0.4774	0.5219	0.5001	0.4434	0.4626	0.4590	0.4736	0.5372	0.5524	0.5011	0.4744	0.4674	0.4811	0.4755	0.4548	0.5006	0.5446	0.6609	0.5784	0.5412	0.4724	0.4633	0.4752	0.4757	0.5569	0.5419	0.4562	0.5500	0.4888	0.5312	1.0000	0.5318	0.5443	0.4351
0.5528	0.6240	0.4961	0.4655	0.5892	0.5578	0.4611	0.4887	0.5136	0.5661	0.5289	0.5378	0.4855	0.5268	0.4476	0.5451	0.5512	0.5536	0.4889	0.5062	0.4721	0.4652	0.5569	0.5455	0.5390	0.5420	0.4652	0.4991	0.5493	0.5230	0.4277	0.5169	0.5833	0.5594	0.5100	0.6292	0.5164	0.4967	0.5664	0.5632	0.5873	0.5646	0.6162	0.6073	0.4776	0.4919	0.5318	1.0000	0.5029	0.4436
0.5253	0.5965	0.4492	0.5416	0.5433	0.5706	0.4797	0.3944	0.4949	0.4815	0.4937	0.5264	0.5020	0.4657	0.4654	0.5155	0.4640	0.5074	0.5347	0.5060	0.5066	0.5623	0.4879	0.5488	0.5299	0.4756	0.4599	0.4890	0.5346	0.4381	0.4341	0.4981	0.5516	0.5419	0.5541	0.5645	0.5073	0.5981	0.5052	0.5144	0.4643	0.4681	0.4522	0.5437	0.5056	0.6043	0.5443	0.5029	1.0000	0.5127
0.5069	0.4627	0.4381	0.4629	0.5168	0.5488	0.4849	0.4088	0.5251	0.4801	0.5006	0.4832	0.4419	0.4519	0.4760	0.4947	0.4405	0.5291	0.4709	0.5056	0.5391	0.5256	0.4430	0.5303	0.5088	0.5183	0.4751	0.5222	0.5706	0.4507	0.4906	0.5144	0.4289	0.4749	0.5070	0.5157	0.5461	0.5635	0.5376	0.5238	0.4284	0.4175	0.4830	0.4748	0.4904	0.5286	0.4351	0.4436	0.5127	1.0000
