1.0000	0.4497	0.4319	0.4397	0.4257	0.4634	0.4439	0.5009	0.4642	0.4687	0.4500	0.4457	0.4495	0.4644	0.4463	0.4752	0.4556	0.3970	0.4386	0.4440	0.3897	0.4355	0.4181	0.4722	0.5321	0.4287	0.4228	0.4508	0.3846	0.4958	0.4909	0.4228	0.4571	0.4078	0.4253	0.4177	0.4735	0.3825	0.4821	0.4167	0.4279	0.4448	0.4144	0.5175	0.3948	0.4307	0.4847	0.4264	0.4902	0.4346
0.4497	1.0000	0.4648	0.4642	0.4503	0.4143	0.4507	0.4628	0.4873	0.5087	0.4259	0.4723	0.4658	0.4747	0.4427	0.4781	0.4529	0.4150	0.4864	0.4688	0.4216	0.4765	0.4368	0.4831	0.4830	0.4695	0.4605	0.4400	0.4436	0.4682	0.5119	0.4484	0.4520	0.4300	0.4136	0.4701	0.4506	0.3943	0.4882	0.4504	0.4776	0.4718	0.4207	0.4717	0.4535	0.4974	0.4371	0.4640	0.4643	0.4673
0.4319	0.4648	1.0000	0.4863	0.4399	0.4058	0.4035	0.4388	0.4613	0.4307	0.4718	0.4690	0.4856	0.4554	0.4316	0.4484	0.4119	0.4457	0.4684	0.5025	0.4305	0.4365	0.4145	0.4562	0.4632	0.4534	0.3994	0.4335	0.3699	0.4527	0.4784	0.4663	0.4829	0.4598	0.3902	0.5246	0.4450	0.3848	0.4180	0.4353	0.4509	0.4519	0.3684	0.4568	0.4413	0.4426	0.4113	0.4427	0.4674	0.4551
0.4397	0.4642	0.4863	1.0000	0.4341	0.4331	0.4416	0.4653	0.5015	0.4308	0.4466	0.4827	0.4746	0.4599	0.4529	0.4365	0.4304	0.4411	0.4517	0.5196	0.4140	0.4584	0.4367	0.4583	0.4933	0.4609	0.4188	0.4242	0.4229	0.4402	0.4974	0.4761	0.4686	0.4219	0.4270	0.4810	0.4502	0.4163	0.4521	0.4522	0.4817	0.4316	0.3980	0.4926	0.4372	0.4558	0.4507	0.4760	0.4590	0.4839
0.4257	0.4503	0.4399	0.4341	1.0000	0.4158	0.3953	0.4185	0.4541	0.4334	0.4495	0.4284	0.4121	0.4646	0.4098	0.4421	0.4223	0.4329	0.4352	0.4866	0.4052	0.4144	0.4036	0.4393	0.4544	0.4319	0.4291	0.4111	0.3808	0.4315	0.4334	0.4278	0.4594	0.4268	0.4096	0.4331	0.4190	0.4479	0.4607	0.3979	0.3976	0.4255	0.3674	0.4923	0.4323	0.4372	0.4041	0.4007	0.4403	0.5046
0.4634	0.4143	0.4058	0.4331	0.4158	1.0000	0.4222	0.4369	0.4443	0.4636	0.4246	0.4374	0.4433	0.4024	0.4644	0.4740	0.4328	0.4192	0.3922	0.4341	0.4038	0.4159	0.3917	0.4340	0.4734	0.3998	0.4510	0.4167	0.4296	0.4365	0.4591	0.4552	0.4344	0.4098	0.4666	0.4048	0.4578	0.3960	0.4477	0.4380	0.4101	0.4489	0.3708	0.4835	0.3723	0.4223	0.4622	0.4646	0.4520	0.4222
0.4439	0.4507	0.4035	0.4416	0.3953	0.4222	1.0000	0.4391	0.4367	0.4529	0.4251	0.4286	0.4446	0.4391	0.4199	0.4270	0.4551	0.3892	0.4630	0.4371	0.4494	0.4629	0.3942	0.4298	0.4630	0.4258	0.4691	0.4537	0.4386	0.4419	0.4960	0.4275	0.4047	0.3560	0.3948	0.4231	0.4680	0.3815	0.4713	0.4439	0.4804	0.4338	0.3963	0.4668	0.3876	0.4308	0.4487	0.4446	0.4286	0.3782
0.5009	0.4628	0.4388	0.4653	0.4185	0.4369	0.4391	1.0000	0.4519	0.4364	0.4733	0.4745	0.4688	0.4772	0.4634	0.4825	0.4563	0.4302	0.4346	0.4604	0.4145	0.4500	0.4227	0.4499	0.5125	0.4826	0.4377	0.4518	0.3976	0.4456	0.4493	0.4274	0.4657	0.3984	0.4204	0.4777	0.5162	0.4015	0.5188	0.4464	0.4452	0.4428	0.4047	0.4981	0.4166	0.4529	0.4804	0.4779	0.4422	0.4569
0.4642	0.4873	0.4613	0.5015	0.4541	0.4443	0.4367	0.4519	1.0000	0.4779	0.4903	0.4531	0.4670	0.4745	0.4750	0.4941	0.4444	0.4578	0.4645	0.4990	0.4579	0.4449	0.4404	0.4981	0.4789	0.4657	0.4657	0.4619	0.4562	0.4884	0.5100	0.4910	0.5122	0.4730	0.4334	0.5031	0.4844	0.4288	0.4569	0.4740	0.4381	0.4602	0.4129	0.5466	0.4513	0.4552	0.4721	0.4796	0.5070	0.5129
0.4687	0.5087	0.4307	0.4308	0.4334	0.4636	0.4529	0.4364	0.4779	1.0000	0.4814	0.4519	0.4250	0.4790	0.4679	0.5100	0.4564	0.4544	0.4431	0.4766	0.4430	0.4920	0.4938	0.5159	0.4774	0.4445	0.4894	0.4679	0.4730	0.4996	0.5032	0.4341	0.4524	0.4599	0.4737	0.4369	0.5008	0.4032	0.4488	0.4587	0.4853	0.5149	0.4232	0.5177	0.4467	0.4561	0.4831	0.4451	0.5440	0.4402
0.4500	0.4259	0.4718	0.4466	0.4495	0.4246	0.4251	0.4733	0.4903	0.4814	1.0000	0.4754	0.4318	0.5041	0.4921	0.4770	0.4495	0.5006	0.4255	0.5166	0.4363	0.4507	0.4261	0.4775	0.5150	0.4497	0.4291	0.4592	0.3834	0.4461	0.4553	0.4894	0.4864	0.4383	0.4376	0.4686	0.5128	0.4591	0.4703	0.4513	0.4316	0.4395	0.3826	0.5083	0.4474	0.4526	0.4517	0.4459	0.4794	0.4906
0.4457	0.4723	0.4690	0.4827	0.4284	0.4374	0.4286	0.4745	0.4531	0.4519	0.4754	1.0000	0.5101	0.4343	0.5344	0.4434	0.4678	0.4494	0.4608	0.4936	0.4572	0.4851	0.4387	0.4711	0.5074	0.4499	0.4742	0.4756	0.4173	0.4610	0.5121	0.4814	0.4283	0.3915	0.4420	0.4519	0.5215	0.4888	0.4815	0.4521	0.4615	0.4711	0.4011	0.4737	0.4394	0.4453	0.4553	0.4685	0.4652	0.4722
0.4495	0.4658	0.4856	0.4746	0.4121	0.4433	0.4446	0.4688	0.4670	0.4250	0.4318	0.5101	1.0000	0.4469	0.4753	0.4519	0.4520	0.4210	0.4300	0.4649	0.4257	0.4602	0.4257	0.4392	0.4992	0.4227	0.4560	0.4365	0.4371	0.4470	0.4724	0.4356	0.4510	0.3930	0.4017	0.4690	0.4897	0.4130	0.5004	0.4713	0.4372	0.4835	0.3878	0.4837	0.3938	0.4445	0.4604	0.4957	0.4473	0.4353
0.4644	0.4747	0.4554	0.4599	0.4646	0.4024	0.4391	0.4772	0.4745	0.4790	0.5041	0.4343	0.4469	1.0000	0.4244	0.4967	0.4413	0.4210	0.4279	0.4786	0.4386	0.4764	0.4296	0.5021	0.4909	0.4942	0.4755	0.4474	0.4203	0.4497	0.4499	0.4710	0.4696	0.4743	0.4434	0.4890	0.4462	0.3864	0.4682	0.4078	0.4369	0.4203	0.4113	0.4809	0.4446	0.4891	0.4505	0.4517	0.4819	0.4555
0.4463	0.4427	0.4316	0.4529	0.4098	0.4644	0.4199	0.4634	0.4750	0.4679	0.4921	0.5344	0.4753	0.4244	1.0000	0.4624	0.4763	0.4511	0.4273	0.4726	0.4490	0.4324	0.4240	0.4756	0.5022	0.4363	0.4230	0.4891	0.4116	0.4323	0.4549	0.4359	0.4295	0.4021	0.4540	0.4668	0.5181	0.4263	0.4870	0.4744	0.4427	0.4460	0.4093	0.4479	0.4395	0.4295	0.4537	0.4922	0.4445	0.4587
0.4752	0.4781	0.4484	0.4365	0.4421	0.4740	0.4270	0.4825	0.4941	0.5100	0.4770	0.4434	0.4519	0.4967	0.4624	1.0000	0.4531	0.4247	0.4585	0.4769	0.4233	0.4876	0.4276	0.5325	0.5155	0.4688	0.4717	0.4827	0.4524	0.4770	0.4622	0.4326	0.4854	0.4360	0.4686	0.4385	0.4459	0.4003	0.4701	0.4650	0.4565	0.4528	0.4203	0.4766	0.4416	0.4336	0.4519	0.4891	0.4788	0.4483
0.4556	0.4529	0.4119	0.4304	0.4223	0.4328	0.4551	0.4563	0.4444	0.4564	0.4495	0.4678	0.4520	0.4413	0.4763	0.4531	1.0000	0.4450	0.4557	0.4692	0.4131	0.4551	0.4207	0.4306	0.5189	0.4050	0.4204	0.4545	0.4277	0.4669	0.4888	0.4094	0.4302	0.3927	0.4450	0.4584	0.4653	0.4290	0.5205	0.4314	0.4564	0.4589	0.4254	0.4931	0.3980	0.4247	0.4125	0.5043	0.4397	0.4496
0.3970	0.4150	0.4457	0.4411	0.4329	0.4192	0.3892	0.4302	0.4578	0.4544	0.5006	0.4494	0.4210	0.4210	0.4511	0.4247	0.4450	1.0000	0.4281	0.4867	0.4469	0.4471	0.4201	0.4553	0.4751	0.4272	0.4073	0.4260	0.3825	0.4174	0.4377	0.4356	0.4514	0.4403	0.4227	0.4760	0.4638	0.4172	0.4316	0.4556	0.3982	0.4234	0.3932	0.4670	0.4123	0.4151	0.4471	0.4234	0.4895	0.4648
0.4386	0.4864	0.4684	0.4517	0.4352	0.3922	0.4630	0.4346	0.4645	0.4431	0.4255	0.4608	0.4300	0.4279	0.4273	0.4585	0.4557	0.4281	1.0000	0.4857	0.4068	0.4692	0.4289	0.4895	0.4830	0.4561	0.4079	0.4625	0.3847	0.4892	0.5202	0.4598	0.4203	0.4540	0.3873	0.4431	0.4600	0.4334	0.4516	0.4775	0.4157	0.4769	0.4453	0.4721	0.4383	0.4461	0.4514	0.4147	0.4493	0.4106
0.4440	0.4688	0.5025	0.5196	0.4866	0.4341	0.4371	0.4604	0.4990	0.4766	0.5166	0.4936	0.4649	0.4786	0.4726	0.4769	0.4692	0.4867	0.4857	1.0000	0.4719	0.5140	0.4512	0.5112	0.5048	0.4823	0.4411	0.4986	0.4138	0.4784	0.4835	0.4635	0.5381	0.4279	0.4447	0.5181	0.4909	0.4700	0.4977	0.4676	0.4624	0.4825	0.3987	0.5433	0.4669	0.4728	0.4409	0.4650	0.4954	0.5036
0.3897	0.4216	0.4305	0.4140	0.4052	0.4038	0.4494	0.4145	0.4579	0.4430	0.4363	0.4572	0.4257	0.4386	0.4490	0.4233	0.4131	0.4469	0.4068	0.4719	1.0000	0.4592	0.4560	0.4176	0.4159	0.4153	0.4124	0.4214	0.4104	0.4337	0.4344	0.4350	0.4123	0.4196	0.4137	0.4365	0.4235	0.3899	0.4260	0.4032	0.4217	0.4157	0.3612	0.4562	0.4106	0.4376	0.3949	0.4384	0.4592	0.4400
0.4355	0.4765	0.4365	0.4584	0.4144	0.4159	0.4629	0.4500	0.4449	0.4920	0.4507	0.4851	0.4602	0.4764	0.4324	0.4876	0.4551	0.4471	0.4692	0.5140	0.4592	1.0000	0.4569	0.4741	0.4720	0.4663	0.4742	0.4645	0.4702	0.4650	0.4796	0.4309	0.4936	0.4104	0.4268	0.4437	0.4734	0.4279	0.4919	0.4412	0.4706	0.5098	0.4093	0.4830	0.4562	0.4472	0.4459	0.4494	0.4952	0.4311
0.4181	0.4368	0.4145	0.4367	0.4036	0.3917	0.3942	0.4227	0.4404	0.4938	0.4261	0.4387	0.4257	0.4296	0.4240	0.4276	0.4207	0.4201	0.4289	0.4512	0.4560	0.4569	1.0000	0.4646	0.4344	0.4138	0.3842	0.4286	0.3870	0.4637	0.4383	0.4242	0.4315	0.4100	0.4226	0.4178	0.4259	0.3964	0.4308	0.3882	0.3965	0.4517	0.4150	0.4709	0.4271	0.4079	0.3972	0.4135	0.4881	0.4232
0.4722	0.4831	0.4562	0.4583	0.4393	0.4340	0.4298	0.4499	0.4981	0.5159	0.4775	0.4711	0.4392	0.5021	0.4756	0.5325	0.4306	0.4553	0.4895	0.5112	0.4176	0.4741	0.4646	1.0000	0.5221	0.4967	0.4706	0.5571	0.4185	0.4971	0.4908	0.4932	0.5032	0.4444	0.4331	0.4933	0.4800	0.4180	0.4640	0.4898	0.4290	0.4827	0.4535	0.4863	0.4769	0.4954	0.5189	0.4450	0.5368	0.4436
0.5321	0.4830	0.4632	0.4933	0.4544	0.4734	0.4630	0.5125	0.4789	0.4774	0.5150	0.5074	0.4992	0.4909	0.5022	0.5155	0.5189	0.4751	0.4830	0.5048	0.4159	0.4720	0.4344	0.5221	1.0000	0.4919	0.4464	0.4693	0.4328	0.4733	0.4893	0.4437	0.5320	0.4462	0.4408	0.4697	0.5096	0.4440	0.5476	0.4650	0.4770	0.4622	0.4556	0.5299	0.4216	0.4894	0.4932	0.5018	0.4825	0.5029
0.4287	0.4695	0.4534	0.4609	0.4319	0.3998	0.4258	0.4826	0.4657	0.4445	0.4497	0.4499	0.4227	0.4942	0.4363	0.4688	0.4050	0.4272	0.4561	0.4823	0.4153	0.4663	0.4138	0.4967	0.4919	1.0000	0.4524	0.4639	0.3991	0.4362	0.4717	0.4555	0.5000	0.4151	0.4253	0.4606	0.4353	0.4080	0.4751	0.4239	0.4381	0.4243	0.4219	0.4677	0.4670	0.4583	0.4341	0.4459	0.4484	0.4106
0.4228	0.4605	0.3994	0.4188	0.4291	0.4510	0.4691	0.4377	0.4657	0.4894	0.4291	0.4742	0.4560	0.4755	0.4230	0.4717	0.4204	0.4073	0.4079	0.4411	0.4124	0.4742	0.3842	0.4706	0.4464	0.4524	1.0000	0.4413	0.4525	0.4106	0.4723	0.4392	0.4285	0.4103	0.4302	0.4209	0.4487	0.4290	0.4666	0.4288	0.4487	0.4467	0.3857	0.4366	0.4022	0.4175	0.4463	0.4383	0.4543	0.3999
0.4508	0.4400	0.4335	0.4242	0.4111	0.4167	0.4537	0.4518	0.4619	0.4679	0.4592	0.4756	0.4365	0.4474	0.4891	0.4827	0.4545	0.4260	0.4625	0.4986	0.4214	0.4645	0.4286	0.5571	0.4693	0.4639	0.4413	1.0000	0.4275	0.4559	0.4607	0.4551	0.4362	0.3820	0.4026	0.4567	0.4666	0.3991	0.4907	0.4242	0.4110	0.4601	0.4367	0.4671	0.4532	0.4215	0.4572	0.4710	0.4520	0.4109
0.3846	0.4436	0.3699	0.4229	0.3808	0.4296	0.4386	0.3976	0.4562	0.4730	0.3834	0.4173	0.4371	0.4203	0.4116	0.4524	0.4277	0.3825	0.3847	0.4138	0.4104	0.4702	0.3870	0.4185	0.4328	0.3991	0.4525	0.4275	1.0000	0.4489	0.4398	0.3965	0.4024	0.4016	0.4066	0.4031	0.4259	0.3671	0.4290	0.3905	0.4276	0.4858	0.3803	0.4317	0.3901	0.4214	0.4350	0.4407	0.4146	0.4098
0.4958	0.4682	0.4527	0.4402	0.4315	0.4365	0.4419	0.4456	0.4884	0.4996	0.4461	0.4610	0.4470	0.4497	0.4323	0.4770	0.4669	0.4174	0.4892	0.4784	0.4337	0.4650	0.4637	0.4971	0.4733	0.4362	0.4106	0.4559	0.4489	1.0000	0.4859	0.4711	0.4561	0.4639	0.4570	0.4392	0.4627	0.4114	0.4800	0.4565	0.4671	0.4795	0.4348	0.5449	0.4434	0.4561	0.4453	0.4428	0.4817	0.4436
0.4909	0.5119	0.4784	0.4974	0.4334	0.4591	0.4960	0.4493	0.5100	0.5032	0.4553	0.5121	0.4724	0.4499	0.4549	0.4622	0.4888	0.4377	0.5202	0.4835	0.4344	0.4796	0.4383	0.4908	0.4893	0.4717	0.4723	0.4607	0.4398	0.4859	1.0000	0.5020	0.4309	0.4169	0.4451	0.4450	0.4841	0.4356	0.4894	0.4723	0.4592	0.4813	0.4399	0.5273	0.4471	0.4392	0.4599	0.4512	0.4972	0.4365
0.4228	0.4484	0.4663	0.4761	0.4278	0.4552	0.4275	0.4274	0.4910	0.4341	0.4894	0.4814	0.4356	0.4710	0.4359	0.4326	0.4094	0.4356	0.4598	0.4635	0.4350	0.4309	0.4242	0.4932	0.4437	0.4555	0.4392	0.4551	0.3965	0.4711	0.5020	1.0000	0.4428	0.3976	0.4466	0.4667	0.4418	0.4120	0.4189	0.4581	0.4470	0.4570	0.4002	0.4609	0.4230	0.4336	0.4632	0.4174	0.4915	0.4208
0.4571	0.4520	0.4829	0.4686	0.4594	0.4344	0.4047	0.4657	0.5122	0.4524	0.4864	0.4283	0.4510	0.4696	0.4295	0.4854	0.4302	0.4514	0.4203	0.5381	0.4123	0.4936	0.4315	0.5032	0.5320	0.5000	0.4285	0.4362	0.4024	0.4561	0.4309	0.4428	1.0000	0.4351	0.4340	0.5297	0.4633	0.4101	0.4947	0.4452	0.4309	0.4377	0.3926	0.4860	0.4538	0.4842	0.4743	0.4537	0.5097	0.4914
0.4078	0.4300	0.4598	0.4219	0.4268	0.4098	0.3560	0.3984	0.4730	0.4599	0.4383	0.3915	0.3930	0.4743	0.4021	0.4360	0.3927	0.4403	0.4540	0.4279	0.4196	0.4104	0.4100	0.4444	0.4462	0.4151	0.4103	0.3820	0.4016	0.4639	0.4169	0.3976	0.4351	1.0000	0.4020	0.4235	0.4016	0.3623	0.3959	0.3989	0.3990	0.4049	0.3752	0.4740	0.4422	0.4296	0.4021	0.3862	0.4207	0.4502
0.4253	0.4136	0.3902	0.4270	0.4096	0.4666	0.3948	0.4204	0.4334	0.4737	0.4376	0.4420	0.4017	0.4434	0.4540	0.4686	0.4450	0.4227	0.3873	0.4447	0.4137	0.4268	0.4226	0.4331	0.4408	0.4253	0.4302	0.4026	0.4066	0.4570	0.4451	0.4466	0.4340	0.4020	1.0000	0.4146	0.4241	0.3503	0.4187	0.4151	0.4229	0.4432	0.3920	0.4686	0.3779	0.4160	0.4188	0.4601	0.4541	0.4242
0.4177	0.4701	0.5246	0.4810	0.4331	0.4048	0.4231	0.4777	0.5031	0.4369	0.4686	0.4519	0.4690	0.4890	0.4668	0.4385	0.4584	0.4760	0.4431	0.5181	0.4365	0.4437	0.4178	0.4933	0.4697	0.4606	0.4209	0.4567	0.4031	0.4392	0.4450	0.4667	0.5297	0.4235	0.4146	1.0000	0.4592	0.3894	0.4300	0.4731	0.4372	0.4521	0.4268	0.4630	0.4408	0.4557	0.4532	0.4680	0.4693	0.4605
0.4735	0.4506	0.4450	0.4502	0.4190	0.4578	0.4680	0.5162	0.4844	0.5008	0.5128	0.5215	0.4897	0.4462	0.5181	0.4459	0.4653	0.4638	0.4600	0.4909	0.4235	0.4734	0.4259	0.4800	0.5096	0.4353	0.4487	0.4666	0.4259	0.4627	0.4841	0.4418	0.4633	0.4016	0.4241	0.4592	1.0000	0.4298	0.5269	0.4733	0.4776	0.4850	0.3874	0.5063	0.4433	0.4639	0.5097	0.4446	0.4712	0.4475
0.3825	0.3943	0.3848	0.4163	0.4479	0.3960	0.3815	0.4015	0.4288	0.4032	0.4591	0.4888	0.4130	0.3864	0.4263	0.4003	0.4290	0.4172	0.4334	0.4700	0.3899	0.4279	0.3964	0.4180	0.4440	0.4080	0.4290	0.3991	0.3671	0.4114	0.4356	0.4120	0.4101	0.3623	0.3503	0.3894	0.4298	1.0000	0.4437	0.4111	0.3734	0.4253	0.3570	0.4330	0.4188	0.4106	0.3824	0.4075	0.4035	0.4420
0.4821	0.4882	0.4180	0.4521	0.4607	0.4477	0.4713	0.5188	0.4569	0.4488	0.4703	0.4815	0.5004	0.4682	0.4870	0.4701	0.5205	0.4316	0.4516	0.4977	0.4260	0.4919	0.4308	0.4640	0.5476	0.4751	0.4666	0.4907	0.4290	0.4800	0.4894	0.4189	0.4947	0.3959	0.4187	0.4300	0.5269	0.4437	1.0000	0.4363	0.4575	0.4731	0.4165	0.5257	0.4371	0.4860	0.4671	0.4897	0.4534	0.4628
0.4167	0.4504	0.4353	0.4522	0.3979	0.4380	0.4439	0.4464	0.4740	0.4587	0.4513	0.4521	0.4713	0.4078	0.4744	0.4650	0.4314	0.4556	0.4775	0.4676	0.4032	0.4412	0.3882	0.4898	0.4650	0.4239	0.4288	0.4242	0.3905	0.4565	0.4723	0.4581	0.4452	0.3989	0.4151	0.4731	0.4733	0.4111	0.4363	1.0000	0.4162	0.4775	0.4095	0.4577	0.4188	0.4502	0.5236	0.4315	0.4500	0.4318
0.4279	0.4776	0.4509	0.4817	0.3976	0.4101	0.4804	0.4452	0.4381	0.4853	0.4316	0.4615	0.4372	0.4369	0.4427	0.4565	0.4564	0.3982	0.4157	0.4624	0.4217	0.4706	0.3965	0.4290	0.4770	0.4381	0.4487	0.4110	0.4276	0.4671	0.4592	0.4470	0.4309	0.3990	0.4229	0.4372	0.4776	0.3734	0.4575	0.4162	1.0000	0.4162	0.3709	0.4471	0.4219	0.4408	0.4372	0.4265	0.4247	0.4167
0.4448	0.4718	0.4519	0.4316	0.4255	0.4489	0.4338	0.4428	0.4602	0.5149	0.4395	0.4711	0.4835	0.4203	0.4460	0.4528	0.4589	0.4234	0.4769	0.4825	0.4157	0.5098	0.4517	0.4827	0.4622	0.4243	0.4467	0.4601	0.4858	0.4795	0.4813	0.4570	0.4377	0.4049	0.4432	0.4521	0.4850	0.4253	0.4731	0.4775	0.4162	1.0000	0.4131	0.5054	0.4227	0.4607	0.5025	0.4534	0.4715	0.4391
0.4144	0.4207	0.3684	0.3980	0.3674	0.3708	0.3963	0.4047	0.4129	0.4232	0.3826	0.4011	0.3878	0.4113	0.4093	0.4203	0.4254	0.3932	0.4453	0.3987	0.3612	0.4093	0.4150	0.4535	0.4556	0.4219	0.3857	0.4367	0.3803	0.4348	0.4399	0.4002	0.3926	0.3752	0.3920	0.4268	0.3874	0.3570	0.4165	0.4095	0.3709	0.4131	1.0000	0.4319	0.3897	0.4064	0.4223	0.4146	0.4047	0.3859
0.5175	0.4717	0.4568	0.4926	0.4923	0.4835	0.4668	0.4981	0.5466	0.5177	0.5083	0.4737	0.4837	0.4809	0.4479	0.4766	0.4931	0.4670	0.4721	0.5433	0.4562	0.4830	0.4709	0.4863	0.5299	0.4677	0.4366	0.4671	0.4317	0.5449	0.5273	0.4609	0.4860	0.4740	0.4686	0.4630	0.5063	0.4330	0.5257	0.4577	0.4471	0.5054	0.4319	1.0000	0.4386	0.4634	0.4681	0.4642	0.5175	0.5186
0.3948	0.4535	0.4413	0.4372	0.4323	0.3723	0.3876	0.4166	0.4513	0.4467	0.4474	0.4394	0.3938	0.4446	0.4395	0.4416	0.3980	0.4123	0.4383	0.4669	0.4106	0.4562	0.4271	0.4769	0.4216	0.4670	0.4022	0.4532	0.3901	0.4434	0.4471	0.4230	0.4538	0.4422	0.3779	0.4408	0.4433	0.4188	0.4371	0.4188	0.4219	0.4227	0.3897	0.4386	1.0000	0.4214	0.4315	0.4022	0.4295	0.4554
0.4307	0.4974	0.4426	0.4558	0.4372	0.4223	0.4308	0.4529	0.4552	0.4561	0.4526	0.4453	0.4445	0.4891	0.4295	0.4336	0.4247	0.4151	0.4461	0.4728	0.4376	0.4472	0.4079	0.4954	0.4894	0.4583	0.4175	0.4215	0.4214	0.4561	0.4392	0.4336	0.4842	0.4296	0.4160	0.4557	0.4639	0.4106	0.4860	0.4502	0.4408	0.4607	0.4064	0.4634	0.4214	1.0000	0.4519	0.4496	0.4535	0.4496
0.4847	0.4371	0.4113	0.4507	0.4041	0.4622	0.4487	0.4804	0.4721	0.4831	0.4517	0.4553	0.4604	0.4505	0.4537	0.4519	0.4125	0.4471	0.4514	0.4409	0.3949	0.4459	0.3972	0.5189	0.4932	0.4341	0.4463	0.4572	0.4350	0.4453	0.4599	0.4632	0.4743	0.4021	0.4188	0.4532	0.5097	0.3824	0.4671	0.5236	0.4372	0.5025	0.4223	0.4681	0.4315	0.4519	1.0000	0.4086	0.4794	0.4244
0.4264	0.4640	0.4427	0.4760	0.4007	0.4646	0.4446	0.4779	0.4796	0.4451	0.4459	0.4685	0.4957	0.4517	0.4922	0.4891	0.5043	0.4234	0.4147	0.4650	0.4384	0.4494	0.4135	0.4450	0.5018	0.4459	0.4383	0.4710	0.4407	0.4428	0.4512	0.4174	0.4537	0.3862	0.4601	0.4680	0.4446	0.4075	0.4897	0.4315	0.4265	0.4534	0.4146	0.4642	0.4022	0.4496	0.4086	1.0000	0.4501	0.4490
0.4902	0.4643	0.4674	0.4590	0.4403	0.4520	0.4286	0.4422	0.5070	0.5440	0.4794	0.4652	0.4473	0.4819	0.4445	0.4788	0.4397	0.4895	0.4493	0.4954	0.4592	0.4952	0.4881	0.5368	0.4825	0.4484	0.4543	0.4520	0.4146	0.4817	0.4972	0.4915	0.5097	0.4207	0.4541	0.4693	0.4712	0.4035	0.4534	0.4500	0.4247	0.4715	0.4047	0.5175	0.4295	0.4535	0.4794	0.4501	1.0000	0.4484
0.4346	0.4673	0.4551	0.4839	0.5046	0.4222	0.3782	0.4569	0.5129	0.4402	0.4906	0.4722	0.4353	0.4555	0.4587	0.4483	0.4496	0.4648	0.4106	0.5036	0.4400	0.4311	0.4232	0.4436	0.5029	0.4106	0.3999	0.4109	0.4098	0.4436	0.4365	0.4208	0.4914	0.4502	0.4242	0.4605	0.4475	0.4420	0.4628	0.4318	0.4167	0.4391	0.3859	0.5186	0.4554	0.4496	0.4244	0.4490	0.4484	1.0000
