1:	0.0000 1.0000 0.0000 0.0000 0.0000 0.0000 0.0000 0.0000 0.0000 0.0000 	1
2:	0.0649 0.0000 0.0000 0.0000 0.0000 0.4911 0.0000 0.0089 0.0000 0.4351 	2
3:	0.0900 0.0000 0.0095 0.1364 0.0055 0.0276 0.0002 0.0014 0.5552 0.1742 	6
4:	0.3699 0.0000 0.0000 0.0000 0.0000 0.0005 0.1325 0.0000 0.1535 0.3436 	4
5:	0.1714 0.0000 0.1210 0.2504 0.0000 0.0676 0.2013 0.0229 0.0064 0.1589 	15
6:	0.0189 0.4650 0.1250 0.0000 0.1237 0.0012 0.0190 0.0346 0.0805 0.1320 	8
7:	0.1566 0.0999 0.1500 0.0500 0.1500 0.0991 0.1510 0.0001 0.0036 0.1397 	20
8:	0.2224 0.1904 0.2231 0.0476 0.0952 0.0000 0.0370 0.0068 0.0344 0.1431 	21
9:	0.1397 0.0714 0.3478 0.0006 0.1429 0.0080 0.0223 0.0706 0.0518 0.1450 	14
10:	0.0000 0.0000 0.2644 0.0000 0.0000 0.5382 0.0000 0.0288 0.1258 0.0427 	1
11:	0.0000 0.0118 0.0000 0.3007 0.0000 0.3232 0.0000 0.3281 0.0238 0.0124 	3
12:	0.0000 0.2000 0.0000 0.8000 0.0000 0.0000 0.0000 0.0000 0.0000 0.0000 	5
13:	0.0000 0.5000 0.0000 0.5000 0.0000 0.0000 0.0000 0.0000 0.0000 0.0000 	2
14:	0.0000 0.5208 0.1486 0.0009 0.2090 0.0675 0.0000 0.0390 0.0143 0.0000 	5
15:	0.0367 0.5347 0.0870 0.0371 0.0000 0.1551 0.0000 0.0331 0.0118 0.1045 	7
