
Using the parameter settings in the file: 
''1763151095/clumpp.paramfile''

Parameter settings
----------------------- Main parameters -------------------------
DATATYPE = 0
INDFILE = 1763151095/ClumppIndFile
POPFILE = 
OUTFILE = 1763151095/ClumppIndFile.output
MISCFILE = 1763151095/ClumppIndFile.misc
K = 6
C = 76
R = 44
M = 3
W = 0
S = 2
- Additional options for the Greedy and LargeKGreedy algorithms -
GREEDY_OPTION = 2
REPEATS = 2000
PERMUTATIONFILE = 
----------------------- Optional outputs ------------------------
PRINT_PERMUTED_DATA = 0
PERMUTED_DATAFILE = 
PRINT_EVERY_PERM = 0
EVERY_PERMFILE = 
PRINT_RANDOM_INPUTORDER = 0
RANDOM_INPUTORDERFILE = 
----------------------- Advanced options ------------------------
OVERRIDE_WARNINGS = 0
ORDER_BY_RUN = 1


In total, 2000 configurations of runs and clusters will be tested.

Results
------------------------------
The highest value of H' is: 0.49416963525942

The list of permutations of the clusters that produces that
H' value is (runs are listed sequentially on separate rows)

1 2 3 4 5 6 
5 2 4 1 6 3 
2 4 3 5 6 1 
5 3 2 4 6 1 
5 3 6 4 1 2 
5 4 2 1 6 3 
5 3 6 2 1 4 
3 1 5 6 4 2 
1 3 4 6 5 2 
4 5 1 3 2 6 
2 5 6 1 4 3 
1 5 2 6 3 4 
2 3 6 1 4 5 
5 1 6 2 3 4 
1 3 2 4 5 6 
4 2 3 1 6 5 
6 4 3 2 5 1 
4 6 3 5 2 1 
2 6 5 1 3 4 
6 5 3 2 1 4 
6 1 4 5 3 2 
5 1 4 3 2 6 
6 4 1 5 3 2 
6 5 3 4 1 2 
6 2 1 5 4 3 
6 4 5 3 1 2 
1 5 4 6 3 2 
4 3 2 5 6 1 
1 6 3 5 4 2 
4 6 5 1 3 2 
5 4 2 6 1 3 
4 6 5 3 1 2 
3 1 4 6 2 5 
1 4 3 6 5 2 
5 2 6 1 4 3 
6 4 3 2 5 1 
5 2 4 3 1 6 
5 3 4 2 1 6 
6 4 5 3 1 2 
1 2 5 3 4 6 
1 4 6 5 3 2 
5 1 6 4 2 3 
3 1 5 2 6 4 
3 5 6 4 1 2 

The pairwise G' values for each pair of runs where the clusters
of each run are permuted according to the list of permutations above

1.0000 0.5790 0.5589 0.5383 0.5714 0.5638 0.4878 0.4771 0.5246 0.4906 0.5045 0.5777 0.5336 0.5017 0.5071 0.6050 0.4927 0.5183 0.4763 0.4515 0.5503 0.5255 0.5588 0.5448 0.5435 0.5606 0.5301 0.4990 0.5676 0.5284 0.4903 0.5857 0.4413 0.5629 0.5032 0.5454 0.4819 0.5266 0.5052 0.5167 0.5677 0.5226 0.5420 0.5264 
0.5790 1.0000 0.6254 0.4722 0.5881 0.5538 0.4464 0.4482 0.5149 0.5077 0.4883 0.5231 0.4388 0.4800 0.4700 0.5640 0.5528 0.5394 0.4756 0.4613 0.5215 0.5572 0.5169 0.5169 0.5292 0.5696 0.5453 0.4550 0.5446 0.5382 0.4506 0.6219 0.4121 0.5232 0.5067 0.5663 0.4496 0.5254 0.5436 0.5258 0.5627 0.5400 0.5610 0.5955 
0.5589 0.6254 1.0000 0.4559 0.5966 0.5503 0.4434 0.4910 0.4895 0.5071 0.4779 0.5667 0.4378 0.4786 0.4262 0.5375 0.5507 0.5723 0.5017 0.4434 0.5923 0.5149 0.5269 0.5311 0.5176 0.6525 0.5021 0.5207 0.5611 0.5913 0.4944 0.5487 0.3574 0.5064 0.4962 0.5423 0.4577 0.5762 0.5325 0.4699 0.5095 0.5273 0.5805 0.5509 
0.5383 0.4722 0.4559 1.0000 0.4895 0.5005 0.3970 0.4641 0.4358 0.4808 0.4850 0.4492 0.4390 0.4474 0.4733 0.5171 0.4669 0.4162 0.3978 0.4664 0.4241 0.4836 0.4780 0.4416 0.4602 0.4534 0.4547 0.4036 0.4255 0.4809 0.4500 0.5066 0.4111 0.4852 0.5323 0.4643 0.4709 0.4548 0.4138 0.4925 0.4971 0.4500 0.4223 0.4823 
0.5714 0.5881 0.5966 0.4895 1.0000 0.5586 0.4610 0.4844 0.5511 0.4771 0.4686 0.5246 0.4827 0.4407 0.4745 0.6314 0.4846 0.5499 0.4609 0.4348 0.5195 0.5146 0.5199 0.5109 0.5236 0.6438 0.5366 0.4794 0.5564 0.5055 0.5135 0.6253 0.3849 0.5268 0.5892 0.5125 0.5328 0.5119 0.5281 0.4702 0.5650 0.5198 0.5271 0.5302 
0.5638 0.5538 0.5503 0.5005 0.5586 1.0000 0.4188 0.5246 0.4922 0.4938 0.5683 0.5462 0.5303 0.5854 0.5572 0.5837 0.5720 0.5341 0.4750 0.4366 0.4803 0.5008 0.6102 0.4697 0.5349 0.5304 0.5381 0.4624 0.4606 0.5234 0.4679 0.5791 0.4524 0.5074 0.5545 0.6376 0.5253 0.5732 0.5307 0.4906 0.5175 0.5168 0.4551 0.5827 
0.4878 0.4464 0.4434 0.3970 0.4610 0.4188 1.0000 0.4528 0.4643 0.4342 0.4123 0.4364 0.4420 0.4456 0.4378 0.4619 0.4383 0.4487 0.4074 0.4612 0.5073 0.4422 0.4257 0.4807 0.4909 0.4307 0.4162 0.4491 0.4389 0.4667 0.4289 0.4770 0.3356 0.5092 0.4651 0.3899 0.4168 0.4397 0.4279 0.4699 0.4362 0.4321 0.4946 0.4133 
0.4771 0.4482 0.4910 0.4641 0.4844 0.5246 0.4528 1.0000 0.4660 0.4713 0.4351 0.5434 0.5032 0.4761 0.4940 0.4788 0.5460 0.4317 0.4314 0.4422 0.5064 0.3828 0.5480 0.4629 0.4815 0.5162 0.4757 0.4873 0.4478 0.5497 0.4946 0.4492 0.3387 0.4575 0.5418 0.4649 0.4695 0.4650 0.4121 0.4367 0.4410 0.4430 0.4923 0.4898 
0.5246 0.5149 0.4895 0.4358 0.5511 0.4922 0.4643 0.4660 1.0000 0.5463 0.4438 0.5936 0.5473 0.5287 0.4674 0.4896 0.4885 0.4839 0.4409 0.5196 0.5860 0.4705 0.4800 0.5315 0.5293 0.5765 0.4466 0.5283 0.5624 0.4980 0.6401 0.5687 0.3867 0.5400 0.5267 0.4756 0.4309 0.5010 0.5542 0.4287 0.5590 0.4834 0.5760 0.4886 
0.4906 0.5077 0.5071 0.4808 0.4771 0.4938 0.4342 0.4713 0.5463 1.0000 0.4784 0.5680 0.4617 0.5369 0.4807 0.5024 0.5102 0.4922 0.4348 0.5198 0.5270 0.4596 0.4913 0.4555 0.4848 0.5219 0.4292 0.4697 0.5029 0.5272 0.5995 0.4911 0.3600 0.5126 0.5241 0.4645 0.4778 0.5582 0.4556 0.4494 0.5227 0.4467 0.4730 0.4898 
0.5045 0.4883 0.4779 0.4850 0.4686 0.5683 0.4123 0.4351 0.4438 0.4784 1.0000 0.4850 0.4487 0.5343 0.5317 0.5485 0.5238 0.4838 0.3977 0.4166 0.4367 0.4765 0.5230 0.4097 0.4628 0.4518 0.4817 0.4203 0.4231 0.4863 0.4397 0.5797 0.4665 0.4892 0.5328 0.5550 0.4382 0.5465 0.4804 0.4555 0.4912 0.4623 0.4218 0.5429 
0.5777 0.5231 0.5667 0.4492 0.5246 0.5462 0.4364 0.5434 0.5936 0.5680 0.4850 1.0000 0.5380 0.4811 0.4962 0.4989 0.5360 0.4817 0.4570 0.5210 0.6301 0.4460 0.5681 0.4736 0.4609 0.6477 0.4493 0.5365 0.5181 0.5564 0.6170 0.5075 0.3919 0.4422 0.5028 0.5012 0.4957 0.5735 0.4608 0.4136 0.4978 0.4838 0.5179 0.5487 
0.5336 0.4388 0.4378 0.4390 0.4827 0.5303 0.4420 0.5032 0.5473 0.4617 0.4487 0.5380 1.0000 0.5783 0.5984 0.4940 0.4987 0.4443 0.4129 0.4379 0.4485 0.4042 0.5150 0.4405 0.5412 0.4619 0.5144 0.4777 0.4568 0.4442 0.4927 0.4684 0.4125 0.5413 0.5405 0.5048 0.5251 0.4912 0.4825 0.4886 0.4417 0.4875 0.4652 0.4581 
0.5017 0.4800 0.4786 0.4474 0.4407 0.5854 0.4456 0.4761 0.5287 0.5369 0.5343 0.4811 0.5783 1.0000 0.5671 0.5109 0.5479 0.4902 0.4182 0.4691 0.4633 0.4697 0.5330 0.4508 0.5563 0.4422 0.4569 0.4689 0.4750 0.4905 0.4685 0.5176 0.4353 0.5502 0.5298 0.5413 0.4388 0.5453 0.5643 0.4882 0.4715 0.4868 0.4681 0.5004 
0.5071 0.4700 0.4262 0.4733 0.4745 0.5572 0.4378 0.4940 0.4674 0.4807 0.5317 0.4962 0.5984 0.5671 1.0000 0.5498 0.5177 0.4523 0.3920 0.4153 0.4195 0.4542 0.4940 0.4064 0.5168 0.4406 0.5246 0.3743 0.4349 0.4520 0.4312 0.5105 0.4680 0.5186 0.5409 0.5652 0.4667 0.4949 0.4728 0.4842 0.5040 0.4812 0.4285 0.5419 
0.6050 0.5640 0.5375 0.5171 0.6314 0.5837 0.4619 0.4788 0.4896 0.5024 0.5485 0.4989 0.4940 0.5109 0.5498 1.0000 0.4961 0.5490 0.4493 0.4173 0.4699 0.5392 0.5242 0.4927 0.6006 0.5210 0.5603 0.4301 0.5339 0.5213 0.4754 0.6199 0.4508 0.5629 0.5516 0.6023 0.5232 0.5906 0.5419 0.5316 0.5773 0.5205 0.4880 0.5745 
0.4927 0.5528 0.5507 0.4669 0.4846 0.5720 0.4383 0.5460 0.4885 0.5102 0.5238 0.5360 0.4987 0.5479 0.5177 0.4961 1.0000 0.4800 0.4575 0.4540 0.4833 0.4666 0.5803 0.4791 0.4946 0.5045 0.5142 0.4818 0.4578 0.5419 0.4419 0.5404 0.4086 0.5273 0.5660 0.5320 0.4213 0.5121 0.5066 0.4856 0.4743 0.5143 0.4878 0.5626 
0.5183 0.5394 0.5723 0.4162 0.5499 0.5341 0.4487 0.4317 0.4839 0.4922 0.4838 0.4817 0.4443 0.4902 0.4523 0.5490 0.4800 1.0000 0.4954 0.4201 0.5093 0.5125 0.4629 0.5206 0.5420 0.5316 0.4643 0.4914 0.5040 0.5307 0.4887 0.5217 0.3855 0.5227 0.4607 0.6006 0.4529 0.5744 0.5308 0.4541 0.5561 0.4731 0.4848 0.5158 
0.4763 0.4756 0.5017 0.3978 0.4609 0.4750 0.4074 0.4314 0.4409 0.4348 0.3977 0.4570 0.4129 0.4182 0.3920 0.4493 0.4575 0.4954 1.0000 0.3740 0.4669 0.4577 0.4186 0.5018 0.4783 0.4615 0.4333 0.5194 0.4812 0.4547 0.4182 0.4347 0.3708 0.4684 0.4358 0.4379 0.3799 0.4424 0.4195 0.3975 0.4633 0.4235 0.4782 0.4718 
0.4515 0.4613 0.4434 0.4664 0.4348 0.4366 0.4612 0.4422 0.5196 0.5198 0.4166 0.5210 0.4379 0.4691 0.4153 0.4173 0.4540 0.4201 0.3740 1.0000 0.5420 0.4522 0.4572 0.4333 0.4272 0.4912 0.3383 0.4698 0.4377 0.4632 0.5414 0.4700 0.3803 0.4553 0.4681 0.4007 0.4315 0.4432 0.4412 0.4625 0.4555 0.4281 0.4756 0.4412 
0.5503 0.5215 0.5923 0.4241 0.5195 0.4803 0.5073 0.5064 0.5860 0.5270 0.4367 0.6301 0.4485 0.4633 0.4195 0.4699 0.4833 0.5093 0.4669 0.5420 1.0000 0.4701 0.4980 0.5615 0.4705 0.6503 0.4166 0.5715 0.5240 0.6115 0.6038 0.5368 0.3449 0.4841 0.4651 0.4312 0.4324 0.5209 0.4670 0.3943 0.5377 0.4560 0.6316 0.5205 
0.5255 0.5572 0.5149 0.4836 0.5146 0.5008 0.4422 0.3828 0.4705 0.4596 0.4765 0.4460 0.4042 0.4697 0.4542 0.5392 0.4666 0.5125 0.4577 0.4522 0.4701 1.0000 0.4197 0.4836 0.4954 0.4942 0.4771 0.4021 0.4726 0.4775 0.4379 0.5669 0.4763 0.5168 0.4502 0.5177 0.3928 0.5078 0.5393 0.4573 0.5953 0.5356 0.4677 0.5025 
0.5588 0.5169 0.5269 0.4780 0.5199 0.6102 0.4257 0.5480 0.4800 0.4913 0.5230 0.5681 0.5150 0.5330 0.4940 0.5242 0.5803 0.4629 0.4186 0.4572 0.4980 0.4197 1.0000 0.4445 0.4712 0.5500 0.5105 0.5322 0.4573 0.5770 0.4796 0.5302 0.4211 0.4469 0.6039 0.5274 0.5287 0.5472 0.4656 0.4600 0.4589 0.4746 0.4641 0.5406 
0.5448 0.5169 0.5311 0.4416 0.5109 0.4697 0.4807 0.4629 0.5315 0.4555 0.4097 0.4736 0.4405 0.4508 0.4064 0.4927 0.4791 0.5206 0.5018 0.4333 0.5615 0.4836 0.4445 1.0000 0.5230 0.5467 0.4599 0.5625 0.5615 0.4848 0.4904 0.5525 0.3607 0.5426 0.4596 0.4506 0.3950 0.4422 0.4799 0.4509 0.5745 0.4611 0.5962 0.4893 
0.5435 0.5292 0.5176 0.4602 0.5236 0.5349 0.4909 0.4815 0.5293 0.4848 0.4628 0.4609 0.5412 0.5563 0.5168 0.6006 0.4946 0.5420 0.4783 0.4272 0.4705 0.4954 0.4712 0.5230 1.0000 0.4740 0.5818 0.4855 0.5473 0.4855 0.4793 0.5306 0.3910 0.6572 0.5337 0.5533 0.4393 0.5551 0.5469 0.5977 0.5248 0.5253 0.5552 0.5463 
0.5606 0.5696 0.6525 0.4534 0.6438 0.5304 0.4307 0.5162 0.5765 0.5219 0.4518 0.6477 0.4619 0.4422 0.4406 0.5210 0.5045 0.5316 0.4615 0.4912 0.6503 0.4942 0.5500 0.5467 0.4740 1.0000 0.4735 0.5428 0.5888 0.5788 0.5914 0.5631 0.3557 0.4760 0.5083 0.4986 0.4698 0.5293 0.4979 0.4296 0.5655 0.4841 0.5931 0.5433 
0.5301 0.5453 0.5021 0.4547 0.5366 0.5381 0.4162 0.4757 0.4466 0.4292 0.4817 0.4493 0.5144 0.4569 0.5246 0.5603 0.5142 0.4643 0.4333 0.3383 0.4166 0.4771 0.5105 0.4599 0.5818 0.4735 1.0000 0.4001 0.4677 0.4544 0.4148 0.5372 0.4179 0.5707 0.5360 0.5705 0.4799 0.4731 0.4624 0.5208 0.4946 0.5222 0.4568 0.5283 
0.4990 0.4550 0.5207 0.4036 0.4794 0.4624 0.4491 0.4873 0.5283 0.4697 0.4203 0.5365 0.4777 0.4689 0.3743 0.4301 0.4818 0.4914 0.5194 0.4698 0.5715 0.4021 0.5322 0.5625 0.4855 0.5428 0.4001 1.0000 0.5619 0.5259 0.5483 0.4659 0.3161 0.4725 0.5288 0.4121 0.4294 0.4986 0.4675 0.4058 0.4527 0.4592 0.5885 0.4752 
0.5676 0.5446 0.5611 0.4255 0.5564 0.4606 0.4389 0.4478 0.5624 0.5029 0.4231 0.5181 0.4568 0.4750 0.4349 0.5339 0.4578 0.5040 0.4812 0.4377 0.5240 0.4726 0.4573 0.5615 0.5473 0.5888 0.4677 0.5619 1.0000 0.4744 0.5178 0.5208 0.3448 0.5154 0.4929 0.4938 0.4292 0.4777 0.5260 0.4728 0.5414 0.5034 0.6072 0.5039 
0.5284 0.5382 0.5913 0.4809 0.5055 0.5234 0.4667 0.5497 0.4980 0.5272 0.4863 0.5564 0.4442 0.4905 0.4520 0.5213 0.5419 0.5307 0.4547 0.4632 0.6115 0.4775 0.5770 0.4848 0.4855 0.5788 0.4544 0.5259 0.4744 1.0000 0.5390 0.5068 0.3421 0.4800 0.5178 0.4714 0.4345 0.5671 0.4595 0.4245 0.5251 0.4625 0.5573 0.5361 
0.4903 0.4506 0.4944 0.4500 0.5135 0.4679 0.4289 0.4946 0.6401 0.5995 0.4397 0.6170 0.4927 0.4685 0.4312 0.4754 0.4419 0.4887 0.4182 0.5414 0.6038 0.4379 0.4796 0.4904 0.4793 0.5914 0.4148 0.5483 0.5178 0.5390 1.0000 0.4788 0.3439 0.4720 0.4923 0.4354 0.4489 0.5533 0.4542 0.3928 0.5535 0.4489 0.5413 0.4810 
0.5857 0.6219 0.5487 0.5066 0.6253 0.5791 0.4770 0.4492 0.5687 0.4911 0.5797 0.5075 0.4684 0.5176 0.5105 0.6199 0.5404 0.5217 0.4347 0.4700 0.5368 0.5669 0.5302 0.5525 0.5306 0.5631 0.5372 0.4659 0.5208 0.5068 0.4788 1.0000 0.4776 0.5726 0.5570 0.5684 0.4504 0.5276 0.5558 0.5041 0.6111 0.5391 0.5563 0.5846 
0.4413 0.4121 0.3574 0.4111 0.3849 0.4524 0.3356 0.3387 0.3867 0.3600 0.4665 0.3919 0.4125 0.4353 0.4680 0.4508 0.4086 0.3855 0.3708 0.3803 0.3449 0.4763 0.4211 0.3607 0.3910 0.3557 0.4179 0.3161 0.3448 0.3421 0.3439 0.4776 1.0000 0.4228 0.3998 0.4735 0.3842 0.4201 0.3977 0.3948 0.4330 0.4429 0.3385 0.4199 
0.5629 0.5232 0.5064 0.4852 0.5268 0.5074 0.5092 0.4575 0.5400 0.5126 0.4892 0.4422 0.5413 0.5502 0.5186 0.5629 0.5273 0.5227 0.4684 0.4553 0.4841 0.5168 0.4469 0.5426 0.6572 0.4760 0.5707 0.4725 0.5154 0.4800 0.4720 0.5726 0.4228 1.0000 0.5497 0.5158 0.4263 0.5061 0.5281 0.5677 0.5400 0.5311 0.5379 0.4695 
0.5032 0.5067 0.4962 0.5323 0.5892 0.5545 0.4651 0.5418 0.5267 0.5241 0.5328 0.5028 0.5405 0.5298 0.5409 0.5516 0.5660 0.4607 0.4358 0.4681 0.4651 0.4502 0.6039 0.4596 0.5337 0.5083 0.5360 0.5288 0.4929 0.5178 0.4923 0.5570 0.3998 0.5497 1.0000 0.4799 0.5287 0.5033 0.4842 0.4947 0.4885 0.4971 0.4923 0.5259 
0.5454 0.5663 0.5423 0.4643 0.5125 0.6376 0.3899 0.4649 0.4756 0.4645 0.5550 0.5012 0.5048 0.5413 0.5652 0.6023 0.5320 0.6006 0.4379 0.4007 0.4312 0.5177 0.5274 0.4506 0.5533 0.4986 0.5705 0.4121 0.4938 0.4714 0.4354 0.5684 0.4735 0.5158 0.4799 1.0000 0.4762 0.5826 0.5713 0.5173 0.5265 0.4939 0.4528 0.5678 
0.4819 0.4496 0.4577 0.4709 0.5328 0.5253 0.4168 0.4695 0.4309 0.4778 0.4382 0.4957 0.5251 0.4388 0.4667 0.5232 0.4213 0.4529 0.3799 0.4315 0.4324 0.3928 0.5287 0.3950 0.4393 0.4698 0.4799 0.4294 0.4292 0.4345 0.4489 0.4504 0.3842 0.4263 0.5287 0.4762 1.0000 0.4809 0.4005 0.4791 0.4232 0.4464 0.4145 0.4465 
0.5266 0.5254 0.5762 0.4548 0.5119 0.5732 0.4397 0.4650 0.5010 0.5582 0.5465 0.5735 0.4912 0.5453 0.4949 0.5906 0.5121 0.5744 0.4424 0.4432 0.5209 0.5078 0.5472 0.4422 0.5551 0.5293 0.4731 0.4986 0.4777 0.5671 0.5533 0.5276 0.4201 0.5061 0.5033 0.5826 0.4809 1.0000 0.5432 0.4672 0.5326 0.4954 0.4953 0.5469 
0.5052 0.5436 0.5325 0.4138 0.5281 0.5307 0.4279 0.4121 0.5542 0.4556 0.4804 0.4608 0.4825 0.5643 0.4728 0.5419 0.5066 0.5308 0.4195 0.4412 0.4670 0.5393 0.4656 0.4799 0.5469 0.4979 0.4624 0.4675 0.5260 0.4595 0.4542 0.5558 0.3977 0.5281 0.4842 0.5713 0.4005 0.5432 1.0000 0.4764 0.5253 0.5147 0.5026 0.5122 
0.5167 0.5258 0.4699 0.4925 0.4702 0.4906 0.4699 0.4367 0.4287 0.4494 0.4555 0.4136 0.4886 0.4882 0.4842 0.5316 0.4856 0.4541 0.3975 0.4625 0.3943 0.4573 0.4600 0.4509 0.5977 0.4296 0.5208 0.4058 0.4728 0.4245 0.3928 0.5041 0.3948 0.5677 0.4947 0.5173 0.4791 0.4672 0.4764 1.0000 0.4419 0.5031 0.4752 0.4638 
0.5677 0.5627 0.5095 0.4971 0.5650 0.5175 0.4362 0.4410 0.5590 0.5227 0.4912 0.4978 0.4417 0.4715 0.5040 0.5773 0.4743 0.5561 0.4633 0.4555 0.5377 0.5953 0.4589 0.5745 0.5248 0.5655 0.4946 0.4527 0.5414 0.5251 0.5535 0.6111 0.4330 0.5400 0.4885 0.5265 0.4232 0.5326 0.5253 0.4419 1.0000 0.5070 0.5397 0.5619 
0.5226 0.5400 0.5273 0.4500 0.5198 0.5168 0.4321 0.4430 0.4834 0.4467 0.4623 0.4838 0.4875 0.4868 0.4812 0.5205 0.5143 0.4731 0.4235 0.4281 0.4560 0.5356 0.4746 0.4611 0.5253 0.4841 0.5222 0.4592 0.5034 0.4625 0.4489 0.5391 0.4429 0.5311 0.4971 0.4939 0.4464 0.4954 0.5147 0.5031 0.5070 1.0000 0.4997 0.5232 
0.5420 0.5610 0.5805 0.4223 0.5271 0.4551 0.4946 0.4923 0.5760 0.4730 0.4218 0.5179 0.4652 0.4681 0.4285 0.4880 0.4878 0.4848 0.4782 0.4756 0.6316 0.4677 0.4641 0.5962 0.5552 0.5931 0.4568 0.5885 0.6072 0.5573 0.5413 0.5563 0.3385 0.5379 0.4923 0.4528 0.4145 0.4953 0.5026 0.4752 0.5397 0.4997 1.0000 0.5149 
0.5264 0.5955 0.5509 0.4823 0.5302 0.5827 0.4133 0.4898 0.4886 0.4898 0.5429 0.5487 0.4581 0.5004 0.5419 0.5745 0.5626 0.5158 0.4718 0.4412 0.5205 0.5025 0.5406 0.4893 0.5463 0.5433 0.5283 0.4752 0.5039 0.5361 0.4810 0.5846 0.4199 0.4695 0.5259 0.5678 0.4465 0.5469 0.5122 0.4638 0.5619 0.5232 0.5149 1.0000 
