1:	0.5108 0.0012 0.1071 0.3643 0.0165 	23
2:	0.6101 0.0769 0.0043 0.3049 0.0038 	13
3:	0.9579 0.0000 0.0020 0.0401 0.0000 	5
4:	0.6661 0.2946 0.0043 0.0078 0.0272 	15
5:	0.5350 0.4278 0.0076 0.0137 0.0160 	18
6:	0.1477 0.5890 0.0080 0.0803 0.1750 	24
7:	0.6095 0.1257 0.2260 0.0177 0.0211 	9
8:	0.8744 0.0024 0.0909 0.0228 0.0095 	11
9:	0.0000 1.0000 0.0000 0.0000 0.0000 	1
10:	0.9334 0.0051 0.0234 0.0172 0.0210 	17
11:	0.0000 0.9110 0.0890 0.0000 0.0000 	1
12:	0.3960 0.0265 0.0513 0.2234 0.3028 	8
13:	0.0000 1.0000 0.0000 0.0000 0.0000 	5
14:	0.4849 0.5000 0.0000 0.0150 0.0000 	2
15:	0.0000 0.4915 0.0000 0.0000 0.5084 	2
16:	0.9243 0.0000 0.0236 0.0272 0.0250 	2
17:	0.0000 0.0000 0.0653 0.4970 0.4376 	2
18:	0.9865 0.0000 0.0038 0.0003 0.0093 	3
19:	0.7485 0.0461 0.0739 0.0349 0.0965 	3
