
Using the parameter settings in the file: 
''1763151071/clumpp.paramfile''

Parameter settings
----------------------- Main parameters -------------------------
DATATYPE = 0
INDFILE = 1763151071/ClumppIndFile
POPFILE = 
OUTFILE = 1763151071/ClumppIndFile.output
MISCFILE = 1763151071/ClumppIndFile.misc
K = 11
C = 114
R = 31
M = 3
W = 0
S = 2
- Additional options for the Greedy and LargeKGreedy algorithms -
GREEDY_OPTION = 2
REPEATS = 2000
PERMUTATIONFILE = 
----------------------- Optional outputs ------------------------
PRINT_PERMUTED_DATA = 0
PERMUTED_DATAFILE = 
PRINT_EVERY_PERM = 0
EVERY_PERMFILE = 
PRINT_RANDOM_INPUTORDER = 0
RANDOM_INPUTORDERFILE = 
----------------------- Advanced options ------------------------
OVERRIDE_WARNINGS = 0
ORDER_BY_RUN = 1


In total, 2000 configurations of runs and clusters will be tested.

Results
------------------------------
The highest value of H' is: 0.57433131361126

The list of permutations of the clusters that produces that
H' value is (runs are listed sequentially on separate rows)

1 2 3 4 5 6 7 8 9 10 11 
7 9 1 8 11 5 4 10 3 2 6 
11 10 8 9 3 7 4 5 2 1 6 
3 6 8 2 9 1 11 5 7 10 4 
2 5 7 6 3 8 4 11 10 9 1 
7 2 1 6 11 9 10 8 5 3 4 
11 1 9 5 10 2 6 8 3 4 7 
1 9 2 6 10 3 8 4 5 7 11 
1 9 8 4 6 2 11 10 5 3 7 
1 6 8 10 5 2 9 11 4 7 3 
9 2 4 8 5 6 7 3 10 11 1 
8 3 6 2 5 4 11 7 9 1 10 
3 6 7 11 1 2 5 10 4 9 8 
3 2 8 9 7 4 6 10 5 1 11 
8 9 6 5 11 7 4 3 10 2 1 
10 7 4 3 5 2 8 6 1 9 11 
7 10 11 4 6 1 9 3 8 5 2 
4 9 8 3 5 10 2 11 6 7 1 
6 1 9 3 5 7 8 4 11 10 2 
1 5 8 3 6 7 9 2 11 10 4 
5 3 4 2 6 10 8 9 11 1 7 
7 9 5 1 6 8 3 4 11 2 10 
4 5 11 6 10 3 9 2 8 7 1 
6 7 11 1 8 4 9 3 2 10 5 
6 11 5 2 10 4 7 9 1 3 8 
9 4 2 8 1 7 11 10 5 6 3 
8 10 5 4 3 11 9 1 7 2 6 
1 6 9 4 3 11 8 7 10 2 5 
1 7 2 11 6 9 4 10 5 3 8 
3 8 6 5 9 1 7 2 10 4 11 
8 9 4 10 11 1 3 7 6 2 5 

The pairwise G' values for each pair of runs where the clusters
of each run are permuted according to the list of permutations above

1.0000 0.4989 0.5116 0.5167 0.5542 0.6300 0.5753 0.6186 0.5573 0.6128 0.7048 0.5923 0.5359 0.5469 0.5205 0.6597 0.6457 0.5454 0.5469 0.5121 0.5449 0.5671 0.5618 0.6258 0.5376 0.6201 0.4360 0.5751 0.6358 0.6238 0.6212 
0.4989 1.0000 0.4899 0.6770 0.6070 0.4736 0.4728 0.5982 0.4724 0.5838 0.5100 0.5459 0.5319 0.4636 0.4586 0.5056 0.5126 0.5351 0.4432 0.5081 0.5921 0.5664 0.5316 0.5436 0.5043 0.5185 0.6775 0.5835 0.5323 0.5387 0.6173 
0.5116 0.4899 1.0000 0.5047 0.6247 0.4598 0.5900 0.5950 0.5321 0.5266 0.5236 0.5137 0.5095 0.5800 0.5320 0.5308 0.5020 0.5599 0.4871 0.5061 0.5705 0.5954 0.6949 0.4968 0.4758 0.5819 0.4284 0.5710 0.5426 0.5782 0.5874 
0.5167 0.6770 0.5047 1.0000 0.6199 0.5023 0.5014 0.6362 0.4726 0.6197 0.5417 0.5784 0.5329 0.4807 0.4717 0.5365 0.5246 0.5497 0.4937 0.5206 0.6100 0.5998 0.5401 0.5953 0.4945 0.5811 0.5795 0.6051 0.5632 0.5704 0.6583 
0.5542 0.6070 0.6247 0.6199 1.0000 0.5285 0.5943 0.6596 0.5913 0.6216 0.5810 0.6235 0.5826 0.5718 0.5416 0.5594 0.5826 0.6720 0.5407 0.5748 0.6818 0.6653 0.6832 0.5836 0.5610 0.6433 0.5218 0.6465 0.6378 0.6555 0.6841 
0.6300 0.4736 0.4598 0.5023 0.5285 1.0000 0.5314 0.6241 0.5356 0.6074 0.7275 0.6195 0.4864 0.5585 0.5473 0.6792 0.5915 0.5093 0.5272 0.5183 0.5393 0.5788 0.5050 0.5703 0.5739 0.5856 0.4398 0.5420 0.5971 0.6181 0.6417 
0.5753 0.4728 0.5900 0.5014 0.5943 0.5314 1.0000 0.6008 0.5566 0.6016 0.5938 0.5560 0.5146 0.6274 0.5315 0.6236 0.6001 0.5405 0.5645 0.5174 0.5757 0.5948 0.6628 0.5720 0.4887 0.6703 0.4175 0.5870 0.5856 0.6219 0.6020 
0.6186 0.5982 0.5950 0.6362 0.6596 0.6241 0.6008 1.0000 0.5386 0.6064 0.6782 0.7027 0.5886 0.5606 0.5756 0.6842 0.5851 0.5746 0.5154 0.6102 0.6749 0.7250 0.6190 0.5677 0.6020 0.6138 0.5250 0.7062 0.6909 0.6765 0.8214 
0.5573 0.4724 0.5321 0.4726 0.5913 0.5356 0.5566 0.5386 1.0000 0.5951 0.5540 0.5270 0.5471 0.5667 0.5316 0.5233 0.5933 0.5615 0.5462 0.5470 0.6311 0.5205 0.5665 0.5731 0.5051 0.6052 0.4321 0.5323 0.5495 0.5734 0.5473 
0.6128 0.5838 0.5266 0.6197 0.6216 0.6074 0.6016 0.6064 0.5951 1.0000 0.6084 0.6027 0.5423 0.6483 0.5518 0.6049 0.6460 0.6262 0.6109 0.5431 0.5847 0.5837 0.5939 0.7266 0.5496 0.6743 0.5612 0.5695 0.5934 0.6670 0.6309 
0.7048 0.5100 0.5236 0.5417 0.5810 0.7275 0.5938 0.6782 0.5540 0.6084 1.0000 0.6222 0.5042 0.5602 0.5230 0.7759 0.6388 0.5346 0.5346 0.5622 0.5878 0.5863 0.5677 0.5792 0.5683 0.6405 0.4473 0.6128 0.6366 0.6536 0.6815 
0.5923 0.5459 0.5137 0.5784 0.6235 0.6195 0.5560 0.7027 0.5270 0.6027 0.6222 1.0000 0.5389 0.5496 0.5894 0.6021 0.6120 0.5711 0.5233 0.5358 0.6159 0.6929 0.5529 0.5637 0.5738 0.6332 0.4820 0.6198 0.7286 0.6260 0.7474 
0.5359 0.5319 0.5095 0.5329 0.5826 0.4864 0.5146 0.5886 0.5471 0.5423 0.5042 0.5389 1.0000 0.5275 0.5135 0.5094 0.5181 0.6071 0.4563 0.7236 0.6823 0.5855 0.5320 0.5435 0.5568 0.5223 0.5472 0.6030 0.5583 0.5456 0.6045 
0.5469 0.4636 0.5800 0.4807 0.5718 0.5585 0.6274 0.5606 0.5667 0.6483 0.5602 0.5496 0.5275 1.0000 0.6156 0.5785 0.5854 0.5538 0.5633 0.5231 0.5434 0.5860 0.6396 0.5746 0.5204 0.6342 0.4364 0.5386 0.5629 0.5692 0.5755 
0.5205 0.4586 0.5320 0.4717 0.5416 0.5473 0.5315 0.5756 0.5316 0.5518 0.5230 0.5894 0.5135 0.6156 1.0000 0.5458 0.5184 0.5766 0.4905 0.4811 0.5193 0.6418 0.5580 0.5311 0.5946 0.5541 0.4317 0.5040 0.5593 0.5157 0.6027 
0.6597 0.5056 0.5308 0.5365 0.5594 0.6792 0.6236 0.6842 0.5233 0.6049 0.7759 0.6021 0.5094 0.5785 0.5458 1.0000 0.5997 0.5258 0.5052 0.5602 0.5625 0.6028 0.6171 0.5620 0.5433 0.6130 0.4435 0.6161 0.6040 0.6260 0.6782 
0.6457 0.5126 0.5020 0.5246 0.5826 0.5915 0.6001 0.5851 0.5933 0.6460 0.6388 0.6120 0.5181 0.5854 0.5184 0.5997 1.0000 0.5334 0.5971 0.5191 0.5827 0.5655 0.5506 0.6242 0.5078 0.6909 0.4456 0.5823 0.6254 0.6640 0.6073 
0.5454 0.5351 0.5599 0.5497 0.6720 0.5093 0.5405 0.5746 0.5615 0.6262 0.5346 0.5711 0.6071 0.5538 0.5766 0.5258 0.5334 1.0000 0.5073 0.5774 0.6178 0.5728 0.6081 0.5928 0.5546 0.5797 0.5158 0.5845 0.5615 0.5904 0.6023 
0.5469 0.4432 0.4871 0.4937 0.5407 0.5272 0.5645 0.5154 0.5462 0.6109 0.5346 0.5233 0.4563 0.5633 0.4905 0.5052 0.5971 0.5073 1.0000 0.4511 0.5009 0.5096 0.5288 0.6038 0.4670 0.6484 0.4081 0.4848 0.5326 0.5624 0.5291 
0.5121 0.5081 0.5061 0.5206 0.5748 0.5183 0.5174 0.6102 0.5470 0.5431 0.5622 0.5358 0.7236 0.5231 0.4811 0.5602 0.5191 0.5774 0.4511 1.0000 0.6538 0.5493 0.5338 0.5028 0.5514 0.5155 0.5454 0.6373 0.5599 0.5641 0.5924 
0.5449 0.5921 0.5705 0.6100 0.6818 0.5393 0.5757 0.6749 0.6311 0.5847 0.5878 0.6159 0.6823 0.5434 0.5193 0.5625 0.5827 0.6178 0.5009 0.6538 1.0000 0.6408 0.5965 0.5544 0.5349 0.6012 0.5145 0.7054 0.6420 0.6372 0.6932 
0.5671 0.5664 0.5954 0.5998 0.6653 0.5788 0.5948 0.7250 0.5205 0.5837 0.5863 0.6929 0.5855 0.5860 0.6418 0.6028 0.5655 0.5728 0.5096 0.5493 0.6408 1.0000 0.6151 0.5521 0.5776 0.6121 0.4993 0.6288 0.6953 0.6133 0.7650 
0.5618 0.5316 0.6949 0.5401 0.6832 0.5050 0.6628 0.6190 0.5665 0.5939 0.5677 0.5529 0.5320 0.6396 0.5580 0.6171 0.5506 0.6081 0.5288 0.5338 0.5965 0.6151 1.0000 0.5585 0.5142 0.6399 0.4614 0.6426 0.5693 0.6179 0.6242 
0.6258 0.5436 0.4968 0.5953 0.5836 0.5703 0.5720 0.5677 0.5731 0.7266 0.5792 0.5637 0.5435 0.5746 0.5311 0.5620 0.6242 0.5928 0.6038 0.5028 0.5544 0.5521 0.5585 1.0000 0.5263 0.7266 0.4979 0.5333 0.5604 0.6084 0.5940 
0.5376 0.5043 0.4758 0.4945 0.5610 0.5739 0.4887 0.6020 0.5051 0.5496 0.5683 0.5738 0.5568 0.5204 0.5946 0.5433 0.5078 0.5546 0.4670 0.5514 0.5349 0.5776 0.5142 0.5263 1.0000 0.5322 0.5452 0.5269 0.5540 0.5357 0.6182 
0.6201 0.5185 0.5819 0.5811 0.6433 0.5856 0.6703 0.6138 0.6052 0.6743 0.6405 0.6332 0.5223 0.6342 0.5541 0.6130 0.6909 0.5797 0.6484 0.5155 0.6012 0.6121 0.6399 0.7266 0.5322 1.0000 0.4587 0.5908 0.6348 0.6755 0.6346 
0.4360 0.6775 0.4284 0.5795 0.5218 0.4398 0.4175 0.5250 0.4321 0.5612 0.4473 0.4820 0.5472 0.4364 0.4317 0.4435 0.4456 0.5158 0.4081 0.5454 0.5145 0.4993 0.4614 0.4979 0.5452 0.4587 1.0000 0.5048 0.4713 0.4925 0.5411 
0.5751 0.5835 0.5710 0.6051 0.6465 0.5420 0.5870 0.7062 0.5323 0.5695 0.6128 0.6198 0.6030 0.5386 0.5040 0.6161 0.5823 0.5845 0.4848 0.6373 0.7054 0.6288 0.6426 0.5333 0.5269 0.5908 0.5048 1.0000 0.6413 0.6660 0.7007 
0.6358 0.5323 0.5426 0.5632 0.6378 0.5971 0.5856 0.6909 0.5495 0.5934 0.6366 0.7286 0.5583 0.5629 0.5593 0.6040 0.6254 0.5615 0.5326 0.5599 0.6420 0.6953 0.5693 0.5604 0.5540 0.6348 0.4713 0.6413 1.0000 0.6559 0.7108 
0.6238 0.5387 0.5782 0.5704 0.6555 0.6181 0.6219 0.6765 0.5734 0.6670 0.6536 0.6260 0.5456 0.5692 0.5157 0.6260 0.6640 0.5904 0.5624 0.5641 0.6372 0.6133 0.6179 0.6084 0.5357 0.6755 0.4925 0.6660 0.6559 1.0000 0.6782 
0.6212 0.6173 0.5874 0.6583 0.6841 0.6417 0.6020 0.8214 0.5473 0.6309 0.6815 0.7474 0.6045 0.5755 0.6027 0.6782 0.6073 0.6023 0.5291 0.5924 0.6932 0.7650 0.6242 0.5940 0.6182 0.6346 0.5411 0.7007 0.7108 0.6782 1.0000 
