1:	0.0000 0.9716 0.0000 0.0000 0.0000 0.0000 0.0000 0.0000 0.0000 0.0000 0.0284 	1
2:	0.4312 0.0000 0.0000 0.0000 0.0000 0.4194 0.0000 0.0000 0.0688 0.0484 0.0323 	2
3:	0.2308 0.0000 0.0170 0.1371 0.0085 0.0263 0.0006 0.0000 0.3927 0.0203 0.1667 	6
4:	0.5531 0.0000 0.0000 0.0000 0.0000 0.0015 0.1205 0.0000 0.1996 0.0130 0.1123 	4
5:	0.2160 0.0000 0.1026 0.2523 0.0000 0.0660 0.1895 0.0023 0.1180 0.0278 0.0255 	15
6:	0.1338 0.3753 0.1128 0.0000 0.1146 0.0002 0.0196 0.1128 0.0563 0.0163 0.0582 	8
7:	0.1819 0.0961 0.1384 0.0500 0.1412 0.0996 0.1414 0.0007 0.1100 0.0078 0.0328 	20
8:	0.1746 0.1834 0.1996 0.0476 0.0879 0.0000 0.0361 0.0020 0.2068 0.0125 0.0495 	21
9:	0.2266 0.0698 0.3022 0.0017 0.1359 0.0150 0.0194 0.0153 0.0821 0.0540 0.0779 	14
10:	0.0290 0.0000 0.2403 0.0000 0.0000 0.5150 0.0000 0.0000 0.0050 0.1386 0.0721 	1
11:	0.0176 0.0245 0.0000 0.3193 0.0000 0.3230 0.0000 0.0493 0.0022 0.2624 0.0017 	3
12:	0.0000 0.1935 0.0000 0.8000 0.0000 0.0000 0.0000 0.0000 0.0000 0.0000 0.0065 	5
13:	0.0000 0.4839 0.0000 0.5000 0.0000 0.0000 0.0000 0.0000 0.0000 0.0000 0.0162 	2
14:	0.0000 0.3640 0.1187 0.0008 0.2074 0.0490 0.0000 0.1759 0.0030 0.0337 0.0474 	5
15:	0.1141 0.3712 0.0550 0.0228 0.0000 0.1515 0.0000 0.1879 0.0190 0.0303 0.0483 	7
