1:	0.0281 0.0000 0.0954 0.0001 0.0049 0.0108 0.1709 0.1065 0.0007 0.0450 0.1560 0.0034 0.0420 0.0037 0.0000 0.0262 0.0039 0.0184 0.1736 0.0954 0.0149 	23
2:	0.0953 0.0000 0.0026 0.0000 0.0059 0.0006 0.1077 0.1396 0.0692 0.0920 0.0980 0.0044 0.0221 0.0041 0.0000 0.1125 0.0655 0.0041 0.1494 0.0161 0.0109 	13
3:	0.2510 0.0000 0.0000 0.0000 0.0402 0.0000 0.0013 0.0418 0.0000 0.0033 0.1797 0.0045 0.0079 0.0101 0.0000 0.2037 0.0232 0.0241 0.1792 0.0007 0.0294 	5
4:	0.1766 0.0784 0.0015 0.0844 0.0023 0.0182 0.0010 0.0248 0.0221 0.0024 0.1023 0.0070 0.0023 0.1459 0.0634 0.0884 0.0282 0.0042 0.0968 0.0007 0.0492 	15
5:	0.2276 0.1028 0.0063 0.1048 0.0091 0.0032 0.0012 0.0154 0.0622 0.0033 0.0521 0.0062 0.0049 0.0027 0.0956 0.0835 0.0436 0.0148 0.0742 0.0035 0.0831 	18
6:	0.0454 0.1579 0.0043 0.1230 0.0037 0.1674 0.0444 0.0398 0.1138 0.0005 0.0142 0.0003 0.0010 0.0034 0.1331 0.0685 0.0079 0.0010 0.0086 0.0013 0.0606 	24
7:	0.1207 0.0966 0.2236 0.0175 0.0052 0.0151 0.0028 0.0037 0.0064 0.0039 0.1298 0.0074 0.0097 0.0197 0.0004 0.1541 0.0142 0.0970 0.0538 0.0002 0.0181 	9
8:	0.0368 0.0000 0.0909 0.0000 0.1844 0.0000 0.0000 0.0162 0.0000 0.0002 0.2009 0.1825 0.0770 0.0010 0.0000 0.0085 0.0016 0.1018 0.0973 0.0003 0.0007 	11
9:	0.0000 0.4589 0.0000 0.3389 0.0000 0.0000 0.0000 0.0000 0.1611 0.0000 0.0000 0.0000 0.0000 0.0000 0.0411 0.0000 0.0000 0.0000 0.0000 0.0000 0.0000 	1
10:	0.3275 0.0001 0.0177 0.0018 0.0152 0.0104 0.0043 0.0118 0.0002 0.0066 0.1666 0.0106 0.0060 0.0138 0.0007 0.1521 0.0379 0.0338 0.1484 0.0028 0.0318 	17
11:	0.0000 0.2640 0.0869 0.3227 0.0000 0.0000 0.0000 0.0000 0.0267 0.0000 0.0000 0.0000 0.0000 0.0000 0.1910 0.0000 0.0222 0.0000 0.0000 0.0000 0.0865 	1
12:	0.0947 0.0075 0.0373 0.0030 0.0024 0.2011 0.0345 0.1427 0.0077 0.0060 0.0810 0.0029 0.0521 0.0199 0.0000 0.0460 0.0824 0.0071 0.0790 0.0035 0.0890 	8
13:	0.0000 0.0736 0.0000 0.5676 0.0000 0.0000 0.0000 0.0000 0.0654 0.0000 0.0000 0.0000 0.0000 0.0000 0.0808 0.0000 0.0688 0.0000 0.0000 0.0000 0.1437 	5
14:	0.1893 0.1038 0.0000 0.1046 0.0038 0.0000 0.0014 0.0668 0.1120 0.0041 0.0277 0.0046 0.0000 0.0115 0.0255 0.0327 0.0542 0.0000 0.1577 0.0003 0.0998 	2
15:	0.0000 0.0424 0.0000 0.1612 0.0000 0.4000 0.0000 0.0000 0.1354 0.0000 0.0000 0.0000 0.0000 0.0000 0.0754 0.0000 0.0230 0.0000 0.0000 0.0000 0.1627 	2
16:	0.3453 0.0000 0.0137 0.0000 0.0095 0.0095 0.0192 0.0237 0.0000 0.0000 0.1365 0.0305 0.0260 0.0000 0.0000 0.2037 0.0255 0.0172 0.1138 0.0086 0.0173 	2
17:	0.0000 0.0000 0.0233 0.0000 0.0000 0.3670 0.5000 0.0000 0.0000 0.0000 0.0000 0.0000 0.0016 0.0000 0.0000 0.0000 0.0000 0.0000 0.0000 0.0000 0.1080 	2
18:	0.2263 0.0000 0.0029 0.0000 0.0020 0.0003 0.0001 0.0690 0.0000 0.0101 0.1486 0.0021 0.0110 0.0194 0.0000 0.2151 0.0086 0.0210 0.2454 0.0000 0.0183 	3
19:	0.0440 0.0050 0.0695 0.0035 0.0538 0.0822 0.0000 0.0038 0.0203 0.0006 0.0753 0.0401 0.0007 0.0305 0.0031 0.4356 0.0118 0.0213 0.0806 0.0052 0.0132 	3
