1:	0.1786 0.5251 0.0165 0.0055 0.1355 0.1388 	9
2:	0.2991 0.5186 0.0000 0.0029 0.1453 0.0341 	3
3:	0.1530 0.1746 0.2542 0.2510 0.0882 0.0790 	4
4:	0.1394 0.0026 0.2943 0.2161 0.0274 0.3203 	2
5:	0.1713 0.3158 0.1234 0.0188 0.1395 0.2311 	17
6:	0.3450 0.0485 0.0874 0.0243 0.0851 0.4097 	12
7:	0.3952 0.1542 0.0000 0.0019 0.0810 0.3677 	3
8:	0.6619 0.0000 0.1195 0.0000 0.0243 0.1945 	2
9:	0.5455 0.0000 0.0000 0.0104 0.0298 0.4143 	1
10:	0.1885 0.1830 0.2500 0.0009 0.0938 0.2838 	4
11:	0.3114 0.1885 0.2559 0.0006 0.0620 0.1815 	14
12:	0.2009 0.4769 0.0340 0.0001 0.1456 0.1424 	9
13:	0.0545 0.6011 0.1078 0.0056 0.1486 0.0823 	14
14:	0.2315 0.4049 0.0000 0.0092 0.1063 0.2482 	2
15:	0.1420 0.0454 0.1111 0.3957 0.0197 0.2860 	9
