
Using the parameter settings in the file: 
''1763151118/clumpp.paramfile''

Parameter settings
----------------------- Main parameters -------------------------
DATATYPE = 0
INDFILE = 1763151118/ClumppIndFile
POPFILE = 
OUTFILE = 1763151118/ClumppIndFile.output
MISCFILE = 1763151118/ClumppIndFile.misc
K = 6
C = 105
R = 28
M = 3
W = 0
S = 2
- Additional options for the Greedy and LargeKGreedy algorithms -
GREEDY_OPTION = 2
REPEATS = 2000
PERMUTATIONFILE = 
----------------------- Optional outputs ------------------------
PRINT_PERMUTED_DATA = 0
PERMUTED_DATAFILE = 
PRINT_EVERY_PERM = 0
EVERY_PERMFILE = 
PRINT_RANDOM_INPUTORDER = 0
RANDOM_INPUTORDERFILE = 
----------------------- Advanced options ------------------------
OVERRIDE_WARNINGS = 0
ORDER_BY_RUN = 1


In total, 2000 configurations of runs and clusters will be tested.

Results
------------------------------
The highest value of H' is: 0.58862234759217

The list of permutations of the clusters that produces that
H' value is (runs are listed sequentially on separate rows)

1 2 3 4 5 6 
2 5 4 1 6 3 
1 3 6 4 5 2 
2 4 5 6 3 1 
5 3 4 1 2 6 
6 1 4 3 5 2 
3 5 4 6 1 2 
3 4 6 5 2 1 
6 3 4 5 2 1 
3 1 6 4 2 5 
4 6 1 3 5 2 
1 6 4 5 3 2 
6 2 4 5 1 3 
5 6 2 3 4 1 
1 5 3 4 6 2 
6 5 3 2 4 1 
4 6 3 5 1 2 
5 1 2 3 4 6 
2 4 3 6 5 1 
4 5 3 1 2 6 
1 2 5 3 4 6 
4 3 6 1 2 5 
5 3 2 4 1 6 
1 5 2 6 3 4 
1 5 2 6 3 4 
2 6 3 1 4 5 
5 4 2 1 6 3 
4 5 2 3 6 1 

The pairwise G' values for each pair of runs where the clusters
of each run are permuted according to the list of permutations above

1.0000 0.5060 0.5526 0.5420 0.5730 0.6076 0.5713 0.5797 0.6114 0.5826 0.5619 0.5926 0.6322 0.6656 0.5999 0.6176 0.6414 0.4830 0.5996 0.5160 0.5114 0.5617 0.5854 0.6384 0.6686 0.6605 0.4905 0.5314 
0.5060 1.0000 0.5820 0.5480 0.5406 0.5375 0.5178 0.6038 0.5832 0.5286 0.5901 0.5806 0.5304 0.4878 0.5689 0.5530 0.5435 0.6284 0.6024 0.4679 0.6911 0.5693 0.6144 0.5351 0.5887 0.5166 0.4816 0.4875 
0.5526 0.5820 1.0000 0.6806 0.5803 0.5219 0.5202 0.7831 0.5809 0.6228 0.6879 0.6047 0.6972 0.6459 0.7257 0.5177 0.5860 0.6304 0.6407 0.5825 0.5919 0.6764 0.5850 0.6850 0.6354 0.6625 0.6036 0.6270 
0.5420 0.5480 0.6806 1.0000 0.5608 0.4612 0.5879 0.6194 0.5234 0.6507 0.6535 0.5488 0.6368 0.6078 0.6840 0.4687 0.5119 0.6065 0.5471 0.5950 0.5588 0.7789 0.5520 0.6588 0.5921 0.6189 0.5872 0.5517 
0.5730 0.5406 0.5803 0.5608 1.0000 0.5623 0.6432 0.6129 0.5678 0.6508 0.6188 0.6595 0.6061 0.6789 0.5808 0.5793 0.5995 0.5837 0.5279 0.5420 0.5885 0.6344 0.5015 0.6628 0.6602 0.6667 0.5512 0.5587 
0.6076 0.5375 0.5219 0.4612 0.5623 1.0000 0.5288 0.5707 0.6476 0.5081 0.5525 0.5302 0.5621 0.5535 0.5085 0.6412 0.5322 0.4664 0.6140 0.4796 0.5061 0.5057 0.6298 0.5251 0.5586 0.5499 0.4946 0.4896 
0.5713 0.5178 0.5202 0.5879 0.6432 0.5288 1.0000 0.5206 0.6048 0.6323 0.5704 0.5672 0.5640 0.6403 0.5699 0.5234 0.5600 0.4973 0.4978 0.5352 0.5323 0.6365 0.5550 0.6448 0.5846 0.6311 0.5221 0.5246 
0.5797 0.6038 0.7831 0.6194 0.6129 0.5707 0.5206 1.0000 0.5687 0.5966 0.7050 0.5914 0.7049 0.6417 0.6562 0.5495 0.5766 0.6216 0.6209 0.5568 0.5997 0.6427 0.5691 0.6844 0.6813 0.6910 0.5594 0.6335 
0.6114 0.5832 0.5809 0.5234 0.5678 0.6476 0.6048 0.5687 1.0000 0.5890 0.6302 0.5970 0.5776 0.5800 0.5787 0.5771 0.6178 0.5589 0.5722 0.5140 0.5869 0.5822 0.5727 0.5726 0.6335 0.5896 0.5416 0.5222 
0.5826 0.5286 0.6228 0.6507 0.6508 0.5081 0.6323 0.5966 0.5890 1.0000 0.6972 0.6145 0.6552 0.7391 0.5989 0.5721 0.5538 0.5274 0.5026 0.6583 0.5733 0.6913 0.5003 0.7453 0.6086 0.7015 0.6608 0.6039 
0.5619 0.5901 0.6879 0.6535 0.6188 0.5525 0.5704 0.7050 0.6302 0.6972 1.0000 0.5811 0.6887 0.6550 0.6293 0.5601 0.5207 0.6698 0.5438 0.5814 0.6130 0.7167 0.5610 0.6624 0.6223 0.6830 0.6178 0.6173 
0.5926 0.5806 0.6047 0.5488 0.6595 0.5302 0.5672 0.5914 0.5970 0.6145 0.5811 1.0000 0.5727 0.6178 0.5361 0.5719 0.6383 0.5858 0.5587 0.5378 0.6325 0.5737 0.5108 0.6229 0.7199 0.6055 0.5457 0.5403 
0.6322 0.5304 0.6972 0.6368 0.6061 0.5621 0.5640 0.7049 0.5776 0.6552 0.6887 0.5727 1.0000 0.7661 0.6926 0.5514 0.6075 0.5483 0.5653 0.5703 0.5820 0.6547 0.6167 0.7190 0.6345 0.7111 0.5824 0.6181 
0.6656 0.4878 0.6459 0.6078 0.6789 0.5535 0.6403 0.6417 0.5800 0.7391 0.6550 0.6178 0.7661 1.0000 0.6569 0.5627 0.6247 0.4952 0.5280 0.6116 0.5451 0.6708 0.5568 0.7863 0.6441 0.8006 0.6119 0.6168 
0.5999 0.5689 0.7257 0.6840 0.5808 0.5085 0.5699 0.6562 0.5787 0.5989 0.6293 0.5361 0.6926 0.6569 1.0000 0.5062 0.6093 0.5861 0.6102 0.5329 0.5532 0.7020 0.6324 0.6649 0.5907 0.6237 0.5553 0.5593 
0.6176 0.5530 0.5177 0.4687 0.5793 0.6412 0.5234 0.5495 0.5771 0.5721 0.5601 0.5719 0.5514 0.5627 0.5062 1.0000 0.5174 0.5018 0.6464 0.4960 0.5273 0.4880 0.5937 0.5566 0.5850 0.5569 0.4890 0.5301 
0.6414 0.5435 0.5860 0.5119 0.5995 0.5322 0.5600 0.5766 0.6178 0.5538 0.5207 0.6383 0.6075 0.6247 0.6093 0.5174 1.0000 0.5160 0.5545 0.4899 0.5498 0.5392 0.5388 0.6060 0.6635 0.6011 0.5045 0.5444 
0.4830 0.6284 0.6304 0.6065 0.5837 0.4664 0.4973 0.6216 0.5589 0.5274 0.6698 0.5858 0.5483 0.4952 0.5861 0.5018 0.5160 1.0000 0.5611 0.4640 0.6166 0.6248 0.5167 0.5413 0.6147 0.5313 0.4934 0.5065 
0.5996 0.6024 0.6407 0.5471 0.5279 0.6140 0.4978 0.6209 0.5722 0.5026 0.5438 0.5587 0.5653 0.5280 0.6102 0.6464 0.5545 0.5611 1.0000 0.4838 0.5538 0.5616 0.6717 0.5696 0.5830 0.5403 0.4854 0.5237 
0.5160 0.4679 0.5825 0.5950 0.5420 0.4796 0.5352 0.5568 0.5140 0.6583 0.5814 0.5378 0.5703 0.6116 0.5329 0.4960 0.4899 0.4640 0.4838 1.0000 0.5095 0.6040 0.4741 0.6364 0.5602 0.6106 0.6823 0.5990 
0.5114 0.6911 0.5919 0.5588 0.5885 0.5061 0.5323 0.5997 0.5869 0.5733 0.6130 0.6325 0.5820 0.5451 0.5532 0.5273 0.5498 0.6166 0.5538 0.5095 1.0000 0.5846 0.5653 0.5693 0.6373 0.5581 0.5159 0.5025 
0.5617 0.5693 0.6764 0.7789 0.6344 0.5057 0.6365 0.6427 0.5822 0.6913 0.7167 0.5737 0.6547 0.6708 0.7020 0.4880 0.5392 0.6248 0.5616 0.6040 0.5846 1.0000 0.5564 0.7257 0.6260 0.6654 0.6030 0.5710 
0.5854 0.6144 0.5850 0.5520 0.5015 0.6298 0.5550 0.5691 0.5727 0.5003 0.5610 0.5108 0.6167 0.5568 0.6324 0.5937 0.5388 0.5167 0.6717 0.4741 0.5653 0.5564 1.0000 0.5519 0.5295 0.5405 0.4842 0.5069 
0.6384 0.5351 0.6850 0.6588 0.6628 0.5251 0.6448 0.6844 0.5726 0.7453 0.6624 0.6229 0.7190 0.7863 0.6649 0.5566 0.6060 0.5413 0.5696 0.6364 0.5693 0.7257 0.5519 1.0000 0.6868 0.7852 0.5908 0.6469 
0.6686 0.5887 0.6354 0.5921 0.6602 0.5586 0.5846 0.6813 0.6335 0.6086 0.6223 0.7199 0.6345 0.6441 0.5907 0.5850 0.6635 0.6147 0.5830 0.5602 0.6373 0.6260 0.5295 0.6868 1.0000 0.6966 0.5195 0.5929 
0.6605 0.5166 0.6625 0.6189 0.6667 0.5499 0.6311 0.6910 0.5896 0.7015 0.6830 0.6055 0.7111 0.8006 0.6237 0.5569 0.6011 0.5313 0.5403 0.6106 0.5581 0.6654 0.5405 0.7852 0.6966 1.0000 0.5748 0.6511 
0.4905 0.4816 0.6036 0.5872 0.5512 0.4946 0.5221 0.5594 0.5416 0.6608 0.6178 0.5457 0.5824 0.6119 0.5553 0.4890 0.5045 0.4934 0.4854 0.6823 0.5159 0.6030 0.4842 0.5908 0.5195 0.5748 1.0000 0.6393 
0.5314 0.4875 0.6270 0.5517 0.5587 0.4896 0.5246 0.6335 0.5222 0.6039 0.6173 0.5403 0.6181 0.6168 0.5593 0.5301 0.5444 0.5065 0.5237 0.5990 0.5025 0.5710 0.5069 0.6469 0.5929 0.6511 0.6393 1.0000 
