1.0000 0.5000 0.4964 0.4882 0.5831 0.4678 0.4847 0.4219 0.5970 0.5472 0.5292 0.4661 0.4755 0.6246 0.5273 0.5799 0.5457 0.4853 0.4935 0.5240 0.4980 0.6488 0.5308 0.4913 0.4747 0.4484 0.5315 0.5837 0.5458 0.4900 0.4988 0.4559 0.4587 0.5937 0.5580 0.6025 0.5292 0.5691 0.5462 0.4629 0.4119 0.5551 0.5211 0.5566 0.4805 0.5540 0.5406 0.5224 0.4313 0.4849
0.5000 1.0000 0.3880 0.4890 0.4731 0.4214 0.5283 0.4531 0.5165 0.4791 0.4972 0.4786 0.4409 0.4651 0.4879 0.4703 0.4983 0.5085 0.4467 0.4814 0.4975 0.4682 0.4600 0.4575 0.4855 0.4652 0.5170 0.4087 0.4973 0.4555 0.4348 0.5237 0.4431 0.4948 0.5174 0.4639 0.4563 0.4417 0.4516 0.5281 0.4824 0.5570 0.4768 0.4942 0.3983 0.4326 0.4591 0.4833 0.3877 0.4206
0.4964 0.3880 1.0000 0.4062 0.4505 0.3637 0.4005 0.4840 0.4311 0.4637 0.3999 0.4356 0.3823 0.5110 0.4954 0.4150 0.4216 0.4034 0.4035 0.4156 0.3972 0.4108 0.5492 0.4680 0.3843 0.4428 0.4217 0.4737 0.4522 0.4443 0.3403 0.3861 0.4736 0.4338 0.4559 0.4765 0.3971 0.4101 0.4370 0.5198 0.4405 0.4247 0.3737 0.4546 0.4180 0.4697 0.4047 0.4065 0.4995 0.3699
0.4882 0.4890 0.4062 1.0000 0.4693 0.4793 0.4474 0.4133 0.4423 0.5102 0.4873 0.4731 0.4549 0.4585 0.4793 0.4576 0.4743 0.4578 0.4870 0.4485 0.5395 0.4705 0.4664 0.4958 0.4792 0.4895 0.5218 0.4367 0.4355 0.4735 0.4668 0.4389 0.4558 0.4909 0.4811 0.4699 0.4770 0.5289 0.4886 0.4809 0.3855 0.4610 0.4184 0.5164 0.4175 0.4445 0.4766 0.4182 0.4692 0.5431
0.5831 0.4731 0.4505 0.4693 1.0000 0.4129 0.4481 0.4252 0.5037 0.5124 0.4772 0.5164 0.4561 0.4769 0.4508 0.4759 0.4847 0.4010 0.4117 0.4772 0.4815 0.5163 0.4613 0.4411 0.4178 0.5008 0.4957 0.5236 0.5684 0.4446 0.4287 0.4320 0.4337 0.5532 0.5579 0.5289 0.5191 0.5748 0.4476 0.4177 0.4166 0.5029 0.4583 0.5236 0.4601 0.5116 0.5170 0.4424 0.4183 0.4696
0.4678 0.4214 0.3637 0.4793 0.4129 1.0000 0.4150 0.3830 0.5037 0.5065 0.4043 0.4553 0.4236 0.4516 0.4125 0.4608 0.4306 0.4472 0.3918 0.4228 0.4303 0.4979 0.3946 0.4226 0.5781 0.3872 0.4845 0.3539 0.4657 0.4032 0.5422 0.4021 0.4031 0.4011 0.4574 0.3890 0.4667 0.5118 0.4096 0.4013 0.3634 0.4196 0.4680 0.4208 0.3553 0.4897 0.4231 0.4278 0.3444 0.5091
0.4847 0.5283 0.4005 0.4474 0.4481 0.4150 1.0000 0.4657 0.4715 0.4742 0.4730 0.4354 0.4560 0.4913 0.5041 0.4979 0.4959 0.5725 0.4021 0.5491 0.4321 0.5167 0.4991 0.5143 0.4562 0.4636 0.5055 0.4666 0.4967 0.4777 0.4680 0.4676 0.4476 0.5077 0.5059 0.4918 0.4581 0.4506 0.4181 0.4577 0.4025 0.5191 0.4737 0.4928 0.4132 0.4599 0.4656 0.5038 0.4111 0.4196
0.4219 0.4531 0.4840 0.4133 0.4252 0.3830 0.4657 1.0000 0.4208 0.4480 0.4476 0.4426 0.4319 0.4312 0.5211 0.4055 0.5026 0.4560 0.4093 0.5030 0.4004 0.4014 0.5442 0.5278 0.4218 0.5129 0.4542 0.4131 0.4217 0.4617 0.3405 0.5307 0.4926 0.4204 0.4643 0.4446 0.4542 0.4201 0.3788 0.5113 0.5200 0.4307 0.3805 0.4819 0.4322 0.4051 0.4526 0.4063 0.4841 0.3841
0.5970 0.5165 0.4311 0.4423 0.5037 0.5037 0.4715 0.4208 1.0000 0.5136 0.4476 0.4714 0.4277 0.5683 0.4630 0.5485 0.5502 0.4526 0.4309 0.4796 0.4797 0.5357 0.4805 0.4327 0.4778 0.4414 0.4788 0.4612 0.5174 0.4587 0.4369 0.4710 0.4399 0.4974 0.5112 0.4796 0.4900 0.5265 0.5092 0.4595 0.3963 0.5086 0.4782 0.4879 0.4718 0.4691 0.4660 0.4876 0.4069 0.4483
0.5472 0.4791 0.4637 0.5102 0.5124 0.5065 0.4742 0.4480 0.5136 1.0000 0.4623 0.4679 0.4725 0.4692 0.4722 0.5017 0.4592 0.5121 0.4787 0.4859 0.4579 0.5359 0.4509 0.4473 0.4862 0.4318 0.5264 0.4514 0.5674 0.4469 0.5143 0.4367 0.4503 0.4553 0.4832 0.4673 0.5526 0.5566 0.4510 0.4558 0.4928 0.5113 0.4057 0.5114 0.4420 0.5233 0.5170 0.4420 0.4572 0.4947
0.5292 0.4972 0.3999 0.4873 0.4772 0.4043 0.4730 0.4476 0.4476 0.4623 1.0000 0.4074 0.4480 0.4578 0.4522 0.4549 0.4895 0.4856 0.4748 0.4544 0.4711 0.4972 0.4595 0.4631 0.4635 0.4363 0.5114 0.4552 0.4762 0.4444 0.3926 0.4702 0.4562 0.5305 0.4788 0.4950 0.4575 0.4860 0.4238 0.4624 0.4134 0.5156 0.4621 0.4996 0.4536 0.4053 0.4852 0.5144 0.4637 0.4395
0.4661 0.4786 0.4356 0.4731 0.5164 0.4553 0.4354 0.4426 0.4714 0.4679 0.4074 1.0000 0.4749 0.4855 0.4834 0.4260 0.4766 0.4222 0.4460 0.5018 0.4885 0.4666 0.4534 0.4718 0.3973 0.4967 0.5376 0.4851 0.5265 0.4739 0.3750 0.5094 0.4723 0.5456 0.6005 0.4912 0.5600 0.5413 0.5150 0.4218 0.4044 0.5078 0.4237 0.5531 0.4113 0.5076 0.4727 0.4302 0.4406 0.4894
0.4755 0.4409 0.3823 0.4549 0.4561 0.4236 0.4560 0.4319 0.4277 0.4725 0.4480 0.4749 1.0000 0.5062 0.4520 0.4612 0.5428 0.4786 0.4558 0.5730 0.4505 0.4598 0.4651 0.4710 0.3813 0.4370 0.5359 0.4345 0.4355 0.4621 0.4125 0.5168 0.4660 0.4596 0.4861 0.4453 0.4529 0.4884 0.4403 0.4196 0.4121 0.5126 0.4314 0.4853 0.5128 0.4944 0.6008 0.4963 0.4084 0.4501
0.6246 0.4651 0.5110 0.4585 0.4769 0.4516 0.4913 0.4312 0.5683 0.4692 0.4578 0.4855 0.5062 1.0000 0.5264 0.5223 0.5376 0.4555 0.4909 0.5050 0.4848 0.6197 0.5245 0.4914 0.4096 0.4745 0.5659 0.5588 0.4872 0.5228 0.4397 0.4684 0.4650 0.5370 0.5705 0.5879 0.4798 0.5547 0.5389 0.4770 0.3970 0.5546 0.5037 0.5867 0.5191 0.5735 0.5052 0.5426 0.4737 0.4622
0.5273 0.4879 0.4954 0.4793 0.4508 0.4125 0.5041 0.5211 0.4630 0.4722 0.4522 0.4834 0.4520 0.5264 1.0000 0.4842 0.4853 0.4831 0.4455 0.5237 0.4376 0.4717 0.6085 0.5989 0.4535 0.4624 0.4753 0.4924 0.4892 0.5864 0.4125 0.5128 0.5357 0.4794 0.5019 0.5002 0.4871 0.4443 0.4644 0.5312 0.5112 0.4815 0.4035 0.5260 0.4126 0.4411 0.5080 0.4256 0.4434 0.4497
0.5799 0.4703 0.4150 0.4576 0.4759 0.4608 0.4979 0.4055 0.5485 0.5017 0.4549 0.4260 0.4612 0.5223 0.4842 1.0000 0.5250 0.4669 0.4348 0.4926 0.4933 0.5252 0.4774 0.4356 0.5270 0.3986 0.4537 0.5219 0.4804 0.4601 0.5212 0.4433 0.4003 0.5087 0.4876 0.4965 0.4636 0.4511 0.5241 0.4177 0.3902 0.4969 0.5219 0.4673 0.4493 0.4433 0.5094 0.5427 0.3920 0.4869
0.5457 0.4983 0.4216 0.4743 0.4847 0.4306 0.4959 0.5026 0.5502 0.4592 0.4895 0.4766 0.5428 0.5376 0.4853 0.5250 1.0000 0.4695 0.4521 0.6443 0.4811 0.5353 0.5196 0.4819 0.4737 0.5125 0.5138 0.4623 0.4921 0.4855 0.4046 0.5218 0.4609 0.5366 0.5264 0.4926 0.4635 0.5123 0.4799 0.4659 0.4052 0.4869 0.4985 0.5323 0.5492 0.4729 0.5022 0.4792 0.4255 0.4278
0.4853 0.5085 0.4034 0.4578 0.4010 0.4472 0.5725 0.4560 0.4526 0.5121 0.4856 0.4222 0.4786 0.4555 0.4831 0.4669 0.4695 1.0000 0.4730 0.4767 0.4081 0.4982 0.4977 0.5156 0.4824 0.4169 0.5179 0.4361 0.4769 0.4676 0.4901 0.4672 0.4662 0.4638 0.4631 0.4527 0.4751 0.4469 0.3823 0.4656 0.4265 0.4709 0.4361 0.4752 0.3834 0.4464 0.4277 0.4511 0.4203 0.4152
0.4935 0.4467 0.4035 0.4870 0.4117 0.3918 0.4021 0.4093 0.4309 0.4787 0.4748 0.4460 0.4558 0.4909 0.4455 0.4348 0.4521 0.4730 1.0000 0.4294 0.3677 0.4793 0.4410 0.4076 0.4174 0.4732 0.4444 0.4554 0.4404 0.3779 0.4105 0.4563 0.3951 0.4042 0.5379 0.4155 0.4861 0.4668 0.4169 0.4353 0.4203 0.4921 0.3690 0.5100 0.5039 0.4652 0.4828 0.4443 0.4976 0.3915
0.5240 0.4814 0.4156 0.4485 0.4772 0.4228 0.5491 0.5030 0.4796 0.4859 0.4544 0.5018 0.5730 0.5050 0.5237 0.4926 0.6443 0.4767 0.4294 1.0000 0.4556 0.4924 0.5412 0.5079 0.4600 0.4846 0.4855 0.4651 0.4883 0.4918 0.4096 0.5041 0.4716 0.5217 0.5083 0.4775 0.4961 0.4693 0.4848 0.4533 0.4191 0.5461 0.4485 0.5043 0.5040 0.4718 0.5931 0.4736 0.4066 0.4219
0.4980 0.4975 0.3972 0.5395 0.4815 0.4303 0.4321 0.4004 0.4797 0.4579 0.4711 0.4885 0.4505 0.4848 0.4376 0.4933 0.4811 0.4081 0.3677 0.4556 1.0000 0.4900 0.4325 0.4408 0.4161 0.4199 0.5059 0.4344 0.4303 0.5010 0.4325 0.4177 0.4370 0.5574 0.4637 0.5552 0.4777 0.5087 0.5861 0.4299 0.3702 0.4500 0.4710 0.4543 0.4016 0.4047 0.4713 0.4567 0.3950 0.5784
0.6488 0.4682 0.4108 0.4705 0.5163 0.4979 0.5167 0.4014 0.5357 0.5359 0.4972 0.4666 0.4598 0.6197 0.4717 0.5252 0.5353 0.4982 0.4793 0.4924 0.4900 1.0000 0.4731 0.4771 0.4588 0.4472 0.6001 0.5535 0.5507 0.5127 0.5489 0.4435 0.4258 0.6071 0.5744 0.6210 0.5422 0.5917 0.4991 0.4261 0.3802 0.5518 0.5310 0.5931 0.4987 0.5713 0.4958 0.4910 0.3984 0.5170
0.5308 0.4600 0.5492 0.4664 0.4613 0.3946 0.4991 0.5442 0.4805 0.4509 0.4595 0.4534 0.4651 0.5245 0.6085 0.4774 0.5196 0.4977 0.4410 0.5412 0.4325 0.4731 1.0000 0.6342 0.4434 0.5012 0.4913 0.5031 0.4396 0.5656 0.3981 0.4954 0.5822 0.4884 0.4673 0.5132 0.4278 0.4623 0.4452 0.5476 0.4929 0.5008 0.4182 0.5134 0.4472 0.4535 0.4897 0.4586 0.4790 0.4042
0.4913 0.4575 0.4680 0.4958 0.4411 0.4226 0.5143 0.5278 0.4327 0.4473 0.4631 0.4718 0.4710 0.4914 0.5989 0.4356 0.4819 0.5156 0.4076 0.5079 0.4408 0.4771 0.6342 1.0000 0.4299 0.4692 0.5138 0.4752 0.4439 0.5863 0.4053 0.4866 0.5438 0.5244 0.4746 0.5167 0.4511 0.4899 0.4217 0.5045 0.4950 0.4701 0.4225 0.5116 0.3875 0.4589 0.4693 0.4278 0.4305 0.4373
0.4747 0.4855 0.3843 0.4792 0.4178 0.5781 0.4562 0.4218 0.4778 0.4862 0.4635 0.3973 0.3813 0.4096 0.4535 0.5270 0.4737 0.4824 0.4174 0.4600 0.4161 0.4588 0.4434 0.4299 1.0000 0.3868 0.4032 0.4013 0.4762 0.3912 0.5198 0.4480 0.3995 0.4076 0.4373 0.3731 0.4174 0.4257 0.3915 0.4405 0.4097 0.4368 0.4389 0.4193 0.3932 0.4418 0.4300 0.4723 0.3672 0.4285
0.4484 0.4652 0.4428 0.4895 0.5008 0.3872 0.4636 0.5129 0.4414 0.4318 0.4363 0.4967 0.4370 0.4745 0.4624 0.3986 0.5125 0.4169 0.4732 0.4846 0.4199 0.4472 0.5012 0.4692 0.3868 1.0000 0.4885 0.4827 0.4638 0.4427 0.3569 0.4550 0.4304 0.4782 0.5237 0.4512 0.5109 0.4861 0.3920 0.4372 0.3906 0.4868 0.4110 0.5466 0.5041 0.4763 0.4432 0.4120 0.5243 0.3986
0.5315 0.5170 0.4217 0.5218 0.4957 0.4845 0.5055 0.4542 0.4788 0.5264 0.5114 0.5376 0.5359 0.5659 0.4753 0.4537 0.5138 0.5179 0.4444 0.4855 0.5059 0.6001 0.4913 0.5138 0.4032 0.4885 1.0000 0.4791 0.4705 0.5319 0.4555 0.4754 0.4869 0.5488 0.5591 0.5748 0.5305 0.5852 0.4626 0.4744 0.3911 0.5843 0.5233 0.6025 0.4476 0.5378 0.5022 0.5164 0.4611 0.4961
0.5837 0.4087 0.4737 0.4367 0.5236 0.3539 0.4666 0.4131 0.4612 0.4514 0.4552 0.4851 0.4345 0.5588 0.4924 0.5219 0.4623 0.4361 0.4554 0.4651 0.4344 0.5535 0.5031 0.4752 0.4013 0.4827 0.4791 1.0000 0.5360 0.4761 0.4216 0.4511 0.4319 0.5925 0.5124 0.5594 0.4812 0.5145 0.4611 0.4000 0.3648 0.5332 0.4553 0.5835 0.4714 0.5339 0.4791 0.4806 0.4713 0.4115
0.5458 0.4973 0.4522 0.4355 0.5684 0.4657 0.4967 0.4217 0.5174 0.5674 0.4762 0.5265 0.4355 0.4872 0.4892 0.4804 0.4921 0.4769 0.4404 0.4883 0.4303 0.5507 0.4396 0.4439 0.4762 0.4638 0.4705 0.5360 1.0000 0.4123 0.4762 0.4836 0.4244 0.5385 0.5558 0.4878 0.5040 0.5341 0.4256 0.4292 0.4309 0.5540 0.4892 0.5574 0.4551 0.6112 0.4839 0.4514 0.4457 0.4418
0.4900 0.4555 0.4443 0.4735 0.4446 0.4032 0.4777 0.4617 0.4587 0.4469 0.4444 0.4739 0.4621 0.5228 0.5864 0.4601 0.4855 0.4676 0.3779 0.4918 0.5010 0.5127 0.5656 0.5863 0.3912 0.4427 0.5319 0.4761 0.4123 1.0000 0.4029 0.4452 0.5474 0.5271 0.4821 0.5583 0.4786 0.4622 0.4690 0.5074 0.4455 0.4554 0.4156 0.5113 0.3753 0.4146 0.4854 0.4240 0.3791 0.4808
0.4988 0.4348 0.3403 0.4668 0.4287 0.5422 0.4680 0.3405 0.4369 0.5143 0.3926 0.3750 0.4125 0.4397 0.4125 0.5212 0.4046 0.4901 0.4105 0.4096 0.4325 0.5489 0.3981 0.4053 0.5198 0.3569 0.4555 0.4216 0.4762 0.4029 1.0000 0.3741 0.3781 0.4102 0.4204 0.4443 0.4403 0.4717 0.3897 0.3795 0.3452 0.4252 0.4637 0.4103 0.3891 0.4813 0.4786 0.4334 0.3241 0.4765
0.4559 0.5237 0.3861 0.4389 0.4320 0.4021 0.4676 0.5307 0.4710 0.4367 0.4702 0.5094 0.5168 0.4684 0.5128 0.4433 0.5218 0.4672 0.4563 0.5041 0.4177 0.4435 0.4954 0.4866 0.4480 0.4550 0.4754 0.4511 0.4836 0.4452 0.3741 1.0000 0.4793 0.4708 0.4876 0.4484 0.4136 0.4805 0.4256 0.4814 0.4639 0.4898 0.4192 0.5021 0.4626 0.4451 0.5233 0.4531 0.4252 0.4234
0.4587 0.4431 0.4736 0.4558 0.4337 0.4031 0.4476 0.4926 0.4399 0.4503 0.4562 0.4723 0.4660 0.4650 0.5357 0.4003 0.4609 0.4662 0.3951 0.4716 0.4370 0.4258 0.5822 0.5438 0.3995 0.4304 0.4869 0.4319 0.4244 0.5474 0.3781 0.4793 1.0000 0.4704 0.4552 0.4517 0.4055 0.4628 0.4117 0.5203 0.4686 0.4647 0.4043 0.4633 0.4074 0.4191 0.4585 0.4621 0.3953 0.4006
0.5937 0.4948 0.4338 0.4909 0.5532 0.4011 0.5077 0.4204 0.4974 0.4553 0.5305 0.5456 0.4596 0.5370 0.4794 0.5087 0.5366 0.4638 0.4042 0.5217 0.5574 0.6071 0.4884 0.5244 0.4076 0.4782 0.5488 0.5925 0.5385 0.5271 0.4102 0.4708 0.4704 1.0000 0.5420 0.6683 0.5083 0.5490 0.5455 0.4267 0.3619 0.5536 0.4992 0.5824 0.4085 0.5007 0.4749 0.4726 0.4085 0.5275
0.5580 0.5174 0.4559 0.4811 0.5579 0.4574 0.5059 0.4643 0.5112 0.4832 0.4788 0.6005 0.4861 0.5705 0.5019 0.4876 0.5264 0.4631 0.5379 0.5083 0.4637 0.5744 0.4673 0.4746 0.4373 0.5237 0.5591 0.5124 0.5558 0.4821 0.4204 0.4876 0.4552 0.5420 1.0000 0.4894 0.5941 0.5415 0.4896 0.4631 0.4160 0.5711 0.4866 0.5991 0.4812 0.5443 0.5034 0.4899 0.4322 0.4617
0.6025 0.4639 0.4765 0.4699 0.5289 0.3890 0.4918 0.4446 0.4796 0.4673 0.4950 0.4912 0.4453 0.5879 0.5002 0.4965 0.4926 0.4527 0.4155 0.4775 0.5552 0.6210 0.5132 0.5167 0.3731 0.4512 0.5748 0.5594 0.4878 0.5583 0.4443 0.4484 0.4517 0.6683 0.4894 1.0000 0.4891 0.5345 0.5378 0.4665 0.3856 0.5029 0.4522 0.5717 0.4117 0.4970 0.4903 0.4573 0.4398 0.5407
0.5292 0.4563 0.3971 0.4770 0.5191 0.4667 0.4581 0.4542 0.4900 0.5526 0.4575 0.5600 0.4529 0.4798 0.4871 0.4636 0.4635 0.4751 0.4861 0.4961 0.4777 0.5422 0.4278 0.4511 0.4174 0.5109 0.5305 0.4812 0.5040 0.4786 0.4403 0.4136 0.4055 0.5083 0.5941 0.4891 1.0000 0.5588 0.4887 0.4088 0.4101 0.4874 0.4004 0.5384 0.4362 0.4762 0.5086 0.4150 0.4310 0.5314
0.5691 0.4417 0.4101 0.5289 0.5748 0.5118 0.4506 0.4201 0.5265 0.5566 0.4860 0.5413 0.4884 0.5547 0.4443 0.4511 0.5123 0.4469 0.4668 0.4693 0.5087 0.5917 0.4623 0.4899 0.4257 0.4861 0.5852 0.5145 0.5341 0.4622 0.4717 0.4805 0.4628 0.5490 0.5415 0.5345 0.5588 1.0000 0.4652 0.4310 0.3782 0.5053 0.4410 0.5643 0.4950 0.5579 0.5050 0.4495 0.4427 0.5350
0.5462 0.4516 0.4370 0.4886 0.4476 0.4096 0.4181 0.3788 0.5092 0.4510 0.4238 0.5150 0.4403 0.5389 0.4644 0.5241 0.4799 0.3823 0.4169 0.4848 0.5861 0.4991 0.4452 0.4217 0.3915 0.3920 0.4626 0.4611 0.4256 0.4690 0.3897 0.4256 0.4117 0.5455 0.4896 0.5378 0.4887 0.4652 1.0000 0.4312 0.3690 0.4584 0.4710 0.4795 0.4119 0.4226 0.4702 0.4554 0.4133 0.5304
0.4629 0.5281 0.5198 0.4809 0.4177 0.4013 0.4577 0.5113 0.4595 0.4558 0.4624 0.4218 0.4196 0.4770 0.5312 0.4177 0.4659 0.4656 0.4353 0.4533 0.4299 0.4261 0.5476 0.5045 0.4405 0.4372 0.4744 0.4000 0.4292 0.5074 0.3795 0.4814 0.5203 0.4267 0.4631 0.4665 0.4088 0.4310 0.4312 1.0000 0.4891 0.4586 0.3796 0.4907 0.4036 0.3995 0.4402 0.4077 0.4168 0.4115
0.4119 0.4824 0.4405 0.3855 0.4166 0.3634 0.4025 0.5200 0.3963 0.4928 0.4134 0.4044 0.4121 0.3970 0.5112 0.3902 0.4052 0.4265 0.4203 0.4191 0.3702 0.3802 0.4929 0.4950 0.4097 0.3906 0.3911 0.3648 0.4309 0.4455 0.3452 0.4639 0.4686 0.3619 0.4160 0.3856 0.4101 0.3782 0.3690 0.4891 1.0000 0.4197 0.3381 0.4239 0.3765 0.3800 0.4155 0.3877 0.4105 0.3774
0.5551 0.5570 0.4247 0.4610 0.5029 0.4196 0.5191 0.4307 0.5086 0.5113 0.5156 0.5078 0.5126 0.5546 0.4815 0.4969 0.4869 0.4709 0.4921 0.5461 0.4500 0.5518 0.5008 0.4701 0.4368 0.4868 0.5843 0.5332 0.5540 0.4554 0.4252 0.4898 0.4647 0.5536 0.5711 0.5029 0.4874 0.5053 0.4584 0.4586 0.4197 1.0000 0.5022 0.5827 0.4845 0.5573 0.5546 0.5634 0.4773 0.4161
0.5211 0.4768 0.3737 0.4184 0.4583 0.4680 0.4737 0.3805 0.4782 0.4057 0.4621 0.4237 0.4314 0.5037 0.4035 0.5219 0.4985 0.4361 0.3690 0.4485 0.4710 0.5310 0.4182 0.4225 0.4389 0.4110 0.5233 0.4553 0.4892 0.4156 0.4637 0.4192 0.4043 0.4992 0.4866 0.4522 0.4004 0.4410 0.4710 0.3796 0.3381 0.5022 1.0000 0.4639 0.4182 0.5232 0.4333 0.5549 0.3730 0.4473
0.5566 0.4942 0.4546 0.5164 0.5236 0.4208 0.4928 0.4819 0.4879 0.5114 0.4996 0.5531 0.4853 0.5867 0.5260 0.4673 0.5323 0.4752 0.5100 0.5043 0.4543 0.5931 0.5134 0.5116 0.4193 0.5466 0.6025 0.5835 0.5574 0.5113 0.4103 0.5021 0.4633 0.5824 0.5991 0.5717 0.5384 0.5643 0.4795 0.4907 0.4239 0.5827 0.4639 1.0000 0.4930 0.5329 0.5060 0.4676 0.5122 0.4790
0.4805 0.3983 0.4180 0.4175 0.4601 0.3553 0.4132 0.4322 0.4718 0.4420 0.4536 0.4113 0.5128 0.5191 0.4126 0.4493 0.5492 0.3834 0.5039 0.5040 0.4016 0.4987 0.4472 0.3875 0.3932 0.5041 0.4476 0.4714 0.4551 0.3753 0.3891 0.4626 0.4074 0.4085 0.4812 0.4117 0.4362 0.4950 0.4119 0.4036 0.3765 0.4845 0.4182 0.4930 1.0000 0.4546 0.5210 0.4740 0.4925 0.3571
0.5540 0.4326 0.4697 0.4445 0.5116 0.4897 0.4599 0.4051 0.4691 0.5233 0.4053 0.5076 0.4944 0.5735 0.4411 0.4433 0.4729 0.4464 0.4652 0.4718 0.4047 0.5713 0.4535 0.4589 0.4418 0.4763 0.5378 0.5339 0.6112 0.4146 0.4813 0.4451 0.4191 0.5007 0.5443 0.4970 0.4762 0.5579 0.4226 0.3995 0.3800 0.5573 0.5232 0.5329 0.4546 1.0000 0.4780 0.4762 0.4542 0.4430
0.5406 0.4591 0.4047 0.4766 0.5170 0.4231 0.4656 0.4526 0.4660 0.5170 0.4852 0.4727 0.6008 0.5052 0.5080 0.5094 0.5022 0.4277 0.4828 0.5931 0.4713 0.4958 0.4897 0.4693 0.4300 0.4432 0.5022 0.4791 0.4839 0.4854 0.4786 0.5233 0.4585 0.4749 0.5034 0.4903 0.5086 0.5050 0.4702 0.4402 0.4155 0.5546 0.4333 0.5060 0.5210 0.4780 1.0000 0.4905 0.4249 0.4879
0.5224 0.4833 0.4065 0.4182 0.4424 0.4278 0.5038 0.4063 0.4876 0.4420 0.5144 0.4302 0.4963 0.5426 0.4256 0.5427 0.4792 0.4511 0.4443 0.4736 0.4567 0.4910 0.4586 0.4278 0.4723 0.4120 0.5164 0.4806 0.4514 0.4240 0.4334 0.4531 0.4621 0.4726 0.4899 0.4573 0.4150 0.4495 0.4554 0.4077 0.3877 0.5634 0.5549 0.4676 0.4740 0.4762 0.4905 1.0000 0.4373 0.3990
0.4313 0.3877 0.4995 0.4692 0.4183 0.3444 0.4111 0.4841 0.4069 0.4572 0.4637 0.4406 0.4084 0.4737 0.4434 0.3920 0.4255 0.4203 0.4976 0.4066 0.3950 0.3984 0.4790 0.4305 0.3672 0.5243 0.4611 0.4713 0.4457 0.3791 0.3241 0.4252 0.3953 0.4085 0.4322 0.4398 0.4310 0.4427 0.4133 0.4168 0.4105 0.4773 0.3730 0.5122 0.4925 0.4542 0.4249 0.4373 1.0000 0.3734
0.4849 0.4206 0.3699 0.5431 0.4696 0.5091 0.4196 0.3841 0.4483 0.4947 0.4395 0.4894 0.4501 0.4622 0.4497 0.4869 0.4278 0.4152 0.3915 0.4219 0.5784 0.5170 0.4042 0.4373 0.4285 0.3986 0.4961 0.4115 0.4418 0.4808 0.4765 0.4234 0.4006 0.5275 0.4617 0.5407 0.5314 0.5350 0.5304 0.4115 0.3774 0.4161 0.4473 0.4790 0.3571 0.4430 0.4879 0.3990 0.3734 1.0000
