1:	0.3819 0.0008 0.1064 0.3247 0.0232 0.0179 0.0771 0.0680 	23
2:	0.4974 0.0769 0.0045 0.2792 0.0216 0.0059 0.0454 0.0690 	13
3:	0.8302 0.0000 0.0006 0.0234 0.0840 0.0008 0.0376 0.0235 	5
4:	0.6092 0.2877 0.0044 0.0042 0.0107 0.0238 0.0192 0.0408 	15
5:	0.4871 0.4211 0.0074 0.0083 0.0199 0.0149 0.0214 0.0199 	18
6:	0.1330 0.5764 0.0098 0.0696 0.0103 0.1678 0.0057 0.0274 	24
7:	0.5455 0.1240 0.2260 0.0116 0.0281 0.0181 0.0277 0.0191 	9
8:	0.4390 0.0021 0.0910 0.0072 0.2484 0.0096 0.1447 0.0581 	11
9:	0.0000 0.9440 0.0000 0.0000 0.0000 0.0000 0.0000 0.0560 	1
10:	0.8561 0.0053 0.0232 0.0088 0.0381 0.0166 0.0256 0.0263 	17
11:	0.0000 0.8951 0.0889 0.0000 0.0000 0.0000 0.0000 0.0160 	1
12:	0.3705 0.0257 0.0553 0.2076 0.0087 0.2643 0.0400 0.0279 	8
13:	0.0000 0.9616 0.0000 0.0000 0.0000 0.0000 0.0000 0.0384 	5
14:	0.4434 0.5000 0.0000 0.0083 0.0157 0.0004 0.0120 0.0203 	2
15:	0.0065 0.4790 0.0054 0.0000 0.0003 0.4902 0.0001 0.0186 	2
16:	0.8245 0.0000 0.0249 0.0169 0.0373 0.0180 0.0562 0.0223 	2
17:	0.0037 0.0040 0.0639 0.3927 0.0000 0.4233 0.0046 0.1078 	2
18:	0.8976 0.0000 0.0045 0.0006 0.0215 0.0058 0.0450 0.0248 	3
19:	0.5702 0.0435 0.0732 0.0192 0.1367 0.0962 0.0292 0.0318 	3
