
Using the parameter settings in the file: 
''1763240293/clumpp.paramfile''

Parameter settings
----------------------- Main parameters -------------------------
DATATYPE = 0
INDFILE = 1763240293/ClumppIndFile
POPFILE = 
OUTFILE = 1763240293/ClumppIndFile.output
MISCFILE = 1763240293/ClumppIndFile.misc
K = 8
C = 164
R = 28
M = 3
W = 0
S = 2
- Additional options for the Greedy and LargeKGreedy algorithms -
GREEDY_OPTION = 2
REPEATS = 2000
PERMUTATIONFILE = 
----------------------- Optional outputs ------------------------
PRINT_PERMUTED_DATA = 0
PERMUTED_DATAFILE = 
PRINT_EVERY_PERM = 0
EVERY_PERMFILE = 
PRINT_RANDOM_INPUTORDER = 0
RANDOM_INPUTORDERFILE = 
----------------------- Advanced options ------------------------
OVERRIDE_WARNINGS = 0
ORDER_BY_RUN = 1


In total, 2000 configurations of runs and clusters will be tested.

Results
------------------------------
The highest value of H' is: 0.79232015617186

The list of permutations of the clusters that produces that
H' value is (runs are listed sequentially on separate rows)

1 2 3 4 5 6 7 8 
3 8 7 2 5 1 6 4 
8 6 4 7 3 1 5 2 
2 1 3 7 8 4 6 5 
3 5 8 4 7 2 6 1 
5 6 3 8 1 2 7 4 
8 2 5 1 7 6 4 3 
1 7 5 2 4 6 3 8 
3 7 1 6 2 4 8 5 
7 4 5 2 3 1 8 6 
3 1 5 6 4 8 7 2 
4 8 2 1 6 7 5 3 
3 5 2 7 8 4 6 1 
6 8 5 4 3 7 2 1 
4 1 5 2 6 3 7 8 
4 2 1 3 6 5 8 7 
7 6 1 2 5 3 4 8 
8 6 1 2 4 5 3 7 
5 4 2 6 8 7 1 3 
6 5 7 1 3 8 4 2 
4 6 7 1 3 8 2 5 
6 5 8 1 3 4 7 2 
5 3 4 8 1 7 6 2 
6 8 7 4 2 1 3 5 
2 8 1 6 4 3 5 7 
6 5 2 4 7 3 1 8 
4 6 2 7 8 3 1 5 
2 6 4 7 5 8 1 3 

The pairwise G' values for each pair of runs where the clusters
of each run are permuted according to the list of permutations above

1.0000 0.8056 0.7290 0.7303 0.7299 0.7532 0.7535 0.8392 0.7532 0.7802 0.7531 0.6389 0.7532 0.7802 0.7530 0.7266 0.7803 0.7559 0.7802 0.8867 0.7681 0.7532 0.7803 0.7531 0.7556 0.7288 0.8403 0.7535 
0.8056 1.0000 0.7284 0.7285 0.6668 0.7285 0.7526 0.8405 0.7286 0.7284 0.7285 0.6559 0.7285 0.7288 0.7069 0.7265 0.7288 0.7279 0.7284 0.8053 0.7392 0.7286 0.7289 0.7285 0.7527 0.7532 0.8875 0.7526 
0.7290 0.7284 1.0000 0.8411 0.7240 0.8405 0.8881 0.7055 0.8064 0.8407 0.8421 0.6899 0.8405 0.8074 0.8405 0.9657 0.8073 0.7743 0.8408 0.7286 0.6798 0.8063 0.8073 0.8422 0.8076 0.8408 0.7286 0.8881 
0.7303 0.7285 0.8411 1.0000 0.7248 0.8422 0.8057 0.7308 0.8073 0.8058 0.8067 0.6888 0.8422 0.8084 0.8925 0.8390 0.8083 0.8015 0.8059 0.7552 0.7002 0.8072 0.8083 0.8067 0.8409 0.7767 0.7075 0.8057 
0.7299 0.6668 0.7240 0.7248 1.0000 0.7481 0.7484 0.6854 0.7476 0.7749 0.7474 0.7302 0.7481 0.7741 0.7470 0.7222 0.7741 0.7497 0.7749 0.7073 0.6434 0.7477 0.7741 0.7474 0.7502 0.7241 0.6856 0.7484 
0.7532 0.7285 0.8405 0.8422 0.7481 1.0000 0.8864 0.7533 0.8416 0.8870 0.8862 0.6904 0.9995 0.8409 0.8408 0.8364 0.8410 0.8055 0.8871 0.7805 0.7242 0.8416 0.8410 0.8862 0.8430 0.8410 0.7277 0.8864 
0.7535 0.7526 0.8881 0.8057 0.7484 0.8864 1.0000 0.7277 0.8408 0.8867 0.8859 0.7120 0.8864 0.8415 0.8051 0.8824 0.8415 0.8053 0.8867 0.7533 0.7010 0.8408 0.8415 0.8859 0.8428 0.8859 0.7524 0.9994 
0.8392 0.8405 0.7055 0.7308 0.6854 0.7533 0.7277 1.0000 0.7289 0.7281 0.7283 0.6208 0.7533 0.7521 0.7529 0.7034 0.7521 0.7080 0.7281 0.8861 0.7658 0.7290 0.7521 0.7283 0.7304 0.7293 0.8840 0.7277 
0.7532 0.7286 0.8064 0.8073 0.7476 0.8416 0.8408 0.7289 1.0000 0.8409 0.8878 0.6901 0.8416 0.8877 0.8060 0.8029 0.8877 0.8048 0.8410 0.7535 0.7023 0.9993 0.8877 0.8878 0.8902 0.8055 0.7280 0.8408 
0.7802 0.7284 0.8407 0.8058 0.7749 0.8870 0.8867 0.7281 0.8409 1.0000 0.8862 0.6906 0.8871 0.8411 0.8049 0.8368 0.8411 0.8416 0.9979 0.7530 0.7013 0.8410 0.8411 0.8862 0.8432 0.8401 0.7275 0.8867 
0.7531 0.7285 0.8421 0.8067 0.7474 0.8862 0.8859 0.7283 0.8878 0.8862 1.0000 0.6898 0.8862 0.8880 0.8056 0.8383 0.8880 0.8046 0.8863 0.7532 0.7016 0.8878 0.8880 0.9995 0.8903 0.8397 0.7279 0.8860 
0.6389 0.6559 0.6899 0.6888 0.7302 0.6904 0.7120 0.6208 0.6901 0.6906 0.6898 1.0000 0.6904 0.6905 0.6698 0.6879 0.6905 0.6893 0.6906 0.6388 0.6009 0.6901 0.6905 0.6898 0.7112 0.6903 0.6381 0.7120 
0.7532 0.7285 0.8405 0.8422 0.7481 0.9995 0.8864 0.7533 0.8416 0.8871 0.8862 0.6904 1.0000 0.8409 0.8408 0.8364 0.8410 0.8055 0.8871 0.7805 0.7242 0.8416 0.8410 0.8862 0.8430 0.8410 0.7277 0.8864 
0.7802 0.7288 0.8074 0.8084 0.7741 0.8409 0.8415 0.7521 0.8877 0.8411 0.8880 0.6905 0.8409 1.0000 0.8416 0.8045 0.9987 0.8067 0.8411 0.7802 0.7008 0.8877 0.9979 0.8880 0.8928 0.8054 0.7523 0.8415 
0.7530 0.7069 0.8405 0.8925 0.7470 0.8408 0.8051 0.7529 0.8060 0.8049 0.8056 0.6698 0.8408 0.8416 1.0000 0.8383 0.8415 0.7756 0.8050 0.7801 0.6993 0.8060 0.8415 0.8056 0.8086 0.7759 0.7284 0.8051 
0.7266 0.7265 0.9657 0.8390 0.7222 0.8364 0.8824 0.7034 0.8029 0.8368 0.8383 0.6879 0.8364 0.8045 0.8383 1.0000 0.8043 0.7716 0.8370 0.7273 0.6730 0.8028 0.8042 0.8383 0.8046 0.8369 0.7265 0.8825 
0.7803 0.7288 0.8073 0.8083 0.7741 0.8410 0.8415 0.7521 0.8877 0.8411 0.8880 0.6905 0.8410 0.9987 0.8415 0.8043 1.0000 0.8067 0.8412 0.7802 0.7008 0.8877 0.9983 0.8879 0.8929 0.8054 0.7524 0.8415 
0.7559 0.7279 0.7743 0.8015 0.7497 0.8055 0.8053 0.7080 0.8048 0.8416 0.8046 0.6893 0.8055 0.8067 0.7756 0.7716 0.8067 1.0000 0.8415 0.7312 0.6818 0.8049 0.8068 0.8046 0.8385 0.7750 0.7075 0.8053 
0.7802 0.7284 0.8408 0.8059 0.7749 0.8871 0.8867 0.7281 0.8410 0.9979 0.8863 0.6906 0.8871 0.8411 0.8050 0.8370 0.8412 0.8415 1.0000 0.7531 0.7013 0.8410 0.8412 0.8863 0.8432 0.8401 0.7276 0.8867 
0.8867 0.8053 0.7286 0.7552 0.7073 0.7805 0.7533 0.8861 0.7535 0.7530 0.7532 0.6388 0.7805 0.7802 0.7801 0.7273 0.7802 0.7312 0.7531 1.0000 0.7953 0.7535 0.7801 0.7532 0.7556 0.7292 0.8397 0.7533 
0.7681 0.7392 0.6798 0.7002 0.6434 0.7242 0.7010 0.7658 0.7023 0.7013 0.7016 0.6009 0.7242 0.7008 0.6993 0.6730 0.7008 0.6818 0.7013 0.7953 1.0000 0.7022 0.7010 0.7017 0.7021 0.6791 0.7391 0.7009 
0.7532 0.7286 0.8063 0.8072 0.7477 0.8416 0.8408 0.7290 0.9993 0.8410 0.8878 0.6901 0.8416 0.8877 0.8060 0.8028 0.8877 0.8049 0.8410 0.7535 0.7022 1.0000 0.8878 0.8878 0.8903 0.8056 0.7280 0.8408 
0.7803 0.7289 0.8073 0.8083 0.7741 0.8410 0.8415 0.7521 0.8877 0.8411 0.8880 0.6905 0.8410 0.9979 0.8415 0.8042 0.9983 0.8068 0.8412 0.7801 0.7010 0.8878 1.0000 0.8880 0.8929 0.8055 0.7524 0.8415 
0.7531 0.7285 0.8422 0.8067 0.7474 0.8862 0.8859 0.7283 0.8878 0.8862 0.9995 0.6898 0.8862 0.8880 0.8056 0.8383 0.8879 0.8046 0.8863 0.7532 0.7017 0.8878 0.8880 1.0000 0.8902 0.8397 0.7279 0.8859 
0.7556 0.7527 0.8076 0.8409 0.7502 0.8430 0.8428 0.7304 0.8902 0.8432 0.8903 0.7112 0.8430 0.8928 0.8086 0.8046 0.8929 0.8385 0.8432 0.7556 0.7021 0.8903 0.8929 0.8902 1.0000 0.8067 0.7299 0.8428 
0.7288 0.7532 0.8408 0.7767 0.7241 0.8410 0.8859 0.7293 0.8055 0.8401 0.8397 0.6903 0.8410 0.8054 0.7759 0.8369 0.8054 0.7750 0.8401 0.7292 0.6791 0.8056 0.8055 0.8397 0.8067 1.0000 0.7527 0.8859 
0.8403 0.8875 0.7286 0.7075 0.6856 0.7277 0.7524 0.8840 0.7280 0.7275 0.7279 0.6381 0.7277 0.7523 0.7284 0.7265 0.7524 0.7075 0.7276 0.8397 0.7391 0.7280 0.7524 0.7279 0.7299 0.7527 1.0000 0.7524 
0.7535 0.7526 0.8881 0.8057 0.7484 0.8864 0.9994 0.7277 0.8408 0.8867 0.8860 0.7120 0.8864 0.8415 0.8051 0.8825 0.8415 0.8053 0.8867 0.7533 0.7009 0.8408 0.8415 0.8859 0.8428 0.8859 0.7524 1.0000 
