
Using the parameter settings in the file: 
''1763240293/clumpp.paramfile''

Parameter settings
----------------------- Main parameters -------------------------
DATATYPE = 0
INDFILE = 1763240293/ClumppIndFile
POPFILE = 
OUTFILE = 1763240293/ClumppIndFile.output
MISCFILE = 1763240293/ClumppIndFile.misc
K = 18
C = 164
R = 45
M = 3
W = 0
S = 2
- Additional options for the Greedy and LargeKGreedy algorithms -
GREEDY_OPTION = 2
REPEATS = 2000
PERMUTATIONFILE = 
----------------------- Optional outputs ------------------------
PRINT_PERMUTED_DATA = 0
PERMUTED_DATAFILE = 
PRINT_EVERY_PERM = 0
EVERY_PERMFILE = 
PRINT_RANDOM_INPUTORDER = 0
RANDOM_INPUTORDERFILE = 
----------------------- Advanced options ------------------------
OVERRIDE_WARNINGS = 0
ORDER_BY_RUN = 1


In total, 2000 configurations of runs and clusters will be tested.

Results
------------------------------
The highest value of H' is: 0.48617777743324

The list of permutations of the clusters that produces that
H' value is (runs are listed sequentially on separate rows)

1 2 3 4 5 6 7 8 9 10 11 12 13 14 15 16 17 18 
16 2 18 12 10 4 14 13 9 5 15 17 1 3 11 7 6 8 
17 2 16 11 1 8 5 4 14 3 9 7 12 10 18 15 13 6 
12 4 3 7 8 9 10 6 11 5 14 13 15 2 1 18 17 16 
6 13 12 1 17 16 14 9 18 5 8 11 3 15 2 10 7 4 
8 12 16 5 7 2 9 18 13 11 15 3 17 10 6 4 1 14 
10 18 17 3 15 16 14 2 6 13 11 5 4 8 12 1 9 7 
5 17 11 18 1 2 6 10 4 14 7 15 12 16 13 9 8 3 
15 5 9 7 11 4 2 12 17 16 6 14 1 8 3 10 13 18 
12 5 3 17 13 8 15 4 6 1 2 9 18 16 11 14 10 7 
13 8 18 7 9 12 17 15 6 14 16 2 5 3 10 4 1 11 
8 18 10 16 4 2 17 1 12 11 3 13 14 5 6 9 15 7 
2 9 4 18 6 5 11 17 3 8 13 1 15 10 16 14 7 12 
8 17 7 12 18 13 15 11 16 6 4 9 10 14 5 1 3 2 
3 10 2 16 1 11 12 4 15 17 14 8 9 13 6 7 5 18 
15 9 17 1 16 6 3 13 12 14 7 10 11 2 18 4 5 8 
10 8 5 3 7 15 13 1 18 4 12 2 16 6 14 17 11 9 
3 10 6 5 2 11 15 17 16 8 18 12 4 1 14 13 9 7 
9 11 18 8 12 13 16 3 14 17 15 2 6 1 5 4 7 10 
6 15 2 9 10 3 5 1 14 7 17 18 4 11 8 12 13 16 
18 7 1 14 5 10 11 13 16 9 3 2 15 8 4 6 12 17 
10 11 1 12 4 9 15 5 3 16 18 17 14 13 2 6 7 8 
10 17 5 2 14 3 18 9 16 15 8 11 12 6 4 7 1 13 
13 6 12 17 9 18 14 7 5 15 2 4 3 16 10 1 11 8 
2 9 1 7 18 11 10 6 8 13 16 12 4 3 14 15 5 17 
13 4 3 16 7 17 9 8 14 1 2 5 18 12 15 11 6 10 
6 4 1 5 9 12 18 11 15 7 2 3 10 17 16 14 13 8 
17 7 13 5 15 12 4 9 2 14 16 3 11 8 6 1 10 18 
18 3 9 17 5 10 8 2 6 11 7 12 4 1 14 13 15 16 
16 13 7 15 8 1 9 2 10 4 12 6 3 11 14 18 17 5 
12 10 17 8 13 9 4 11 2 14 7 6 18 5 16 15 3 1 
2 5 1 7 15 11 10 18 14 6 17 13 4 3 9 12 8 16 
18 15 13 4 3 6 16 2 9 8 14 7 12 11 1 5 17 10 
1 18 17 12 9 14 4 16 11 8 13 2 6 7 15 10 3 5 
17 4 5 7 8 11 13 18 12 15 14 6 2 9 10 1 3 16 
5 17 3 18 4 9 16 10 12 11 13 8 14 1 2 6 7 15 
10 6 8 9 7 13 4 12 14 17 1 16 11 2 3 18 15 5 
10 6 7 13 14 16 5 3 18 12 11 9 1 4 8 17 15 2 
16 3 17 18 13 8 9 11 1 2 15 4 5 14 10 12 6 7 
7 13 16 6 10 5 11 1 12 18 17 2 9 8 4 14 3 15 
12 7 9 1 2 13 18 3 17 8 15 14 4 5 6 10 16 11 
12 14 17 13 9 11 15 5 6 8 4 2 7 3 10 16 18 1 
10 3 15 18 1 7 14 16 6 17 2 8 9 12 13 4 5 11 
11 8 9 7 10 1 13 12 14 5 15 3 2 17 16 6 18 4 
2 17 8 6 7 10 4 13 15 9 11 5 14 12 1 16 18 3 

The pairwise G' values for each pair of runs where the clusters
of each run are permuted according to the list of permutations above

1.0000 0.4619 0.5396 0.4465 0.4453 0.4511 0.4619 0.4702 0.5311 0.5181 0.5139 0.4537 0.4993 0.4503 0.4502 0.4530 0.4941 0.4901 0.4639 0.5002 0.4103 0.4815 0.4554 0.5062 0.5334 0.4824 0.4685 0.5128 0.4416 0.4875 0.4309 0.4259 0.5063 0.5025 0.4528 0.5009 0.5134 0.4595 0.4996 0.4425 0.4407 0.4986 0.4194 0.4909 0.4702 
0.4619 1.0000 0.4838 0.4669 0.4809 0.4510 0.4888 0.5514 0.4610 0.4892 0.4758 0.4594 0.4979 0.4555 0.4673 0.5307 0.4776 0.4830 0.4804 0.4370 0.4702 0.5316 0.4942 0.5123 0.4711 0.5096 0.5129 0.5050 0.4831 0.5326 0.4910 0.5036 0.5965 0.5392 0.4505 0.4363 0.5114 0.5116 0.5251 0.4699 0.4136 0.4653 0.4789 0.5080 0.4953 
0.5396 0.4838 1.0000 0.4806 0.4424 0.4955 0.4992 0.5191 0.5301 0.5765 0.4495 0.4720 0.5194 0.5231 0.5165 0.4911 0.4922 0.5107 0.5374 0.4785 0.4488 0.4932 0.5193 0.5095 0.5645 0.4933 0.5004 0.5389 0.4765 0.5079 0.4899 0.4839 0.5231 0.5158 0.5262 0.5261 0.4638 0.4978 0.5191 0.4979 0.4853 0.5074 0.4453 0.4997 0.5317 
0.4465 0.4669 0.4806 1.0000 0.4124 0.4419 0.4582 0.4780 0.4559 0.4821 0.4662 0.4571 0.4967 0.4729 0.4919 0.5139 0.4863 0.5132 0.4923 0.4803 0.4231 0.5179 0.5015 0.4829 0.4617 0.5037 0.5107 0.4742 0.4622 0.5779 0.4711 0.4548 0.4733 0.5559 0.4566 0.4738 0.5058 0.4587 0.4898 0.4912 0.4251 0.4778 0.4822 0.4428 0.4836 
0.4453 0.4809 0.4424 0.4124 1.0000 0.4599 0.4760 0.4726 0.4903 0.5116 0.4172 0.3723 0.4020 0.3842 0.4110 0.3999 0.3975 0.4126 0.3926 0.3780 0.3834 0.4142 0.4006 0.4299 0.4460 0.4592 0.4345 0.4430 0.4113 0.4530 0.3925 0.3984 0.4511 0.4624 0.3772 0.4084 0.4126 0.4332 0.4156 0.3875 0.3601 0.3899 0.4267 0.4450 0.4390 
0.4511 0.4510 0.4955 0.4419 0.4599 1.0000 0.5253 0.5089 0.4627 0.5169 0.4461 0.4372 0.4523 0.4474 0.4628 0.4299 0.4693 0.4601 0.4893 0.4435 0.3782 0.4311 0.4480 0.4710 0.4610 0.4561 0.4677 0.4700 0.4180 0.4812 0.4856 0.4184 0.4937 0.4467 0.4384 0.4065 0.4240 0.4465 0.4554 0.4484 0.4380 0.4726 0.4515 0.5171 0.4233 
0.4619 0.4888 0.4992 0.4582 0.4760 0.5253 1.0000 0.5400 0.5336 0.5321 0.4856 0.4632 0.5049 0.4849 0.4668 0.4700 0.4776 0.4707 0.5357 0.4575 0.4132 0.5046 0.4589 0.5029 0.4639 0.4818 0.4857 0.4648 0.4360 0.4917 0.4943 0.5017 0.5665 0.4690 0.4807 0.4329 0.4553 0.4908 0.4782 0.4932 0.4488 0.4750 0.4664 0.5602 0.4483 
0.4702 0.5514 0.5191 0.4780 0.4726 0.5089 0.5400 1.0000 0.5106 0.5451 0.4670 0.4736 0.5016 0.4502 0.4725 0.5414 0.4731 0.5160 0.5156 0.4684 0.4492 0.4924 0.5064 0.5069 0.4906 0.4957 0.5349 0.5371 0.4909 0.5575 0.4975 0.4911 0.5643 0.4944 0.4814 0.4322 0.4477 0.5163 0.5067 0.4934 0.4577 0.4954 0.4824 0.4953 0.4555 
0.5311 0.4610 0.5301 0.4559 0.4903 0.4627 0.5336 0.5106 1.0000 0.5481 0.4386 0.4575 0.4965 0.4489 0.4591 0.4850 0.4684 0.4724 0.4822 0.4729 0.3852 0.4475 0.4692 0.5009 0.5134 0.4965 0.4692 0.5019 0.4414 0.5025 0.4325 0.4602 0.5130 0.4717 0.4348 0.4561 0.4273 0.5033 0.5065 0.4767 0.4307 0.4712 0.4340 0.4847 0.4659 
0.5181 0.4892 0.5765 0.4821 0.5116 0.5169 0.5321 0.5451 0.5481 1.0000 0.4470 0.4777 0.4917 0.5026 0.4721 0.4941 0.4825 0.4745 0.4894 0.4686 0.4107 0.4566 0.5097 0.4842 0.5304 0.4596 0.4675 0.5156 0.4969 0.5031 0.5257 0.4548 0.5408 0.4781 0.4735 0.4710 0.4428 0.4510 0.4703 0.5233 0.4531 0.4618 0.4422 0.5268 0.5347 
0.5139 0.4758 0.4495 0.4662 0.4172 0.4461 0.4856 0.4670 0.4386 0.4470 1.0000 0.4926 0.4635 0.4880 0.4643 0.5095 0.5055 0.5287 0.4818 0.4524 0.4662 0.5445 0.4696 0.4928 0.4720 0.4599 0.5118 0.4652 0.4331 0.5353 0.4549 0.4815 0.5053 0.5079 0.4867 0.4518 0.5203 0.4698 0.4873 0.4740 0.4555 0.5022 0.4830 0.5048 0.4308 
0.4537 0.4594 0.4720 0.4571 0.3723 0.4372 0.4632 0.4736 0.4575 0.4777 0.4926 1.0000 0.4254 0.4928 0.4736 0.5274 0.5418 0.5626 0.5595 0.4932 0.4661 0.5056 0.5395 0.4799 0.4653 0.4814 0.5082 0.4554 0.4760 0.5433 0.5032 0.4783 0.5284 0.4741 0.5516 0.4467 0.4631 0.5081 0.4842 0.5858 0.4684 0.4882 0.4792 0.4859 0.4839 
0.4993 0.4979 0.5194 0.4967 0.4020 0.4523 0.5049 0.5016 0.4965 0.4917 0.4635 0.4254 1.0000 0.4582 0.4643 0.4836 0.4381 0.4554 0.4640 0.4884 0.4228 0.5120 0.4458 0.5015 0.4864 0.4903 0.4734 0.4793 0.4526 0.4963 0.4656 0.4501 0.5222 0.4993 0.4545 0.4249 0.5156 0.4789 0.4975 0.4583 0.4188 0.5088 0.4278 0.4700 0.4624 
0.4503 0.4555 0.5231 0.4729 0.3842 0.4474 0.4849 0.4502 0.4489 0.5026 0.4880 0.4928 0.4582 1.0000 0.4918 0.4853 0.4839 0.5093 0.4835 0.4823 0.4888 0.5025 0.5510 0.4642 0.4932 0.4751 0.4626 0.4753 0.4192 0.4917 0.4862 0.4870 0.5028 0.5305 0.5159 0.4733 0.4761 0.4664 0.4970 0.5441 0.5130 0.4375 0.4733 0.4788 0.4784 
0.4502 0.4673 0.5165 0.4919 0.4110 0.4628 0.4668 0.4725 0.4591 0.4721 0.4643 0.4736 0.4643 0.4918 1.0000 0.4858 0.5352 0.5423 0.5366 0.5068 0.4874 0.4885 0.5162 0.5210 0.4907 0.4912 0.5305 0.4977 0.4637 0.5442 0.4781 0.4624 0.4905 0.5274 0.4947 0.5038 0.4864 0.4792 0.5028 0.4838 0.4909 0.5057 0.4750 0.4667 0.4607 
0.4530 0.5307 0.4911 0.5139 0.3999 0.4299 0.4700 0.5414 0.4850 0.4941 0.5095 0.5274 0.4836 0.4853 0.4858 1.0000 0.5389 0.5367 0.5115 0.4826 0.4748 0.5259 0.5056 0.4964 0.4702 0.4811 0.5475 0.4846 0.4906 0.5793 0.5212 0.5043 0.5229 0.4942 0.5091 0.4720 0.4943 0.5057 0.5570 0.5789 0.4665 0.5058 0.4706 0.4976 0.4730 
0.4941 0.4776 0.4922 0.4863 0.3975 0.4693 0.4776 0.4731 0.4684 0.4825 0.5055 0.5418 0.4381 0.4839 0.5352 0.5389 1.0000 0.5846 0.5215 0.5169 0.4699 0.4855 0.5787 0.5181 0.5069 0.4869 0.5535 0.5181 0.5158 0.6053 0.5159 0.4958 0.4956 0.5130 0.5158 0.4765 0.4932 0.5382 0.5409 0.5099 0.5030 0.5342 0.4875 0.4774 0.4892 
0.4901 0.4830 0.5107 0.5132 0.4126 0.4601 0.4707 0.5160 0.4724 0.4745 0.5287 0.5626 0.4554 0.5093 0.5423 0.5367 0.5846 1.0000 0.5212 0.5381 0.5568 0.5120 0.5478 0.4941 0.5175 0.5048 0.6217 0.4988 0.4773 0.5870 0.5080 0.5081 0.5067 0.5262 0.5378 0.4861 0.4665 0.5275 0.5589 0.5741 0.5418 0.5147 0.5072 0.4611 0.4469 
0.4639 0.4804 0.5374 0.4923 0.3926 0.4893 0.5357 0.5156 0.4822 0.4894 0.4818 0.5595 0.4640 0.4835 0.5366 0.5115 0.5215 0.5212 1.0000 0.4835 0.4234 0.5384 0.5183 0.5386 0.4851 0.4809 0.5083 0.5031 0.4702 0.5313 0.4741 0.4884 0.5610 0.4964 0.5556 0.4896 0.4808 0.4893 0.5089 0.5270 0.4840 0.5356 0.4674 0.5165 0.4742 
0.5002 0.4370 0.4785 0.4803 0.3780 0.4435 0.4575 0.4684 0.4729 0.4686 0.4524 0.4932 0.4884 0.4823 0.5068 0.4826 0.5169 0.5381 0.4835 1.0000 0.4283 0.4605 0.5182 0.4868 0.5049 0.5066 0.5091 0.4895 0.4975 0.5296 0.4699 0.4570 0.4865 0.4762 0.5268 0.4506 0.4589 0.4676 0.4910 0.5092 0.4653 0.5470 0.4445 0.4577 0.4390 
0.4103 0.4702 0.4488 0.4231 0.3834 0.3782 0.4132 0.4492 0.3852 0.4107 0.4662 0.4661 0.4228 0.4888 0.4874 0.4748 0.4699 0.5568 0.4234 0.4283 1.0000 0.4944 0.4758 0.4538 0.4171 0.4601 0.5401 0.4481 0.4344 0.4744 0.4342 0.4920 0.4475 0.5172 0.4771 0.4255 0.4434 0.4566 0.5090 0.5035 0.5111 0.4281 0.4331 0.3897 0.4361 
0.4815 0.5316 0.4932 0.5179 0.4142 0.4311 0.5046 0.4924 0.4475 0.4566 0.5445 0.5056 0.5120 0.5025 0.4885 0.5259 0.4855 0.5120 0.5384 0.4605 0.4944 1.0000 0.4792 0.5454 0.4777 0.5005 0.5175 0.4743 0.4652 0.5356 0.4405 0.4799 0.4899 0.5967 0.5121 0.5005 0.5646 0.4843 0.4760 0.4825 0.4295 0.4932 0.5042 0.4743 0.4990 
0.4554 0.4942 0.5193 0.5015 0.4006 0.4480 0.4589 0.5064 0.4692 0.5097 0.4696 0.5395 0.4458 0.5510 0.5162 0.5056 0.5787 0.5478 0.5183 0.5182 0.4758 0.4792 1.0000 0.5246 0.5011 0.4902 0.5024 0.5781 0.5135 0.6117 0.5200 0.4781 0.5309 0.5025 0.5114 0.4958 0.4901 0.5156 0.5298 0.5436 0.5259 0.5074 0.4849 0.4865 0.5074 
0.5062 0.5123 0.5095 0.4829 0.4299 0.4710 0.5029 0.5069 0.5009 0.4842 0.4928 0.4799 0.5015 0.4642 0.5210 0.4964 0.5181 0.4941 0.5386 0.4868 0.4538 0.5454 0.5246 1.0000 0.5419 0.4929 0.5111 0.5491 0.4758 0.5491 0.4483 0.4703 0.5419 0.5369 0.4845 0.4744 0.5319 0.5093 0.5170 0.4846 0.4805 0.5368 0.4579 0.5096 0.5004 
0.5334 0.4711 0.5645 0.4617 0.4460 0.4610 0.4639 0.4906 0.5134 0.5304 0.4720 0.4653 0.4864 0.4932 0.4907 0.4702 0.5069 0.5175 0.4851 0.5049 0.4171 0.4777 0.5011 0.5419 1.0000 0.4606 0.5356 0.5274 0.4574 0.5406 0.4643 0.5295 0.4826 0.4885 0.4529 0.4573 0.5232 0.5693 0.5792 0.4303 0.4564 0.4992 0.4585 0.4568 0.5683 
0.4824 0.5096 0.4933 0.5037 0.4592 0.4561 0.4818 0.4957 0.4965 0.4596 0.4599 0.4814 0.4903 0.4751 0.4912 0.4811 0.4869 0.5048 0.4809 0.5066 0.4601 0.5005 0.4902 0.4929 0.4606 1.0000 0.5106 0.5040 0.4714 0.5408 0.4935 0.4583 0.5237 0.5105 0.4594 0.4812 0.4604 0.4717 0.5137 0.4556 0.4430 0.4752 0.4792 0.4721 0.4695 
0.4685 0.5129 0.5004 0.5107 0.4345 0.4677 0.4857 0.5349 0.4692 0.4675 0.5118 0.5082 0.4734 0.4626 0.5305 0.5475 0.5535 0.6217 0.5083 0.5091 0.5401 0.5175 0.5024 0.5111 0.5356 0.5106 1.0000 0.5056 0.4880 0.5754 0.4935 0.5098 0.5029 0.5247 0.5186 0.4640 0.5016 0.5338 0.5721 0.5080 0.4698 0.5147 0.5221 0.4775 0.5017 
0.5128 0.5050 0.5389 0.4742 0.4430 0.4700 0.4648 0.5371 0.5019 0.5156 0.4652 0.4554 0.4793 0.4753 0.4977 0.4846 0.5181 0.4988 0.5031 0.4895 0.4481 0.4743 0.5781 0.5491 0.5274 0.5040 0.5056 1.0000 0.4821 0.5860 0.4561 0.4599 0.5279 0.4902 0.4654 0.4967 0.4879 0.4762 0.5603 0.4892 0.4688 0.5218 0.4746 0.4965 0.4784 
0.4416 0.4831 0.4765 0.4622 0.4113 0.4180 0.4360 0.4909 0.4414 0.4969 0.4331 0.4760 0.4526 0.4192 0.4637 0.4906 0.5158 0.4773 0.4702 0.4975 0.4344 0.4652 0.5135 0.4758 0.4574 0.4714 0.4880 0.4821 1.0000 0.5414 0.4826 0.4527 0.4619 0.4550 0.5379 0.4359 0.4742 0.4688 0.4466 0.4705 0.4109 0.4991 0.4450 0.4454 0.4653 
0.4875 0.5326 0.5079 0.5779 0.4530 0.4812 0.4917 0.5575 0.5025 0.5031 0.5353 0.5433 0.4963 0.4917 0.5442 0.5793 0.6053 0.5870 0.5313 0.5296 0.4744 0.5356 0.6117 0.5491 0.5406 0.5408 0.5754 0.5860 0.5414 1.0000 0.5235 0.5153 0.5332 0.5579 0.5128 0.4860 0.5498 0.5345 0.5828 0.5139 0.4854 0.5392 0.5685 0.4936 0.5176 
0.4309 0.4910 0.4899 0.4711 0.3925 0.4856 0.4943 0.4975 0.4325 0.5257 0.4549 0.5032 0.4656 0.4862 0.4781 0.5212 0.5159 0.5080 0.4741 0.4699 0.4342 0.4405 0.5200 0.4483 0.4643 0.4935 0.4935 0.4561 0.4826 0.5235 1.0000 0.4412 0.5424 0.4614 0.4780 0.4480 0.4484 0.4725 0.4847 0.5037 0.4605 0.4684 0.4949 0.5418 0.4755 
0.4259 0.5036 0.4839 0.4548 0.3984 0.4184 0.5017 0.4911 0.4602 0.4548 0.4815 0.4783 0.4501 0.4870 0.4624 0.5043 0.4958 0.5081 0.4884 0.4570 0.4920 0.4799 0.4781 0.4703 0.5295 0.4583 0.5098 0.4599 0.4527 0.5153 0.4412 1.0000 0.5055 0.4669 0.4599 0.4062 0.4685 0.5246 0.5421 0.4692 0.4499 0.4622 0.4576 0.4331 0.4893 
0.5063 0.5965 0.5231 0.4733 0.4511 0.4937 0.5665 0.5643 0.5130 0.5408 0.5053 0.5284 0.5222 0.5028 0.4905 0.5229 0.4956 0.5067 0.5610 0.4865 0.4475 0.4899 0.5309 0.5419 0.4826 0.5237 0.5029 0.5279 0.4619 0.5332 0.5424 0.5055 1.0000 0.4978 0.4756 0.4826 0.4963 0.5106 0.5600 0.5078 0.4679 0.4826 0.4698 0.6188 0.4940 
0.5025 0.5392 0.5158 0.5559 0.4624 0.4467 0.4690 0.4944 0.4717 0.4781 0.5079 0.4741 0.4993 0.5305 0.5274 0.4942 0.5130 0.5262 0.4964 0.4762 0.5172 0.5967 0.5025 0.5369 0.4885 0.5105 0.5247 0.4902 0.4550 0.5579 0.4614 0.4669 0.4978 1.0000 0.4683 0.4769 0.5475 0.5009 0.4993 0.4781 0.4489 0.4622 0.5129 0.4601 0.5112 
0.4528 0.4505 0.5262 0.4566 0.3772 0.4384 0.4807 0.4814 0.4348 0.4735 0.4867 0.5516 0.4545 0.5159 0.4947 0.5091 0.5158 0.5378 0.5556 0.5268 0.4771 0.5121 0.5114 0.4845 0.4529 0.4594 0.5186 0.4654 0.5379 0.5128 0.4780 0.4599 0.4756 0.4683 1.0000 0.4888 0.4885 0.4838 0.4396 0.5861 0.4821 0.5096 0.4474 0.4692 0.4556 
0.5009 0.4363 0.5261 0.4738 0.4084 0.4065 0.4329 0.4322 0.4561 0.4710 0.4518 0.4467 0.4249 0.4733 0.5038 0.4720 0.4765 0.4861 0.4896 0.4506 0.4255 0.5005 0.4958 0.4744 0.4573 0.4812 0.4640 0.4967 0.4359 0.4860 0.4480 0.4062 0.4826 0.4769 0.4888 1.0000 0.4576 0.4489 0.4534 0.4785 0.4600 0.4700 0.4076 0.4859 0.4706 
0.5134 0.5114 0.4638 0.5058 0.4126 0.4240 0.4553 0.4477 0.4273 0.4428 0.5203 0.4631 0.5156 0.4761 0.4864 0.4943 0.4932 0.4665 0.4808 0.4589 0.4434 0.5646 0.4901 0.5319 0.5232 0.4604 0.5016 0.4879 0.4742 0.5498 0.4484 0.4685 0.4963 0.5475 0.4885 0.4576 1.0000 0.4988 0.5250 0.4472 0.4367 0.4986 0.4686 0.4888 0.5139 
0.4595 0.5116 0.4978 0.4587 0.4332 0.4465 0.4908 0.5163 0.5033 0.4510 0.4698 0.5081 0.4789 0.4664 0.4792 0.5057 0.5382 0.5275 0.4893 0.4676 0.4566 0.4843 0.5156 0.5093 0.5693 0.4717 0.5338 0.4762 0.4688 0.5345 0.4725 0.5246 0.5106 0.5009 0.4838 0.4489 0.4988 1.0000 0.5397 0.4655 0.4790 0.4924 0.4573 0.4589 0.5366 
0.4996 0.5251 0.5191 0.4898 0.4156 0.4554 0.4782 0.5067 0.5065 0.4703 0.4873 0.4842 0.4975 0.4970 0.5028 0.5570 0.5409 0.5589 0.5089 0.4910 0.5090 0.4760 0.5298 0.5170 0.5792 0.5137 0.5721 0.5603 0.4466 0.5828 0.4847 0.5421 0.5600 0.4993 0.4396 0.4534 0.5250 0.5397 1.0000 0.4868 0.5029 0.4986 0.4757 0.5096 0.5054 
0.4425 0.4699 0.4979 0.4912 0.3875 0.4484 0.4932 0.4934 0.4767 0.5233 0.4740 0.5858 0.4583 0.5441 0.4838 0.5789 0.5099 0.5741 0.5270 0.5092 0.5035 0.4825 0.5436 0.4846 0.4303 0.4556 0.5080 0.4892 0.4705 0.5139 0.5037 0.4692 0.5078 0.4781 0.5861 0.4785 0.4472 0.4655 0.4868 1.0000 0.5134 0.4860 0.4610 0.4979 0.4578 
0.4407 0.4136 0.4853 0.4251 0.3601 0.4380 0.4488 0.4577 0.4307 0.4531 0.4555 0.4684 0.4188 0.5130 0.4909 0.4665 0.5030 0.5418 0.4840 0.4653 0.5111 0.4295 0.5259 0.4805 0.4564 0.4430 0.4698 0.4688 0.4109 0.4854 0.4605 0.4499 0.4679 0.4489 0.4821 0.4600 0.4367 0.4790 0.5029 0.5134 1.0000 0.4664 0.4043 0.4547 0.4208 
0.4986 0.4653 0.5074 0.4778 0.3899 0.4726 0.4750 0.4954 0.4712 0.4618 0.5022 0.4882 0.5088 0.4375 0.5057 0.5058 0.5342 0.5147 0.5356 0.5470 0.4281 0.4932 0.5074 0.5368 0.4992 0.4752 0.5147 0.5218 0.4991 0.5392 0.4684 0.4622 0.4826 0.4622 0.5096 0.4700 0.4986 0.4924 0.4986 0.4860 0.4664 1.0000 0.4454 0.4998 0.4733 
0.4194 0.4789 0.4453 0.4822 0.4267 0.4515 0.4664 0.4824 0.4340 0.4422 0.4830 0.4792 0.4278 0.4733 0.4750 0.4706 0.4875 0.5072 0.4674 0.4445 0.4331 0.5042 0.4849 0.4579 0.4585 0.4792 0.5221 0.4746 0.4450 0.5685 0.4949 0.4576 0.4698 0.5129 0.4474 0.4076 0.4686 0.4573 0.4757 0.4610 0.4043 0.4454 1.0000 0.4502 0.4362 
0.4909 0.5080 0.4997 0.4428 0.4450 0.5171 0.5602 0.4953 0.4847 0.5268 0.5048 0.4859 0.4700 0.4788 0.4667 0.4976 0.4774 0.4611 0.5165 0.4577 0.3897 0.4743 0.4865 0.5096 0.4568 0.4721 0.4775 0.4965 0.4454 0.4936 0.5418 0.4331 0.6188 0.4601 0.4692 0.4859 0.4888 0.4589 0.5096 0.4979 0.4547 0.4998 0.4502 1.0000 0.4564 
0.4702 0.4953 0.5317 0.4836 0.4390 0.4233 0.4483 0.4555 0.4659 0.5347 0.4308 0.4839 0.4624 0.4784 0.4607 0.4730 0.4892 0.4469 0.4742 0.4390 0.4361 0.4990 0.5074 0.5004 0.5683 0.4695 0.5017 0.4784 0.4653 0.5176 0.4755 0.4893 0.4940 0.5112 0.4556 0.4706 0.5139 0.5366 0.5054 0.4578 0.4208 0.4733 0.4362 0.4564 1.0000 
