1:	0.0814 0.0004 0.1052 0.0001 0.0062 0.0126 0.1751 0.1478 0.0006 0.0497 0.1887 0.0075 0.0556 0.0105 0.0270 0.0446 0.0548 0.0319 	23
2:	0.1887 0.0112 0.0039 0.0043 0.0064 0.0020 0.1146 0.1571 0.0478 0.0900 0.1357 0.0058 0.0085 0.0097 0.0395 0.0949 0.0519 0.0280 	13
3:	0.2701 0.0000 0.0000 0.0000 0.0439 0.0000 0.0023 0.0029 0.0000 0.0044 0.2782 0.0067 0.0069 0.0152 0.0282 0.1975 0.0480 0.0957 	5
4:	0.2481 0.1473 0.0024 0.0603 0.0022 0.0197 0.0017 0.0019 0.0314 0.0028 0.1561 0.0082 0.0038 0.1485 0.0375 0.0616 0.0468 0.0197 	15
5:	0.2131 0.0929 0.0068 0.1464 0.0090 0.0098 0.0024 0.0020 0.0871 0.0037 0.1254 0.0068 0.0067 0.0056 0.0659 0.0718 0.0997 0.0449 	18
6:	0.0448 0.1505 0.0065 0.1508 0.0050 0.1672 0.0470 0.0317 0.1891 0.0009 0.0284 0.0005 0.0015 0.0051 0.0476 0.0662 0.0402 0.0170 	24
7:	0.1973 0.0152 0.2249 0.0778 0.0065 0.0200 0.0033 0.0019 0.0145 0.0039 0.0924 0.0094 0.0134 0.0310 0.0141 0.1019 0.0336 0.1391 	9
8:	0.0708 0.0000 0.0909 0.0000 0.1804 0.0003 0.0000 0.0016 0.0000 0.0004 0.1842 0.1792 0.1043 0.0084 0.0083 0.0274 0.0208 0.1229 	11
9:	0.0000 0.1710 0.0000 0.2669 0.0000 0.0000 0.0000 0.0000 0.2668 0.0000 0.0000 0.0000 0.0000 0.0000 0.1288 0.0713 0.0951 0.0000 	1
10:	0.4414 0.0013 0.0201 0.0015 0.0174 0.0118 0.0060 0.0022 0.0004 0.0077 0.1895 0.0125 0.0061 0.0197 0.0241 0.1207 0.0634 0.0541 	17
11:	0.0000 0.3382 0.0874 0.3724 0.0046 0.0058 0.0000 0.0000 0.0652 0.0000 0.0000 0.0000 0.0000 0.0000 0.0634 0.0175 0.0454 0.0000 	1
12:	0.1293 0.0007 0.0482 0.0106 0.0033 0.2439 0.0578 0.1477 0.0070 0.0064 0.1239 0.0035 0.0326 0.0300 0.0452 0.0427 0.0448 0.0224 	8
13:	0.0000 0.3152 0.0000 0.3987 0.0000 0.0021 0.0000 0.0000 0.0660 0.0000 0.0000 0.0000 0.0000 0.0000 0.1189 0.0581 0.0411 0.0000 	5
14:	0.1533 0.2971 0.0000 0.0814 0.0067 0.0035 0.0032 0.0010 0.0877 0.0054 0.1696 0.0073 0.0003 0.0277 0.0144 0.0644 0.0629 0.0140 	2
15:	0.0000 0.1143 0.0022 0.1272 0.0019 0.4836 0.0000 0.0111 0.1414 0.0000 0.0000 0.0000 0.0000 0.0000 0.0502 0.0357 0.0265 0.0059 	2
16:	0.4705 0.0000 0.0188 0.0000 0.0106 0.0117 0.0213 0.0029 0.0000 0.0004 0.1753 0.0326 0.0360 0.0000 0.0082 0.0796 0.0820 0.0498 	2
17:	0.0000 0.0000 0.0405 0.0000 0.0000 0.4405 0.5000 0.0122 0.0005 0.0000 0.0000 0.0000 0.0018 0.0000 0.0000 0.0000 0.0009 0.0037 	2
18:	0.2618 0.0000 0.0034 0.0000 0.0037 0.0000 0.0006 0.0003 0.0000 0.0128 0.3224 0.0031 0.0193 0.0308 0.0145 0.1462 0.0760 0.1051 	3
19:	0.1598 0.0094 0.0716 0.0039 0.0575 0.0831 0.0001 0.0006 0.0189 0.0004 0.1320 0.0404 0.0008 0.0355 0.0065 0.2605 0.0231 0.0960 	3
