
Using the parameter settings in the file: 
''1763240293/clumpp.paramfile''

Parameter settings
----------------------- Main parameters -------------------------
DATATYPE = 0
INDFILE = 1763240293/ClumppIndFile
POPFILE = 
OUTFILE = 1763240293/ClumppIndFile.output
MISCFILE = 1763240293/ClumppIndFile.misc
K = 16
C = 164
R = 48
M = 3
W = 0
S = 2
- Additional options for the Greedy and LargeKGreedy algorithms -
GREEDY_OPTION = 2
REPEATS = 2000
PERMUTATIONFILE = 
----------------------- Optional outputs ------------------------
PRINT_PERMUTED_DATA = 0
PERMUTED_DATAFILE = 
PRINT_EVERY_PERM = 0
EVERY_PERMFILE = 
PRINT_RANDOM_INPUTORDER = 0
RANDOM_INPUTORDERFILE = 
----------------------- Advanced options ------------------------
OVERRIDE_WARNINGS = 0
ORDER_BY_RUN = 1


In total, 2000 configurations of runs and clusters will be tested.

Results
------------------------------
The highest value of H' is: 0.49817370809378

The list of permutations of the clusters that produces that
H' value is (runs are listed sequentially on separate rows)

1 2 3 4 5 6 7 8 9 10 11 12 13 14 15 16 
9 7 3 10 5 12 6 8 2 4 14 13 1 11 16 15 
6 7 8 16 11 9 2 10 14 15 5 13 4 3 1 12 
7 15 8 16 13 4 6 10 11 12 14 3 9 5 2 1 
1 11 7 15 14 4 13 5 16 6 3 12 9 2 10 8 
1 10 2 11 8 16 12 5 7 13 4 15 6 9 14 3 
16 14 6 15 12 5 1 8 13 11 10 3 2 7 4 9 
13 1 15 6 11 9 16 5 4 2 3 14 7 12 10 8 
13 14 4 6 15 12 3 2 10 11 5 9 8 7 1 16 
1 10 7 4 3 8 2 12 6 16 15 5 9 13 11 14 
11 16 5 7 10 6 3 1 8 15 9 14 13 12 4 2 
3 10 14 12 8 13 9 11 1 5 4 7 2 15 6 16 
9 13 11 16 14 5 4 2 6 7 15 10 3 12 1 8 
11 10 13 4 6 7 15 5 3 2 14 16 8 9 12 1 
8 13 2 14 12 5 7 4 16 11 15 9 1 10 3 6 
15 10 12 2 11 7 13 1 16 8 5 6 14 4 3 9 
1 3 7 12 9 14 8 6 2 5 13 10 16 15 4 11 
14 10 3 15 8 5 13 12 4 9 16 1 7 11 2 6 
8 15 7 13 1 16 5 10 14 4 6 3 2 11 12 9 
4 7 9 14 8 3 10 12 11 6 2 16 13 15 1 5 
1 3 5 4 6 14 7 11 12 16 15 8 13 9 2 10 
5 16 4 3 7 8 9 10 14 2 15 1 11 13 12 6 
1 5 7 8 16 10 12 11 4 13 6 3 2 9 15 14 
2 1 12 4 14 3 15 7 9 10 5 11 13 16 6 8 
15 14 16 4 11 7 8 6 10 13 12 5 2 9 3 1 
5 8 14 6 15 10 3 11 12 9 16 1 7 4 2 13 
15 5 4 13 9 7 8 6 12 10 16 14 11 3 2 1 
7 2 10 8 14 13 12 1 9 5 3 11 15 16 6 4 
5 1 15 2 9 14 3 4 6 11 8 10 12 7 16 13 
3 12 5 8 11 2 16 7 10 14 4 9 13 6 1 15 
9 10 4 12 15 6 13 8 11 7 16 3 2 14 5 1 
14 12 6 7 9 10 15 11 8 13 2 1 4 3 5 16 
8 9 13 15 6 1 4 10 3 11 16 5 12 2 7 14 
8 12 14 1 9 11 10 3 6 16 2 13 5 4 7 15 
1 9 7 2 14 3 6 11 13 10 15 8 12 16 4 5 
16 3 14 1 13 11 9 5 7 4 10 15 2 6 8 12 
7 1 12 10 13 2 15 8 5 14 9 3 16 11 4 6 
4 6 7 14 5 9 13 15 12 2 1 16 11 8 3 10 
11 13 5 12 16 4 6 10 1 9 8 14 2 15 3 7 
4 7 14 10 2 6 8 9 13 15 3 12 16 1 11 5 
15 9 12 2 5 4 13 10 7 8 16 1 3 11 14 6 
13 6 14 7 11 16 10 12 5 8 1 3 4 15 2 9 
13 16 15 6 12 10 2 1 9 5 14 11 8 4 3 7 
3 4 5 11 6 9 12 10 2 14 15 7 8 16 1 13 
6 14 15 7 8 10 2 12 3 1 9 4 5 11 13 16 
6 15 16 11 7 14 9 3 4 10 1 12 13 2 8 5 
12 13 1 16 2 15 7 10 8 6 4 3 5 9 11 14 
12 6 5 2 1 16 8 15 9 14 13 3 4 11 7 10 

The pairwise G' values for each pair of runs where the clusters
of each run are permuted according to the list of permutations above

1.0000 0.5322 0.5705 0.5435 0.5343 0.5828 0.4775 0.5785 0.5624 0.4559 0.5377 0.4844 0.4962 0.5331 0.5752 0.6210 0.5119 0.5327 0.5494 0.4616 0.4895 0.6310 0.5260 0.5971 0.6623 0.5405 0.5335 0.5454 0.6584 0.5417 0.4971 0.6490 0.5125 0.5521 0.5886 0.4472 0.5633 0.5376 0.5887 0.5213 0.5138 0.4973 0.5680 0.5725 0.6230 0.6073 0.5146 0.6124 
0.5322 1.0000 0.4484 0.5205 0.4210 0.4222 0.4251 0.4402 0.4492 0.4260 0.5663 0.5438 0.4805 0.4420 0.4413 0.4785 0.4328 0.4370 0.5158 0.4719 0.4820 0.4821 0.5211 0.5177 0.5314 0.4968 0.5475 0.5002 0.5633 0.5208 0.4911 0.4670 0.5402 0.5126 0.5244 0.5010 0.5155 0.5311 0.5087 0.4861 0.5089 0.4816 0.4948 0.4438 0.5281 0.4677 0.4455 0.5083 
0.5705 0.4484 1.0000 0.4781 0.4561 0.4916 0.4334 0.4738 0.4808 0.4098 0.5025 0.4270 0.4197 0.4923 0.5117 0.5703 0.4463 0.4474 0.4932 0.4203 0.4492 0.5400 0.5142 0.5521 0.5496 0.4736 0.4462 0.4305 0.4896 0.4677 0.4155 0.5347 0.4165 0.4929 0.4887 0.3654 0.5002 0.4673 0.5946 0.4562 0.5008 0.4472 0.4856 0.5298 0.5479 0.4986 0.4624 0.5412 
0.5435 0.5205 0.4781 1.0000 0.4795 0.5414 0.4226 0.5496 0.5437 0.4806 0.5140 0.4861 0.6060 0.4711 0.4467 0.5010 0.4968 0.5296 0.5248 0.4582 0.5623 0.5147 0.5224 0.5961 0.5230 0.5318 0.5170 0.4631 0.4690 0.5003 0.4315 0.4961 0.4698 0.4801 0.5028 0.4297 0.4633 0.5085 0.5504 0.5599 0.5522 0.4475 0.5101 0.5154 0.6020 0.5728 0.4736 0.4988 
0.5343 0.4210 0.4561 0.4795 1.0000 0.5815 0.5532 0.5687 0.4983 0.5305 0.4601 0.4306 0.5373 0.5642 0.5289 0.5367 0.5189 0.4787 0.4899 0.5047 0.4898 0.5481 0.4851 0.5296 0.5399 0.4749 0.5238 0.4883 0.4834 0.4646 0.4231 0.5393 0.4596 0.5385 0.4547 0.4487 0.4523 0.5057 0.5241 0.5144 0.4728 0.4970 0.4690 0.5221 0.4773 0.5973 0.5430 0.4653 
0.5828 0.4222 0.4916 0.5414 0.5815 1.0000 0.5124 0.5772 0.5267 0.4546 0.4855 0.4685 0.4956 0.5655 0.5172 0.5555 0.4983 0.5346 0.4820 0.5298 0.4970 0.5811 0.4992 0.6069 0.5385 0.5213 0.5021 0.4880 0.4965 0.5395 0.4255 0.5760 0.4669 0.5330 0.5040 0.4331 0.4847 0.4704 0.5422 0.5054 0.5145 0.4649 0.5136 0.5483 0.5342 0.6142 0.5094 0.4861 
0.4775 0.4251 0.4334 0.4226 0.5532 0.5124 1.0000 0.5078 0.4434 0.4842 0.5001 0.4810 0.4926 0.5609 0.4605 0.4803 0.5128 0.4478 0.4563 0.5588 0.5120 0.4678 0.4625 0.4785 0.4747 0.4335 0.5622 0.4869 0.5059 0.4553 0.4416 0.5044 0.4618 0.5446 0.4116 0.4780 0.4295 0.5565 0.4784 0.4746 0.4413 0.5173 0.4720 0.4678 0.4046 0.4819 0.5257 0.4262 
0.5785 0.4402 0.4738 0.5496 0.5687 0.5772 0.5078 1.0000 0.4652 0.4877 0.4196 0.4526 0.5372 0.5063 0.4621 0.5365 0.5145 0.5232 0.5076 0.5029 0.5117 0.5121 0.4753 0.5254 0.5297 0.4486 0.5521 0.4923 0.4895 0.4576 0.3958 0.5446 0.4304 0.5006 0.4658 0.4725 0.4676 0.5089 0.4856 0.5919 0.4792 0.4580 0.5059 0.5227 0.4663 0.5400 0.5287 0.5063 
0.5624 0.4492 0.4808 0.5437 0.4983 0.5267 0.4434 0.4652 1.0000 0.4554 0.4853 0.4187 0.4679 0.4849 0.4670 0.4931 0.4434 0.5083 0.4788 0.3978 0.4616 0.5034 0.5324 0.5138 0.5392 0.4826 0.4241 0.4253 0.5616 0.4656 0.4462 0.4932 0.4357 0.4733 0.4691 0.3766 0.4764 0.4588 0.5251 0.4494 0.5139 0.4462 0.4816 0.5176 0.5265 0.5170 0.4150 0.4821 
0.4559 0.4260 0.4098 0.4806 0.5305 0.4546 0.4842 0.4877 0.4554 1.0000 0.4707 0.4399 0.5116 0.4482 0.4439 0.4694 0.5353 0.4544 0.4572 0.4452 0.4537 0.4589 0.4400 0.4805 0.4863 0.4160 0.5367 0.4354 0.4082 0.4480 0.4401 0.4593 0.4470 0.4644 0.4410 0.4264 0.4000 0.5104 0.4538 0.5304 0.4407 0.4839 0.4953 0.4233 0.4300 0.4606 0.5009 0.4128 
0.5377 0.5663 0.5025 0.5140 0.4601 0.4855 0.5001 0.4196 0.4853 0.4707 1.0000 0.5029 0.4571 0.5145 0.5004 0.5009 0.4508 0.4854 0.5377 0.4714 0.4950 0.5038 0.5295 0.5691 0.5308 0.5154 0.5202 0.5059 0.5495 0.5040 0.5084 0.5063 0.5260 0.5612 0.4918 0.4219 0.4900 0.5299 0.5161 0.4963 0.5399 0.5051 0.5167 0.5055 0.5184 0.4942 0.4557 0.5252 
0.4844 0.5438 0.4270 0.4861 0.4306 0.4685 0.4810 0.4526 0.4187 0.4399 0.5029 1.0000 0.4602 0.4906 0.4309 0.5194 0.4672 0.4463 0.4775 0.5033 0.4856 0.4544 0.5309 0.5171 0.4897 0.4602 0.5406 0.4486 0.4755 0.5898 0.4565 0.4886 0.4763 0.5275 0.4703 0.4684 0.4905 0.5336 0.4812 0.4639 0.4663 0.4913 0.4944 0.4280 0.4950 0.4726 0.4488 0.4234 
0.4962 0.4805 0.4197 0.6060 0.5373 0.4956 0.4926 0.5372 0.4679 0.5116 0.4571 0.4602 1.0000 0.4513 0.4410 0.4846 0.5389 0.4855 0.4595 0.4760 0.4920 0.4760 0.4706 0.5264 0.4899 0.5125 0.5238 0.4365 0.4464 0.4676 0.4738 0.4895 0.4800 0.4932 0.4562 0.4727 0.4316 0.5212 0.4966 0.5804 0.4692 0.4812 0.4738 0.4765 0.5129 0.5820 0.5188 0.4540 
0.5331 0.4420 0.4923 0.4711 0.5642 0.5655 0.5609 0.5063 0.4849 0.4482 0.5145 0.4906 0.4513 1.0000 0.5175 0.5244 0.4692 0.4866 0.4880 0.5040 0.5342 0.5271 0.4797 0.5304 0.5518 0.5137 0.5202 0.4634 0.5249 0.4913 0.4245 0.5464 0.4676 0.5762 0.4520 0.4255 0.4731 0.5128 0.5363 0.4819 0.4556 0.4744 0.4847 0.5164 0.4786 0.5463 0.5228 0.4696 
0.5752 0.4413 0.5117 0.4467 0.5289 0.5172 0.4605 0.4621 0.4670 0.4439 0.5004 0.4309 0.4410 0.5175 1.0000 0.5206 0.4319 0.4500 0.4582 0.4060 0.4175 0.5544 0.4507 0.5174 0.5517 0.4894 0.4764 0.5031 0.4941 0.4410 0.4471 0.5665 0.4829 0.5341 0.4685 0.4033 0.4868 0.4926 0.5683 0.4459 0.4474 0.4838 0.4747 0.4613 0.5095 0.4929 0.5062 0.5009 
0.6210 0.4785 0.5703 0.5010 0.5367 0.5555 0.4803 0.5365 0.4931 0.4694 0.5009 0.5194 0.4846 0.5244 0.5206 1.0000 0.5579 0.5034 0.5033 0.4817 0.4717 0.5735 0.5256 0.5936 0.6152 0.5136 0.5227 0.4660 0.5390 0.5455 0.4643 0.6653 0.4814 0.5631 0.6229 0.4673 0.5336 0.5199 0.5560 0.5061 0.4926 0.5033 0.6314 0.5539 0.5681 0.5929 0.5363 0.5717 
0.5119 0.4328 0.4463 0.4968 0.5189 0.4983 0.5128 0.5145 0.4434 0.5353 0.4508 0.4672 0.5389 0.4692 0.4319 0.5579 1.0000 0.4863 0.4406 0.5113 0.4766 0.5049 0.4628 0.5187 0.4890 0.4680 0.5189 0.4363 0.4509 0.4847 0.4664 0.5038 0.4456 0.4681 0.5216 0.4948 0.4450 0.5066 0.4721 0.5187 0.4570 0.4992 0.5810 0.5203 0.4693 0.5283 0.5423 0.4485 
0.5327 0.4370 0.4474 0.5296 0.4787 0.5346 0.4478 0.5232 0.5083 0.4544 0.4854 0.4463 0.4855 0.4866 0.4500 0.5034 0.4863 1.0000 0.4445 0.4511 0.4796 0.4703 0.4369 0.5131 0.5271 0.4964 0.4801 0.4273 0.5016 0.4464 0.4055 0.4920 0.4554 0.4509 0.4922 0.4020 0.4653 0.4935 0.4638 0.4707 0.4676 0.4479 0.5325 0.5061 0.4785 0.5440 0.4620 0.4558 
0.5494 0.5158 0.4932 0.5248 0.4899 0.4820 0.4563 0.5076 0.4788 0.4572 0.5377 0.4775 0.4595 0.4880 0.4582 0.5033 0.4406 0.4445 1.0000 0.4657 0.5039 0.5113 0.4949 0.4777 0.5125 0.4546 0.5216 0.5635 0.5156 0.5103 0.4536 0.5259 0.4520 0.5024 0.4609 0.4642 0.5017 0.5120 0.4810 0.5272 0.4790 0.4494 0.4724 0.5135 0.5088 0.5005 0.4596 0.5382 
0.4616 0.4719 0.4203 0.4582 0.5047 0.5298 0.5588 0.5029 0.3978 0.4452 0.4714 0.5033 0.4760 0.5040 0.4060 0.4817 0.5113 0.4511 0.4657 1.0000 0.5678 0.4534 0.4736 0.4847 0.4626 0.4358 0.5739 0.4805 0.4571 0.4967 0.4124 0.5061 0.4610 0.5039 0.4721 0.5060 0.4672 0.5507 0.4673 0.4816 0.4237 0.4932 0.4693 0.4697 0.4396 0.4900 0.5196 0.4144 
0.4895 0.4820 0.4492 0.5623 0.4898 0.4970 0.5120 0.5117 0.4616 0.4537 0.4950 0.4856 0.4920 0.5342 0.4175 0.4717 0.4766 0.4796 0.5039 0.5678 1.0000 0.4758 0.5059 0.5252 0.5243 0.4643 0.5857 0.4872 0.4866 0.5045 0.4324 0.4998 0.4822 0.4915 0.4309 0.4550 0.4540 0.5486 0.5240 0.5494 0.4725 0.4939 0.4807 0.4879 0.4489 0.5069 0.5345 0.4258 
0.6310 0.4821 0.5400 0.5147 0.5481 0.5811 0.4678 0.5121 0.5034 0.4589 0.5038 0.4544 0.4760 0.5271 0.5544 0.5735 0.5049 0.4703 0.5113 0.4534 0.4758 1.0000 0.5010 0.6076 0.5846 0.5246 0.4906 0.5011 0.5298 0.5379 0.4516 0.5799 0.4799 0.5636 0.5280 0.4467 0.4932 0.4898 0.5927 0.4794 0.4958 0.4832 0.5135 0.5479 0.5854 0.6025 0.5327 0.5656 
0.5260 0.5211 0.5142 0.5224 0.4851 0.4992 0.4625 0.4753 0.5324 0.4400 0.5295 0.5309 0.4706 0.4797 0.4507 0.5256 0.4628 0.4369 0.4949 0.4736 0.5059 0.5010 1.0000 0.5470 0.4995 0.4754 0.4991 0.4634 0.5244 0.5219 0.4857 0.5007 0.4749 0.5421 0.4713 0.4645 0.5454 0.4941 0.5428 0.4558 0.5695 0.4938 0.4727 0.5174 0.5267 0.4940 0.4386 0.4708 
0.5971 0.5177 0.5521 0.5961 0.5296 0.6069 0.4785 0.5254 0.5138 0.4805 0.5691 0.5171 0.5264 0.5304 0.5174 0.5936 0.5187 0.5131 0.4777 0.4847 0.5252 0.6076 0.5470 1.0000 0.5806 0.5214 0.5340 0.4365 0.5061 0.5588 0.4709 0.5675 0.5269 0.5462 0.5651 0.4156 0.5267 0.5301 0.6042 0.5434 0.5630 0.5231 0.5659 0.5272 0.6313 0.6275 0.5189 0.5306 
0.6623 0.5314 0.5496 0.5230 0.5399 0.5385 0.4747 0.5297 0.5392 0.4863 0.5308 0.4897 0.4899 0.5518 0.5517 0.6152 0.4890 0.5271 0.5125 0.4626 0.5243 0.5846 0.4995 0.5806 1.0000 0.5659 0.5600 0.4673 0.6117 0.5070 0.5029 0.6275 0.5342 0.5866 0.5745 0.4267 0.5348 0.5603 0.5809 0.5180 0.5135 0.4719 0.5761 0.5524 0.5513 0.5900 0.5189 0.5801 
0.5405 0.4968 0.4736 0.5318 0.4749 0.5213 0.4335 0.4486 0.4826 0.4160 0.5154 0.4602 0.5125 0.5137 0.4894 0.5136 0.4680 0.4964 0.4546 0.4358 0.4643 0.5246 0.4754 0.5214 0.5659 1.0000 0.4344 0.4646 0.4927 0.4825 0.4427 0.5158 0.5165 0.5051 0.5053 0.3986 0.4676 0.4512 0.5289 0.4365 0.5057 0.4178 0.4910 0.6078 0.5662 0.5618 0.4640 0.5714 
0.5335 0.5475 0.4462 0.5170 0.5238 0.5021 0.5622 0.5521 0.4241 0.5367 0.5202 0.5406 0.5238 0.5202 0.4764 0.5227 0.5189 0.4801 0.5216 0.5739 0.5857 0.4906 0.4991 0.5340 0.5600 0.4344 1.0000 0.4988 0.4839 0.5154 0.4864 0.5307 0.5716 0.5458 0.4712 0.5365 0.4884 0.6679 0.5044 0.5882 0.4834 0.5402 0.5258 0.4385 0.4532 0.4943 0.5558 0.4505 
0.5454 0.5002 0.4305 0.4631 0.4883 0.4880 0.4869 0.4923 0.4253 0.4354 0.5059 0.4486 0.4365 0.4634 0.5031 0.4660 0.4363 0.4273 0.5635 0.4805 0.4872 0.5011 0.4634 0.4365 0.4673 0.4646 0.4988 1.0000 0.5195 0.4513 0.4329 0.5071 0.4571 0.4787 0.4334 0.4881 0.4569 0.4930 0.4364 0.4531 0.4602 0.4700 0.4416 0.4599 0.4798 0.4386 0.4664 0.4948 
0.6584 0.5633 0.4896 0.4690 0.4834 0.4965 0.5059 0.4895 0.5616 0.4082 0.5495 0.4755 0.4464 0.5249 0.4941 0.5390 0.4509 0.5016 0.5156 0.4571 0.4866 0.5298 0.5244 0.5061 0.6117 0.4927 0.4839 0.5195 1.0000 0.5094 0.4899 0.5369 0.4905 0.5451 0.5171 0.4413 0.5709 0.5122 0.5136 0.4507 0.4728 0.4826 0.5325 0.5333 0.5163 0.5389 0.4444 0.5394 
0.5417 0.5208 0.4677 0.5003 0.4646 0.5395 0.4553 0.4576 0.4656 0.4480 0.5040 0.5898 0.4676 0.4913 0.4410 0.5455 0.4847 0.4464 0.5103 0.4967 0.5045 0.5379 0.5219 0.5588 0.5070 0.4825 0.5154 0.4513 0.5094 1.0000 0.4684 0.5198 0.5019 0.5093 0.4920 0.4801 0.5161 0.5112 0.5051 0.4779 0.4363 0.5122 0.4869 0.4926 0.5495 0.5586 0.4442 0.4541 
0.4971 0.4911 0.4155 0.4315 0.4231 0.4255 0.4416 0.3958 0.4462 0.4401 0.5084 0.4565 0.4738 0.4245 0.4471 0.4643 0.4664 0.4055 0.4536 0.4124 0.4324 0.4516 0.4857 0.4709 0.5029 0.4427 0.4864 0.4329 0.4899 0.4684 1.0000 0.4555 0.4684 0.4918 0.4413 0.4773 0.5292 0.5061 0.4926 0.4340 0.4526 0.4597 0.4874 0.4398 0.4679 0.4548 0.4484 0.4491 
0.6490 0.4670 0.5347 0.4961 0.5393 0.5760 0.5044 0.5446 0.4932 0.4593 0.5063 0.4886 0.4895 0.5464 0.5665 0.6653 0.5038 0.4920 0.5259 0.5061 0.4998 0.5799 0.5007 0.5675 0.6275 0.5158 0.5307 0.5071 0.5369 0.5198 0.4555 1.0000 0.5054 0.5678 0.5333 0.4483 0.5213 0.5186 0.5507 0.5255 0.4793 0.5245 0.5668 0.5412 0.5753 0.5897 0.5653 0.5955 
0.5125 0.5402 0.4165 0.4698 0.4596 0.4669 0.4618 0.4304 0.4357 0.4470 0.5260 0.4763 0.4800 0.4676 0.4829 0.4814 0.4456 0.4554 0.4520 0.4610 0.4822 0.4799 0.4749 0.5269 0.5342 0.5165 0.5716 0.4571 0.4905 0.5019 0.4684 0.5054 1.0000 0.4904 0.4798 0.4594 0.5058 0.5321 0.4873 0.4725 0.4330 0.5252 0.4664 0.4711 0.4812 0.4847 0.4446 0.4764 
0.5521 0.5126 0.4929 0.4801 0.5385 0.5330 0.5446 0.5006 0.4733 0.4644 0.5612 0.5275 0.4932 0.5762 0.5341 0.5631 0.4681 0.4509 0.5024 0.5039 0.4915 0.5636 0.5421 0.5462 0.5866 0.5051 0.5458 0.4787 0.5451 0.5093 0.4918 0.5678 0.4904 1.0000 0.4629 0.4831 0.5349 0.5561 0.5714 0.5021 0.5094 0.5123 0.5120 0.4817 0.5187 0.5685 0.5120 0.5436 
0.5886 0.5244 0.4887 0.5028 0.4547 0.5040 0.4116 0.4658 0.4691 0.4410 0.4918 0.4703 0.4562 0.4520 0.4685 0.6229 0.5216 0.4922 0.4609 0.4721 0.4309 0.5280 0.4713 0.5651 0.5745 0.5053 0.4712 0.4334 0.5171 0.4920 0.4413 0.5333 0.4798 0.4629 1.0000 0.4629 0.5031 0.4822 0.4855 0.4679 0.4503 0.4451 0.5874 0.4816 0.5402 0.5144 0.4897 0.5139 
0.4472 0.5010 0.3654 0.4297 0.4487 0.4331 0.4780 0.4725 0.3766 0.4264 0.4219 0.4684 0.4727 0.4255 0.4033 0.4673 0.4948 0.4020 0.4642 0.5060 0.4550 0.4467 0.4645 0.4156 0.4267 0.3986 0.5365 0.4881 0.4413 0.4801 0.4773 0.4483 0.4594 0.4831 0.4629 1.0000 0.4731 0.4767 0.4118 0.4365 0.4304 0.4395 0.4633 0.4003 0.4159 0.4074 0.4752 0.4049 
0.5633 0.5155 0.5002 0.4633 0.4523 0.4847 0.4295 0.4676 0.4764 0.4000 0.4900 0.4905 0.4316 0.4731 0.4868 0.5336 0.4450 0.4653 0.5017 0.4672 0.4540 0.4932 0.5454 0.5267 0.5348 0.4676 0.4884 0.4569 0.5709 0.5161 0.5292 0.5213 0.5058 0.5349 0.5031 0.4731 1.0000 0.4987 0.5348 0.4346 0.4714 0.4934 0.5171 0.4658 0.5349 0.5094 0.4620 0.4897 
0.5376 0.5311 0.4673 0.5085 0.5057 0.4704 0.5565 0.5089 0.4588 0.5104 0.5299 0.5336 0.5212 0.5128 0.4926 0.5199 0.5066 0.4935 0.5120 0.5507 0.5486 0.4898 0.4941 0.5301 0.5603 0.4512 0.6679 0.4930 0.5122 0.5112 0.5061 0.5186 0.5321 0.5561 0.4822 0.4767 0.4987 1.0000 0.5433 0.5326 0.4635 0.5487 0.5207 0.4496 0.4951 0.5046 0.5201 0.4711 
0.5887 0.5087 0.5946 0.5504 0.5241 0.5422 0.4784 0.4856 0.5251 0.4538 0.5161 0.4812 0.4966 0.5363 0.5683 0.5560 0.4721 0.4638 0.4810 0.4673 0.5240 0.5927 0.5428 0.6042 0.5809 0.5289 0.5044 0.4364 0.5136 0.5051 0.4926 0.5507 0.4873 0.5714 0.4855 0.4118 0.5348 0.5433 1.0000 0.4810 0.5398 0.4987 0.4917 0.5396 0.5919 0.5732 0.5147 0.5360 
0.5213 0.4861 0.4562 0.5599 0.5144 0.5054 0.4746 0.5919 0.4494 0.5304 0.4963 0.4639 0.5804 0.4819 0.4459 0.5061 0.5187 0.4707 0.5272 0.4816 0.5494 0.4794 0.4558 0.5434 0.5180 0.4365 0.5882 0.4531 0.4507 0.4779 0.4340 0.5255 0.4725 0.5021 0.4679 0.4365 0.4346 0.5326 0.4810 1.0000 0.4769 0.4931 0.5095 0.4821 0.4682 0.5315 0.5526 0.5010 
0.5138 0.5089 0.5008 0.5522 0.4728 0.5145 0.4413 0.4792 0.5139 0.4407 0.5399 0.4663 0.4692 0.4556 0.4474 0.4926 0.4570 0.4676 0.4790 0.4237 0.4725 0.4958 0.5695 0.5630 0.5135 0.5057 0.4834 0.4602 0.4728 0.4363 0.4526 0.4793 0.4330 0.5094 0.4503 0.4304 0.4714 0.4635 0.5398 0.4769 1.0000 0.4373 0.4891 0.5153 0.5560 0.4685 0.4350 0.5028 
0.4973 0.4816 0.4472 0.4475 0.4970 0.4649 0.5173 0.4580 0.4462 0.4839 0.5051 0.4913 0.4812 0.4744 0.4838 0.5033 0.4992 0.4479 0.4494 0.4932 0.4939 0.4832 0.4938 0.5231 0.4719 0.4178 0.5402 0.4700 0.4826 0.5122 0.4597 0.5245 0.5252 0.5123 0.4451 0.4395 0.4934 0.5487 0.4987 0.4931 0.4373 1.0000 0.4865 0.4474 0.4689 0.4893 0.5028 0.4415 
0.5680 0.4948 0.4856 0.5101 0.4690 0.5136 0.4720 0.5059 0.4816 0.4953 0.5167 0.4944 0.4738 0.4847 0.4747 0.6314 0.5810 0.5325 0.4724 0.4693 0.4807 0.5135 0.4727 0.5659 0.5761 0.4910 0.5258 0.4416 0.5325 0.4869 0.4874 0.5668 0.4664 0.5120 0.5874 0.4633 0.5171 0.5207 0.4917 0.5095 0.4891 0.4865 1.0000 0.5044 0.5115 0.5258 0.5240 0.4989 
0.5725 0.4438 0.5298 0.5154 0.5221 0.5483 0.4678 0.5227 0.5176 0.4233 0.5055 0.4280 0.4765 0.5164 0.4613 0.5539 0.5203 0.5061 0.5135 0.4697 0.4879 0.5479 0.5174 0.5272 0.5524 0.6078 0.4385 0.4599 0.5333 0.4926 0.4398 0.5412 0.4711 0.4817 0.4816 0.4003 0.4658 0.4496 0.5396 0.4821 0.5153 0.4474 0.5044 1.0000 0.5286 0.5766 0.4598 0.5995 
0.6230 0.5281 0.5479 0.6020 0.4773 0.5342 0.4046 0.4663 0.5265 0.4300 0.5184 0.4950 0.5129 0.4786 0.5095 0.5681 0.4693 0.4785 0.5088 0.4396 0.4489 0.5854 0.5267 0.6313 0.5513 0.5662 0.4532 0.4798 0.5163 0.5495 0.4679 0.5753 0.4812 0.5187 0.5402 0.4159 0.5349 0.4951 0.5919 0.4682 0.5560 0.4689 0.5115 0.5286 1.0000 0.5747 0.4581 0.5990 
0.6073 0.4677 0.4986 0.5728 0.5973 0.6142 0.4819 0.5400 0.5170 0.4606 0.4942 0.4726 0.5820 0.5463 0.4929 0.5929 0.5283 0.5440 0.5005 0.4900 0.5069 0.6025 0.4940 0.6275 0.5900 0.5618 0.4943 0.4386 0.5389 0.5586 0.4548 0.5897 0.4847 0.5685 0.5144 0.4074 0.5094 0.5046 0.5732 0.5315 0.4685 0.4893 0.5258 0.5766 0.5747 1.0000 0.5175 0.5367 
0.5146 0.4455 0.4624 0.4736 0.5430 0.5094 0.5257 0.5287 0.4150 0.5009 0.4557 0.4488 0.5188 0.5228 0.5062 0.5363 0.5423 0.4620 0.4596 0.5196 0.5345 0.5327 0.4386 0.5189 0.5189 0.4640 0.5558 0.4664 0.4444 0.4442 0.4484 0.5653 0.4446 0.5120 0.4897 0.4752 0.4620 0.5201 0.5147 0.5526 0.4350 0.5028 0.5240 0.4598 0.4581 0.5175 1.0000 0.4684 
0.6124 0.5083 0.5412 0.4988 0.4653 0.4861 0.4262 0.5063 0.4821 0.4128 0.5252 0.4234 0.4540 0.4696 0.5009 0.5717 0.4485 0.4558 0.5382 0.4144 0.4258 0.5656 0.4708 0.5306 0.5801 0.5714 0.4505 0.4948 0.5394 0.4541 0.4491 0.5955 0.4764 0.5436 0.5139 0.4049 0.4897 0.4711 0.5360 0.5010 0.5028 0.4415 0.4989 0.5995 0.5990 0.5367 0.4684 1.0000 
