1:	0.1306 0.0002 0.1061 0.0003 0.0074 0.0130 0.2157 0.1313 0.0002 0.0405 0.1937 0.0103 0.0583 0.0134 0.0354 0.0434 	23
2:	0.2280 0.0079 0.0044 0.0604 0.0074 0.0022 0.1585 0.1310 0.0064 0.0765 0.1772 0.0111 0.0108 0.0200 0.0385 0.0597 	13
3:	0.3359 0.0000 0.0000 0.0000 0.0584 0.0029 0.0045 0.0049 0.0000 0.0071 0.3506 0.0094 0.0092 0.0249 0.0607 0.1316 	5
4:	0.2811 0.0942 0.0031 0.0532 0.0029 0.0215 0.0022 0.0043 0.1021 0.0056 0.1571 0.0134 0.0074 0.1534 0.0578 0.0408 	15
5:	0.2850 0.1435 0.0068 0.0922 0.0103 0.0088 0.0029 0.0108 0.1172 0.0221 0.1404 0.0085 0.0083 0.0117 0.0660 0.0653 	18
6:	0.0540 0.1847 0.0105 0.1864 0.0050 0.1646 0.0548 0.0322 0.1428 0.0082 0.0449 0.0010 0.0018 0.0080 0.0619 0.0391 	24
7:	0.2159 0.0493 0.2253 0.0380 0.0093 0.0261 0.0044 0.0014 0.0171 0.0129 0.1522 0.0119 0.0147 0.0346 0.0508 0.1362 	9
8:	0.1093 0.0002 0.0909 0.0000 0.1858 0.0080 0.0003 0.0018 0.0000 0.0026 0.1949 0.1842 0.0978 0.0061 0.0222 0.0959 	11
9:	0.0000 0.2553 0.0000 0.1802 0.0000 0.0000 0.0000 0.0625 0.3537 0.0000 0.0000 0.0000 0.0000 0.0000 0.1209 0.0274 	1
10:	0.5049 0.0021 0.0218 0.0011 0.0208 0.0162 0.0073 0.0029 0.0007 0.0091 0.2373 0.0167 0.0072 0.0353 0.0437 0.0729 	17
11:	0.0000 0.4130 0.0870 0.1778 0.0000 0.0000 0.0000 0.0025 0.2019 0.0111 0.0000 0.0000 0.0000 0.0000 0.0638 0.0429 	1
12:	0.1622 0.0099 0.0568 0.0053 0.0044 0.2407 0.1018 0.1136 0.0053 0.0150 0.1370 0.0054 0.0359 0.0320 0.0374 0.0371 	8
13:	0.0000 0.4770 0.0000 0.1616 0.0000 0.0000 0.0000 0.0108 0.2331 0.0107 0.0000 0.0000 0.0000 0.0000 0.0852 0.0215 	5
14:	0.2208 0.1583 0.0000 0.2571 0.0070 0.0001 0.0060 0.0040 0.0425 0.0060 0.1701 0.0100 0.0004 0.0328 0.0328 0.0523 	2
15:	0.0000 0.1584 0.0119 0.1564 0.0000 0.4621 0.0000 0.0170 0.1052 0.0158 0.0000 0.0000 0.0000 0.0000 0.0661 0.0070 	2
16:	0.5293 0.0000 0.0208 0.0000 0.0140 0.0150 0.0216 0.0037 0.0000 0.0015 0.2151 0.0363 0.0360 0.0065 0.0438 0.0562 	2
17:	0.0010 0.0000 0.0531 0.0002 0.0003 0.4089 0.5008 0.0042 0.0010 0.0104 0.0018 0.0000 0.0064 0.0006 0.0073 0.0040 	2
18:	0.3732 0.0000 0.0043 0.0000 0.0050 0.0039 0.0002 0.0002 0.0000 0.0146 0.3812 0.0075 0.0228 0.0398 0.0612 0.0861 	3
19:	0.1949 0.0088 0.0734 0.0288 0.0833 0.1067 0.0002 0.0037 0.0041 0.0024 0.2149 0.0465 0.0007 0.0449 0.0441 0.1426 	3
