1.0000	0.4418	0.5658	0.4899	0.4993	0.5040	0.4258	0.5288	0.4947	0.5571	0.4521	0.5009	0.4610	0.4584	0.4942	0.4428	0.4969	0.4520	0.4654	0.5103	0.5007	0.4388	0.4761	0.4043	0.4601	0.4855	0.4095	0.4336	0.4455	0.4095	0.4559	0.4032	0.4264	0.4472	0.5359	0.5143	0.4405	0.4705	0.4057	0.4740	0.4077	0.4327	0.4476	0.4393	0.3638	0.3995	0.4277	0.4767	0.5497	0.4298
0.4418	1.0000	0.4667	0.4398	0.4445	0.5091	0.3869	0.4893	0.4917	0.4812	0.5005	0.4869	0.4610	0.4668	0.4449	0.4266	0.4950	0.4546	0.4639	0.4791	0.4742	0.4262	0.4062	0.4929	0.4152	0.4388	0.4053	0.4132	0.4374	0.4485	0.3733	0.4506	0.3579	0.4132	0.4026	0.4462	0.4713	0.4774	0.4217	0.4392	0.4483	0.4355	0.4714	0.4421	0.3561	0.3925	0.3858	0.4096	0.4858	0.3830
0.5658	0.4667	1.0000	0.5524	0.5363	0.5188	0.4025	0.5671	0.5442	0.5040	0.5369	0.5569	0.4857	0.4328	0.4961	0.5104	0.6174	0.4661	0.5188	0.5501	0.5485	0.4677	0.4857	0.4609	0.5108	0.4999	0.3701	0.4329	0.5155	0.4544	0.4213	0.4372	0.3970	0.5487	0.5520	0.4983	0.4932	0.5187	0.4906	0.4959	0.4781	0.4837	0.5372	0.4733	0.3562	0.4329	0.4445	0.4863	0.5176	0.4543
0.4899	0.4398	0.5524	1.0000	0.5727	0.4837	0.4015	0.6167	0.4929	0.5307	0.5096	0.4757	0.4101	0.4176	0.4695	0.4357	0.5318	0.4455	0.4445	0.4694	0.4840	0.4071	0.4357	0.4139	0.4204	0.4319	0.3623	0.4003	0.4582	0.4582	0.4658	0.4065	0.3954	0.5431	0.4347	0.5364	0.4439	0.4482	0.4837	0.4905	0.4601	0.4291	0.4971	0.4836	0.3478	0.3691	0.4422	0.4247	0.4649	0.4208
0.4993	0.4445	0.5363	0.5727	1.0000	0.5177	0.4533	0.6234	0.5609	0.5613	0.5836	0.5043	0.5001	0.4018	0.5340	0.4882	0.5856	0.4448	0.5224	0.4946	0.5633	0.4541	0.4553	0.4300	0.4523	0.5328	0.4027	0.4571	0.4953	0.4948	0.4870	0.4940	0.4380	0.5130	0.4416	0.5442	0.4776	0.4573	0.4352	0.5467	0.4711	0.4990	0.5971	0.5041	0.3829	0.4615	0.4786	0.5277	0.4935	0.4803
0.5040	0.5091	0.5188	0.4837	0.5177	1.0000	0.4249	0.5391	0.5126	0.4967	0.5126	0.5123	0.4785	0.4756	0.5316	0.4935	0.5235	0.4844	0.4886	0.5122	0.5068	0.4466	0.4446	0.4914	0.4574	0.4581	0.3806	0.4866	0.4524	0.4683	0.4415	0.5071	0.4207	0.4785	0.4494	0.4758	0.4929	0.5004	0.4616	0.5444	0.4786	0.4639	0.5220	0.4870	0.4006	0.4471	0.4275	0.4985	0.4715	0.4392
0.4258	0.3869	0.4025	0.4015	0.4533	0.4249	1.0000	0.4383	0.4378	0.4583	0.4507	0.3989	0.4481	0.4704	0.4497	0.4124	0.4374	0.3482	0.4430	0.4384	0.4138	0.4717	0.5115	0.4754	0.4871	0.4418	0.4487	0.5284	0.3800	0.4910	0.5114	0.4351	0.4829	0.3805	0.4140	0.4261	0.4867	0.3758	0.3601	0.4383	0.3930	0.5111	0.4350	0.4854	0.3602	0.5194	0.4467	0.4304	0.3917	0.4491
0.5288	0.4893	0.5671	0.6167	0.6234	0.5391	0.4383	1.0000	0.5570	0.5926	0.5382	0.5108	0.4873	0.4653	0.5130	0.4686	0.5649	0.4359	0.4831	0.5495	0.5431	0.4307	0.4810	0.4734	0.5037	0.5169	0.3821	0.4633	0.5046	0.5820	0.4931	0.5103	0.4272	0.5723	0.4669	0.5223	0.4808	0.4890	0.4669	0.5166	0.4741	0.5095	0.5447	0.4953	0.3847	0.4390	0.4859	0.4670	0.4730	0.5214
0.4947	0.4917	0.5442	0.4929	0.5609	0.5126	0.4378	0.5570	1.0000	0.5249	0.5368	0.5090	0.5591	0.4515	0.5340	0.4469	0.5520	0.4574	0.4832	0.5230	0.5411	0.4302	0.4759	0.4659	0.4766	0.4993	0.3844	0.5327	0.5047	0.4675	0.4612	0.4428	0.4129	0.4890	0.4931	0.4943	0.4971	0.4631	0.4389	0.4972	0.5161	0.4942	0.5821	0.4609	0.3431	0.4257	0.4418	0.5255	0.5005	0.4321
0.5571	0.4812	0.5040	0.5307	0.5613	0.4967	0.4583	0.5926	0.5249	1.0000	0.5304	0.4760	0.4833	0.4813	0.5501	0.4385	0.5319	0.4583	0.5108	0.5394	0.4859	0.4388	0.5251	0.4314	0.4463	0.5075	0.4234	0.4522	0.4716	0.4986	0.4536	0.4837	0.4579	0.4727	0.4665	0.5640	0.4704	0.4504	0.4262	0.5195	0.4415	0.4804	0.5037	0.4570	0.3793	0.4199	0.4206	0.4637	0.4873	0.4424
0.4521	0.5005	0.5369	0.5096	0.5836	0.5126	0.4507	0.5382	0.5368	0.5304	1.0000	0.5454	0.5216	0.4257	0.5178	0.4829	0.5926	0.4700	0.5314	0.5160	0.5486	0.4704	0.4932	0.4920	0.4578	0.4994	0.4029	0.4503	0.4605	0.5158	0.4154	0.4708	0.4173	0.4610	0.4457	0.5032	0.5241	0.4870	0.4168	0.5493	0.4970	0.4846	0.5637	0.5281	0.3842	0.4406	0.4021	0.4809	0.4550	0.4328
0.5009	0.4869	0.5569	0.4757	0.5043	0.5123	0.3989	0.5108	0.5090	0.4760	0.5454	1.0000	0.4837	0.4534	0.4723	0.5440	0.5863	0.4136	0.5650	0.5226	0.5674	0.4362	0.4577	0.4573	0.5092	0.4812	0.3414	0.4392	0.4627	0.4373	0.3849	0.4143	0.4043	0.4712	0.4688	0.4747	0.4626	0.5097	0.4748	0.4843	0.4421	0.4368	0.5111	0.4668	0.3606	0.4009	0.4444	0.5187	0.4849	0.4543
0.4610	0.4610	0.4857	0.4101	0.5001	0.4785	0.4481	0.4873	0.5591	0.4833	0.5216	0.4837	1.0000	0.4601	0.4695	0.4642	0.5036	0.4111	0.4684	0.4841	0.5268	0.4185	0.4558	0.4594	0.4326	0.4497	0.3580	0.4713	0.4561	0.4519	0.4259	0.4720	0.3880	0.4178	0.4944	0.4279	0.4386	0.4391	0.3831	0.4375	0.4041	0.4594	0.4859	0.4299	0.3628	0.3862	0.4077	0.4716	0.4776	0.3924
0.4584	0.4668	0.4328	0.4176	0.4018	0.4756	0.4704	0.4653	0.4515	0.4813	0.4257	0.4534	0.4601	1.0000	0.4794	0.3867	0.4203	0.3860	0.4459	0.4349	0.4360	0.5000	0.5408	0.5154	0.5202	0.4081	0.4007	0.5034	0.3941	0.5018	0.4982	0.5085	0.5548	0.3768	0.4160	0.3933	0.5204	0.4731	0.3555	0.4269	0.3905	0.4850	0.4010	0.5086	0.4518	0.4621	0.4586	0.4270	0.4651	0.4924
0.4942	0.4449	0.4961	0.4695	0.5340	0.5316	0.4497	0.5130	0.5340	0.5501	0.5178	0.4723	0.4695	0.4794	1.0000	0.4710	0.5040	0.4214	0.5254	0.5488	0.5270	0.4616	0.5132	0.4507	0.4640	0.5691	0.4244	0.4589	0.4888	0.4538	0.4320	0.4732	0.4865	0.4794	0.4747	0.4571	0.5048	0.4689	0.4312	0.5366	0.4847	0.4327	0.4793	0.5103	0.3807	0.4843	0.4358	0.5363	0.4911	0.4701
0.4428	0.4266	0.5104	0.4357	0.4882	0.4935	0.4124	0.4686	0.4469	0.4385	0.4829	0.5440	0.4642	0.3867	0.4710	1.0000	0.5138	0.3839	0.5081	0.5257	0.5410	0.4124	0.4712	0.4263	0.4704	0.4884	0.3469	0.4165	0.4832	0.4229	0.3984	0.4560	0.3567	0.4653	0.4719	0.4352	0.4425	0.4681	0.4294	0.4277	0.4050	0.4250	0.4545	0.4362	0.3379	0.4303	0.4460	0.4346	0.4597	0.4659
0.4969	0.4950	0.6174	0.5318	0.5856	0.5235	0.4374	0.5649	0.5520	0.5319	0.5926	0.5863	0.5036	0.4203	0.5040	0.5138	1.0000	0.4639	0.5620	0.5504	0.5586	0.4792	0.4944	0.4749	0.5188	0.4977	0.4112	0.4603	0.4856	0.4933	0.4021	0.4566	0.4080	0.5138	0.4895	0.5910	0.5064	0.4897	0.4823	0.5514	0.4562	0.4978	0.5659	0.4945	0.4081	0.4422	0.4539	0.5212	0.4742	0.4634
0.4520	0.4546	0.4661	0.4455	0.4448	0.4844	0.3482	0.4359	0.4574	0.4583	0.4700	0.4136	0.4111	0.3860	0.4214	0.3839	0.4639	1.0000	0.3841	0.4277	0.4183	0.4407	0.4058	0.3936	0.3860	0.4016	0.4064	0.3513	0.4150	0.3711	0.3491	0.3693	0.3500	0.4126	0.4397	0.4801	0.4106	0.4106	0.3955	0.4509	0.4328	0.3883	0.4541	0.3921	0.3540	0.3631	0.3292	0.3906	0.4698	0.3408
0.4654	0.4639	0.5188	0.4445	0.5224	0.4886	0.4430	0.4831	0.4832	0.5108	0.5314	0.5650	0.4684	0.4459	0.5254	0.5081	0.5620	0.3841	1.0000	0.5285	0.5080	0.4101	0.4820	0.4704	0.5099	0.5127	0.3605	0.4379	0.4894	0.4429	0.4063	0.4395	0.4394	0.4478	0.4566	0.4547	0.4848	0.5130	0.4304	0.5289	0.4709	0.4487	0.5346	0.4516	0.3795	0.4527	0.4173	0.5318	0.4484	0.4478
0.5103	0.4791	0.5501	0.4694	0.4946	0.5122	0.4384	0.5495	0.5230	0.5394	0.5160	0.5226	0.4841	0.4349	0.5488	0.5257	0.5504	0.4277	0.5285	1.0000	0.5607	0.4601	0.5111	0.4878	0.5783	0.5782	0.4079	0.4550	0.5404	0.5201	0.4163	0.4847	0.4429	0.5306	0.5083	0.4820	0.5025	0.4945	0.4616	0.4962	0.4696	0.4441	0.4713	0.4833	0.3787	0.4717	0.4755	0.4735	0.4811	0.5182
0.5007	0.4742	0.5485	0.4840	0.5633	0.5068	0.4138	0.5431	0.5411	0.4859	0.5486	0.5674	0.5268	0.4360	0.5270	0.5410	0.5586	0.4183	0.5080	0.5607	1.0000	0.4128	0.4624	0.4386	0.5313	0.5065	0.3689	0.4407	0.5492	0.4873	0.4261	0.4855	0.4255	0.5222	0.4956	0.4313	0.4979	0.5260	0.4689	0.4934	0.4954	0.4541	0.4909	0.4906	0.3638	0.4439	0.5090	0.5213	0.5289	0.5120
0.4388	0.4262	0.4677	0.4071	0.4541	0.4466	0.4717	0.4307	0.4302	0.4388	0.4704	0.4362	0.4185	0.5000	0.4616	0.4124	0.4792	0.4407	0.4101	0.4601	0.4128	1.0000	0.5422	0.4992	0.5037	0.4543	0.4484	0.5356	0.3991	0.5027	0.4990	0.4353	0.4866	0.3739	0.4181	0.4402	0.4778	0.3772	0.3562	0.4335	0.3609	0.4904	0.4211	0.5623	0.4243	0.5085	0.4552	0.4199	0.4337	0.4655
0.4761	0.4062	0.4857	0.4357	0.4553	0.4446	0.5115	0.4810	0.4759	0.5251	0.4932	0.4577	0.4558	0.5408	0.5132	0.4712	0.4944	0.4058	0.4820	0.5111	0.4624	0.5422	1.0000	0.5182	0.5579	0.4876	0.4376	0.5441	0.4424	0.5402	0.5086	0.5103	0.5323	0.4303	0.4385	0.4552	0.5697	0.4265	0.3872	0.4568	0.4191	0.5183	0.4420	0.5131	0.4041	0.5609	0.5028	0.4528	0.4606	0.5251
0.4043	0.4929	0.4609	0.4139	0.4300	0.4914	0.4754	0.4734	0.4659	0.4314	0.4920	0.4573	0.4594	0.5154	0.4507	0.4263	0.4749	0.3936	0.4704	0.4878	0.4386	0.4992	0.5182	1.0000	0.5043	0.4207	0.4352	0.4773	0.4182	0.5115	0.4411	0.4954	0.4439	0.4011	0.4186	0.4114	0.5257	0.4477	0.3829	0.4821	0.4429	0.4957	0.4579	0.5038	0.4002	0.4708	0.4270	0.4083	0.4363	0.4636
0.4601	0.4152	0.5108	0.4204	0.4523	0.4574	0.4871	0.5037	0.4766	0.4463	0.4578	0.5092	0.4326	0.5202	0.4640	0.4704	0.5188	0.3860	0.5099	0.5783	0.5313	0.5037	0.5579	0.5043	1.0000	0.5105	0.4259	0.5175	0.4824	0.5539	0.4585	0.4878	0.5140	0.4741	0.4562	0.4155	0.5672	0.4755	0.4171	0.4493	0.4124	0.5229	0.4316	0.5113	0.4415	0.5329	0.5834	0.4633	0.4271	0.6061
0.4855	0.4388	0.4999	0.4319	0.5328	0.4581	0.4418	0.5169	0.4993	0.5075	0.4994	0.4812	0.4497	0.4081	0.5691	0.4884	0.4977	0.4016	0.5127	0.5782	0.5065	0.4543	0.4876	0.4207	0.5105	1.0000	0.4246	0.4363	0.5149	0.4696	0.4122	0.4581	0.4333	0.4888	0.4327	0.4455	0.4729	0.4762	0.3974	0.4741	0.4587	0.4203	0.4658	0.4471	0.3308	0.5329	0.4602	0.5000	0.4845	0.4899
0.4095	0.4053	0.3701	0.3623	0.4027	0.3806	0.4487	0.3821	0.3844	0.4234	0.4029	0.3414	0.3580	0.4007	0.4244	0.3469	0.4112	0.4064	0.3605	0.4079	0.3689	0.4484	0.4376	0.4352	0.4259	0.4246	1.0000	0.3960	0.3519	0.4065	0.4088	0.3815	0.4077	0.3308	0.3403	0.4086	0.4102	0.3645	0.3105	0.4373	0.3707	0.4161	0.3411	0.4310	0.4222	0.4294	0.3847	0.3751	0.4049	0.3992
0.4336	0.4132	0.4329	0.4003	0.4571	0.4866	0.5284	0.4633	0.5327	0.4522	0.4503	0.4392	0.4713	0.5034	0.4589	0.4165	0.4603	0.3513	0.4379	0.4550	0.4407	0.5356	0.5441	0.4773	0.5175	0.4363	0.3960	1.0000	0.4195	0.5515	0.5647	0.4698	0.4886	0.4151	0.4316	0.4124	0.4800	0.3850	0.3844	0.4453	0.4003	0.5952	0.4820	0.5258	0.4060	0.4914	0.5178	0.4614	0.3642	0.4916
0.4455	0.4374	0.5155	0.4582	0.4953	0.4524	0.3800	0.5046	0.5047	0.4716	0.4605	0.4627	0.4561	0.3941	0.4888	0.4832	0.4856	0.4150	0.4894	0.5404	0.5492	0.3991	0.4424	0.4182	0.4824	0.5149	0.3519	0.4195	1.0000	0.4482	0.4143	0.4541	0.3834	0.5550	0.4908	0.4139	0.4407	0.4542	0.4640	0.4327	0.4909	0.4104	0.4556	0.4360	0.3327	0.4186	0.4718	0.4500	0.4396	0.5096
0.4095	0.4485	0.4544	0.4582	0.4948	0.4683	0.4910	0.5820	0.4675	0.4986	0.5158	0.4373	0.4519	0.5018	0.4538	0.4229	0.4933	0.3711	0.4429	0.5201	0.4873	0.5027	0.5402	0.5115	0.5539	0.4696	0.4065	0.5515	0.4482	1.0000	0.5174	0.5596	0.5326	0.4799	0.3904	0.4124	0.5495	0.4556	0.3906	0.4733	0.4391	0.5784	0.4766	0.5308	0.4734	0.5196	0.5204	0.4220	0.3948	0.5804
0.4559	0.3733	0.4213	0.4658	0.4870	0.4415	0.5114	0.4931	0.4612	0.4536	0.4154	0.3849	0.4259	0.4982	0.4320	0.3984	0.4021	0.3491	0.4063	0.4163	0.4261	0.4990	0.5086	0.4411	0.4585	0.4122	0.4088	0.5647	0.4143	0.5174	1.0000	0.4523	0.4906	0.4147	0.3819	0.4162	0.4764	0.4043	0.3416	0.4142	0.4037	0.5227	0.4310	0.4900	0.4191	0.4568	0.5030	0.4038	0.4131	0.4832
0.4032	0.4506	0.4372	0.4065	0.4940	0.5071	0.4351	0.5103	0.4428	0.4837	0.4708	0.4143	0.4720	0.5085	0.4732	0.4560	0.4566	0.3693	0.4395	0.4847	0.4855	0.4353	0.5103	0.4954	0.4878	0.4581	0.3815	0.4698	0.4541	0.5596	0.4523	1.0000	0.4552	0.4306	0.4141	0.4139	0.5209	0.4250	0.3615	0.4357	0.4009	0.4641	0.4471	0.5035	0.4388	0.4967	0.4833	0.4165	0.4216	0.5145
0.4264	0.3579	0.3970	0.3954	0.4380	0.4207	0.4829	0.4272	0.4129	0.4579	0.4173	0.4043	0.3880	0.5548	0.4865	0.3567	0.4080	0.3500	0.4394	0.4429	0.4255	0.4866	0.5323	0.4439	0.5140	0.4333	0.4077	0.4886	0.3834	0.5326	0.4906	0.4552	1.0000	0.4095	0.3869	0.3652	0.4793	0.4461	0.3585	0.4507	0.4070	0.4889	0.3681	0.5096	0.4860	0.5254	0.4679	0.4601	0.4101	0.5390
0.4472	0.4132	0.5487	0.5431	0.5130	0.4785	0.3805	0.5723	0.4890	0.4727	0.4610	0.4712	0.4178	0.3768	0.4794	0.4653	0.5138	0.4126	0.4478	0.5306	0.5222	0.3739	0.4303	0.4011	0.4741	0.4888	0.3308	0.4151	0.5550	0.4799	0.4147	0.4306	0.4095	1.0000	0.4856	0.4666	0.4237	0.4707	0.5276	0.4569	0.4863	0.4320	0.4843	0.4364	0.3343	0.4333	0.5222	0.4509	0.4001	0.4728
0.5359	0.4026	0.5520	0.4347	0.4416	0.4494	0.4140	0.4669	0.4931	0.4665	0.4457	0.4688	0.4944	0.4160	0.4747	0.4719	0.4895	0.4397	0.4566	0.5083	0.4956	0.4181	0.4385	0.4186	0.4562	0.4327	0.3403	0.4316	0.4908	0.3904	0.3819	0.4141	0.3869	0.4856	1.0000	0.4755	0.4155	0.4293	0.4465	0.4239	0.4050	0.4017	0.4309	0.4277	0.3458	0.3922	0.4100	0.4363	0.4381	0.4027
0.5143	0.4462	0.4983	0.5364	0.5442	0.4758	0.4261	0.5223	0.4943	0.5640	0.5032	0.4747	0.4279	0.3933	0.4571	0.4352	0.5910	0.4801	0.4547	0.4820	0.4313	0.4402	0.4552	0.4114	0.4155	0.4455	0.4086	0.4124	0.4139	0.4124	0.4162	0.4139	0.3652	0.4666	0.4755	1.0000	0.4405	0.3937	0.4032	0.4928	0.4160	0.4064	0.5172	0.4612	0.3713	0.3834	0.4052	0.4246	0.4391	0.3649
0.4405	0.4713	0.4932	0.4439	0.4776	0.4929	0.4867	0.4808	0.4971	0.4704	0.5241	0.4626	0.4386	0.5204	0.5048	0.4425	0.5064	0.4106	0.4848	0.5025	0.4979	0.4778	0.5697	0.5257	0.5672	0.4729	0.4102	0.4800	0.4407	0.5495	0.4764	0.5209	0.4793	0.4237	0.4155	0.4405	1.0000	0.4929	0.3880	0.4768	0.4507	0.4850	0.4582	0.5370	0.4145	0.5218	0.4689	0.4539	0.4458	0.5023
0.4705	0.4774	0.5187	0.4482	0.4573	0.5004	0.3758	0.4890	0.4631	0.4504	0.4870	0.5097	0.4391	0.4731	0.4689	0.4681	0.4897	0.4106	0.5130	0.4945	0.5260	0.3772	0.4265	0.4477	0.4755	0.4762	0.3645	0.3850	0.4542	0.4556	0.4043	0.4250	0.4461	0.4707	0.4293	0.3937	0.4929	1.0000	0.4717	0.4849	0.4475	0.4300	0.4273	0.4291	0.3868	0.4105	0.4197	0.4737	0.4737	0.4578
0.4057	0.4217	0.4906	0.4837	0.4352	0.4616	0.3601	0.4669	0.4389	0.4262	0.4168	0.4748	0.3831	0.3555	0.4312	0.4294	0.4823	0.3955	0.4304	0.4616	0.4689	0.3562	0.3872	0.3829	0.4171	0.3974	0.3105	0.3844	0.4640	0.3906	0.3416	0.3615	0.3585	0.5276	0.4465	0.4032	0.3880	0.4717	1.0000	0.4236	0.4280	0.4017	0.4420	0.4122	0.3101	0.3474	0.4202	0.4105	0.4065	0.4030
0.4740	0.4392	0.4959	0.4905	0.5467	0.5444	0.4383	0.5166	0.4972	0.5195	0.5493	0.4843	0.4375	0.4269	0.5366	0.4277	0.5514	0.4509	0.5289	0.4962	0.4934	0.4335	0.4568	0.4821	0.4493	0.4741	0.4373	0.4453	0.4327	0.4733	0.4142	0.4357	0.4507	0.4569	0.4239	0.4928	0.4768	0.4849	0.4236	1.0000	0.4936	0.4801	0.5234	0.4847	0.3919	0.4543	0.4046	0.5007	0.4331	0.4324
0.4077	0.4483	0.4781	0.4601	0.4711	0.4786	0.3930	0.4741	0.5161	0.4415	0.4970	0.4421	0.4041	0.3905	0.4847	0.4050	0.4562	0.4328	0.4709	0.4696	0.4954	0.3609	0.4191	0.4429	0.4124	0.4587	0.3707	0.4003	0.4909	0.4391	0.4037	0.4009	0.4070	0.4863	0.4050	0.4160	0.4507	0.4475	0.4280	0.4936	1.0000	0.4264	0.5152	0.4254	0.2841	0.4240	0.3848	0.5058	0.4278	0.3998
0.4327	0.4355	0.4837	0.4291	0.4990	0.4639	0.5111	0.5095	0.4942	0.4804	0.4846	0.4368	0.4594	0.4850	0.4327	0.4250	0.4978	0.3883	0.4487	0.4441	0.4541	0.4904	0.5183	0.4957	0.5229	0.4203	0.4161	0.5952	0.4104	0.5784	0.5227	0.4641	0.4889	0.4320	0.4017	0.4064	0.4850	0.4300	0.4017	0.4801	0.4264	1.0000	0.5137	0.5112	0.4169	0.4915	0.5005	0.4362	0.3966	0.4986
0.4476	0.4714	0.5372	0.4971	0.5971	0.5220	0.4350	0.5447	0.5821	0.5037	0.5637	0.5111	0.4859	0.4010	0.4793	0.4545	0.5659	0.4541	0.5346	0.4713	0.4909	0.4211	0.4420	0.4579	0.4316	0.4658	0.3411	0.4820	0.4556	0.4766	0.4310	0.4471	0.3681	0.4843	0.4309	0.5172	0.4582	0.4273	0.4420	0.5234	0.5152	0.5137	1.0000	0.4565	0.3340	0.4188	0.4187	0.4977	0.4338	0.3920
0.4393	0.4421	0.4733	0.4836	0.5041	0.4870	0.4854	0.4953	0.4609	0.4570	0.5281	0.4668	0.4299	0.5086	0.5103	0.4362	0.4945	0.3921	0.4516	0.4833	0.4906	0.5623	0.5131	0.5038	0.5113	0.4471	0.4310	0.5258	0.4360	0.5308	0.4900	0.5035	0.5096	0.4364	0.4277	0.4612	0.5370	0.4291	0.4122	0.4847	0.4254	0.5112	0.4565	1.0000	0.4806	0.4944	0.4786	0.4583	0.4143	0.4953
0.3638	0.3561	0.3562	0.3478	0.3829	0.4006	0.3602	0.3847	0.3431	0.3793	0.3842	0.3606	0.3628	0.4518	0.3807	0.3379	0.4081	0.3540	0.3795	0.3787	0.3638	0.4243	0.4041	0.4002	0.4415	0.3308	0.4222	0.4060	0.3327	0.4734	0.4191	0.4388	0.4860	0.3343	0.3458	0.3713	0.4145	0.3868	0.3101	0.3919	0.2841	0.4169	0.3340	0.4806	1.0000	0.3940	0.4045	0.3571	0.3403	0.4322
0.3995	0.3925	0.4329	0.3691	0.4615	0.4471	0.5194	0.4390	0.4257	0.4199	0.4406	0.4009	0.3862	0.4621	0.4843	0.4303	0.4422	0.3631	0.4527	0.4717	0.4439	0.5085	0.5609	0.4708	0.5329	0.5329	0.4294	0.4914	0.4186	0.5196	0.4568	0.4967	0.5254	0.4333	0.3922	0.3834	0.5218	0.4105	0.3474	0.4543	0.4240	0.4915	0.4188	0.4944	0.3940	1.0000	0.4948	0.4627	0.4043	0.4990
0.4277	0.3858	0.4445	0.4422	0.4786	0.4275	0.4467	0.4859	0.4418	0.4206	0.4021	0.4444	0.4077	0.4586	0.4358	0.4460	0.4539	0.3292	0.4173	0.4755	0.5090	0.4552	0.5028	0.4270	0.5834	0.4602	0.3847	0.5178	0.4718	0.5204	0.5030	0.4833	0.4679	0.5222	0.4100	0.4052	0.4689	0.4197	0.4202	0.4046	0.3848	0.5005	0.4187	0.4786	0.4045	0.4948	1.0000	0.4467	0.4071	0.5511
0.4767	0.4096	0.4863	0.4247	0.5277	0.4985	0.4304	0.4670	0.5255	0.4637	0.4809	0.5187	0.4716	0.4270	0.5363	0.4346	0.5212	0.3906	0.5318	0.4735	0.5213	0.4199	0.4528	0.4083	0.4633	0.5000	0.3751	0.4614	0.4500	0.4220	0.4038	0.4165	0.4601	0.4509	0.4363	0.4246	0.4539	0.4737	0.4105	0.5007	0.5058	0.4362	0.4977	0.4583	0.3571	0.4627	0.4467	1.0000	0.4691	0.4149
0.5497	0.4858	0.5176	0.4649	0.4935	0.4715	0.3917	0.4730	0.5005	0.4873	0.4550	0.4849	0.4776	0.4651	0.4911	0.4597	0.4742	0.4698	0.4484	0.4811	0.5289	0.4337	0.4606	0.4363	0.4271	0.4845	0.4049	0.3642	0.4396	0.3948	0.4131	0.4216	0.4101	0.4001	0.4381	0.4391	0.4458	0.4737	0.4065	0.4331	0.4278	0.3966	0.4338	0.4143	0.3403	0.4043	0.4071	0.4691	1.0000	0.4101
0.4298	0.3830	0.4543	0.4208	0.4803	0.4392	0.4491	0.5214	0.4321	0.4424	0.4328	0.4543	0.3924	0.4924	0.4701	0.4659	0.4634	0.3408	0.4478	0.5182	0.5120	0.4655	0.5251	0.4636	0.6061	0.4899	0.3992	0.4916	0.5096	0.5804	0.4832	0.5145	0.5390	0.4728	0.4027	0.3649	0.5023	0.4578	0.4030	0.4324	0.3998	0.4986	0.3920	0.4953	0.4322	0.4990	0.5511	0.4149	0.4101	1.0000
