1:	0.0000 1.0000 0.0000 0.0000 0.0000 0.0000 0.0000 0.0000 0.0000 0.0000 0.0000 0.0000 0.0000 0.0000 0.0000 0.0000 0.0000 	1
2:	0.3962 0.0000 0.0000 0.0000 0.0000 0.5000 0.0000 0.0000 0.0000 0.0000 0.0000 0.1037 0.0000 0.0000 0.0000 0.0000 0.0000 	2
3:	0.1014 0.0000 0.0014 0.1245 0.0016 0.0261 0.0000 0.0000 0.2559 0.0000 0.1096 0.0479 0.0147 0.2967 0.0159 0.0043 0.0000 	6
4:	0.2016 0.0000 0.0000 0.0000 0.0000 0.0000 0.0640 0.0000 0.0950 0.0000 0.0516 0.1458 0.0000 0.3082 0.0000 0.1129 0.0208 	4
5:	0.1519 0.0000 0.1111 0.2327 0.0000 0.0667 0.1444 0.0000 0.0242 0.0089 0.0366 0.1172 0.0111 0.0111 0.0444 0.0362 0.0034 	15
6:	0.0306 0.3750 0.0812 0.0000 0.0778 0.0000 0.0095 0.1042 0.0208 0.0000 0.0738 0.0000 0.0056 0.1474 0.0000 0.0000 0.0742 	8
7:	0.0553 0.0972 0.1196 0.0500 0.1376 0.0917 0.1304 0.0010 0.0670 0.0006 0.0452 0.1307 0.0115 0.0167 0.0207 0.0200 0.0050 	20
8:	0.0494 0.1863 0.1448 0.0467 0.0851 0.0000 0.0207 0.0031 0.0981 0.0000 0.1273 0.1356 0.0159 0.0233 0.0089 0.0238 0.0310 	21
9:	0.0894 0.0714 0.2800 0.0000 0.1071 0.0000 0.0121 0.0000 0.0082 0.0714 0.0895 0.0776 0.0157 0.0595 0.0238 0.0068 0.0874 	14
10:	0.0509 0.0000 0.1524 0.0000 0.0000 0.3922 0.0000 0.0000 0.0000 0.0000 0.0553 0.0000 0.1667 0.0158 0.1150 0.0000 0.0516 	1
11:	0.0132 0.0129 0.0000 0.1803 0.0000 0.2445 0.0000 0.0000 0.0000 0.3197 0.0000 0.0000 0.0000 0.0000 0.1739 0.0556 0.0000 	3
12:	0.0000 0.2000 0.0000 0.7954 0.0000 0.0000 0.0000 0.0000 0.0000 0.0000 0.0000 0.0000 0.0000 0.0000 0.0046 0.0000 0.0000 	5
13:	0.0000 0.4881 0.0000 0.5000 0.0000 0.0000 0.0000 0.0000 0.0000 0.0000 0.0000 0.0000 0.0000 0.0000 0.0000 0.0000 0.0119 	2
14:	0.0000 0.3390 0.0215 0.0000 0.1333 0.0274 0.0000 0.2003 0.0000 0.0000 0.0000 0.0000 0.1854 0.0000 0.0445 0.0000 0.0486 	5
15:	0.0238 0.3533 0.0000 0.0107 0.0000 0.1244 0.0000 0.2156 0.0476 0.0010 0.0280 0.0371 0.1276 0.0046 0.0247 0.0000 0.0017 	7
