
Using the parameter settings in the file: 
''1763240293/clumpp.paramfile''

Parameter settings
----------------------- Main parameters -------------------------
DATATYPE = 0
INDFILE = 1763240293/ClumppIndFile
POPFILE = 
OUTFILE = 1763240293/ClumppIndFile.output
MISCFILE = 1763240293/ClumppIndFile.misc
K = 17
C = 164
R = 50
M = 3
W = 0
S = 2
- Additional options for the Greedy and LargeKGreedy algorithms -
GREEDY_OPTION = 2
REPEATS = 2000
PERMUTATIONFILE = 
----------------------- Optional outputs ------------------------
PRINT_PERMUTED_DATA = 0
PERMUTED_DATAFILE = 
PRINT_EVERY_PERM = 0
EVERY_PERMFILE = 
PRINT_RANDOM_INPUTORDER = 0
RANDOM_INPUTORDERFILE = 
----------------------- Advanced options ------------------------
OVERRIDE_WARNINGS = 0
ORDER_BY_RUN = 1


In total, 2000 configurations of runs and clusters will be tested.

Results
------------------------------
The highest value of H' is: 0.49940027049729

The list of permutations of the clusters that produces that
H' value is (runs are listed sequentially on separate rows)

1 2 3 4 5 6 7 8 9 10 11 12 13 14 15 16 17 
10 11 4 15 6 3 9 2 5 16 8 12 1 13 17 14 7 
3 12 9 11 8 1 16 17 4 10 15 2 14 5 13 6 7 
7 4 5 1 8 15 14 10 13 9 3 16 2 11 12 6 17 
7 14 17 12 13 8 2 9 11 16 15 6 5 10 3 4 1 
8 7 15 1 6 3 17 16 14 5 4 2 12 11 9 10 13 
16 7 9 10 12 2 13 15 5 1 3 4 14 8 17 11 6 
1 2 4 15 13 8 16 9 5 12 17 10 6 14 3 11 7 
3 6 12 7 9 13 17 1 16 11 4 15 5 14 8 2 10 
10 9 16 2 5 4 11 12 3 7 14 1 13 8 15 6 17 
12 8 1 10 9 16 5 6 15 17 7 4 14 13 3 2 11 
9 5 6 2 12 11 17 14 8 3 10 4 16 7 15 1 13 
16 9 10 1 14 5 12 13 2 3 8 4 15 6 7 11 17 
9 15 3 12 4 11 8 7 10 13 14 2 17 16 6 5 1 
8 12 13 3 11 5 4 2 10 7 17 16 1 9 15 14 6 
5 4 6 14 12 17 1 7 3 2 11 9 15 8 10 16 13 
14 13 3 4 17 12 6 1 10 16 5 9 15 8 11 7 2 
13 4 11 7 9 6 3 14 17 5 15 1 12 2 16 10 8 
12 5 8 10 14 3 15 4 9 2 13 6 17 7 1 11 16 
8 15 12 1 3 2 13 5 4 17 10 14 7 11 9 16 6 
15 9 1 4 6 14 13 5 2 17 8 7 12 16 11 3 10 
17 14 3 13 2 10 16 8 4 9 15 6 11 7 5 12 1 
8 6 16 17 13 15 12 10 4 3 11 14 1 2 5 9 7 
3 5 1 11 12 9 17 13 14 8 15 10 7 16 4 6 2 
16 17 15 9 1 5 4 7 12 3 11 13 2 14 6 8 10 
8 5 1 2 4 15 3 7 11 16 14 9 6 17 10 13 12 
5 2 7 11 15 6 8 10 14 17 1 3 4 16 13 9 12 
4 11 7 10 8 14 6 5 2 17 9 3 15 1 16 13 12 
4 12 10 1 17 14 16 9 5 15 8 7 13 11 6 3 2 
13 7 1 5 8 16 4 11 3 2 12 14 9 17 6 15 10 
16 6 7 8 10 2 11 5 1 12 13 4 3 15 9 14 17 
13 11 9 10 3 8 17 16 7 6 5 12 4 14 2 1 15 
8 5 17 16 14 7 13 12 6 11 15 2 3 9 10 1 4 
16 9 10 11 12 3 7 13 15 4 17 1 14 5 8 6 2 
8 13 11 17 1 16 2 3 15 6 12 4 10 14 7 5 9 
15 9 7 14 1 13 2 3 5 16 10 12 4 17 11 6 8 
11 12 10 14 3 9 16 5 17 8 6 2 15 7 13 4 1 
7 16 17 2 5 4 8 1 6 12 14 11 9 13 10 3 15 
2 3 12 15 14 17 11 4 16 10 9 5 13 7 1 6 8 
3 4 1 10 12 11 2 9 13 5 14 16 8 7 6 17 15 
14 2 7 10 13 12 3 8 17 4 5 15 9 16 6 11 1 
16 17 2 3 1 10 9 4 13 15 8 12 14 11 6 5 7 
4 7 17 1 8 14 9 13 2 10 11 3 6 15 16 5 12 
16 7 17 12 8 14 11 9 10 5 6 1 4 2 15 13 3 
16 12 7 4 17 13 15 10 11 2 3 8 6 1 9 14 5 
10 7 9 2 5 3 14 8 16 17 12 1 15 4 13 11 6 
9 1 14 11 2 10 12 7 8 5 3 17 6 4 13 15 16 
6 16 4 9 1 11 8 7 13 3 5 10 15 12 17 14 2 
11 2 12 7 17 9 3 16 1 8 10 14 13 5 6 15 4 
14 17 5 15 7 11 12 1 16 2 9 13 10 6 4 3 8 

The pairwise G' values for each pair of runs where the clusters
of each run are permuted according to the list of permutations above

1.0000 0.5452 0.5182 0.5159 0.6648 0.4560 0.5263 0.5078 0.4677 0.5233 0.4427 0.5524 0.4986 0.5151 0.5227 0.4522 0.5263 0.5335 0.5499 0.5857 0.5413 0.5305 0.4934 0.5115 0.5084 0.5062 0.5419 0.5570 0.5177 0.5374 0.5546 0.4923 0.4786 0.3931 0.5884 0.5672 0.4471 0.5229 0.4573 0.5808 0.5267 0.5504 0.5136 0.5493 0.5603 0.5169 0.4642 0.5525 0.5433 0.4541 
0.5452 1.0000 0.5516 0.5665 0.6122 0.4652 0.5664 0.4940 0.4330 0.4947 0.4552 0.5161 0.5316 0.5073 0.5390 0.5019 0.5043 0.5419 0.5868 0.5844 0.5184 0.5364 0.5182 0.5111 0.5793 0.4703 0.5899 0.5693 0.4784 0.5617 0.5649 0.4842 0.4626 0.4120 0.5450 0.5221 0.4521 0.4762 0.4807 0.4984 0.5480 0.5563 0.5179 0.5586 0.5437 0.5662 0.4794 0.5365 0.5271 0.4426 
0.5182 0.5516 1.0000 0.5066 0.5811 0.5047 0.5214 0.4584 0.4497 0.4736 0.4482 0.4884 0.5236 0.5355 0.5060 0.5108 0.4586 0.5006 0.5335 0.5504 0.5000 0.4875 0.4391 0.4635 0.5334 0.4702 0.4795 0.5072 0.4780 0.5358 0.4727 0.4775 0.4298 0.3902 0.5146 0.5429 0.5028 0.5065 0.4222 0.5076 0.4974 0.5217 0.4803 0.5252 0.5017 0.5569 0.4439 0.5308 0.5068 0.4198 
0.5159 0.5665 0.5066 1.0000 0.5662 0.4748 0.4718 0.5169 0.4650 0.6047 0.5291 0.5134 0.4938 0.4248 0.5173 0.4498 0.4413 0.5557 0.4865 0.5529 0.5198 0.6165 0.5007 0.4757 0.4825 0.4931 0.5550 0.5082 0.5661 0.5211 0.5273 0.4738 0.5745 0.4580 0.5481 0.5406 0.5743 0.5230 0.5136 0.4600 0.5164 0.5395 0.5140 0.5266 0.5359 0.5153 0.5108 0.5072 0.4951 0.4345 
0.6648 0.6122 0.5811 0.5662 1.0000 0.5176 0.5452 0.5156 0.4970 0.5585 0.4689 0.5790 0.5792 0.5566 0.5176 0.4625 0.5558 0.5724 0.5326 0.6061 0.5815 0.6062 0.4769 0.5024 0.5887 0.4901 0.5450 0.6169 0.5197 0.6114 0.5642 0.4857 0.4841 0.4297 0.6483 0.6203 0.4772 0.5301 0.4887 0.5883 0.5350 0.5198 0.5217 0.6332 0.5729 0.6042 0.4769 0.5653 0.5243 0.4485 
0.4560 0.4652 0.5047 0.4748 0.5176 1.0000 0.4959 0.4593 0.5788 0.4791 0.4782 0.5014 0.5549 0.5455 0.4816 0.4673 0.5300 0.4253 0.4745 0.4875 0.4769 0.5121 0.4885 0.4712 0.5748 0.4979 0.4350 0.4535 0.4608 0.4581 0.4575 0.4244 0.4407 0.3979 0.4964 0.4794 0.4509 0.5157 0.4335 0.4898 0.4519 0.4735 0.4593 0.5274 0.4735 0.5486 0.4855 0.4480 0.4587 0.4385 
0.5263 0.5664 0.5214 0.4718 0.5452 0.4959 1.0000 0.4803 0.4982 0.4765 0.4690 0.5034 0.5410 0.6231 0.4765 0.4489 0.5069 0.5176 0.5740 0.5386 0.5187 0.4716 0.5457 0.4805 0.5872 0.5508 0.5342 0.5213 0.4496 0.4960 0.5164 0.4425 0.4776 0.3685 0.4948 0.4886 0.4299 0.4560 0.4637 0.5200 0.5054 0.4623 0.4757 0.5707 0.5425 0.5166 0.4904 0.5164 0.4749 0.5177 
0.5078 0.4940 0.4584 0.5169 0.5156 0.4593 0.4803 1.0000 0.4613 0.5650 0.4979 0.5172 0.5259 0.5003 0.5221 0.4313 0.4457 0.5611 0.4420 0.5513 0.5055 0.5770 0.5219 0.5451 0.5039 0.4526 0.4788 0.5665 0.5334 0.5378 0.4987 0.4489 0.5407 0.3727 0.5633 0.5055 0.5407 0.5090 0.4831 0.4950 0.5114 0.5018 0.5345 0.5054 0.5038 0.5262 0.4522 0.5045 0.4989 0.4597 
0.4677 0.4330 0.4497 0.4650 0.4970 0.5788 0.4982 0.4613 1.0000 0.5018 0.4865 0.4791 0.5200 0.5287 0.4790 0.4328 0.4673 0.4633 0.4689 0.5294 0.5083 0.5092 0.4982 0.5021 0.5070 0.5099 0.4224 0.4640 0.4739 0.4582 0.5192 0.4165 0.4755 0.3942 0.4883 0.5073 0.4891 0.5268 0.4545 0.4825 0.4620 0.4559 0.4590 0.5832 0.5116 0.5078 0.5134 0.4545 0.4725 0.4477 
0.5233 0.4947 0.4736 0.6047 0.5585 0.4791 0.4765 0.5650 0.5018 1.0000 0.5085 0.5025 0.5023 0.4953 0.5152 0.4159 0.4336 0.5458 0.4644 0.5357 0.5326 0.6532 0.4971 0.4936 0.4986 0.5065 0.4856 0.5092 0.5716 0.5166 0.5354 0.4611 0.5444 0.4240 0.5880 0.5106 0.5509 0.5260 0.5015 0.4912 0.5221 0.5060 0.5408 0.5339 0.5266 0.5080 0.4709 0.4927 0.4945 0.4271 
0.4427 0.4552 0.4482 0.5291 0.4689 0.4782 0.4690 0.4979 0.4865 0.5085 1.0000 0.4479 0.5049 0.4592 0.5081 0.4231 0.4554 0.4955 0.4986 0.5215 0.4355 0.5250 0.5132 0.4604 0.4968 0.4755 0.4577 0.4904 0.5163 0.4906 0.4741 0.4096 0.4892 0.3812 0.4685 0.5181 0.5139 0.5134 0.4678 0.4580 0.5470 0.4947 0.4824 0.5451 0.4588 0.4783 0.4982 0.4567 0.4647 0.5162 
0.5524 0.5161 0.4884 0.5134 0.5790 0.5014 0.5034 0.5172 0.4791 0.5025 0.4479 1.0000 0.5147 0.5235 0.4625 0.4255 0.5160 0.5017 0.4599 0.5514 0.5216 0.5313 0.4702 0.5189 0.4912 0.4752 0.5188 0.5053 0.5115 0.5388 0.5050 0.4794 0.4676 0.3913 0.5273 0.5035 0.4624 0.4788 0.4302 0.5560 0.4749 0.4832 0.4772 0.5226 0.5375 0.5326 0.4623 0.5057 0.5351 0.4339 
0.4986 0.5316 0.5236 0.4938 0.5792 0.5549 0.5410 0.5259 0.5200 0.5023 0.5049 0.5147 1.0000 0.5834 0.5147 0.4572 0.5333 0.5458 0.5185 0.5510 0.5321 0.5389 0.4889 0.5531 0.5933 0.5018 0.4859 0.5457 0.5030 0.5381 0.4914 0.4522 0.4344 0.3978 0.5653 0.4921 0.4544 0.4775 0.4377 0.5249 0.4986 0.4987 0.4938 0.5865 0.4875 0.5888 0.4928 0.4801 0.5164 0.5245 
0.5151 0.5073 0.5355 0.4248 0.5566 0.5455 0.6231 0.5003 0.5287 0.4953 0.4592 0.5235 0.5834 1.0000 0.4744 0.4535 0.5233 0.4973 0.5136 0.5427 0.5100 0.4915 0.5288 0.4907 0.5629 0.5104 0.4397 0.5210 0.4636 0.4883 0.5015 0.4212 0.4337 0.3506 0.5492 0.5012 0.4286 0.4792 0.4478 0.5491 0.4737 0.4536 0.4929 0.5577 0.5107 0.5376 0.4740 0.5073 0.4794 0.4859 
0.5227 0.5390 0.5060 0.5173 0.5176 0.4816 0.4765 0.5221 0.4790 0.5152 0.5081 0.4625 0.5147 0.4744 1.0000 0.4731 0.4228 0.5522 0.5289 0.5772 0.5214 0.5078 0.4907 0.5365 0.5514 0.4679 0.5434 0.5291 0.5642 0.5240 0.5240 0.4992 0.4512 0.4029 0.5504 0.5092 0.4888 0.5102 0.4520 0.4836 0.5646 0.5424 0.5539 0.5326 0.5208 0.5482 0.4387 0.5195 0.5316 0.4504 
0.4522 0.5019 0.5108 0.4498 0.4625 0.4673 0.4489 0.4313 0.4328 0.4159 0.4231 0.4255 0.4572 0.4535 0.4731 1.0000 0.4276 0.4180 0.4811 0.5057 0.4640 0.4208 0.4465 0.4310 0.4830 0.4029 0.4292 0.4643 0.3991 0.4424 0.4643 0.4275 0.4076 0.3802 0.4402 0.5295 0.4289 0.4328 0.4301 0.4646 0.4789 0.4498 0.4703 0.4566 0.5118 0.4990 0.4141 0.4902 0.4701 0.3747 
0.5263 0.5043 0.4586 0.4413 0.5558 0.5300 0.5069 0.4457 0.4673 0.4336 0.4554 0.5160 0.5333 0.5233 0.4228 0.4276 1.0000 0.4426 0.5099 0.4788 0.4839 0.4703 0.4807 0.4931 0.5406 0.4838 0.4592 0.4652 0.4151 0.4582 0.4953 0.4287 0.4134 0.3766 0.4746 0.4750 0.3897 0.4882 0.4275 0.5919 0.4282 0.4861 0.4553 0.5284 0.4748 0.4878 0.4653 0.4608 0.5297 0.4354 
0.5335 0.5419 0.5006 0.5557 0.5724 0.4253 0.5176 0.5611 0.4633 0.5458 0.4955 0.5017 0.5458 0.4973 0.5522 0.4180 0.4426 1.0000 0.4856 0.5934 0.5143 0.5540 0.5023 0.5088 0.5166 0.4474 0.5252 0.5582 0.5460 0.5482 0.5391 0.4926 0.5061 0.3931 0.6074 0.5054 0.5309 0.4841 0.4896 0.4964 0.5291 0.5278 0.5611 0.5672 0.5093 0.5094 0.4631 0.5136 0.5172 0.4716 
0.5499 0.5868 0.5335 0.4865 0.5326 0.4745 0.5740 0.4420 0.4689 0.4644 0.4986 0.4599 0.5185 0.5136 0.5289 0.4811 0.5099 0.4856 1.0000 0.5819 0.4582 0.4612 0.4998 0.4631 0.5727 0.5032 0.5072 0.5050 0.4540 0.5092 0.5178 0.4525 0.4230 0.4385 0.4653 0.5283 0.4261 0.4745 0.4482 0.4768 0.5518 0.5334 0.4844 0.5732 0.5009 0.5157 0.4721 0.5008 0.5300 0.4671 
0.5857 0.5844 0.5504 0.5529 0.6061 0.4875 0.5386 0.5513 0.5294 0.5357 0.5215 0.5514 0.5510 0.5427 0.5772 0.5057 0.4788 0.5934 0.5819 1.0000 0.5126 0.5442 0.5385 0.5609 0.5572 0.4861 0.5326 0.6123 0.5557 0.6247 0.5969 0.4985 0.5189 0.4313 0.5758 0.6233 0.5325 0.5436 0.5392 0.5365 0.5945 0.5469 0.5522 0.6102 0.5608 0.5847 0.4783 0.5832 0.5683 0.4632 
0.5413 0.5184 0.5000 0.5198 0.5815 0.4769 0.5187 0.5055 0.5083 0.5326 0.4355 0.5216 0.5321 0.5100 0.5214 0.4640 0.4839 0.5143 0.4582 0.5126 1.0000 0.5340 0.4601 0.5272 0.5066 0.4651 0.5716 0.5251 0.5042 0.5123 0.5499 0.5156 0.4918 0.4170 0.5652 0.4960 0.4645 0.4808 0.4688 0.5446 0.4752 0.5007 0.5092 0.5251 0.5499 0.5293 0.4730 0.4997 0.5071 0.4529 
0.5305 0.5364 0.4875 0.6165 0.6062 0.5121 0.4716 0.5770 0.5092 0.6532 0.5250 0.5313 0.5389 0.4915 0.5078 0.4208 0.4703 0.5540 0.4612 0.5442 0.5340 1.0000 0.5056 0.5064 0.5034 0.4756 0.5124 0.5965 0.5718 0.5263 0.5368 0.4431 0.5578 0.4363 0.6282 0.5464 0.5420 0.5682 0.5424 0.5249 0.5043 0.5536 0.5406 0.5351 0.5464 0.5721 0.5157 0.5013 0.4932 0.4744 
0.4934 0.5182 0.4391 0.5007 0.4769 0.4885 0.5457 0.5219 0.4982 0.4971 0.5132 0.4702 0.4889 0.5288 0.4907 0.4465 0.4807 0.5023 0.4998 0.5385 0.4601 0.5056 1.0000 0.4847 0.5422 0.5188 0.4592 0.4645 0.4581 0.4605 0.5108 0.4167 0.5376 0.4113 0.5245 0.4993 0.5416 0.5271 0.5183 0.4679 0.4560 0.4994 0.5372 0.5208 0.5079 0.4695 0.5221 0.5340 0.4897 0.4551 
0.5115 0.5111 0.4635 0.4757 0.5024 0.4712 0.4805 0.5451 0.5021 0.4936 0.4604 0.5189 0.5531 0.4907 0.5365 0.4310 0.4931 0.5088 0.4631 0.5609 0.5272 0.5064 0.4847 1.0000 0.4851 0.4489 0.5347 0.5280 0.5144 0.4879 0.4876 0.5186 0.4748 0.3599 0.5294 0.5010 0.4791 0.5001 0.4537 0.5335 0.4892 0.5303 0.4833 0.4985 0.5075 0.5142 0.4566 0.4907 0.5704 0.4731 
0.5084 0.5793 0.5334 0.4825 0.5887 0.5748 0.5872 0.5039 0.5070 0.4986 0.4968 0.4912 0.5933 0.5629 0.5514 0.4830 0.5406 0.5166 0.5727 0.5572 0.5066 0.5034 0.5422 0.4851 1.0000 0.5296 0.5014 0.5347 0.4930 0.5411 0.4979 0.4631 0.4384 0.4065 0.5782 0.5192 0.4464 0.5059 0.4620 0.5332 0.4772 0.5293 0.5040 0.6226 0.5167 0.5560 0.4891 0.5213 0.4919 0.4730 
0.5062 0.4703 0.4702 0.4931 0.4901 0.4979 0.5508 0.4526 0.5099 0.5065 0.4755 0.4752 0.5018 0.5104 0.4679 0.4029 0.4838 0.4474 0.5032 0.4861 0.4651 0.4756 0.5188 0.4489 0.5296 1.0000 0.4504 0.4388 0.4952 0.4570 0.4679 0.4218 0.4319 0.3917 0.4558 0.4668 0.4372 0.4657 0.4073 0.4653 0.4507 0.4827 0.4976 0.5187 0.5308 0.4521 0.5423 0.4734 0.4697 0.4718 
0.5419 0.5899 0.4795 0.5550 0.5450 0.4350 0.5342 0.4788 0.4224 0.4856 0.4577 0.5188 0.4859 0.4397 0.5434 0.4292 0.4592 0.5252 0.5072 0.5326 0.5716 0.5124 0.4592 0.5347 0.5014 0.4504 1.0000 0.5576 0.5529 0.5129 0.5530 0.5383 0.5080 0.4144 0.5183 0.4979 0.4475 0.4627 0.5163 0.4879 0.5157 0.5104 0.4916 0.5184 0.5199 0.5151 0.4830 0.4880 0.4929 0.4693 
0.5570 0.5693 0.5072 0.5082 0.6169 0.4535 0.5213 0.5665 0.4640 0.5092 0.4904 0.5053 0.5457 0.5210 0.5291 0.4643 0.4652 0.5582 0.5050 0.6123 0.5251 0.5965 0.4645 0.5280 0.5347 0.4388 0.5576 1.0000 0.5325 0.5557 0.5345 0.4476 0.4991 0.3985 0.5796 0.5933 0.4827 0.5108 0.5090 0.5368 0.5395 0.5339 0.5247 0.5837 0.5119 0.5685 0.4614 0.5108 0.4957 0.4880 
0.5177 0.4784 0.4780 0.5661 0.5197 0.4608 0.4496 0.5334 0.4739 0.5716 0.5163 0.5115 0.5030 0.4636 0.5642 0.3991 0.4151 0.5460 0.4540 0.5557 0.5042 0.5718 0.4581 0.5144 0.4930 0.4952 0.5529 0.5325 1.0000 0.5269 0.4694 0.4892 0.5129 0.3873 0.5499 0.5262 0.5239 0.5286 0.4954 0.4790 0.5157 0.5386 0.4984 0.5110 0.4793 0.4833 0.4893 0.5042 0.5097 0.4443 
0.5374 0.5617 0.5358 0.5211 0.6114 0.4581 0.4960 0.5378 0.4582 0.5166 0.4906 0.5388 0.5381 0.4883 0.5240 0.4424 0.4582 0.5482 0.5092 0.6247 0.5123 0.5263 0.4605 0.4879 0.5411 0.4570 0.5129 0.5557 0.5269 1.0000 0.5371 0.4570 0.4756 0.3870 0.5605 0.5200 0.4952 0.4830 0.4398 0.4979 0.5707 0.4721 0.5012 0.5964 0.5399 0.5679 0.4427 0.5527 0.4900 0.4259 
0.5546 0.5649 0.4727 0.5273 0.5642 0.4575 0.5164 0.4987 0.5192 0.5354 0.4741 0.5050 0.4914 0.5015 0.5240 0.4643 0.4953 0.5391 0.5178 0.5969 0.5499 0.5368 0.5108 0.4876 0.4979 0.4679 0.5530 0.5345 0.4694 0.5371 1.0000 0.4668 0.5068 0.4144 0.5250 0.4997 0.4863 0.5244 0.5479 0.5350 0.5531 0.4922 0.5540 0.5547 0.5537 0.5285 0.4815 0.4893 0.5061 0.4514 
0.4923 0.4842 0.4775 0.4738 0.4857 0.4244 0.4425 0.4489 0.4165 0.4611 0.4096 0.4794 0.4522 0.4212 0.4992 0.4275 0.4287 0.4926 0.4525 0.4985 0.5156 0.4431 0.4167 0.5186 0.4631 0.4218 0.5383 0.4476 0.4892 0.4570 0.4668 1.0000 0.4150 0.4248 0.4739 0.4534 0.4390 0.4328 0.3994 0.4627 0.4617 0.4958 0.4772 0.4579 0.4862 0.4613 0.4368 0.4646 0.5145 0.4206 
0.4786 0.4626 0.4298 0.5745 0.4841 0.4407 0.4776 0.5407 0.4755 0.5444 0.4892 0.4676 0.4344 0.4337 0.4512 0.4076 0.4134 0.5061 0.4230 0.5189 0.4918 0.5578 0.5376 0.4748 0.4384 0.4319 0.5080 0.4991 0.5129 0.4756 0.5068 0.4150 1.0000 0.4121 0.5125 0.4905 0.6002 0.5558 0.5663 0.4573 0.4571 0.4764 0.4547 0.4630 0.4817 0.4569 0.4480 0.4434 0.4363 0.4269 
0.3931 0.4120 0.3902 0.4580 0.4297 0.3979 0.3685 0.3727 0.3942 0.4240 0.3812 0.3913 0.3978 0.3506 0.4029 0.3802 0.3766 0.3931 0.4385 0.4313 0.4170 0.4363 0.4113 0.3599 0.4065 0.3917 0.4144 0.3985 0.3873 0.3870 0.4144 0.4248 0.4121 1.0000 0.3987 0.4265 0.4227 0.4434 0.4262 0.3663 0.3813 0.4272 0.4036 0.4305 0.4015 0.4142 0.4004 0.3729 0.3932 0.3374 
0.5884 0.5450 0.5146 0.5481 0.6483 0.4964 0.4948 0.5633 0.4883 0.5880 0.4685 0.5273 0.5653 0.5492 0.5504 0.4402 0.4746 0.6074 0.4653 0.5758 0.5652 0.6282 0.5245 0.5294 0.5782 0.4558 0.5183 0.5796 0.5499 0.5605 0.5250 0.4739 0.5125 0.3987 1.0000 0.5387 0.5050 0.4916 0.4835 0.5586 0.4877 0.5253 0.5376 0.5640 0.5212 0.5469 0.4663 0.5537 0.5179 0.4682 
0.5672 0.5221 0.5429 0.5406 0.6203 0.4794 0.4886 0.5055 0.5073 0.5106 0.5181 0.5035 0.4921 0.5012 0.5092 0.5295 0.4750 0.5054 0.5283 0.6233 0.4960 0.5464 0.4993 0.5010 0.5192 0.4668 0.4979 0.5933 0.5262 0.5200 0.4997 0.4534 0.4905 0.4265 0.5387 1.0000 0.5255 0.5510 0.5205 0.5452 0.5531 0.5466 0.4980 0.5589 0.5283 0.5349 0.4775 0.5703 0.5303 0.4180 
0.4471 0.4521 0.5028 0.5743 0.4772 0.4509 0.4299 0.5407 0.4891 0.5509 0.5139 0.4624 0.4544 0.4286 0.4888 0.4289 0.3897 0.5309 0.4261 0.5325 0.4645 0.5420 0.5416 0.4791 0.4464 0.4372 0.4475 0.4827 0.5239 0.4952 0.4863 0.4390 0.6002 0.4227 0.5050 0.5255 1.0000 0.5524 0.5098 0.4398 0.4683 0.5165 0.5291 0.4882 0.4869 0.4685 0.4573 0.4705 0.4791 0.3961 
0.5229 0.4762 0.5065 0.5230 0.5301 0.5157 0.4560 0.5090 0.5268 0.5260 0.5134 0.4788 0.4775 0.4792 0.5102 0.4328 0.4882 0.4841 0.4745 0.5436 0.4808 0.5682 0.5271 0.5001 0.5059 0.4657 0.4627 0.5108 0.5286 0.4830 0.5244 0.4328 0.5558 0.4434 0.4916 0.5510 0.5524 1.0000 0.5330 0.5236 0.4778 0.5791 0.4911 0.5332 0.4762 0.5347 0.4554 0.4666 0.4811 0.4014 
0.4573 0.4807 0.4222 0.5136 0.4887 0.4335 0.4637 0.4831 0.4545 0.5015 0.4678 0.4302 0.4377 0.4478 0.4520 0.4301 0.4275 0.4896 0.4482 0.5392 0.4688 0.5424 0.5183 0.4537 0.4620 0.4073 0.5163 0.5090 0.4954 0.4398 0.5479 0.3994 0.5663 0.4262 0.4835 0.5205 0.5098 0.5330 1.0000 0.4736 0.4631 0.4981 0.4827 0.4599 0.4774 0.4515 0.4818 0.4401 0.4628 0.4176 
0.5808 0.4984 0.5076 0.4600 0.5883 0.4898 0.5200 0.4950 0.4825 0.4912 0.4580 0.5560 0.5249 0.5491 0.4836 0.4646 0.5919 0.4964 0.4768 0.5365 0.5446 0.5249 0.4679 0.5335 0.5332 0.4653 0.4879 0.5368 0.4790 0.4979 0.5350 0.4627 0.4573 0.3663 0.5586 0.5452 0.4398 0.5236 0.4736 1.0000 0.5007 0.5203 0.4945 0.5174 0.5385 0.5211 0.4297 0.5499 0.5431 0.4669 
0.5267 0.5480 0.4974 0.5164 0.5350 0.4519 0.5054 0.5114 0.4620 0.5221 0.5470 0.4749 0.4986 0.4737 0.5646 0.4789 0.4282 0.5291 0.5518 0.5945 0.4752 0.5043 0.4560 0.4892 0.4772 0.4507 0.5157 0.5395 0.5157 0.5707 0.5531 0.4617 0.4571 0.3813 0.4877 0.5531 0.4683 0.4778 0.4631 0.5007 1.0000 0.4954 0.5124 0.5279 0.5367 0.5282 0.4536 0.5202 0.5221 0.4921 
0.5504 0.5563 0.5217 0.5395 0.5198 0.4735 0.4623 0.5018 0.4559 0.5060 0.4947 0.4832 0.4987 0.4536 0.5424 0.4498 0.4861 0.5278 0.5334 0.5469 0.5007 0.5536 0.4994 0.5303 0.5293 0.4827 0.5104 0.5339 0.5386 0.4721 0.4922 0.4958 0.4764 0.4272 0.5253 0.5466 0.5165 0.5791 0.4981 0.5203 0.4954 1.0000 0.5354 0.5024 0.4773 0.5257 0.4850 0.4838 0.5534 0.4599 
0.5136 0.5179 0.4803 0.5140 0.5217 0.4593 0.4757 0.5345 0.4590 0.5408 0.4824 0.4772 0.4938 0.4929 0.5539 0.4703 0.4553 0.5611 0.4844 0.5522 0.5092 0.5406 0.5372 0.4833 0.5040 0.4976 0.4916 0.5247 0.4984 0.5012 0.5540 0.4772 0.4547 0.4036 0.5376 0.4980 0.5291 0.4911 0.4827 0.4945 0.5124 0.5354 1.0000 0.5200 0.5514 0.5186 0.4441 0.5188 0.5067 0.4238 
0.5493 0.5586 0.5252 0.5266 0.6332 0.5274 0.5707 0.5054 0.5832 0.5339 0.5451 0.5226 0.5865 0.5577 0.5326 0.4566 0.5284 0.5672 0.5732 0.6102 0.5251 0.5351 0.5208 0.4985 0.6226 0.5187 0.5184 0.5837 0.5110 0.5964 0.5547 0.4579 0.4630 0.4305 0.5640 0.5589 0.4882 0.5332 0.4599 0.5174 0.5279 0.5024 0.5200 1.0000 0.5471 0.5463 0.5163 0.5345 0.4840 0.4834 
0.5603 0.5437 0.5017 0.5359 0.5729 0.4735 0.5425 0.5038 0.5116 0.5266 0.4588 0.5375 0.4875 0.5107 0.5208 0.5118 0.4748 0.5093 0.5009 0.5608 0.5499 0.5464 0.5079 0.5075 0.5167 0.5308 0.5199 0.5119 0.4793 0.5399 0.5537 0.4862 0.4817 0.4015 0.5212 0.5283 0.4869 0.4762 0.4774 0.5385 0.5367 0.4773 0.5514 0.5471 1.0000 0.4931 0.4722 0.5813 0.5318 0.4325 
0.5169 0.5662 0.5569 0.5153 0.6042 0.5486 0.5166 0.5262 0.5078 0.5080 0.4783 0.5326 0.5888 0.5376 0.5482 0.4990 0.4878 0.5094 0.5157 0.5847 0.5293 0.5721 0.4695 0.5142 0.5560 0.4521 0.5151 0.5685 0.4833 0.5679 0.5285 0.4613 0.4569 0.4142 0.5469 0.5349 0.4685 0.5347 0.4515 0.5211 0.5282 0.5257 0.5186 0.5463 0.4931 1.0000 0.4295 0.4981 0.5004 0.4611 
0.4642 0.4794 0.4439 0.5108 0.4769 0.4855 0.4904 0.4522 0.5134 0.4709 0.4982 0.4623 0.4928 0.4740 0.4387 0.4141 0.4653 0.4631 0.4721 0.4783 0.4730 0.5157 0.5221 0.4566 0.4891 0.5423 0.4830 0.4614 0.4893 0.4427 0.4815 0.4368 0.4480 0.4004 0.4663 0.4775 0.4573 0.4554 0.4818 0.4297 0.4536 0.4850 0.4441 0.5163 0.4722 0.4295 1.0000 0.4477 0.4866 0.5061 
0.5525 0.5365 0.5308 0.5072 0.5653 0.4480 0.5164 0.5045 0.4545 0.4927 0.4567 0.5057 0.4801 0.5073 0.5195 0.4902 0.4608 0.5136 0.5008 0.5832 0.4997 0.5013 0.5340 0.4907 0.5213 0.4734 0.4880 0.5108 0.5042 0.5527 0.4893 0.4646 0.4434 0.3729 0.5537 0.5703 0.4705 0.4666 0.4401 0.5499 0.5202 0.4838 0.5188 0.5345 0.5813 0.4981 0.4477 1.0000 0.5464 0.4083 
0.5433 0.5271 0.5068 0.4951 0.5243 0.4587 0.4749 0.4989 0.4725 0.4945 0.4647 0.5351 0.5164 0.4794 0.5316 0.4701 0.5297 0.5172 0.5300 0.5683 0.5071 0.4932 0.4897 0.5704 0.4919 0.4697 0.4929 0.4957 0.5097 0.4900 0.5061 0.5145 0.4363 0.3932 0.5179 0.5303 0.4791 0.4811 0.4628 0.5431 0.5221 0.5534 0.5067 0.4840 0.5318 0.5004 0.4866 0.5464 1.0000 0.4174 
0.4541 0.4426 0.4198 0.4345 0.4485 0.4385 0.5177 0.4597 0.4477 0.4271 0.5162 0.4339 0.5245 0.4859 0.4504 0.3747 0.4354 0.4716 0.4671 0.4632 0.4529 0.4744 0.4551 0.4731 0.4730 0.4718 0.4693 0.4880 0.4443 0.4259 0.4514 0.4206 0.4269 0.3374 0.4682 0.4180 0.3961 0.4014 0.4176 0.4669 0.4921 0.4599 0.4238 0.4834 0.4325 0.4611 0.5061 0.4083 0.4174 1.0000 
