1.0000 0.3843 0.3651 0.3579 0.3441 0.3771 0.3506 0.3644 0.3352 0.3209 0.3806 0.3450 0.3999 0.3360 0.3311 0.3963 0.3641 0.3813 0.3591 0.3417 0.3405 0.4191 0.3386 0.3845 0.3984 0.3926 0.3773 0.3151 0.3350 0.3969 0.3515 0.3761 0.3685 0.3494 0.3472 0.4241 0.3717 0.3810 0.3541 0.4155 0.3630 0.3409 0.3762 0.4206 0.3275 0.4014 0.3288 0.4323 0.3423 0.3498
0.3843 1.0000 0.4226 0.4086 0.3327 0.3989 0.3306 0.3588 0.3647 0.3412 0.3735 0.3834 0.4146 0.3695 0.3300 0.4962 0.4075 0.3935 0.3612 0.3867 0.3771 0.4059 0.4307 0.3777 0.4379 0.3853 0.3784 0.3772 0.4162 0.4071 0.3756 0.3773 0.4195 0.3573 0.4237 0.4531 0.3975 0.4092 0.3715 0.4268 0.3639 0.3666 0.3523 0.4171 0.3629 0.4557 0.3655 0.4223 0.4206 0.3913
0.3651 0.4226 1.0000 0.4546 0.3933 0.4074 0.3718 0.3865 0.3899 0.3777 0.4254 0.3814 0.4005 0.4284 0.3391 0.3961 0.4370 0.4123 0.3180 0.4249 0.4100 0.4013 0.4094 0.4026 0.4194 0.3922 0.3631 0.3788 0.4008 0.4273 0.3839 0.3841 0.3869 0.4326 0.4307 0.3972 0.4285 0.3785 0.3634 0.4094 0.3660 0.3878 0.4175 0.4077 0.3211 0.4184 0.4125 0.3555 0.3773 0.3771
0.3579 0.4086 0.4546 1.0000 0.4450 0.4443 0.4032 0.3846 0.3932 0.3691 0.4473 0.4018 0.3775 0.3636 0.3270 0.4365 0.4503 0.3807 0.3767 0.3731 0.4462 0.4232 0.4088 0.4245 0.4341 0.3888 0.3925 0.4495 0.4143 0.3989 0.4281 0.3831 0.4072 0.4457 0.4339 0.4301 0.4754 0.4539 0.4364 0.4163 0.4208 0.4447 0.4672 0.3969 0.3920 0.4251 0.4062 0.3475 0.3785 0.3653
0.3441 0.3327 0.3933 0.4450 1.0000 0.3823 0.3914 0.4008 0.3979 0.3783 0.3892 0.3641 0.3406 0.3994 0.3361 0.3517 0.4172 0.3501 0.3598 0.3708 0.4135 0.3700 0.3719 0.4383 0.3900 0.4178 0.3556 0.3879 0.3999 0.3923 0.3838 0.4024 0.3903 0.4512 0.3947 0.3773 0.4063 0.4053 0.4140 0.3766 0.3649 0.4443 0.4547 0.3706 0.3374 0.4113 0.4090 0.3489 0.4326 0.3138
0.3771 0.3989 0.4074 0.4443 0.3823 1.0000 0.3796 0.3968 0.3899 0.3840 0.4266 0.3979 0.3660 0.3729 0.3554 0.4068 0.4209 0.4148 0.3992 0.4208 0.4106 0.3837 0.3666 0.4570 0.4132 0.4462 0.3684 0.3780 0.3573 0.4126 0.4104 0.4455 0.3819 0.4532 0.4140 0.4124 0.4414 0.4119 0.4062 0.4475 0.4242 0.3883 0.3756 0.4849 0.3737 0.4430 0.3826 0.3814 0.4292 0.3773
0.3506 0.3306 0.3718 0.4032 0.3914 0.3796 1.0000 0.3739 0.3405 0.4591 0.3749 0.3273 0.3550 0.4285 0.4058 0.3286 0.3979 0.3742 0.3597 0.3728 0.3335 0.3793 0.3557 0.3967 0.3887 0.3739 0.3320 0.3631 0.3292 0.3447 0.3819 0.3581 0.4070 0.4164 0.3431 0.4209 0.3715 0.3797 0.3743 0.3885 0.4093 0.3689 0.4016 0.4222 0.3605 0.3802 0.4289 0.3880 0.3859 0.3204
0.3644 0.3588 0.3865 0.3846 0.4008 0.3968 0.3739 1.0000 0.3914 0.3770 0.4321 0.4135 0.3345 0.3403 0.3336 0.3949 0.4495 0.4192 0.3370 0.4239 0.4333 0.3364 0.3837 0.4492 0.3949 0.4074 0.3294 0.4448 0.3129 0.3759 0.3879 0.3935 0.4037 0.4053 0.3880 0.4033 0.4281 0.4194 0.3790 0.3878 0.4307 0.4562 0.3864 0.4072 0.3508 0.4494 0.4060 0.3532 0.4039 0.3116
0.3352 0.3647 0.3899 0.3932 0.3979 0.3899 0.3405 0.3914 1.0000 0.3908 0.3988 0.3308 0.3183 0.3372 0.3319 0.3348 0.3666 0.3642 0.3332 0.3584 0.3737 0.3771 0.3923 0.4063 0.3639 0.4446 0.3357 0.3607 0.3471 0.3675 0.3488 0.3804 0.3744 0.3877 0.3572 0.4080 0.3409 0.3861 0.3822 0.3684 0.3542 0.3414 0.3854 0.3761 0.3385 0.4001 0.3891 0.3601 0.3600 0.3149
0.3209 0.3412 0.3777 0.3691 0.3783 0.3840 0.4591 0.3770 0.3908 1.0000 0.3802 0.3193 0.3729 0.3688 0.3795 0.3372 0.3641 0.3915 0.3502 0.3645 0.3662 0.3947 0.3613 0.3450 0.3928 0.3569 0.3580 0.3266 0.3144 0.3533 0.3881 0.3875 0.3612 0.4137 0.3504 0.3820 0.3473 0.3527 0.3676 0.4057 0.3762 0.3770 0.3946 0.3903 0.3275 0.3493 0.3787 0.3704 0.4240 0.3231
0.3806 0.3735 0.4254 0.4473 0.3892 0.4266 0.3749 0.4321 0.3988 0.3802 1.0000 0.3582 0.3709 0.3391 0.3960 0.3802 0.4155 0.3712 0.3873 0.4267 0.4351 0.3390 0.3675 0.4304 0.3657 0.4724 0.3357 0.3685 0.3740 0.4062 0.3861 0.3967 0.4298 0.3819 0.4358 0.4390 0.4727 0.4183 0.3964 0.4222 0.3968 0.4199 0.3703 0.3877 0.3617 0.4275 0.3856 0.3570 0.4121 0.3079
0.3450 0.3834 0.3814 0.4018 0.3641 0.3979 0.3273 0.4135 0.3308 0.3193 0.3582 1.0000 0.3738 0.3216 0.3144 0.3996 0.4115 0.4114 0.3580 0.3582 0.3826 0.3270 0.3643 0.4339 0.4109 0.3654 0.3531 0.3599 0.3491 0.4024 0.3692 0.3635 0.3787 0.3769 0.4017 0.3595 0.4358 0.4232 0.3868 0.3270 0.3842 0.4073 0.3606 0.3821 0.3497 0.3920 0.3760 0.3307 0.3369 0.3698
0.3999 0.4146 0.4005 0.3775 0.3406 0.3660 0.3550 0.3345 0.3183 0.3729 0.3709 0.3738 1.0000 0.3146 0.3489 0.4389 0.3657 0.3965 0.3425 0.3576 0.3552 0.3641 0.4169 0.3663 0.4022 0.3537 0.3440 0.3442 0.3381 0.4033 0.4095 0.3311 0.4220 0.3708 0.3703 0.4430 0.3711 0.4104 0.3438 0.3739 0.3842 0.3561 0.3506 0.3674 0.3444 0.3715 0.3717 0.4065 0.3509 0.3768
0.3360 0.3695 0.4284 0.3636 0.3994 0.3729 0.4285 0.3403 0.3372 0.3688 0.3391 0.3216 0.3146 1.0000 0.3150 0.3309 0.3734 0.3802 0.4058 0.3907 0.3538 0.3595 0.3557 0.3640 0.3767 0.3665 0.3519 0.3498 0.3608 0.3714 0.3266 0.3852 0.3457 0.3983 0.3388 0.3598 0.3956 0.3394 0.3924 0.3716 0.3344 0.3591 0.4103 0.4012 0.3440 0.3718 0.4191 0.3853 0.4104 0.3441
0.3311 0.3300 0.3391 0.3270 0.3361 0.3554 0.4058 0.3336 0.3319 0.3795 0.3960 0.3144 0.3489 0.3150 1.0000 0.3210 0.3162 0.4011 0.3540 0.3296 0.3318 0.3332 0.3557 0.3409 0.3575 0.3486 0.2818 0.2956 0.3305 0.4198 0.3248 0.3493 0.3217 0.3489 0.3304 0.3761 0.3362 0.3421 0.3745 0.3688 0.3955 0.3343 0.3743 0.3503 0.3201 0.3369 0.3554 0.3440 0.3692 0.3204
0.3963 0.4962 0.3961 0.4365 0.3517 0.4068 0.3286 0.3949 0.3348 0.3372 0.3802 0.3996 0.4389 0.3309 0.3210 1.0000 0.4234 0.4154 0.3494 0.3783 0.3918 0.4028 0.4005 0.4064 0.3946 0.3596 0.4092 0.3755 0.4401 0.3895 0.4014 0.3655 0.4006 0.3967 0.3727 0.4114 0.4311 0.4232 0.3528 0.3814 0.3805 0.3873 0.3843 0.3919 0.3984 0.4142 0.3800 0.3994 0.3690 0.4419
0.3641 0.4075 0.4370 0.4503 0.4172 0.4209 0.3979 0.4495 0.3666 0.3641 0.4155 0.4115 0.3657 0.3734 0.3162 0.4234 1.0000 0.3880 0.3452 0.3985 0.4510 0.3952 0.3690 0.4543 0.3894 0.3881 0.3660 0.4107 0.3782 0.3851 0.4004 0.4242 0.4242 0.4952 0.4298 0.4184 0.4342 0.4273 0.4139 0.4222 0.3845 0.4483 0.4092 0.4238 0.3935 0.4530 0.3798 0.3574 0.4352 0.3362
0.3813 0.3935 0.4123 0.3807 0.3501 0.4148 0.3742 0.4192 0.3642 0.3915 0.3712 0.4114 0.3965 0.3802 0.4011 0.4154 0.3880 1.0000 0.4189 0.4246 0.4040 0.4082 0.4581 0.3830 0.3973 0.3740 0.3653 0.3599 0.3516 0.4802 0.3739 0.3862 0.3455 0.4038 0.3845 0.3951 0.4493 0.4197 0.3917 0.4026 0.4849 0.4143 0.3778 0.4022 0.4031 0.4153 0.4452 0.3972 0.3766 0.3918
0.3591 0.3612 0.3180 0.3767 0.3598 0.3992 0.3597 0.3370 0.3332 0.3502 0.3873 0.3580 0.3425 0.4058 0.3540 0.3494 0.3452 0.4189 1.0000 0.4315 0.3370 0.3620 0.3552 0.3902 0.3396 0.3697 0.3380 0.3493 0.3477 0.3681 0.3339 0.3676 0.3496 0.3593 0.3412 0.3838 0.4190 0.3595 0.4387 0.3852 0.3609 0.3461 0.3721 0.3440 0.4132 0.3697 0.3583 0.4370 0.3560 0.2797
0.3417 0.3867 0.4249 0.3731 0.3708 0.4208 0.3728 0.4239 0.3584 0.3645 0.4267 0.3582 0.3576 0.3907 0.3296 0.3783 0.3985 0.4246 0.4315 1.0000 0.3799 0.3534 0.4348 0.3945 0.3743 0.3821 0.3390 0.3668 0.3393 0.3883 0.3593 0.4032 0.4310 0.4110 0.3817 0.3823 0.4526 0.4026 0.3753 0.4381 0.4005 0.3668 0.3668 0.4253 0.3541 0.4324 0.4206 0.4446 0.4139 0.3612
0.3405 0.3771 0.4100 0.4462 0.4135 0.4106 0.3335 0.4333 0.3737 0.3662 0.4351 0.3826 0.3552 0.3538 0.3318 0.3918 0.4510 0.4040 0.3370 0.3799 1.0000 0.4090 0.3783 0.4173 0.4142 0.4201 0.3690 0.3657 0.3457 0.4390 0.3773 0.4511 0.3664 0.4222 0.4261 0.3697 0.4296 0.3844 0.3902 0.3671 0.3587 0.4161 0.4113 0.3821 0.3497 0.4036 0.3624 0.3283 0.4126 0.3309
0.4191 0.4059 0.4013 0.4232 0.3700 0.3837 0.3793 0.3364 0.3771 0.3947 0.3390 0.3270 0.3641 0.3595 0.3332 0.4028 0.3952 0.4082 0.3620 0.3534 0.4090 1.0000 0.4042 0.3517 0.4169 0.3744 0.4192 0.3661 0.3720 0.3869 0.3738 0.3865 0.3513 0.3910 0.3630 0.4002 0.3788 0.3717 0.3728 0.3956 0.3464 0.3571 0.4313 0.3951 0.3747 0.4261 0.3580 0.3943 0.3817 0.3681
0.3386 0.4307 0.4094 0.4088 0.3719 0.3666 0.3557 0.3837 0.3923 0.3613 0.3675 0.3643 0.4169 0.3557 0.3557 0.4005 0.3690 0.4581 0.3552 0.4348 0.3783 0.4042 1.0000 0.3999 0.3908 0.3716 0.4134 0.3758 0.3338 0.4142 0.3499 0.3580 0.4350 0.3801 0.3950 0.4378 0.4097 0.4499 0.3969 0.4053 0.4332 0.4045 0.3727 0.3770 0.3343 0.4539 0.4553 0.4072 0.3764 0.3889
0.3845 0.3777 0.4026 0.4245 0.4383 0.4570 0.3967 0.4492 0.4063 0.3450 0.4304 0.4339 0.3663 0.3640 0.3409 0.4064 0.4543 0.3830 0.3902 0.3945 0.4173 0.3517 0.3999 1.0000 0.4105 0.5232 0.3596 0.4232 0.3313 0.3882 0.3831 0.4492 0.4643 0.4052 0.4526 0.4373 0.4529 0.4416 0.4156 0.3644 0.3940 0.4119 0.4075 0.4074 0.4165 0.4395 0.4144 0.3907 0.3788 0.3708
0.3984 0.4379 0.4194 0.4341 0.3900 0.4132 0.3887 0.3949 0.3639 0.3928 0.3657 0.4109 0.4022 0.3767 0.3575 0.3946 0.3894 0.3973 0.3396 0.3743 0.4142 0.4169 0.3908 0.4105 1.0000 0.3934 0.3887 0.4236 0.3180 0.3947 0.3767 0.4472 0.3679 0.3961 0.3883 0.4236 0.4265 0.4590 0.3669 0.4311 0.3771 0.3839 0.4110 0.4415 0.3900 0.4688 0.3945 0.4516 0.4116 0.3513
0.3926 0.3853 0.3922 0.3888 0.4178 0.4462 0.3739 0.4074 0.4446 0.3569 0.4724 0.3654 0.3537 0.3665 0.3486 0.3596 0.3881 0.3740 0.3697 0.3821 0.4201 0.3744 0.3716 0.5232 0.3934 1.0000 0.3801 0.3808 0.3469 0.3775 0.3464 0.4792 0.3988 0.3995 0.4138 0.4462 0.4084 0.4150 0.3823 0.4068 0.3735 0.4257 0.3724 0.4159 0.3306 0.4579 0.3792 0.3995 0.4227 0.3278
0.3773 0.3784 0.3631 0.3925 0.3556 0.3684 0.3320 0.3294 0.3357 0.3580 0.3357 0.3531 0.3440 0.3519 0.2818 0.4092 0.3660 0.3653 0.3380 0.3390 0.3690 0.4192 0.4134 0.3596 0.3887 0.3801 1.0000 0.3076 0.3532 0.3800 0.3175 0.3704 0.3373 0.3641 0.3760 0.3723 0.3451 0.3837 0.3539 0.3679 0.3292 0.4216 0.4202 0.3671 0.3139 0.4452 0.3719 0.3373 0.3836 0.3554
0.3151 0.3772 0.3788 0.4495 0.3879 0.3780 0.3631 0.4448 0.3607 0.3266 0.3685 0.3599 0.3442 0.3498 0.2956 0.3755 0.4107 0.3599 0.3493 0.3668 0.3657 0.3661 0.3758 0.4232 0.4236 0.3808 0.3076 1.0000 0.2949 0.3484 0.3717 0.3391 0.4271 0.3901 0.3980 0.3956 0.4208 0.4186 0.3942 0.3580 0.3645 0.4084 0.3658 0.3655 0.3860 0.4267 0.4177 0.3883 0.3603 0.3035
0.3350 0.4162 0.4008 0.4143 0.3999 0.3573 0.3292 0.3129 0.3471 0.3144 0.3740 0.3491 0.3381 0.3608 0.3305 0.4401 0.3782 0.3516 0.3477 0.3393 0.3457 0.3720 0.3338 0.3313 0.3180 0.3469 0.3532 0.2949 1.0000 0.4009 0.3348 0.3357 0.3303 0.3583 0.3301 0.3350 0.3664 0.3443 0.3427 0.3490 0.3295 0.3487 0.4019 0.3614 0.3119 0.3487 0.3303 0.3125 0.3843 0.3520
0.3969 0.4071 0.4273 0.3989 0.3923 0.4126 0.3447 0.3759 0.3675 0.3533 0.4062 0.4024 0.4033 0.3714 0.4198 0.3895 0.3851 0.4802 0.3681 0.3883 0.4390 0.3869 0.4142 0.3882 0.3947 0.3775 0.3800 0.3484 0.4009 1.0000 0.3630 0.3911 0.3565 0.4064 0.4519 0.3809 0.4192 0.4161 0.4170 0.3868 0.3960 0.3680 0.4128 0.3853 0.3544 0.3821 0.3633 0.3549 0.3833 0.3431
0.3515 0.3756 0.3839 0.4281 0.3838 0.4104 0.3819 0.3879 0.3488 0.3881 0.3861 0.3692 0.4095 0.3266 0.3248 0.4014 0.4004 0.3739 0.3339 0.3593 0.3773 0.3738 0.3499 0.3831 0.3767 0.3464 0.3175 0.3717 0.3348 0.3630 1.0000 0.3806 0.4113 0.4105 0.3541 0.4287 0.3824 0.3692 0.4008 0.3810 0.4034 0.3760 0.3573 0.3745 0.3382 0.4058 0.3495 0.3357 0.3624 0.3427
0.3761 0.3773 0.3841 0.3831 0.4024 0.4455 0.3581 0.3935 0.3804 0.3875 0.3967 0.3635 0.3311 0.3852 0.3493 0.3655 0.4242 0.3862 0.3676 0.4032 0.4511 0.3865 0.3580 0.4492 0.4472 0.4792 0.3704 0.3391 0.3357 0.3911 0.3806 1.0000 0.3921 0.4066 0.4028 0.3953 0.3895 0.4157 0.4348 0.4641 0.3714 0.3991 0.3709 0.4387 0.3585 0.4181 0.3672 0.4030 0.4424 0.3186
0.3685 0.4195 0.3869 0.4072 0.3903 0.3819 0.4070 0.4037 0.3744 0.3612 0.4298 0.3787 0.4220 0.3457 0.3217 0.4006 0.4242 0.3455 0.3496 0.4310 0.3664 0.3513 0.4350 0.4643 0.3679 0.3988 0.3373 0.4271 0.3303 0.3565 0.4113 0.3921 1.0000 0.3695 0.3889 0.4459 0.4289 0.4540 0.4213 0.4086 0.4132 0.4168 0.3666 0.3933 0.3672 0.4381 0.4378 0.4284 0.3989 0.3305
0.3494 0.3573 0.4326 0.4457 0.4512 0.4532 0.4164 0.4053 0.3877 0.4137 0.3819 0.3769 0.3708 0.3983 0.3489 0.3967 0.4952 0.4038 0.3593 0.4110 0.4222 0.3910 0.3801 0.4052 0.3961 0.3995 0.3641 0.3901 0.3583 0.4064 0.4105 0.4066 0.3695 1.0000 0.4076 0.3913 0.4387 0.4104 0.4178 0.4298 0.3788 0.4098 0.4107 0.4048 0.3186 0.4281 0.4083 0.3575 0.3897 0.3464
0.3472 0.4237 0.4307 0.4339 0.3947 0.4140 0.3431 0.3880 0.3572 0.3504 0.4358 0.4017 0.3703 0.3388 0.3304 0.3727 0.4298 0.3845 0.3412 0.3817 0.4261 0.3630 0.3950 0.4526 0.3883 0.4138 0.3760 0.3980 0.3301 0.4519 0.3541 0.4028 0.3889 0.4076 1.0000 0.4201 0.4407 0.4484 0.3976 0.3758 0.3619 0.4085 0.3688 0.3501 0.3539 0.4159 0.3823 0.3352 0.3611 0.3165
0.4241 0.4531 0.3972 0.4301 0.3773 0.4124 0.4209 0.4033 0.4080 0.3820 0.4390 0.3595 0.4430 0.3598 0.3761 0.4114 0.4184 0.3951 0.3838 0.3823 0.3697 0.4002 0.4378 0.4373 0.4236 0.4462 0.3723 0.3956 0.3350 0.3809 0.4287 0.3953 0.4459 0.3913 0.4201 1.0000 0.3809 0.4614 0.3901 0.4464 0.4467 0.4118 0.3877 0.4197 0.3301 0.4918 0.4249 0.4825 0.4171 0.3368
0.3717 0.3975 0.4285 0.4754 0.4063 0.4414 0.3715 0.4281 0.3409 0.3473 0.4727 0.4358 0.3711 0.3956 0.3362 0.4311 0.4342 0.4493 0.4190 0.4526 0.4296 0.3788 0.4097 0.4529 0.4265 0.4084 0.3451 0.4208 0.3664 0.4192 0.3824 0.3895 0.4289 0.4387 0.4407 0.3809 1.0000 0.4393 0.4774 0.4179 0.3976 0.4427 0.3981 0.3892 0.4437 0.4210 0.4384 0.3849 0.3840 0.3584
0.3810 0.4092 0.3785 0.4539 0.4053 0.4119 0.3797 0.4194 0.3861 0.3527 0.4183 0.4232 0.4104 0.3394 0.3421 0.4232 0.4273 0.4197 0.3595 0.4026 0.3844 0.3717 0.4499 0.4416 0.4590 0.4150 0.3837 0.4186 0.3443 0.4161 0.3692 0.4157 0.4540 0.4104 0.4484 0.4614 0.4393 1.0000 0.3986 0.4497 0.4665 0.4378 0.4017 0.4286 0.3878 0.5034 0.4621 0.3902 0.3871 0.3321
0.3541 0.3715 0.3634 0.4364 0.4140 0.4062 0.3743 0.3790 0.3822 0.3676 0.3964 0.3868 0.3438 0.3924 0.3745 0.3528 0.4139 0.3917 0.4387 0.3753 0.3902 0.3728 0.3969 0.4156 0.3669 0.3823 0.3539 0.3942 0.3427 0.4170 0.4008 0.4348 0.4213 0.4178 0.3976 0.3901 0.4774 0.3986 1.0000 0.4208 0.3979 0.4229 0.3795 0.3738 0.3760 0.4086 0.4400 0.3522 0.3769 0.3046
0.4155 0.4268 0.4094 0.4163 0.3766 0.4475 0.3885 0.3878 0.3684 0.4057 0.4222 0.3270 0.3739 0.3716 0.3688 0.3814 0.4222 0.4026 0.3852 0.4381 0.3671 0.3956 0.4053 0.3644 0.4311 0.4068 0.3679 0.3580 0.3490 0.3868 0.3810 0.4641 0.4086 0.4298 0.3758 0.4464 0.4179 0.4497 0.4208 1.0000 0.4045 0.3932 0.3854 0.4658 0.3293 0.4776 0.3859 0.4176 0.4367 0.3294
0.3630 0.3639 0.3660 0.4208 0.3649 0.4242 0.4093 0.4307 0.3542 0.3762 0.3968 0.3842 0.3842 0.3344 0.3955 0.3805 0.3845 0.4849 0.3609 0.4005 0.3587 0.3464 0.4332 0.3940 0.3771 0.3735 0.3292 0.3645 0.3295 0.3960 0.4034 0.3714 0.4132 0.3788 0.3619 0.4467 0.3976 0.4665 0.3979 0.4045 1.0000 0.4111 0.4016 0.4221 0.3536 0.4279 0.4531 0.3570 0.3698 0.3388
0.3409 0.3666 0.3878 0.4447 0.4443 0.3883 0.3689 0.4562 0.3414 0.3770 0.4199 0.4073 0.3561 0.3591 0.3343 0.3873 0.4483 0.4143 0.3461 0.3668 0.4161 0.3571 0.4045 0.4119 0.3839 0.4257 0.4216 0.4084 0.3487 0.3680 0.3760 0.3991 0.4168 0.4098 0.4085 0.4118 0.4427 0.4378 0.4229 0.3932 0.4111 1.0000 0.4114 0.4043 0.3616 0.4633 0.4161 0.3368 0.4164 0.3548
0.3762 0.3523 0.4175 0.4672 0.4547 0.3756 0.4016 0.3864 0.3854 0.3946 0.3703 0.3606 0.3506 0.4103 0.3743 0.3843 0.4092 0.3778 0.3721 0.3668 0.4113 0.4313 0.3727 0.4075 0.4110 0.3724 0.4202 0.3658 0.4019 0.4128 0.3573 0.3709 0.3666 0.4107 0.3688 0.3877 0.3981 0.4017 0.3795 0.3854 0.4016 0.4114 1.0000 0.3794 0.3663 0.4008 0.3870 0.3855 0.4431 0.3875
0.4206 0.4171 0.4077 0.3969 0.3706 0.4849 0.4222 0.4072 0.3761 0.3903 0.3877 0.3821 0.3674 0.4012 0.3503 0.3919 0.4238 0.4022 0.3440 0.4253 0.3821 0.3951 0.3770 0.4074 0.4415 0.4159 0.3671 0.3655 0.3614 0.3853 0.3745 0.4387 0.3933 0.4048 0.3501 0.4197 0.3892 0.4286 0.3738 0.4658 0.4221 0.4043 0.3794 1.0000 0.3436 0.4931 0.4038 0.4135 0.4774 0.3930
0.3275 0.3629 0.3211 0.3920 0.3374 0.3737 0.3605 0.3508 0.3385 0.3275 0.3617 0.3497 0.3444 0.3440 0.3201 0.3984 0.3935 0.4031 0.4132 0.3541 0.3497 0.3747 0.3343 0.4165 0.3900 0.3306 0.3139 0.3860 0.3119 0.3544 0.3382 0.3585 0.3672 0.3186 0.3539 0.3301 0.4437 0.3878 0.3760 0.3293 0.3536 0.3616 0.3663 0.3436 1.0000 0.3333 0.3725 0.4114 0.3371 0.3187
0.4014 0.4557 0.4184 0.4251 0.4113 0.4430 0.3802 0.4494 0.4001 0.3493 0.4275 0.3920 0.3715 0.3718 0.3369 0.4142 0.4530 0.4153 0.3697 0.4324 0.4036 0.4261 0.4539 0.4395 0.4688 0.4579 0.4452 0.4267 0.3487 0.3821 0.4058 0.4181 0.4381 0.4281 0.4159 0.4918 0.4210 0.5034 0.4086 0.4776 0.4279 0.4633 0.4008 0.4931 0.3333 1.0000 0.4373 0.3899 0.4426 0.3547
0.3288 0.3655 0.4125 0.4062 0.4090 0.3826 0.4289 0.4060 0.3891 0.3787 0.3856 0.3760 0.3717 0.4191 0.3554 0.3800 0.3798 0.4452 0.3583 0.4206 0.3624 0.3580 0.4553 0.4144 0.3945 0.3792 0.3719 0.4177 0.3303 0.3633 0.3495 0.3672 0.4378 0.4083 0.3823 0.4249 0.4384 0.4621 0.4400 0.3859 0.4531 0.4161 0.3870 0.4038 0.3725 0.4373 1.0000 0.3838 0.3965 0.3511
0.4323 0.4223 0.3555 0.3475 0.3489 0.3814 0.3880 0.3532 0.3601 0.3704 0.3570 0.3307 0.4065 0.3853 0.3440 0.3994 0.3574 0.3972 0.4370 0.4446 0.3283 0.3943 0.4072 0.3907 0.4516 0.3995 0.3373 0.3883 0.3125 0.3549 0.3357 0.4030 0.4284 0.3575 0.3352 0.4825 0.3849 0.3902 0.3522 0.4176 0.3570 0.3368 0.3855 0.4135 0.4114 0.3899 0.3838 1.0000 0.4176 0.3405
0.3423 0.4206 0.3773 0.3785 0.4326 0.4292 0.3859 0.4039 0.3600 0.4240 0.4121 0.3369 0.3509 0.4104 0.3692 0.3690 0.4352 0.3766 0.3560 0.4139 0.4126 0.3817 0.3764 0.3788 0.4116 0.4227 0.3836 0.3603 0.3843 0.3833 0.3624 0.4424 0.3989 0.3897 0.3611 0.4171 0.3840 0.3871 0.3769 0.4367 0.3698 0.4164 0.4431 0.4774 0.3371 0.4426 0.3965 0.4176 1.0000 0.3652
0.3498 0.3913 0.3771 0.3653 0.3138 0.3773 0.3204 0.3116 0.3149 0.3231 0.3079 0.3698 0.3768 0.3441 0.3204 0.4419 0.3362 0.3918 0.2797 0.3612 0.3309 0.3681 0.3889 0.3708 0.3513 0.3278 0.3554 0.3035 0.3520 0.3431 0.3427 0.3186 0.3305 0.3464 0.3165 0.3368 0.3584 0.3321 0.3046 0.3294 0.3388 0.3548 0.3875 0.3930 0.3187 0.3547 0.3511 0.3405 0.3652 1.0000
