1:	0.2491 0.0001 0.1055 0.0020 0.0097 0.0141 0.1932 0.1545 0.0010 0.0506 0.0811 0.0134 0.0609 0.0170 0.0479 	23
2:	0.2850 0.0084 0.0045 0.0312 0.0081 0.0013 0.1304 0.1620 0.0363 0.0846 0.1482 0.0087 0.0127 0.0241 0.0546 	13
3:	0.4589 0.0000 0.0000 0.0136 0.0575 0.0007 0.0060 0.0082 0.0000 0.0127 0.3203 0.0127 0.0144 0.0306 0.0645 	5
4:	0.3283 0.1327 0.0028 0.1076 0.0071 0.0264 0.0028 0.0127 0.0372 0.0045 0.0951 0.0119 0.0062 0.1518 0.0729 	15
5:	0.3353 0.1609 0.0068 0.0978 0.0114 0.0102 0.0039 0.0062 0.1522 0.0124 0.1071 0.0112 0.0099 0.0134 0.0611 	18
6:	0.0623 0.1900 0.0073 0.1725 0.0052 0.1664 0.0500 0.0423 0.1696 0.0015 0.0642 0.0012 0.0023 0.0140 0.0513 	24
7:	0.2510 0.0396 0.2249 0.0541 0.0114 0.0193 0.0052 0.0024 0.0296 0.0201 0.1748 0.0128 0.0159 0.0440 0.0948 	9
8:	0.2330 0.0006 0.0909 0.0014 0.1931 0.0030 0.0004 0.0028 0.0000 0.0170 0.0862 0.1821 0.0996 0.0098 0.0802 	11
9:	0.0000 0.4107 0.0000 0.2312 0.0000 0.0000 0.0000 0.0641 0.2384 0.0000 0.0109 0.0000 0.0000 0.0000 0.0447 	1
10:	0.5519 0.0031 0.0218 0.0323 0.0230 0.0153 0.0092 0.0026 0.0007 0.0142 0.1962 0.0189 0.0090 0.0396 0.0623 	17
11:	0.0000 0.4485 0.0880 0.2780 0.0000 0.0000 0.0000 0.0060 0.1154 0.0000 0.0013 0.0000 0.0000 0.0000 0.0629 	1
12:	0.2150 0.0023 0.0481 0.0161 0.0047 0.2642 0.0796 0.1371 0.0167 0.0091 0.0850 0.0060 0.0371 0.0388 0.0403 	8
13:	0.0000 0.6175 0.0000 0.2009 0.0000 0.0000 0.0000 0.0324 0.0743 0.0000 0.0105 0.0000 0.0000 0.0000 0.0643 	5
14:	0.2808 0.2767 0.0000 0.1873 0.0105 0.0012 0.0073 0.0073 0.0283 0.0089 0.0932 0.0112 0.0006 0.0367 0.0499 	2
15:	0.0000 0.2225 0.0032 0.1134 0.0000 0.4881 0.0000 0.0313 0.0955 0.0000 0.0183 0.0000 0.0000 0.0000 0.0277 	2
16:	0.5724 0.0000 0.0212 0.0431 0.0169 0.0149 0.0218 0.0027 0.0000 0.0044 0.1606 0.0401 0.0381 0.0065 0.0574 	2
17:	0.0000 0.0004 0.0447 0.0013 0.0001 0.4456 0.4999 0.0011 0.0009 0.0001 0.0015 0.0000 0.0031 0.0000 0.0011 	2
18:	0.5713 0.0000 0.0049 0.0140 0.0071 0.0015 0.0006 0.0005 0.0000 0.0241 0.2154 0.0098 0.0257 0.0504 0.0748 	3
19:	0.2117 0.0072 0.0718 0.0357 0.0772 0.0886 0.0003 0.0035 0.0148 0.0071 0.3624 0.0474 0.0013 0.0424 0.0286 	3
