
Using the parameter settings in the file: 
''1763240293/clumpp.paramfile''

Parameter settings
----------------------- Main parameters -------------------------
DATATYPE = 0
INDFILE = 1763240293/ClumppIndFile
POPFILE = 
OUTFILE = 1763240293/ClumppIndFile.output
MISCFILE = 1763240293/ClumppIndFile.misc
K = 15
C = 164
R = 42
M = 3
W = 0
S = 2
- Additional options for the Greedy and LargeKGreedy algorithms -
GREEDY_OPTION = 2
REPEATS = 2000
PERMUTATIONFILE = 
----------------------- Optional outputs ------------------------
PRINT_PERMUTED_DATA = 0
PERMUTED_DATAFILE = 
PRINT_EVERY_PERM = 0
EVERY_PERMFILE = 
PRINT_RANDOM_INPUTORDER = 0
RANDOM_INPUTORDERFILE = 
----------------------- Advanced options ------------------------
OVERRIDE_WARNINGS = 0
ORDER_BY_RUN = 1


In total, 2000 configurations of runs and clusters will be tested.

Results
------------------------------
The highest value of H' is: 0.53133183611669

The list of permutations of the clusters that produces that
H' value is (runs are listed sequentially on separate rows)

1 2 3 4 5 6 7 8 9 10 11 12 13 14 15 
9 7 4 1 5 14 2 10 11 12 8 3 13 15 6 
12 8 2 1 13 6 11 3 4 14 7 5 9 10 15 
11 7 14 5 10 3 13 4 1 8 9 6 12 15 2 
5 4 14 2 9 11 15 10 1 13 12 3 6 7 8 
5 1 4 9 14 12 10 11 2 3 8 7 15 6 13 
14 13 1 9 11 10 12 6 3 2 15 8 5 4 7 
7 13 11 5 15 3 8 10 14 6 4 12 9 1 2 
8 5 9 12 2 6 14 4 3 1 13 11 10 15 7 
11 12 15 13 9 6 1 3 2 4 5 14 8 7 10 
6 2 15 11 4 7 12 3 10 1 14 13 5 8 9 
10 2 6 11 14 15 5 13 4 7 8 1 3 12 9 
2 14 3 1 4 10 13 11 9 5 7 12 15 6 8 
11 10 12 5 3 4 6 8 1 14 13 2 15 9 7 
11 2 15 14 10 13 6 3 1 4 12 5 9 8 7 
2 3 12 10 14 7 11 1 4 13 15 9 5 6 8 
14 8 10 12 9 13 11 4 7 2 5 1 3 6 15 
10 1 11 14 3 8 7 2 12 15 5 13 4 9 6 
8 15 14 2 10 11 4 6 9 7 13 1 12 3 5 
14 4 1 9 8 12 6 15 13 2 3 7 10 11 5 
9 11 13 12 3 2 5 7 4 6 15 10 1 14 8 
9 13 8 6 3 15 11 7 4 10 1 12 14 5 2 
12 1 6 10 13 2 8 14 4 9 7 5 15 3 11 
13 15 6 5 9 10 7 12 14 4 11 8 3 1 2 
15 1 13 6 14 5 10 8 3 9 7 11 4 2 12 
5 4 10 1 9 2 3 13 14 12 6 8 11 7 15 
13 15 4 7 5 2 11 1 8 12 6 14 9 10 3 
7 4 6 2 10 5 8 12 9 3 1 13 15 14 11 
4 2 9 13 11 5 8 10 12 14 7 3 6 15 1 
10 8 2 6 12 15 7 3 5 9 13 14 11 1 4 
15 5 3 10 12 7 4 14 2 1 13 9 11 6 8 
3 11 12 4 14 9 2 13 8 15 7 5 1 6 10 
12 3 15 8 2 14 6 11 1 7 13 5 4 10 9 
7 6 14 2 5 15 3 12 9 4 11 1 13 10 8 
8 13 14 12 6 9 11 7 2 15 10 1 5 4 3 
2 8 10 5 14 15 11 12 6 9 3 1 4 7 13 
5 3 11 15 4 14 9 10 8 2 7 13 1 12 6 
7 6 10 13 8 15 1 2 14 11 3 12 5 9 4 
15 8 11 6 10 13 14 7 2 1 4 5 9 12 3 
8 4 6 1 9 5 2 11 14 12 10 3 13 15 7 
12 7 5 9 14 8 10 13 3 4 1 2 11 6 15 
12 3 7 5 2 15 8 14 11 13 9 10 1 4 6 

The pairwise G' values for each pair of runs where the clusters
of each run are permuted according to the list of permutations above

1.0000 0.5550 0.5883 0.5683 0.5089 0.5171 0.5336 0.5269 0.5278 0.5517 0.5788 0.5135 0.5175 0.5451 0.5010 0.5392 0.5056 0.4857 0.5627 0.5840 0.5326 0.4674 0.5105 0.4819 0.5265 0.5637 0.4918 0.4707 0.5041 0.5990 0.5300 0.4843 0.5116 0.5184 0.5091 0.5364 0.5706 0.5314 0.5788 0.5234 0.4676 0.5411 
0.5550 1.0000 0.5918 0.5534 0.4897 0.5126 0.5784 0.5151 0.5179 0.5930 0.6395 0.5345 0.5282 0.5583 0.5638 0.5948 0.5770 0.5061 0.5659 0.5565 0.6028 0.4680 0.5347 0.4613 0.5028 0.6017 0.5073 0.5650 0.5708 0.5677 0.6034 0.4777 0.5351 0.5110 0.5219 0.5670 0.5109 0.5410 0.5747 0.5175 0.5990 0.5706 
0.5883 0.5918 1.0000 0.5973 0.5661 0.4778 0.5691 0.5291 0.6114 0.5919 0.5974 0.5356 0.5666 0.5646 0.4961 0.5245 0.5304 0.5665 0.6205 0.6244 0.5419 0.4959 0.4973 0.5078 0.5329 0.6289 0.5293 0.5409 0.5210 0.5740 0.5565 0.5325 0.5437 0.5474 0.4859 0.5295 0.5566 0.5030 0.5818 0.5575 0.5459 0.5607 
0.5683 0.5534 0.5973 1.0000 0.5673 0.5089 0.6214 0.6332 0.6213 0.6427 0.5691 0.6130 0.5846 0.5913 0.5020 0.5650 0.5597 0.5463 0.6490 0.6272 0.4865 0.5541 0.4956 0.5326 0.6235 0.6094 0.4869 0.5618 0.5202 0.5301 0.5214 0.5881 0.5221 0.5749 0.5052 0.5615 0.5480 0.4979 0.6084 0.5793 0.5507 0.6116 
0.5089 0.4897 0.5661 0.5673 1.0000 0.4574 0.6018 0.5477 0.5047 0.5982 0.5127 0.6506 0.5759 0.6556 0.4799 0.4818 0.5501 0.4647 0.5955 0.5777 0.4632 0.5661 0.4210 0.4620 0.5417 0.6125 0.4689 0.5149 0.5720 0.4779 0.4452 0.5383 0.5040 0.4995 0.4461 0.4674 0.5089 0.5169 0.5148 0.6168 0.5613 0.5822 
0.5171 0.5126 0.4778 0.5089 0.4574 1.0000 0.5069 0.4779 0.4766 0.5346 0.5176 0.4793 0.4582 0.5024 0.4524 0.4802 0.4368 0.4800 0.4848 0.5191 0.4707 0.4277 0.5353 0.3999 0.5026 0.4907 0.4264 0.4495 0.4687 0.5611 0.4681 0.4754 0.4418 0.4648 0.5797 0.4810 0.4714 0.4798 0.4867 0.4817 0.4371 0.4885 
0.5336 0.5784 0.5691 0.6214 0.6018 0.5069 1.0000 0.5428 0.5200 0.6277 0.6127 0.6015 0.5646 0.5742 0.5073 0.5404 0.5635 0.5037 0.6115 0.5750 0.5156 0.5390 0.4672 0.5236 0.5804 0.5997 0.4430 0.5604 0.5517 0.5373 0.4942 0.5386 0.5076 0.5074 0.4814 0.5867 0.4976 0.5718 0.5321 0.5394 0.5768 0.6108 
0.5269 0.5151 0.5291 0.6332 0.5477 0.4779 0.5428 1.0000 0.5600 0.6232 0.5167 0.5872 0.5491 0.5789 0.5342 0.5895 0.5244 0.5443 0.6155 0.6387 0.4726 0.5254 0.4521 0.5109 0.6036 0.5776 0.4909 0.5213 0.5500 0.5012 0.5136 0.5450 0.5305 0.6741 0.4730 0.5723 0.5194 0.5081 0.5605 0.5702 0.5425 0.5625 
0.5278 0.5179 0.6114 0.6213 0.5047 0.4766 0.5200 0.5600 1.0000 0.5588 0.5458 0.5433 0.5811 0.5498 0.4890 0.5241 0.5415 0.6367 0.6619 0.6111 0.5172 0.5092 0.4858 0.5312 0.5654 0.5748 0.4904 0.5418 0.4958 0.5736 0.5398 0.5648 0.5829 0.6385 0.5091 0.5253 0.6088 0.5231 0.5627 0.6150 0.4923 0.5580 
0.5517 0.5930 0.5919 0.6427 0.5982 0.5346 0.6277 0.6232 0.5588 1.0000 0.6270 0.5957 0.5590 0.5845 0.5271 0.5850 0.5500 0.5361 0.6446 0.6214 0.5209 0.5697 0.4850 0.5474 0.5586 0.6295 0.5027 0.5151 0.5752 0.5597 0.5507 0.5419 0.5562 0.5401 0.4912 0.5606 0.5414 0.5375 0.5890 0.6012 0.6008 0.5850 
0.5788 0.6395 0.5974 0.5691 0.5127 0.5176 0.6127 0.5167 0.5458 0.6270 1.0000 0.5409 0.5426 0.5242 0.4938 0.5501 0.5672 0.5440 0.5951 0.5573 0.6157 0.5296 0.5098 0.4949 0.5030 0.5879 0.5124 0.5159 0.5653 0.6333 0.5397 0.4910 0.5080 0.5141 0.5226 0.5778 0.5927 0.5955 0.5776 0.5225 0.5458 0.5652 
0.5135 0.5345 0.5356 0.6130 0.6506 0.4793 0.6015 0.5872 0.5433 0.5957 0.5409 1.0000 0.6073 0.5918 0.4858 0.4877 0.6222 0.5145 0.6435 0.5781 0.4725 0.6377 0.4446 0.4572 0.5631 0.6105 0.4307 0.5616 0.5542 0.4985 0.4657 0.5561 0.5385 0.5398 0.4657 0.5011 0.5345 0.5345 0.5018 0.6661 0.5710 0.6506 
0.5175 0.5282 0.5666 0.5846 0.5759 0.4582 0.5646 0.5491 0.5811 0.5590 0.5426 0.6073 1.0000 0.6293 0.4617 0.5028 0.6023 0.5413 0.6350 0.5501 0.5380 0.5601 0.4354 0.4708 0.5382 0.6146 0.4504 0.5829 0.5397 0.5245 0.4795 0.5221 0.5542 0.5594 0.5361 0.4900 0.5720 0.5739 0.5616 0.6410 0.5660 0.6852 
0.5451 0.5583 0.5646 0.5913 0.6556 0.5024 0.5742 0.5789 0.5498 0.5845 0.5242 0.5918 0.6293 1.0000 0.4693 0.5700 0.5780 0.5271 0.6091 0.5761 0.4944 0.5396 0.4376 0.4748 0.5501 0.5886 0.4676 0.5319 0.5820 0.5168 0.4845 0.5208 0.5589 0.5441 0.5095 0.5076 0.5263 0.5618 0.5687 0.6160 0.5324 0.6237 
0.5010 0.5638 0.4961 0.5020 0.4799 0.4524 0.5073 0.5342 0.4890 0.5271 0.4938 0.4858 0.4617 0.4693 1.0000 0.5419 0.4625 0.4405 0.5144 0.5545 0.5267 0.4317 0.5232 0.4204 0.4985 0.5443 0.5384 0.4957 0.5192 0.5394 0.6142 0.5059 0.5135 0.5066 0.4403 0.4963 0.4624 0.5002 0.5654 0.5077 0.5331 0.5013 
0.5392 0.5948 0.5245 0.5650 0.4818 0.4802 0.5404 0.5895 0.5241 0.5850 0.5501 0.4877 0.5028 0.5700 0.5419 1.0000 0.5162 0.4910 0.5189 0.5543 0.5067 0.4412 0.4293 0.4727 0.5148 0.5469 0.4632 0.4726 0.5793 0.5555 0.5059 0.4827 0.5838 0.5621 0.4621 0.5632 0.4843 0.5292 0.5812 0.5093 0.4953 0.5380 
0.5056 0.5770 0.5304 0.5597 0.5501 0.4368 0.5635 0.5244 0.5415 0.5500 0.5672 0.6222 0.6023 0.5780 0.4625 0.5162 1.0000 0.4769 0.5834 0.5236 0.4680 0.5562 0.4134 0.4958 0.5258 0.5750 0.4198 0.5140 0.5470 0.4842 0.4645 0.5142 0.5547 0.5189 0.4709 0.5313 0.5518 0.5722 0.4873 0.5743 0.5580 0.6227 
0.4857 0.5061 0.5665 0.5463 0.4647 0.4800 0.5037 0.5443 0.6367 0.5361 0.5440 0.5145 0.5413 0.5271 0.4405 0.4910 0.4769 1.0000 0.6092 0.5482 0.4962 0.4898 0.4477 0.4692 0.5223 0.5113 0.4451 0.5083 0.4753 0.5197 0.4829 0.4887 0.5292 0.6051 0.4730 0.5105 0.5067 0.5033 0.5359 0.5529 0.4616 0.5480 
0.5627 0.5659 0.6205 0.6490 0.5955 0.4848 0.6115 0.6155 0.6619 0.6446 0.5951 0.6435 0.6350 0.6091 0.5144 0.5189 0.5834 0.6092 1.0000 0.6866 0.5709 0.6034 0.5009 0.5566 0.5882 0.6525 0.5040 0.5882 0.5708 0.5640 0.5605 0.6015 0.5726 0.6055 0.5045 0.5437 0.6058 0.5654 0.5687 0.6723 0.5799 0.6096 
0.5840 0.5565 0.6244 0.6272 0.5777 0.5191 0.5750 0.6387 0.6111 0.6214 0.5573 0.5781 0.5501 0.5761 0.5545 0.5543 0.5236 0.5482 0.6866 1.0000 0.5463 0.5221 0.5051 0.5417 0.6016 0.6512 0.5349 0.5546 0.5415 0.5915 0.5556 0.6255 0.5475 0.6132 0.5080 0.5341 0.5869 0.5225 0.5551 0.5767 0.5302 0.5460 
0.5326 0.6028 0.5419 0.4865 0.4632 0.4707 0.5156 0.4726 0.5172 0.5209 0.6157 0.4725 0.5380 0.4944 0.5267 0.5067 0.4680 0.4962 0.5709 0.5463 1.0000 0.4536 0.5352 0.4300 0.4512 0.5367 0.5210 0.5628 0.5504 0.5952 0.5953 0.4769 0.4745 0.4994 0.4631 0.5110 0.5649 0.5278 0.5533 0.5001 0.5216 0.5239 
0.4674 0.4680 0.4959 0.5541 0.5661 0.4277 0.5390 0.5254 0.5092 0.5697 0.5296 0.6377 0.5601 0.5396 0.4317 0.4412 0.5562 0.4898 0.6034 0.5221 0.4536 1.0000 0.4266 0.4696 0.4814 0.5254 0.4234 0.4777 0.5189 0.4442 0.4599 0.4958 0.4782 0.4973 0.4422 0.4523 0.5206 0.4942 0.4736 0.5676 0.5267 0.5914 
0.5105 0.5347 0.4973 0.4956 0.4210 0.5353 0.4672 0.4521 0.4858 0.4850 0.5098 0.4446 0.4354 0.4376 0.5232 0.4293 0.4134 0.4477 0.5009 0.5051 0.5352 0.4266 1.0000 0.3941 0.4275 0.4779 0.5255 0.4850 0.4254 0.5131 0.6040 0.4357 0.4006 0.4380 0.5376 0.4447 0.4937 0.4366 0.5178 0.4353 0.4979 0.4440 
0.4819 0.4613 0.5078 0.5326 0.4620 0.3999 0.5236 0.5109 0.5312 0.5474 0.4949 0.4572 0.4708 0.4748 0.4204 0.4727 0.4958 0.4692 0.5566 0.5417 0.4300 0.4696 0.3941 1.0000 0.5608 0.5117 0.4326 0.4665 0.4464 0.4620 0.4555 0.4815 0.4833 0.4908 0.4117 0.5057 0.4885 0.4638 0.4640 0.4841 0.4583 0.4657 
0.5265 0.5028 0.5329 0.6235 0.5417 0.5026 0.5804 0.6036 0.5654 0.5586 0.5030 0.5631 0.5382 0.5501 0.4985 0.5148 0.5258 0.5223 0.5882 0.6016 0.4512 0.4814 0.4275 0.5608 1.0000 0.5483 0.4536 0.5795 0.4848 0.5128 0.4690 0.5658 0.5105 0.5731 0.4741 0.5350 0.4824 0.5019 0.5673 0.5519 0.5036 0.5659 
0.5637 0.6017 0.6289 0.6094 0.6125 0.4907 0.5997 0.5776 0.5748 0.6295 0.5879 0.6105 0.6146 0.5886 0.5443 0.5469 0.5750 0.5113 0.6525 0.6512 0.5367 0.5254 0.4779 0.5117 0.5483 1.0000 0.5064 0.5434 0.5552 0.5819 0.5166 0.5597 0.5499 0.5714 0.5359 0.5384 0.5540 0.5471 0.5442 0.6119 0.5720 0.6011 
0.4918 0.5073 0.5293 0.4869 0.4689 0.4264 0.4430 0.4909 0.4904 0.5027 0.5124 0.4307 0.4504 0.4676 0.5384 0.4632 0.4198 0.4451 0.5040 0.5349 0.5210 0.4234 0.5255 0.4326 0.4536 0.5064 1.0000 0.4781 0.4917 0.5136 0.5496 0.4420 0.4137 0.4976 0.4425 0.4416 0.5388 0.4332 0.5902 0.4328 0.5002 0.4222 
0.4707 0.5650 0.5409 0.5618 0.5149 0.4495 0.5604 0.5213 0.5418 0.5151 0.5159 0.5616 0.5829 0.5319 0.4957 0.4726 0.5140 0.5083 0.5882 0.5546 0.5628 0.4777 0.4850 0.4665 0.5795 0.5434 0.4781 1.0000 0.4884 0.4975 0.5142 0.5464 0.4846 0.5241 0.4669 0.5023 0.5109 0.5016 0.5541 0.5316 0.5601 0.5729 
0.5041 0.5708 0.5210 0.5202 0.5720 0.4687 0.5517 0.5500 0.4958 0.5752 0.5653 0.5542 0.5397 0.5820 0.5192 0.5793 0.5470 0.4753 0.5708 0.5415 0.5504 0.5189 0.4254 0.4464 0.4848 0.5552 0.4917 0.4884 1.0000 0.5276 0.4972 0.5106 0.5343 0.5326 0.4771 0.5234 0.5335 0.5275 0.5138 0.5481 0.5459 0.5455 
0.5990 0.5677 0.5740 0.5301 0.4779 0.5611 0.5373 0.5012 0.5736 0.5597 0.6333 0.4985 0.5245 0.5168 0.5394 0.5555 0.4842 0.5197 0.5640 0.5915 0.5952 0.4442 0.5131 0.4620 0.5128 0.5819 0.5136 0.4975 0.5276 1.0000 0.5627 0.5018 0.5642 0.5119 0.5142 0.5444 0.6401 0.5976 0.5822 0.5582 0.4820 0.5345 
0.5300 0.6034 0.5565 0.5214 0.4452 0.4681 0.4942 0.5136 0.5398 0.5507 0.5397 0.4657 0.4795 0.4845 0.6142 0.5059 0.4645 0.4829 0.5605 0.5556 0.5953 0.4599 0.6040 0.4555 0.4690 0.5166 0.5496 0.5142 0.4972 0.5627 1.0000 0.4822 0.4720 0.4872 0.4639 0.5238 0.5211 0.4754 0.5822 0.5090 0.5425 0.4933 
0.4843 0.4777 0.5325 0.5881 0.5383 0.4754 0.5386 0.5450 0.5648 0.5419 0.4910 0.5561 0.5221 0.5208 0.5059 0.4827 0.5142 0.4887 0.6015 0.6255 0.4769 0.4958 0.4357 0.4815 0.5658 0.5597 0.4420 0.5464 0.5106 0.5018 0.4822 1.0000 0.5107 0.5406 0.4537 0.4891 0.5160 0.4708 0.4769 0.5571 0.4852 0.5080 
0.5116 0.5351 0.5437 0.5221 0.5040 0.4418 0.5076 0.5305 0.5829 0.5562 0.5080 0.5385 0.5542 0.5589 0.5135 0.5838 0.5547 0.5292 0.5726 0.5475 0.4745 0.4782 0.4006 0.4833 0.5105 0.5499 0.4137 0.4846 0.5343 0.5642 0.4720 0.5107 1.0000 0.5318 0.4309 0.5071 0.5335 0.6088 0.5122 0.6306 0.4640 0.5824 
0.5184 0.5110 0.5474 0.5749 0.4995 0.4648 0.5074 0.6741 0.6385 0.5401 0.5141 0.5398 0.5594 0.5441 0.5066 0.5621 0.5189 0.6051 0.6055 0.6132 0.4994 0.4973 0.4380 0.4908 0.5731 0.5714 0.4976 0.5241 0.5326 0.5119 0.4872 0.5406 0.5318 1.0000 0.4890 0.5501 0.5502 0.5188 0.5532 0.5590 0.4780 0.5635 
0.5091 0.5219 0.4859 0.5052 0.4461 0.5797 0.4814 0.4730 0.5091 0.4912 0.5226 0.4657 0.5361 0.5095 0.4403 0.4621 0.4709 0.4730 0.5045 0.5080 0.4631 0.4422 0.5376 0.4117 0.4741 0.5359 0.4425 0.4669 0.4771 0.5142 0.4639 0.4537 0.4309 0.4890 1.0000 0.4673 0.4976 0.4730 0.4886 0.4890 0.4570 0.5173 
0.5364 0.5670 0.5295 0.5615 0.4674 0.4810 0.5867 0.5723 0.5253 0.5606 0.5778 0.5011 0.4900 0.5076 0.4963 0.5632 0.5313 0.5105 0.5437 0.5341 0.5110 0.4523 0.4447 0.5057 0.5350 0.5384 0.4416 0.5023 0.5234 0.5444 0.5238 0.4891 0.5071 0.5501 0.4673 1.0000 0.5196 0.5050 0.5169 0.5118 0.4953 0.5242 
0.5706 0.5109 0.5566 0.5480 0.5089 0.4714 0.4976 0.5194 0.6088 0.5414 0.5927 0.5345 0.5720 0.5263 0.4624 0.4843 0.5518 0.5067 0.6058 0.5869 0.5649 0.5206 0.4937 0.4885 0.4824 0.5540 0.5388 0.5109 0.5335 0.6401 0.5211 0.5160 0.5335 0.5502 0.4976 0.5196 1.0000 0.5516 0.5409 0.5659 0.4675 0.5315 
0.5314 0.5410 0.5030 0.4979 0.5169 0.4798 0.5718 0.5081 0.5231 0.5375 0.5955 0.5345 0.5739 0.5618 0.5002 0.5292 0.5722 0.5033 0.5654 0.5225 0.5278 0.4942 0.4366 0.4638 0.5019 0.5471 0.4332 0.5016 0.5275 0.5976 0.4754 0.4708 0.6088 0.5188 0.4730 0.5050 0.5516 1.0000 0.5208 0.5586 0.5033 0.5936 
0.5788 0.5747 0.5818 0.6084 0.5148 0.4867 0.5321 0.5605 0.5627 0.5890 0.5776 0.5018 0.5616 0.5687 0.5654 0.5812 0.4873 0.5359 0.5687 0.5551 0.5533 0.4736 0.5178 0.4640 0.5673 0.5442 0.5902 0.5541 0.5138 0.5822 0.5822 0.4769 0.5122 0.5532 0.4886 0.5169 0.5409 0.5208 1.0000 0.5283 0.5557 0.5676 
0.5234 0.5175 0.5575 0.5793 0.6168 0.4817 0.5394 0.5702 0.6150 0.6012 0.5225 0.6661 0.6410 0.6160 0.5077 0.5093 0.5743 0.5529 0.6723 0.5767 0.5001 0.5676 0.4353 0.4841 0.5519 0.6119 0.4328 0.5316 0.5481 0.5582 0.5090 0.5571 0.6306 0.5590 0.4890 0.5118 0.5659 0.5586 0.5283 1.0000 0.5268 0.6296 
0.4676 0.5990 0.5459 0.5507 0.5613 0.4371 0.5768 0.5425 0.4923 0.6008 0.5458 0.5710 0.5660 0.5324 0.5331 0.4953 0.5580 0.4616 0.5799 0.5302 0.5216 0.5267 0.4979 0.4583 0.5036 0.5720 0.5002 0.5601 0.5459 0.4820 0.5425 0.4852 0.4640 0.4780 0.4570 0.4953 0.4675 0.5033 0.5557 0.5268 1.0000 0.5677 
0.5411 0.5706 0.5607 0.6116 0.5822 0.4885 0.6108 0.5625 0.5580 0.5850 0.5652 0.6506 0.6852 0.6237 0.5013 0.5380 0.6227 0.5480 0.6096 0.5460 0.5239 0.5914 0.4440 0.4657 0.5659 0.6011 0.4222 0.5729 0.5455 0.5345 0.4933 0.5080 0.5824 0.5635 0.5173 0.5242 0.5315 0.5936 0.5676 0.6296 0.5677 1.0000 
