1.0000 0.4881 0.5396 0.4832 0.4836 0.4224 0.4855 0.5029 0.4229 0.4444 0.4876 0.4774 0.5125 0.4343 0.4971 0.4397 0.4705 0.4077 0.5098 0.5100 0.5310 0.4546 0.4893 0.4324 0.4919 0.4980 0.4722 0.4665 0.4878 0.4532 0.3842 0.4279 0.3769 0.4588 0.4612 0.4290 0.4206 0.4676 0.4651 0.4525 0.5321 0.4888 0.4998 0.4438 0.5542 0.4640 0.4656 0.4965 0.4592 0.3969
0.4881 1.0000 0.4193 0.4058 0.3945 0.3518 0.3774 0.4459 0.4017 0.4983 0.4591 0.4102 0.3922 0.4142 0.3793 0.3782 0.4550 0.4432 0.4199 0.4164 0.3973 0.4025 0.4344 0.3684 0.3774 0.4175 0.3733 0.3643 0.3836 0.3760 0.4892 0.3439 0.4628 0.3799 0.5304 0.3441 0.5112 0.3804 0.4040 0.3569 0.4162 0.4126 0.3901 0.4560 0.4117 0.4235 0.3596 0.3964 0.3884 0.5078
0.5396 0.4193 1.0000 0.4740 0.4717 0.5351 0.5330 0.5944 0.4527 0.4723 0.4948 0.5863 0.5404 0.4241 0.5185 0.4158 0.5165 0.3627 0.5498 0.6417 0.5229 0.5041 0.5124 0.4914 0.5021 0.4478 0.5129 0.4752 0.5485 0.5395 0.4082 0.4414 0.4208 0.4677 0.4770 0.5592 0.4147 0.4858 0.4997 0.4270 0.6224 0.4988 0.4523 0.5161 0.5535 0.5225 0.4646 0.5973 0.4644 0.3775
0.4832 0.4058 0.4740 1.0000 0.5509 0.5340 0.5749 0.4616 0.4356 0.4271 0.4955 0.4666 0.4415 0.5662 0.5844 0.5449 0.4528 0.3972 0.4656 0.4821 0.5177 0.5996 0.4646 0.5599 0.5850 0.5703 0.5031 0.5369 0.6020 0.5410 0.3797 0.5264 0.4007 0.5655 0.3906 0.5250 0.4120 0.4847 0.4578 0.5659 0.4901 0.5931 0.5899 0.3785 0.4739 0.4554 0.5065 0.4710 0.5312 0.4063
0.4836 0.3945 0.4717 0.5509 1.0000 0.5699 0.6280 0.5012 0.4395 0.4656 0.5374 0.4744 0.4934 0.5713 0.6206 0.6135 0.4719 0.3498 0.4738 0.5017 0.4809 0.6825 0.4627 0.5822 0.6704 0.5855 0.5522 0.7170 0.6072 0.5821 0.3745 0.5453 0.3523 0.5718 0.4644 0.5135 0.4036 0.6149 0.4994 0.5770 0.5359 0.5982 0.6233 0.3861 0.4670 0.4556 0.5837 0.4875 0.5433 0.4069
0.4224 0.3518 0.5351 0.5340 0.5699 1.0000 0.5839 0.5308 0.5340 0.4829 0.4810 0.5044 0.5015 0.5171 0.5803 0.5232 0.4976 0.3521 0.5005 0.5421 0.4464 0.5891 0.4569 0.6017 0.5409 0.5204 0.5108 0.6019 0.5711 0.5653 0.4073 0.4850 0.3618 0.5334 0.4070 0.6909 0.4093 0.5649 0.4744 0.5403 0.4991 0.5813 0.4972 0.4420 0.4566 0.4729 0.5230 0.4976 0.5728 0.4088
0.4855 0.3774 0.5330 0.5749 0.6280 0.5839 1.0000 0.4846 0.4398 0.4691 0.4782 0.5639 0.4862 0.5765 0.6934 0.5481 0.4681 0.3504 0.5179 0.5294 0.4996 0.6034 0.4872 0.5974 0.6660 0.5825 0.6078 0.5615 0.6694 0.6022 0.3738 0.5084 0.3523 0.5474 0.4845 0.5535 0.3993 0.5416 0.4828 0.5787 0.5632 0.6426 0.6456 0.4235 0.5083 0.5081 0.6084 0.5262 0.6202 0.4113
0.5029 0.4459 0.5944 0.4616 0.5012 0.5308 0.4846 1.0000 0.5329 0.4487 0.5420 0.5481 0.5221 0.4551 0.5046 0.4391 0.5342 0.3936 0.5402 0.5731 0.5139 0.5274 0.5454 0.4768 0.4706 0.4897 0.4806 0.4904 0.5055 0.5233 0.4632 0.4392 0.4225 0.4546 0.4548 0.5155 0.3603 0.5201 0.5279 0.4417 0.6042 0.5774 0.4570 0.4705 0.5554 0.5379 0.4767 0.5588 0.5416 0.3861
0.4229 0.4017 0.4527 0.4356 0.4395 0.5340 0.4398 0.5329 1.0000 0.4271 0.4854 0.4749 0.4420 0.4313 0.4679 0.4105 0.4739 0.3603 0.5079 0.5051 0.4233 0.4423 0.5533 0.4624 0.4100 0.4055 0.4233 0.4476 0.4382 0.4695 0.4450 0.3817 0.3386 0.4367 0.3641 0.4793 0.3722 0.4218 0.5323 0.4174 0.4617 0.4697 0.4010 0.3962 0.4853 0.5535 0.4182 0.4415 0.4841 0.4510
0.4444 0.4983 0.4723 0.4271 0.4656 0.4829 0.4691 0.4487 0.4271 1.0000 0.4921 0.4567 0.5402 0.3907 0.4531 0.4028 0.4273 0.4303 0.5049 0.5365 0.4236 0.4860 0.4428 0.4512 0.4405 0.4252 0.3818 0.4651 0.4797 0.4357 0.5392 0.3971 0.4741 0.4100 0.5622 0.4385 0.5113 0.4081 0.4960 0.4129 0.4889 0.4377 0.4259 0.6141 0.4446 0.4144 0.4095 0.5155 0.3981 0.5012
0.4876 0.4591 0.4948 0.4955 0.5374 0.4810 0.4782 0.5420 0.4854 0.4921 1.0000 0.4583 0.5544 0.4777 0.4775 0.4451 0.5203 0.3273 0.5598 0.5335 0.4697 0.5618 0.5403 0.4895 0.4944 0.5555 0.4118 0.5429 0.5070 0.4739 0.4384 0.4844 0.3998 0.4691 0.4550 0.4595 0.4367 0.4579 0.5604 0.4678 0.5142 0.5229 0.4770 0.4076 0.5093 0.4752 0.4347 0.5490 0.4744 0.4166
0.4774 0.4102 0.5863 0.4666 0.4744 0.5044 0.5639 0.5481 0.4749 0.4567 0.4583 1.0000 0.4978 0.4848 0.5660 0.4316 0.5345 0.3751 0.5469 0.5997 0.4811 0.4868 0.5028 0.4635 0.4915 0.4525 0.5845 0.4385 0.5187 0.5376 0.4560 0.4203 0.3702 0.4585 0.4500 0.5417 0.4041 0.4752 0.5145 0.4363 0.6179 0.5602 0.4529 0.4920 0.5311 0.5769 0.5163 0.5478 0.5456 0.4308
0.5125 0.3922 0.5404 0.4415 0.4934 0.5015 0.4862 0.5221 0.4420 0.5402 0.5544 0.4978 1.0000 0.4412 0.4556 0.4919 0.5110 0.3422 0.5846 0.5678 0.5156 0.5472 0.4979 0.5244 0.4665 0.4872 0.4180 0.5214 0.4826 0.4936 0.4112 0.4562 0.3952 0.4524 0.4615 0.4627 0.3854 0.4682 0.5695 0.4468 0.5528 0.4769 0.4512 0.4807 0.4990 0.4574 0.4503 0.6422 0.4427 0.3657
0.4343 0.4142 0.4241 0.5662 0.5713 0.5171 0.5765 0.4551 0.4313 0.3907 0.4777 0.4848 0.4412 1.0000 0.6007 0.5964 0.5066 0.3369 0.4910 0.4547 0.4488 0.6687 0.4583 0.6240 0.5356 0.6375 0.5508 0.4738 0.5788 0.4918 0.3757 0.5570 0.3915 0.6247 0.3909 0.5116 0.4001 0.5122 0.4383 0.6148 0.4854 0.6078 0.5958 0.3704 0.4557 0.4682 0.5904 0.4663 0.5743 0.4215
0.4971 0.3793 0.5185 0.5844 0.6206 0.5803 0.6934 0.5046 0.4679 0.4531 0.4775 0.5660 0.4556 0.6007 1.0000 0.5625 0.4934 0.4065 0.4941 0.5292 0.4592 0.6077 0.4917 0.6045 0.6396 0.5791 0.6116 0.5479 0.7029 0.5682 0.4102 0.5108 0.3474 0.5941 0.4406 0.5861 0.4005 0.5237 0.4977 0.6024 0.5981 0.6696 0.6205 0.4476 0.5492 0.5296 0.6735 0.4833 0.6159 0.4287
0.4397 0.3782 0.4158 0.5449 0.6135 0.5232 0.5481 0.4391 0.4105 0.4028 0.4451 0.4316 0.4919 0.5964 0.5625 1.0000 0.5039 0.3306 0.4238 0.4324 0.4901 0.6166 0.4146 0.6129 0.5645 0.5611 0.5063 0.5685 0.5227 0.5245 0.3339 0.4824 0.3427 0.5142 0.4191 0.4876 0.3555 0.5829 0.4125 0.6349 0.4577 0.5566 0.5857 0.3588 0.4413 0.4690 0.5441 0.4716 0.5535 0.3555
0.4705 0.4550 0.5165 0.4528 0.4719 0.4976 0.4681 0.5342 0.4739 0.4273 0.5203 0.5345 0.5110 0.5066 0.4934 0.5039 1.0000 0.3109 0.5157 0.5388 0.4931 0.5268 0.4468 0.5115 0.4540 0.4869 0.4819 0.4766 0.4798 0.4418 0.3837 0.4445 0.3899 0.4599 0.4491 0.4995 0.4302 0.4899 0.4746 0.5101 0.5250 0.4961 0.4756 0.4731 0.4979 0.4966 0.4914 0.5256 0.5053 0.4187
0.4077 0.4432 0.3627 0.3972 0.3498 0.3521 0.3504 0.3936 0.3603 0.4303 0.3273 0.3751 0.3422 0.3369 0.4065 0.3306 0.3109 1.0000 0.3288 0.3615 0.3859 0.3436 0.3903 0.3268 0.3434 0.3385 0.3665 0.3263 0.3733 0.3789 0.4786 0.2939 0.4419 0.3814 0.4156 0.3654 0.3666 0.3288 0.3383 0.3333 0.4071 0.3987 0.3637 0.4527 0.3981 0.3927 0.3610 0.3362 0.3782 0.4185
0.5098 0.4199 0.5498 0.4656 0.4738 0.5005 0.5179 0.5402 0.5079 0.5049 0.5598 0.5469 0.5846 0.4910 0.4941 0.4238 0.5157 0.3288 1.0000 0.5879 0.5074 0.5157 0.5039 0.4636 0.4777 0.5210 0.4799 0.4757 0.5013 0.4719 0.4160 0.4806 0.4419 0.4602 0.4652 0.4854 0.4372 0.4728 0.6177 0.4761 0.5205 0.5506 0.4719 0.4504 0.5281 0.4610 0.4981 0.5998 0.5105 0.4080
0.5100 0.4164 0.6417 0.4821 0.5017 0.5421 0.5294 0.5731 0.5051 0.5365 0.5335 0.5997 0.5678 0.4547 0.5292 0.4324 0.5388 0.3615 0.5879 1.0000 0.5446 0.5359 0.5236 0.5006 0.4986 0.4510 0.5381 0.5047 0.6006 0.5269 0.4238 0.4768 0.4198 0.4903 0.4636 0.5907 0.4125 0.5371 0.5783 0.4504 0.5720 0.5135 0.4535 0.5575 0.5525 0.5422 0.5134 0.6023 0.4737 0.3846
0.5310 0.3973 0.5229 0.5177 0.4809 0.4464 0.4996 0.5139 0.4233 0.4236 0.4697 0.4811 0.5156 0.4488 0.4592 0.4901 0.4931 0.3859 0.5074 0.5446 1.0000 0.4890 0.4461 0.4670 0.4851 0.4542 0.4873 0.4946 0.4686 0.4882 0.3777 0.4464 0.5000 0.4374 0.4866 0.4474 0.3542 0.5297 0.4792 0.4683 0.5074 0.5047 0.5205 0.4307 0.5875 0.5000 0.4614 0.5908 0.4925 0.3589
0.4546 0.4025 0.5041 0.5996 0.6825 0.5891 0.6034 0.5274 0.4423 0.4860 0.5618 0.4868 0.5472 0.6687 0.6077 0.6166 0.5268 0.3436 0.5157 0.5359 0.4890 1.0000 0.4813 0.6732 0.6038 0.6588 0.5453 0.6151 0.6506 0.5681 0.4133 0.6444 0.4193 0.5666 0.4290 0.5515 0.4049 0.5649 0.5005 0.5772 0.5318 0.6434 0.5935 0.4351 0.4874 0.4677 0.5709 0.5495 0.5639 0.4035
0.4893 0.4344 0.5124 0.4646 0.4627 0.4569 0.4872 0.5454 0.5533 0.4428 0.5403 0.5028 0.4979 0.4583 0.4917 0.4146 0.4468 0.3903 0.5039 0.5236 0.4461 0.4813 1.0000 0.5056 0.4911 0.4652 0.4452 0.4258 0.4794 0.5037 0.4158 0.4302 0.3800 0.5468 0.4048 0.4657 0.3916 0.4144 0.5341 0.4452 0.5285 0.4614 0.4740 0.4210 0.5198 0.5779 0.4858 0.4980 0.4521 0.3719
0.4324 0.3684 0.4914 0.5599 0.5822 0.6017 0.5974 0.4768 0.4624 0.4512 0.4895 0.4635 0.5244 0.6240 0.6045 0.6129 0.5115 0.3268 0.4636 0.5006 0.4670 0.6732 0.5056 1.0000 0.5710 0.5558 0.4868 0.5530 0.6023 0.5545 0.3719 0.5196 0.3759 0.6355 0.4070 0.5601 0.4170 0.5230 0.4580 0.5928 0.5066 0.5587 0.5574 0.4378 0.4892 0.4838 0.5730 0.5153 0.5320 0.3882
0.4919 0.3774 0.5021 0.5850 0.6704 0.5409 0.6660 0.4706 0.4100 0.4405 0.4944 0.4915 0.4665 0.5356 0.6396 0.5645 0.4540 0.3434 0.4777 0.4986 0.4851 0.6038 0.4911 0.5710 1.0000 0.5476 0.5363 0.5981 0.6033 0.5834 0.3676 0.4972 0.3312 0.5742 0.4952 0.5300 0.4165 0.5324 0.4819 0.5879 0.5338 0.5973 0.6072 0.3778 0.4977 0.4626 0.5865 0.5035 0.5489 0.3791
0.4980 0.4175 0.4478 0.5703 0.5855 0.5204 0.5825 0.4897 0.4055 0.4252 0.5555 0.4525 0.4872 0.6375 0.5791 0.5611 0.4869 0.3385 0.5210 0.4510 0.4542 0.6588 0.4652 0.5558 0.5476 1.0000 0.5345 0.5187 0.5574 0.5048 0.4174 0.6224 0.4080 0.5403 0.3949 0.4965 0.3880 0.5240 0.5157 0.6034 0.4798 0.6833 0.6017 0.3770 0.4844 0.4266 0.5643 0.5285 0.6282 0.4157
0.4722 0.3733 0.5129 0.5031 0.5522 0.5108 0.6078 0.4806 0.4233 0.3818 0.4118 0.5845 0.4180 0.5508 0.6116 0.5063 0.4819 0.3665 0.4799 0.5381 0.4873 0.5453 0.4452 0.4868 0.5363 0.5345 1.0000 0.4919 0.5572 0.6135 0.3684 0.5218 0.3609 0.5267 0.4116 0.5701 0.3340 0.5897 0.4331 0.5042 0.5198 0.6038 0.5704 0.4136 0.5315 0.5690 0.5606 0.4638 0.6515 0.3885
0.4665 0.3643 0.4752 0.5369 0.7170 0.6019 0.5615 0.4904 0.4476 0.4651 0.5429 0.4385 0.5214 0.4738 0.5479 0.5685 0.4766 0.3263 0.4757 0.5047 0.4946 0.6151 0.4258 0.5530 0.5981 0.5187 0.4919 1.0000 0.5735 0.5835 0.3442 0.5194 0.3355 0.4883 0.4482 0.5230 0.4059 0.6203 0.4968 0.5138 0.4889 0.5415 0.5349 0.3996 0.4618 0.4101 0.5302 0.4905 0.5177 0.3649
0.4878 0.3836 0.5485 0.6020 0.6072 0.5711 0.6694 0.5055 0.4382 0.4797 0.5070 0.5187 0.4826 0.5788 0.7029 0.5227 0.4798 0.3733 0.5013 0.6006 0.4686 0.6506 0.4794 0.6023 0.6033 0.5574 0.5572 0.5735 1.0000 0.5541 0.3585 0.5478 0.3657 0.5778 0.4433 0.6018 0.4010 0.5599 0.5020 0.5976 0.5880 0.6038 0.6100 0.4944 0.5307 0.4817 0.6399 0.5132 0.5399 0.3732
0.4532 0.3760 0.5395 0.5410 0.5821 0.5653 0.6022 0.5233 0.4695 0.4357 0.4739 0.5376 0.4936 0.4918 0.5682 0.5245 0.4418 0.3789 0.4719 0.5269 0.4882 0.5681 0.5037 0.5545 0.5834 0.5048 0.6135 0.5835 0.5541 1.0000 0.3776 0.4721 0.3750 0.5421 0.4041 0.5367 0.3548 0.5860 0.4647 0.4781 0.5229 0.5776 0.5304 0.4031 0.5161 0.5191 0.4952 0.5286 0.6150 0.3563
0.3842 0.4892 0.4082 0.3797 0.3745 0.4073 0.3738 0.4632 0.4450 0.5392 0.4384 0.4560 0.4112 0.3757 0.4102 0.3339 0.3837 0.4786 0.4160 0.4238 0.3777 0.4133 0.4158 0.3719 0.3676 0.4174 0.3684 0.3442 0.3585 0.3776 1.0000 0.3536 0.4738 0.3709 0.4421 0.4018 0.4498 0.3216 0.4436 0.3352 0.4392 0.4746 0.3341 0.4839 0.4478 0.4280 0.3552 0.4086 0.4330 0.5841
0.4279 0.3439 0.4414 0.5264 0.5453 0.4850 0.5084 0.4392 0.3817 0.3971 0.4844 0.4203 0.4562 0.5570 0.5108 0.4824 0.4445 0.2939 0.4806 0.4768 0.4464 0.6444 0.4302 0.5196 0.4972 0.6224 0.5218 0.5194 0.5478 0.4721 0.3536 1.0000 0.3854 0.4914 0.3563 0.4989 0.3640 0.4963 0.4740 0.5160 0.4530 0.5622 0.5593 0.3857 0.4409 0.4057 0.4968 0.4832 0.5142 0.3569
0.3769 0.4628 0.4208 0.4007 0.3523 0.3618 0.3523 0.4225 0.3386 0.4741 0.3998 0.3702 0.3952 0.3915 0.3474 0.3427 0.3899 0.4419 0.4419 0.4198 0.5000 0.4193 0.3800 0.3759 0.3312 0.4080 0.3609 0.3355 0.3657 0.3750 0.4738 0.3854 1.0000 0.3813 0.4607 0.3668 0.4389 0.3757 0.4114 0.3681 0.4119 0.4121 0.3752 0.4844 0.4458 0.3727 0.3413 0.4904 0.3894 0.4516
0.4588 0.3799 0.4677 0.5655 0.5718 0.5334 0.5474 0.4546 0.4367 0.4100 0.4691 0.4585 0.4524 0.6247 0.5941 0.5142 0.4599 0.3814 0.4602 0.4903 0.4374 0.5666 0.5468 0.6355 0.5742 0.5403 0.5267 0.4883 0.5778 0.5421 0.3709 0.4914 0.3813 1.0000 0.3744 0.5495 0.4064 0.5223 0.4680 0.5740 0.4972 0.5222 0.5456 0.4018 0.4721 0.4612 0.5815 0.4481 0.5033 0.3728
0.4612 0.5304 0.4770 0.3906 0.4644 0.4070 0.4845 0.4548 0.3641 0.5622 0.4550 0.4500 0.4615 0.3909 0.4406 0.4191 0.4491 0.4156 0.4652 0.4636 0.4866 0.4290 0.4048 0.4070 0.4952 0.3949 0.4116 0.4482 0.4433 0.4041 0.4421 0.3563 0.4607 0.3744 1.0000 0.4097 0.5160 0.4416 0.4359 0.4266 0.4936 0.4351 0.4603 0.5459 0.4600 0.4270 0.4448 0.4968 0.4174 0.4824
0.4290 0.3441 0.5592 0.5250 0.5135 0.6909 0.5535 0.5155 0.4793 0.4385 0.4595 0.5417 0.4627 0.5116 0.5861 0.4876 0.4995 0.3654 0.4854 0.5907 0.4474 0.5515 0.4657 0.5601 0.5300 0.4965 0.5701 0.5230 0.6018 0.5367 0.4018 0.4989 0.3668 0.5495 0.4097 1.0000 0.3810 0.5582 0.4835 0.5443 0.5157 0.5848 0.4834 0.5001 0.4795 0.5184 0.5535 0.5038 0.5353 0.3710
0.4206 0.5112 0.4147 0.4120 0.4036 0.4093 0.3993 0.3603 0.3722 0.5113 0.4367 0.4041 0.3854 0.4001 0.4005 0.3555 0.4302 0.3666 0.4372 0.4125 0.3542 0.4049 0.3916 0.4170 0.4165 0.3880 0.3340 0.4059 0.4010 0.3548 0.4498 0.3640 0.4389 0.4064 0.5160 0.3810 1.0000 0.3255 0.4110 0.3872 0.4108 0.3758 0.3812 0.4827 0.3699 0.3434 0.3896 0.3711 0.3647 0.5478
0.4676 0.3804 0.4858 0.4847 0.6149 0.5649 0.5416 0.5201 0.4218 0.4081 0.4579 0.4752 0.4682 0.5122 0.5237 0.5829 0.4899 0.3288 0.4728 0.5371 0.5297 0.5649 0.4144 0.5230 0.5324 0.5240 0.5897 0.6203 0.5599 0.5860 0.3216 0.4963 0.3757 0.5223 0.4416 0.5582 0.3255 1.0000 0.4634 0.5630 0.4831 0.5492 0.5455 0.4327 0.4984 0.4646 0.5308 0.5225 0.5609 0.3204
0.4651 0.4040 0.4997 0.4578 0.4994 0.4744 0.4828 0.5279 0.5323 0.4960 0.5604 0.5145 0.5695 0.4383 0.4977 0.4125 0.4746 0.3383 0.6177 0.5783 0.4792 0.5005 0.5341 0.4580 0.4819 0.5157 0.4331 0.4968 0.5020 0.4647 0.4436 0.4740 0.4114 0.4680 0.4359 0.4835 0.4110 0.4634 1.0000 0.4592 0.5356 0.5225 0.4477 0.4459 0.5154 0.4501 0.4956 0.5832 0.4701 0.4146
0.4525 0.3569 0.4270 0.5659 0.5770 0.5403 0.5787 0.4417 0.4174 0.4129 0.4678 0.4363 0.4468 0.6148 0.6024 0.6349 0.5101 0.3333 0.4761 0.4504 0.4683 0.5772 0.4452 0.5928 0.5879 0.6034 0.5042 0.5138 0.5976 0.4781 0.3352 0.5160 0.3681 0.5740 0.4266 0.5443 0.3872 0.5630 0.4592 1.0000 0.5026 0.5720 0.6732 0.4157 0.4738 0.4606 0.6119 0.5010 0.5719 0.3736
0.5321 0.4162 0.6224 0.4901 0.5359 0.4991 0.5632 0.6042 0.4617 0.4889 0.5142 0.6179 0.5528 0.4854 0.5981 0.4577 0.5250 0.4071 0.5205 0.5720 0.5074 0.5318 0.5285 0.5066 0.5338 0.4798 0.5198 0.4889 0.5880 0.5229 0.4392 0.4530 0.4119 0.4972 0.4936 0.5157 0.4108 0.4831 0.5356 0.5026 1.0000 0.5400 0.5261 0.5150 0.5958 0.5380 0.5529 0.5844 0.4985 0.4436
0.4888 0.4126 0.4988 0.5931 0.5982 0.5813 0.6426 0.5774 0.4697 0.4377 0.5229 0.5602 0.4769 0.6078 0.6696 0.5566 0.4961 0.3987 0.5506 0.5135 0.5047 0.6434 0.4614 0.5587 0.5973 0.6833 0.6038 0.5415 0.6038 0.5776 0.4746 0.5622 0.4121 0.5222 0.4351 0.5848 0.3758 0.5492 0.5225 0.5720 0.5400 1.0000 0.5835 0.4107 0.5524 0.4904 0.6013 0.5457 0.7313 0.4281
0.4998 0.3901 0.4523 0.5899 0.6233 0.4972 0.6456 0.4570 0.4010 0.4259 0.4770 0.4529 0.4512 0.5958 0.6205 0.5857 0.4756 0.3637 0.4719 0.4535 0.5205 0.5935 0.4740 0.5574 0.6072 0.6017 0.5704 0.5349 0.6100 0.5304 0.3341 0.5593 0.3752 0.5456 0.4603 0.4834 0.3812 0.5455 0.4477 0.6732 0.5261 0.5835 1.0000 0.3884 0.5007 0.4892 0.5835 0.4950 0.5954 0.3876
0.4438 0.4560 0.5161 0.3785 0.3861 0.4420 0.4235 0.4705 0.3962 0.6141 0.4076 0.4920 0.4807 0.3704 0.4476 0.3588 0.4731 0.4527 0.4504 0.5575 0.4307 0.4351 0.4210 0.4378 0.3778 0.3770 0.4136 0.3996 0.4944 0.4031 0.4839 0.3857 0.4844 0.4018 0.5459 0.5001 0.4827 0.4327 0.4459 0.4157 0.5150 0.4107 0.3884 1.0000 0.4891 0.4463 0.4358 0.5013 0.3831 0.4482
0.5542 0.4117 0.5535 0.4739 0.4670 0.4566 0.5083 0.5554 0.4853 0.4446 0.5093 0.5311 0.4990 0.4557 0.5492 0.4413 0.4979 0.3981 0.5281 0.5525 0.5875 0.4874 0.5198 0.4892 0.4977 0.4844 0.5315 0.4618 0.5307 0.5161 0.4478 0.4409 0.4458 0.4721 0.4600 0.4795 0.3699 0.4984 0.5154 0.4738 0.5958 0.5524 0.5007 0.4891 1.0000 0.5629 0.5260 0.5550 0.5492 0.3882
0.4640 0.4235 0.5225 0.4554 0.4556 0.4729 0.5081 0.5379 0.5535 0.4144 0.4752 0.5769 0.4574 0.4682 0.5296 0.4690 0.4966 0.3927 0.4610 0.5422 0.5000 0.4677 0.5779 0.4838 0.4626 0.4266 0.5690 0.4101 0.4817 0.5191 0.4280 0.4057 0.3727 0.4612 0.4270 0.5184 0.3434 0.4646 0.4501 0.4606 0.5380 0.4904 0.4892 0.4463 0.5629 1.0000 0.4586 0.4819 0.5292 0.4042
0.4656 0.3596 0.4646 0.5065 0.5837 0.5230 0.6084 0.4767 0.4182 0.4095 0.4347 0.5163 0.4503 0.5904 0.6735 0.5441 0.4914 0.3610 0.4981 0.5134 0.4614 0.5709 0.4858 0.5730 0.5865 0.5643 0.5606 0.5302 0.6399 0.4952 0.3552 0.4968 0.3413 0.5815 0.4448 0.5535 0.3896 0.5308 0.4956 0.6119 0.5529 0.6013 0.5835 0.4358 0.5260 0.4586 1.0000 0.4803 0.5714 0.3763
0.4965 0.3964 0.5973 0.4710 0.4875 0.4976 0.5262 0.5588 0.4415 0.5155 0.5490 0.5478 0.6422 0.4663 0.4833 0.4716 0.5256 0.3362 0.5998 0.6023 0.5908 0.5495 0.4980 0.5153 0.5035 0.5285 0.4638 0.4905 0.5132 0.5286 0.4086 0.4832 0.4904 0.4481 0.4968 0.5038 0.3711 0.5225 0.5832 0.5010 0.5844 0.5457 0.4950 0.5013 0.5550 0.4819 0.4803 1.0000 0.5030 0.3742
0.4592 0.3884 0.4644 0.5312 0.5433 0.5728 0.6202 0.5416 0.4841 0.3981 0.4744 0.5456 0.4427 0.5743 0.6159 0.5535 0.5053 0.3782 0.5105 0.4737 0.4925 0.5639 0.4521 0.5320 0.5489 0.6282 0.6515 0.5177 0.5399 0.6150 0.4330 0.5142 0.3894 0.5033 0.4174 0.5353 0.3647 0.5609 0.4701 0.5719 0.4985 0.7313 0.5954 0.3831 0.5492 0.5292 0.5714 0.5030 1.0000 0.4398
0.3969 0.5078 0.3775 0.4063 0.4069 0.4088 0.4113 0.3861 0.4510 0.5012 0.4166 0.4308 0.3657 0.4215 0.4287 0.3555 0.4187 0.4185 0.4080 0.3846 0.3589 0.4035 0.3719 0.3882 0.3791 0.4157 0.3885 0.3649 0.3732 0.3563 0.5841 0.3569 0.4516 0.3728 0.4824 0.3710 0.5478 0.3204 0.4146 0.3736 0.4436 0.4281 0.3876 0.4482 0.3882 0.4042 0.3763 0.3742 0.4398 1.0000
