1.0000	0.6557	0.5828	0.7185	0.7328	0.8337	0.6926	0.7338	0.6130	0.7054	0.6063	0.6942	0.7935	0.6594	0.6549	0.5916	0.5907	0.6912	0.6588	0.7137	0.5604	0.7607	0.9993	0.6877	0.6483	0.6648	0.5535	0.6911	0.7385	0.5962	0.7590	0.7228	0.6940	0.5885	0.6364	0.7233	0.6032	0.7118	0.6867	0.7420	0.7611	0.5618	0.9945	0.7121	0.6153	0.6421	0.9842	0.5826	0.6613	0.7495
0.6557	1.0000	0.7002	0.5806	0.5902	0.6475	0.6940	0.5907	0.5651	0.6909	0.8215	0.6415	0.6264	0.9382	0.9035	0.6535	0.8208	0.6472	0.7254	0.6941	0.6807	0.7086	0.6557	0.7747	0.6926	0.6350	0.6858	0.6883	0.5890	0.7163	0.6066	0.6317	0.7977	0.6465	0.7833	0.7475	0.7841	0.6055	0.6229	0.6783	0.6954	0.7236	0.6559	0.6529	0.7011	0.9407	0.6558	0.8173	0.7910	0.5992
0.5828	0.7002	1.0000	0.5290	0.5381	0.6029	0.6228	0.5381	0.5038	0.6068	0.6630	0.6161	0.5685	0.6841	0.7190	0.6343	0.6869	0.7224	0.7237	0.6031	0.6484	0.5734	0.5828	0.7472	0.6229	0.6164	0.6367	0.6058	0.5506	0.9228	0.5521	0.6803	0.7737	0.6211	0.6843	0.7170	0.7032	0.5829	0.6724	0.5417	0.5444	0.6674	0.5830	0.5118	0.6976	0.7172	0.5816	0.6908	0.7929	0.5534
0.7185	0.5806	0.5290	1.0000	0.7980	0.7296	0.6092	0.7926	0.6343	0.6192	0.5396	0.6250	0.6958	0.5833	0.5797	0.5370	0.5252	0.6184	0.5919	0.6254	0.5091	0.6686	0.7185	0.6161	0.5733	0.6002	0.5313	0.6087	0.7581	0.5409	0.7830	0.6431	0.6212	0.5340	0.5641	0.6442	0.5360	0.6355	0.6151	0.6602	0.6839	0.5260	0.7183	0.6637	0.5572	0.5692	0.7171	0.5181	0.5945	0.7358
0.7328	0.5902	0.5381	0.7980	1.0000	0.7664	0.6219	0.9217	0.5797	0.6324	0.5481	0.6405	0.7102	0.5929	0.5899	0.5457	0.5351	0.6309	0.6010	0.6389	0.5172	0.6802	0.7329	0.6258	0.5847	0.6122	0.5351	0.6213	0.7283	0.5502	0.8775	0.6567	0.6315	0.5428	0.5748	0.6545	0.5463	0.6461	0.6274	0.6722	0.6748	0.5351	0.7327	0.6645	0.5655	0.5791	0.7314	0.5269	0.6043	0.7317
0.8337	0.6475	0.6029	0.7296	0.7664	1.0000	0.6909	0.7658	0.6380	0.7040	0.5991	0.7275	0.8119	0.6500	0.6486	0.6092	0.5852	0.7074	0.6666	0.7115	0.5755	0.7590	0.8337	0.6944	0.6444	0.6927	0.5720	0.6889	0.7605	0.6167	0.8055	0.7413	0.7027	0.6060	0.6347	0.7333	0.5994	0.7221	0.7016	0.7586	0.7503	0.5786	0.8334	0.7002	0.6292	0.6354	0.8305	0.5771	0.6699	0.7688
0.6926	0.6940	0.6228	0.6092	0.6219	0.6909	1.0000	0.6218	0.6253	0.9350	0.6566	0.7438	0.6597	0.6818	0.7297	0.6791	0.6506	0.7347	0.6366	0.9206	0.6087	0.8029	0.6926	0.6246	0.8104	0.7761	0.5914	0.8070	0.6183	0.6245	0.6391	0.8029	0.6512	0.6751	0.7762	0.6767	0.7034	0.6308	0.6811	0.7162	0.7421	0.5909	0.6931	0.6879	0.5798	0.6996	0.6931	0.6659	0.6342	0.6294
0.7338	0.5907	0.5381	0.7926	0.9217	0.7658	0.6218	1.0000	0.5816	0.6323	0.5484	0.6402	0.7108	0.5934	0.5901	0.5464	0.5352	0.6308	0.6017	0.6388	0.5177	0.6808	0.7338	0.6265	0.5847	0.6121	0.5412	0.6211	0.7494	0.5502	0.8515	0.6565	0.6318	0.5434	0.5747	0.6552	0.5462	0.6466	0.6273	0.6724	0.6755	0.5453	0.7336	0.6940	0.5661	0.5793	0.7323	0.5271	0.6047	0.7686
0.6130	0.5651	0.5038	0.6343	0.5797	0.6380	0.6253	0.5816	1.0000	0.6337	0.5320	0.6499	0.6002	0.5643	0.5729	0.6010	0.5175	0.5735	0.5336	0.6375	0.5236	0.6483	0.6130	0.5450	0.5830	0.6378	0.5279	0.6095	0.5956	0.5126	0.5949	0.6036	0.5571	0.5734	0.5741	0.5758	0.5379	0.5606	0.5630	0.6342	0.6594	0.5257	0.6127	0.6475	0.5047	0.5598	0.6115	0.5178	0.5353	0.5958
0.7054	0.6909	0.6068	0.6192	0.6324	0.7040	0.9350	0.6323	0.6337	1.0000	0.6511	0.7475	0.6713	0.6828	0.7211	0.6672	0.6363	0.7125	0.6313	0.9608	0.5989	0.8227	0.7055	0.6246	0.7890	0.7731	0.5896	0.8171	0.6285	0.6125	0.6502	0.7841	0.6513	0.6580	0.7706	0.6766	0.6829	0.6415	0.6777	0.7302	0.7579	0.5834	0.7060	0.7006	0.5822	0.6953	0.7060	0.6570	0.6238	0.6400
0.6063	0.8215	0.6630	0.5396	0.5481	0.5991	0.6566	0.5484	0.5320	0.6511	1.0000	0.6041	0.5799	0.8214	0.8194	0.6216	0.7647	0.6073	0.6716	0.6530	0.6388	0.6551	0.6063	0.7108	0.6574	0.6031	0.6513	0.6569	0.5456	0.6760	0.5629	0.5963	0.7385	0.6122	0.7437	0.6988	0.7301	0.5583	0.5841	0.6265	0.6411	0.6736	0.6064	0.6078	0.6426	0.8283	0.6064	0.7601	0.7220	0.5550
0.6942	0.6415	0.6161	0.6250	0.6405	0.7275	0.7438	0.6402	0.6499	0.7475	0.6041	1.0000	0.6770	0.6370	0.6592	0.6555	0.6119	0.7214	0.6003	0.7557	0.5949	0.7564	0.6942	0.6161	0.6826	0.7823	0.5838	0.7418	0.6532	0.6276	0.6590	0.7205	0.6310	0.6462	0.6709	0.6456	0.6505	0.6692	0.7121	0.7092	0.7195	0.5952	0.6940	0.6686	0.5653	0.6397	0.6924	0.5895	0.6128	0.6570
0.7935	0.6264	0.5685	0.6958	0.7102	0.8119	0.6597	0.7108	0.6002	0.6713	0.5799	0.6770	1.0000	0.6295	0.6257	0.5768	0.5656	0.6698	0.6383	0.6786	0.5467	0.7225	0.7935	0.6659	0.6191	0.6481	0.5400	0.6592	0.7185	0.5816	0.7351	0.6987	0.6717	0.5737	0.6085	0.6986	0.5776	0.6894	0.6660	0.7153	0.7217	0.5480	0.7932	0.6780	0.5993	0.6139	0.7917	0.5576	0.6414	0.7269
0.6594	0.9382	0.6841	0.5833	0.5929	0.6500	0.6818	0.5934	0.5643	0.6828	0.8214	0.6370	0.6295	1.0000	0.8981	0.6441	0.8085	0.6290	0.7094	0.6871	0.6659	0.7092	0.6594	0.7728	0.6766	0.6280	0.6872	0.6948	0.5917	0.7032	0.6094	0.6165	0.8020	0.6326	0.7857	0.7600	0.7581	0.6076	0.6116	0.6815	0.6999	0.7115	0.6596	0.6568	0.6895	0.9301	0.6598	0.8038	0.7712	0.6020
0.6549	0.9035	0.7190	0.5797	0.5899	0.6486	0.7297	0.5901	0.5729	0.7211	0.8194	0.6592	0.6257	0.8981	1.0000	0.6800	0.8347	0.6768	0.7198	0.7216	0.6756	0.7167	0.6549	0.7512	0.7288	0.6633	0.6879	0.7270	0.5883	0.7318	0.6060	0.6639	0.7981	0.6709	0.8530	0.7708	0.8112	0.6013	0.6363	0.6774	0.6947	0.7108	0.6552	0.6519	0.6693	0.9349	0.6550	0.8170	0.7771	0.5985
0.5916	0.6535	0.6343	0.5370	0.5457	0.6092	0.6791	0.5464	0.6010	0.6672	0.6216	0.6555	0.5768	0.6441	0.6800	1.0000	0.6177	0.6361	0.6294	0.6618	0.6247	0.6402	0.5916	0.6259	0.6686	0.6807	0.6173	0.6442	0.5582	0.6432	0.5607	0.6582	0.6502	0.7113	0.6885	0.6578	0.6354	0.5741	0.5978	0.6079	0.6097	0.6188	0.5918	0.5729	0.5818	0.6593	0.5905	0.6335	0.6432	0.5611
0.5907	0.8208	0.6869	0.5252	0.5351	0.5852	0.6506	0.5352	0.5175	0.6363	0.7647	0.6119	0.5656	0.8085	0.8347	0.6177	1.0000	0.6556	0.6456	0.6428	0.6206	0.6457	0.5907	0.6786	0.6446	0.6103	0.6189	0.6446	0.5330	0.7056	0.5492	0.6005	0.7257	0.6239	0.7295	0.6726	0.8465	0.5578	0.6508	0.6078	0.6243	0.6831	0.5908	0.5880	0.6011	0.8378	0.5910	0.7240	0.7622	0.5420
0.6912	0.6472	0.7224	0.6184	0.6309	0.7074	0.7347	0.6308	0.5735	0.7125	0.6073	0.7214	0.6698	0.6290	0.6768	0.6361	0.6556	1.0000	0.6533	0.7137	0.5782	0.6799	0.6912	0.6477	0.6875	0.7074	0.5526	0.6795	0.6364	0.7203	0.6485	0.8170	0.6813	0.6594	0.6756	0.7033	0.7201	0.6761	0.7812	0.6307	0.6440	0.5916	0.6913	0.6039	0.5920	0.6510	0.6900	0.5962	0.7139	0.6437
0.6588	0.7254	0.7237	0.5919	0.6010	0.6666	0.6366	0.6017	0.5336	0.6313	0.6716	0.6003	0.6383	0.7094	0.7198	0.6294	0.6456	0.6533	1.0000	0.6275	0.7312	0.6269	0.6588	0.8207	0.6921	0.6199	0.6368	0.6191	0.6075	0.7319	0.6180	0.6883	0.7909	0.6405	0.6742	0.7511	0.6492	0.6098	0.6328	0.6082	0.6129	0.6496	0.6591	0.5790	0.8144	0.7197	0.6578	0.7622	0.7747	0.6143
0.7137	0.6941	0.6031	0.6254	0.6389	0.7115	0.9206	0.6388	0.6375	0.9608	0.6530	0.7557	0.6786	0.6871	0.7216	0.6618	0.6428	0.7137	0.6275	1.0000	0.5951	0.8331	0.7137	0.6262	0.7832	0.7684	0.5859	0.8098	0.6350	0.6103	0.6570	0.7791	0.6526	0.6552	0.7662	0.6777	0.6860	0.6466	0.6851	0.7384	0.7679	0.5839	0.7141	0.7086	0.5786	0.6966	0.7143	0.6528	0.6260	0.6466
0.5604	0.6807	0.6484	0.5091	0.5172	0.5755	0.6087	0.5177	0.5236	0.5989	0.6388	0.5949	0.5467	0.6659	0.6756	0.6247	0.6206	0.5782	0.7312	0.5951	1.0000	0.5930	0.5604	0.6786	0.6576	0.6161	0.6258	0.5881	0.5291	0.6442	0.5311	0.6003	0.6590	0.6351	0.6307	0.6280	0.6321	0.5257	0.5702	0.5746	0.5751	0.6412	0.5606	0.5425	0.7111	0.6763	0.5593	0.7162	0.6583	0.5320
0.7607	0.7086	0.5734	0.6686	0.6802	0.7590	0.8029	0.6808	0.6483	0.8227	0.6551	0.7564	0.7225	0.7092	0.7167	0.6402	0.6457	0.6799	0.6269	0.8331	0.5930	1.0000	0.7607	0.6468	0.7303	0.7322	0.5845	0.7868	0.6736	0.5850	0.7017	0.7163	0.6592	0.6358	0.7196	0.6839	0.6662	0.6654	0.6699	0.8304	0.8733	0.5907	0.7609	0.7662	0.5855	0.6985	0.7611	0.6345	0.6312	0.6863
0.9993	0.6557	0.5828	0.7185	0.7329	0.8337	0.6926	0.7338	0.6130	0.7055	0.6063	0.6942	0.7935	0.6594	0.6549	0.5916	0.5907	0.6912	0.6588	0.7137	0.5604	0.7607	1.0000	0.6877	0.6484	0.6648	0.5535	0.6911	0.7385	0.5962	0.7590	0.7228	0.6940	0.5885	0.6364	0.7233	0.6032	0.7119	0.6867	0.7420	0.7611	0.5618	0.9947	0.7121	0.6153	0.6421	0.9843	0.5826	0.6613	0.7495
0.6877	0.7747	0.7472	0.6161	0.6258	0.6944	0.6246	0.6265	0.5450	0.6246	0.7108	0.6161	0.6659	0.7728	0.7512	0.6259	0.6786	0.6477	0.8207	0.6262	0.6786	0.6468	0.6877	1.0000	0.6483	0.6148	0.6686	0.6299	0.6328	0.7666	0.6439	0.6628	0.8673	0.6158	0.6891	0.7927	0.6531	0.6381	0.6337	0.6327	0.6388	0.6849	0.6877	0.6025	0.8130	0.7662	0.6865	0.7577	0.8215	0.6400
0.6483	0.6926	0.6229	0.5733	0.5847	0.6444	0.8104	0.5847	0.5830	0.7890	0.6574	0.6826	0.6191	0.6766	0.7288	0.6686	0.6446	0.6875	0.6921	0.7832	0.6576	0.7303	0.6484	0.6483	1.0000	0.7083	0.5888	0.7462	0.5819	0.6207	0.6005	0.7485	0.6525	0.6980	0.7427	0.6551	0.6835	0.5829	0.6219	0.6688	0.6875	0.5946	0.6488	0.6443	0.6144	0.7028	0.6488	0.7299	0.6401	0.5921
0.6648	0.6350	0.6164	0.6002	0.6122	0.6927	0.7761	0.6121	0.6378	0.7731	0.6031	0.7823	0.6481	0.6280	0.6633	0.6807	0.6103	0.7074	0.6199	0.7684	0.6161	0.7322	0.6648	0.6148	0.7083	1.0000	0.5976	0.7412	0.6260	0.6336	0.6290	0.7425	0.6337	0.6742	0.6976	0.6569	0.6474	0.6487	0.6989	0.6797	0.6884	0.5949	0.6650	0.6414	0.5786	0.6390	0.6630	0.6100	0.6131	0.6295
0.5535	0.6858	0.6367	0.5313	0.5351	0.5720	0.5914	0.5412	0.5279	0.5896	0.6513	0.5838	0.5400	0.6872	0.6879	0.6173	0.6189	0.5526	0.6368	0.5859	0.6258	0.5845	0.5535	0.6686	0.5888	0.5976	1.0000	0.5921	0.5767	0.6474	0.5426	0.5661	0.6848	0.5890	0.6638	0.6617	0.6037	0.5214	0.5270	0.5690	0.5680	0.8068	0.5537	0.5552	0.6250	0.6908	0.5523	0.6669	0.6492	0.5671
0.6911	0.6883	0.6058	0.6087	0.6213	0.6889	0.8070	0.6211	0.6095	0.8171	0.6569	0.7418	0.6592	0.6948	0.7270	0.6442	0.6446	0.6795	0.6191	0.8098	0.5881	0.7868	0.6911	0.6299	0.7462	0.7412	0.5921	1.0000	0.6179	0.6177	0.6385	0.7206	0.6575	0.6345	0.7614	0.6765	0.6668	0.6745	0.6567	0.7152	0.7413	0.5768	0.6915	0.6876	0.5833	0.7015	0.6914	0.6608	0.6132	0.6290
0.7385	0.5890	0.5506	0.7581	0.7283	0.7605	0.6183	0.7494	0.5956	0.6285	0.5456	0.6532	0.7185	0.5917	0.5883	0.5582	0.5330	0.6364	0.6075	0.6350	0.5291	0.6736	0.7385	0.6328	0.5819	0.6260	0.5767	0.6179	1.0000	0.5631	0.7260	0.6621	0.6384	0.5547	0.5720	0.6621	0.5441	0.6541	0.6330	0.6718	0.6734	0.5729	0.7383	0.6891	0.5765	0.5776	0.7365	0.5255	0.6109	0.8793
0.5962	0.7163	0.9228	0.5409	0.5502	0.6167	0.6245	0.5502	0.5126	0.6125	0.6760	0.6276	0.5816	0.7032	0.7318	0.6432	0.7056	0.7203	0.7319	0.6103	0.6442	0.5850	0.5962	0.7666	0.6207	0.6336	0.6474	0.6177	0.5631	1.0000	0.5646	0.6760	0.7990	0.6223	0.6956	0.7347	0.7065	0.6103	0.6869	0.5538	0.5567	0.6792	0.5963	0.5232	0.7037	0.7325	0.5950	0.7011	0.8099	0.5660
0.7590	0.6066	0.5521	0.7830	0.8775	0.8055	0.6391	0.8515	0.5949	0.6502	0.5629	0.6590	0.7351	0.6094	0.6060	0.5607	0.5492	0.6485	0.6180	0.6570	0.5311	0.7017	0.7590	0.6439	0.6005	0.6290	0.5426	0.6385	0.7260	0.5646	1.0000	0.6757	0.6495	0.5576	0.5900	0.6742	0.5606	0.6651	0.6449	0.6959	0.6960	0.5397	0.7588	0.6697	0.5811	0.5948	0.7574	0.5409	0.6212	0.7170
0.7228	0.6317	0.6803	0.6431	0.6567	0.7413	0.8029	0.6565	0.6036	0.7841	0.5963	0.7205	0.6987	0.6165	0.6639	0.6582	0.6005	0.8170	0.6883	0.7791	0.6003	0.7163	0.7228	0.6628	0.7485	0.7425	0.5661	0.7206	0.6621	0.6760	0.6757	1.0000	0.6863	0.6703	0.6935	0.7108	0.6478	0.6670	0.7301	0.6568	0.6710	0.5748	0.7232	0.6278	0.6166	0.6376	0.7218	0.6188	0.6800	0.6700
0.6940	0.7977	0.7737	0.6212	0.6315	0.7027	0.6512	0.6318	0.5571	0.6513	0.7385	0.6310	0.6717	0.8020	0.7981	0.6502	0.7257	0.6813	0.7909	0.6526	0.6590	0.6592	0.6940	0.8673	0.6525	0.6337	0.6848	0.6575	0.6384	0.7990	0.6495	0.6863	1.0000	0.6316	0.7424	0.8539	0.6941	0.6428	0.6563	0.6386	0.6443	0.6943	0.6941	0.6073	0.7558	0.8062	0.6927	0.7505	0.8591	0.6457
0.5885	0.6465	0.6211	0.5340	0.5428	0.6060	0.6751	0.5434	0.5734	0.6580	0.6122	0.6462	0.5737	0.6326	0.6709	0.7113	0.6239	0.6594	0.6405	0.6552	0.6351	0.6358	0.5885	0.6158	0.6980	0.6742	0.5890	0.6345	0.5547	0.6223	0.5576	0.6703	0.6316	1.0000	0.6627	0.6423	0.6573	0.5504	0.5855	0.6039	0.6058	0.6149	0.5887	0.5693	0.5846	0.6514	0.5874	0.6418	0.6402	0.5577
0.6364	0.7833	0.6843	0.5641	0.5748	0.6347	0.7762	0.5747	0.5741	0.7706	0.7437	0.6709	0.6085	0.7857	0.8530	0.6885	0.7295	0.6756	0.6742	0.7662	0.6307	0.7196	0.6364	0.6891	0.7427	0.6976	0.6638	0.7614	0.5720	0.6956	0.5900	0.6935	0.7424	0.6627	1.0000	0.7706	0.7415	0.5926	0.6160	0.6576	0.6783	0.6464	0.6368	0.6334	0.6162	0.8069	0.6368	0.7539	0.6933	0.5819
0.7233	0.7475	0.7170	0.6442	0.6545	0.7333	0.6767	0.6552	0.5758	0.6766	0.6988	0.6456	0.6986	0.7600	0.7708	0.6578	0.6726	0.7033	0.7511	0.6777	0.6280	0.6839	0.7233	0.7927	0.6551	0.6569	0.6617	0.6765	0.6621	0.7347	0.6742	0.7108	0.8539	0.6423	0.7706	1.0000	0.6692	0.6664	0.6453	0.6631	0.6701	0.6509	0.7235	0.6296	0.6942	0.7489	0.7219	0.6898	0.7794	0.6700
0.6032	0.7841	0.7032	0.5360	0.5463	0.5994	0.7034	0.5462	0.5379	0.6829	0.7301	0.6505	0.5776	0.7581	0.8112	0.6354	0.8465	0.7201	0.6492	0.6860	0.6321	0.6662	0.6032	0.6531	0.6835	0.6474	0.6037	0.6668	0.5441	0.7065	0.5606	0.6478	0.6941	0.6573	0.7415	0.6692	1.0000	0.5738	0.6980	0.6215	0.6373	0.6610	0.6033	0.5999	0.6008	0.7913	0.6031	0.7060	0.7396	0.5533
0.7118	0.6055	0.5829	0.6355	0.6461	0.7221	0.6308	0.6466	0.5606	0.6415	0.5583	0.6692	0.6894	0.6076	0.6013	0.5741	0.5578	0.6761	0.6098	0.6466	0.5257	0.6654	0.7119	0.6381	0.5829	0.6487	0.5214	0.6745	0.6541	0.6103	0.6651	0.6670	0.6428	0.5504	0.5926	0.6664	0.5738	1.0000	0.6943	0.6473	0.6595	0.5396	0.7118	0.6204	0.6062	0.5935	0.7106	0.5465	0.6331	0.6617
0.6867	0.6229	0.6724	0.6151	0.6274	0.7016	0.6811	0.6273	0.5630	0.6777	0.5841	0.7121	0.6660	0.6116	0.6363	0.5978	0.6508	0.7812	0.6328	0.6851	0.5702	0.6699	0.6867	0.6337	0.6219	0.6989	0.5270	0.6567	0.6330	0.6869	0.6449	0.7301	0.6563	0.5855	0.6160	0.6453	0.6980	0.6943	1.0000	0.6264	0.6404	0.5647	0.6866	0.6007	0.5904	0.6219	0.6855	0.5636	0.6809	0.6402
0.7420	0.6783	0.5417	0.6602	0.6722	0.7586	0.7162	0.6724	0.6342	0.7302	0.6265	0.7092	0.7153	0.6815	0.6774	0.6079	0.6078	0.6307	0.6082	0.7384	0.5746	0.8304	0.7420	0.6327	0.6688	0.6797	0.5690	0.7152	0.6718	0.5538	0.6959	0.6568	0.6386	0.6039	0.6576	0.6631	0.6215	0.6473	0.6264	1.0000	0.8262	0.5766	0.7418	0.7467	0.5731	0.6637	0.7397	0.6006	0.6113	0.6832
0.7611	0.6954	0.5444	0.6839	0.6748	0.7503	0.7421	0.6755	0.6594	0.7579	0.6411	0.7195	0.7217	0.6999	0.6947	0.6097	0.6243	0.6440	0.6129	0.7679	0.5751	0.8733	0.7611	0.6388	0.6875	0.6884	0.5680	0.7413	0.6734	0.5567	0.6960	0.6710	0.6443	0.6058	0.6783	0.6701	0.6373	0.6595	0.6404	0.8262	1.0000	0.5763	0.7613	0.8087	0.5737	0.6799	0.7617	0.6140	0.6157	0.6862
0.5618	0.7236	0.6674	0.5260	0.5351	0.5786	0.5909	0.5453	0.5257	0.5834	0.6736	0.5952	0.5480	0.7115	0.7108	0.6188	0.6831	0.5916	0.6496	0.5839	0.6412	0.5907	0.5618	0.6849	0.5946	0.5949	0.8068	0.5768	0.5729	0.6792	0.5397	0.5748	0.6943	0.6149	0.6464	0.6509	0.6610	0.5396	0.5647	0.5766	0.5763	1.0000	0.5618	0.5678	0.6353	0.7223	0.5606	0.6772	0.7115	0.5777
0.9945	0.6559	0.5830	0.7183	0.7327	0.8334	0.6931	0.7336	0.6127	0.7060	0.6064	0.6940	0.7932	0.6596	0.6552	0.5918	0.5908	0.6913	0.6591	0.7141	0.5606	0.7609	0.9947	0.6877	0.6488	0.6650	0.5537	0.6915	0.7383	0.5963	0.7588	0.7232	0.6941	0.5887	0.6368	0.7235	0.6033	0.7118	0.6866	0.7418	0.7613	0.5618	1.0000	0.7121	0.6155	0.6423	0.9857	0.5830	0.6613	0.7493
0.7121	0.6529	0.5118	0.6637	0.6645	0.7002	0.6879	0.6940	0.6475	0.7006	0.6078	0.6686	0.6780	0.6568	0.6519	0.5729	0.5880	0.6039	0.5790	0.7086	0.5425	0.7662	0.7121	0.6025	0.6443	0.6414	0.5552	0.6876	0.6891	0.5232	0.6697	0.6278	0.6073	0.5693	0.6334	0.6296	0.5999	0.6204	0.6007	0.7467	0.8087	0.5678	0.7121	1.0000	0.5424	0.6392	0.7118	0.5798	0.5811	0.7360
0.6153	0.7011	0.6976	0.5572	0.5655	0.6292	0.5798	0.5661	0.5047	0.5822	0.6426	0.5653	0.5993	0.6895	0.6693	0.5818	0.6011	0.5920	0.8144	0.5786	0.7111	0.5855	0.6153	0.8130	0.6144	0.5786	0.6250	0.5833	0.5765	0.7037	0.5811	0.6166	0.7558	0.5846	0.6162	0.6942	0.6008	0.6062	0.5904	0.5731	0.5737	0.6353	0.6155	0.5424	1.0000	0.6880	0.6141	0.7338	0.7351	0.5816
0.6421	0.9407	0.7172	0.5692	0.5791	0.6354	0.6996	0.5793	0.5598	0.6953	0.8283	0.6397	0.6139	0.9301	0.9349	0.6593	0.8378	0.6510	0.7197	0.6966	0.6763	0.6985	0.6421	0.7662	0.7028	0.6390	0.6908	0.7015	0.5776	0.7325	0.5948	0.6376	0.8062	0.6514	0.8069	0.7489	0.7913	0.5935	0.6219	0.6637	0.6799	0.7223	0.6423	0.6392	0.6880	1.0000	0.6421	0.8307	0.7895	0.5875
0.9842	0.6558	0.5816	0.7171	0.7314	0.8305	0.6931	0.7323	0.6115	0.7060	0.6064	0.6924	0.7917	0.6598	0.6550	0.5905	0.5910	0.6900	0.6578	0.7143	0.5593	0.7611	0.9843	0.6865	0.6488	0.6630	0.5523	0.6914	0.7365	0.5950	0.7574	0.7218	0.6927	0.5874	0.6368	0.7219	0.6031	0.7106	0.6855	0.7397	0.7617	0.5606	0.9857	0.7118	0.6141	0.6421	1.0000	0.5829	0.6600	0.7476
0.5826	0.8173	0.6908	0.5181	0.5269	0.5771	0.6659	0.5271	0.5178	0.6570	0.7601	0.5895	0.5576	0.8038	0.8170	0.6335	0.7240	0.5962	0.7622	0.6528	0.7162	0.6345	0.5826	0.7577	0.7299	0.6100	0.6669	0.6608	0.5255	0.7011	0.5409	0.6188	0.7505	0.6418	0.7539	0.6898	0.7060	0.5465	0.5636	0.6006	0.6140	0.6772	0.5830	0.5798	0.7338	0.8307	0.5829	1.0000	0.7240	0.5343
0.6613	0.7910	0.7929	0.5945	0.6043	0.6699	0.6342	0.6047	0.5353	0.6238	0.7220	0.6128	0.6414	0.7712	0.7771	0.6432	0.7622	0.7139	0.7747	0.6260	0.6583	0.6312	0.6613	0.8215	0.6401	0.6131	0.6492	0.6132	0.6109	0.8099	0.6212	0.6800	0.8591	0.6402	0.6933	0.7794	0.7396	0.6331	0.6809	0.6113	0.6157	0.7115	0.6613	0.5811	0.7351	0.7895	0.6600	0.7240	1.0000	0.6175
0.7495	0.5992	0.5534	0.7358	0.7317	0.7688	0.6294	0.7686	0.5958	0.6400	0.5550	0.6570	0.7269	0.6020	0.5985	0.5611	0.5420	0.6437	0.6143	0.6466	0.5320	0.6863	0.7495	0.6400	0.5921	0.6295	0.5671	0.6290	0.8793	0.5660	0.7170	0.6700	0.6457	0.5577	0.5819	0.6700	0.5533	0.6617	0.6402	0.6832	0.6862	0.5777	0.7493	0.7360	0.5816	0.5875	0.7476	0.5343	0.6175	1.0000
