0.844040	0.098977	0.080199	-0.082853	0.106351	0.096699	0.016658	0.025197	0.023833	0.001264	0.020148	0.047750	0.025881	0.008199	0.051131	-0.146354	-0.106231	-0.142837	0.031632	-0.157406	-0.142523	-0.035228	0.073327	0.018153	0.008949	0.062223	0.009731	0.027436	0.012843	-0.124726	0.064120	-0.041245	0.086749	-0.161597	0.080286	-0.141031	0.012539	0.017585	-0.000625	-0.128556	0.067458	0.084157	0.087148	0.108709	0.087802	0.076886	0.006415	0.002924	0.045907	0.079795	-0.152623	0.071650	0.114173	0.103090	-0.154259	0.032184	0.029784	-0.117311	0.018480	0.069552	0.101146	0.081379	-0.152458	0.088293	0.018913	0.011591	0.000205	0.036325	-0.133485	0.058626	-0.083339	-0.081573	0.092498	0.074812	0.108473	0.026247	0.019193	0.064777	-0.006230	0.015076	-0.009576	-0.151882	-0.128690	-0.129534	0.014911	-0.114713	0.100864	-0.092812	0.036889	0.071060	-0.098055	-0.096978	0.063810	0.082089	0.075653	-0.153881	0.047579	0.000058	0.106850	0.074842	-0.138731	0.045643	-0.151096	-0.166021	0.033007	-0.128275	-0.074356	-0.047612	0.051762	0.066388	0.039658	0.079924	0.101187	0.051469	0.100358	-0.104318	-0.110730	0.015241	-0.157832	-0.163466	0.074548	-0.132124	-0.100136	-0.091987	0.090265	0.018300	-0.155314	-0.144281	-0.125760	-0.118837	-0.125107	-0.132567	-0.131942	-0.184307	
0.098977	0.783946	0.092687	-0.118391	0.101143	0.098195	0.018180	0.016300	0.058871	0.000366	0.011660	0.034922	0.019933	-0.004679	0.043293	-0.156574	-0.110425	-0.142660	-0.023423	-0.150696	-0.135746	-0.074902	0.102174	-0.006819	0.012470	-0.007716	0.018519	0.024575	0.017840	-0.131765	0.111791	-0.050016	0.131101	-0.155749	0.098825	-0.144430	0.017064	-0.003750	0.032536	-0.129133	0.098668	0.101941	0.098431	0.130957	0.108125	-0.005151	0.011872	0.026664	0.009089	0.102746	-0.137042	0.103448	0.118739	0.103057	-0.142126	-0.004041	0.009727	-0.136335	0.029582	0.046562	0.116839	0.085662	-0.142681	0.118099	0.029182	0.006543	0.030026	0.037222	-0.145196	0.107382	-0.092403	-0.091770	0.100915	0.116549	0.121291	0.016703	0.013468	0.066847	0.015551	0.004572	0.014107	-0.145408	-0.115497	-0.145094	0.046223	-0.136306	0.093729	-0.056536	-0.015394	0.093661	-0.130632	-0.092176	0.072499	0.102105	0.117604	-0.138787	0.044764	0.006887	0.101221	0.108666	-0.130973	0.005774	-0.158489	-0.166545	0.006782	-0.139860	-0.081294	-0.098842	0.037314	0.101564	0.030645	0.108786	0.099873	0.046596	0.101506	-0.120706	-0.135035	-0.004091	-0.154324	-0.163447	0.091576	-0.143680	-0.109943	-0.133340	0.115120	-0.000645	-0.159605	-0.137522	-0.152881	-0.136568	-0.146828	-0.147706	-0.107397	-0.176002	
0.080199	0.092687	0.778265	-0.119374	0.099186	0.104955	0.034712	0.006805	0.042665	-0.003106	0.000023	0.044722	0.024662	-0.007611	0.048596	-0.157618	-0.132583	-0.155497	0.003197	-0.153275	-0.158197	-0.059702	0.112614	0.011935	-0.010399	0.001372	0.040708	0.019934	0.029577	-0.145161	0.127231	-0.053806	0.100308	-0.154938	0.126082	-0.155718	0.025242	0.004556	0.026984	-0.134074	0.087104	0.128407	0.119533	0.105719	0.114615	0.008325	-0.005644	0.028715	0.028086	0.131553	-0.139954	0.100894	0.139801	0.109022	-0.157294	-0.001068	0.013641	-0.145152	0.011284	0.059224	0.131961	0.103187	-0.140539	0.106466	0.024404	0.011804	0.012817	0.018450	-0.141119	0.113831	-0.085956	-0.089625	0.096730	0.112558	0.095330	-0.000767	0.005546	0.080363	0.017274	0.006970	0.014516	-0.157192	-0.133068	-0.142767	0.018777	-0.144983	0.117902	-0.056241	-0.010497	0.120595	-0.134813	-0.098719	0.087093	0.127167	0.100132	-0.150231	0.046214	0.036981	0.119379	0.111137	-0.145968	0.015324	-0.162418	-0.174660	-0.001422	-0.155891	-0.077912	-0.089362	0.053151	0.102254	0.042892	0.102847	0.109235	0.040648	0.090822	-0.119852	-0.147822	0.013530	-0.167031	-0.160523	0.123570	-0.151738	-0.120680	-0.127926	0.110867	-0.008952	-0.166475	-0.148063	-0.149073	-0.145261	-0.153092	-0.154242	-0.128916	-0.189291	
-0.082853	-0.118391	-0.119374	1.388976	-0.096970	-0.123464	-0.108466	-0.107493	-0.129089	-0.128070	-0.123623	-0.133284	-0.105518	-0.114137	-0.108456	0.005224	0.027827	0.005948	-0.093737	0.031821	0.029375	0.121387	-0.121703	-0.116815	-0.080227	-0.125976	-0.126040	-0.118038	-0.123066	0.515691	-0.124898	0.107068	-0.118799	0.063117	-0.123107	0.015242	-0.107542	0.059623	-0.112504	0.491145	-0.127744	-0.125655	-0.118672	-0.136099	-0.125060	-0.124161	-0.134092	-0.120842	-0.109016	-0.131546	0.018273	-0.122495	-0.134832	-0.129857	0.016807	-0.118622	-0.118500	-0.007641	-0.114725	-0.141197	-0.143583	-0.135593	0.021193	-0.131139	-0.114104	-0.123750	-0.117499	-0.126881	0.048781	-0.112280	0.141630	0.151858	-0.136084	-0.126905	-0.129721	-0.124206	-0.121014	-0.125563	-0.135005	-0.111899	-0.112733	0.021969	0.011468	0.064630	-0.108495	0.532619	-0.127211	0.058833	-0.006121	-0.105402	0.449743	0.162532	-0.119622	-0.115137	-0.114366	0.026572	-0.133232	-0.121117	-0.136777	-0.124890	0.056794	-0.111147	0.060862	0.062061	-0.106363	0.571303	0.110988	0.137543	-0.138751	-0.123937	-0.117828	-0.121641	-0.133195	-0.099409	-0.115175	0.536865	0.557426	-0.103851	0.074929	0.039609	-0.129750	0.545905	0.197381	0.435568	-0.098581	0.007190	0.082422	0.107187	0.506260	0.547842	0.545054	0.546651	0.230376	0.037990	
0.106351	0.101143	0.099186	-0.096970	0.820649	0.091102	0.015560	0.015732	0.027718	-0.004821	0.013579	0.046783	0.026504	0.003547	0.047419	-0.148111	-0.096724	-0.143524	-0.000789	-0.145497	-0.143326	-0.040651	0.063490	0.015283	-0.017074	0.007698	0.007914	0.008437	0.020771	-0.111713	0.162401	-0.024708	0.096202	-0.138285	0.073573	-0.132699	0.016204	0.021638	0.018892	-0.109024	0.091006	0.082991	0.089978	0.077447	0.088667	-0.003367	-0.012454	-0.004995	-0.003516	0.131706	-0.133336	0.086533	0.087683	0.107844	-0.139908	0.002331	0.010080	-0.135201	0.029578	0.035347	0.094352	0.079767	-0.135859	0.090693	-0.000443	0.021412	0.013619	0.004246	-0.145890	0.072606	-0.091997	-0.086677	0.087962	0.107608	0.101414	0.010562	0.009512	0.097104	0.003453	0.009253	0.006356	-0.145142	-0.107411	-0.121309	0.008675	-0.120201	0.112096	-0.029330	-0.028613	0.111598	-0.106434	-0.056048	0.061428	0.099801	0.088825	-0.137547	0.029606	-0.004960	0.100475	0.077747	-0.115343	-0.016366	-0.147425	-0.156305	0.001628	-0.131019	-0.040562	-0.023985	0.049250	0.109254	0.036052	0.099514	0.067661	0.030015	0.115812	-0.111574	-0.129178	0.009618	-0.151890	-0.139824	0.083798	-0.143157	-0.097657	-0.097863	0.125658	-0.028153	-0.148924	-0.127220	-0.126740	-0.128783	-0.144345	-0.134979	-0.099737	-0.168923	
0.096699	0.098195	0.104955	-0.123464	0.091102	0.779593	0.032249	-0.003026	0.063402	0.003237	0.007078	0.059192	0.034678	0.008987	0.067085	-0.159630	-0.131843	-0.142067	-0.010953	-0.143595	-0.152549	-0.052988	0.097987	0.011580	-0.014483	0.005161	-0.005659	-0.006443	-0.004480	-0.146356	0.100206	-0.041223	0.110118	-0.152664	0.094671	-0.140316	0.015312	0.002444	0.007653	-0.135171	0.103293	0.100638	0.108887	0.119255	0.115739	0.002497	0.000514	0.011117	0.021659	0.118350	-0.127209	0.098698	0.122820	0.118676	-0.139682	0.000179	0.004591	-0.140562	0.010762	0.074078	0.099720	0.110995	-0.139349	0.121866	0.027232	0.009250	0.000864	0.015393	-0.142283	0.115389	-0.090268	-0.088187	0.110453	0.117066	0.147619	-0.005245	0.011857	0.117598	0.000035	0.002610	0.011357	-0.153048	-0.124322	-0.133264	0.008119	-0.144302	0.123485	-0.036906	0.002327	0.126151	-0.140683	-0.102900	0.091081	0.101406	0.088212	-0.153742	0.073232	0.001111	0.122821	0.080690	-0.115726	0.007879	-0.168307	-0.166346	0.015484	-0.153672	-0.094153	-0.077956	0.058947	0.106167	0.061488	0.157940	0.119067	0.066915	0.109117	-0.139425	-0.156356	0.001885	-0.154339	-0.159303	0.102646	-0.161950	-0.120994	-0.145695	0.113166	-0.019042	-0.163025	-0.140779	-0.164421	-0.156341	-0.161733	-0.151576	-0.132147	-0.179020	
0.016658	0.018180	0.034712	-0.108466	0.015560	0.032249	0.757477	0.048902	0.037049	0.052793	0.067156	0.038573	0.041191	0.072548	0.061097	-0.145663	-0.102504	-0.135178	0.063786	-0.145783	-0.144852	-0.051891	0.012385	0.059507	0.044172	0.073844	0.173580	0.183557	0.169429	-0.141593	0.003633	-0.056072	0.014770	-0.147595	0.031115	-0.141778	0.207539	-0.031070	0.182960	-0.129146	0.019003	0.018632	0.024203	0.020681	0.015678	0.067413	0.055861	0.191338	0.053843	0.008874	-0.138321	0.018609	0.019218	0.035289	-0.139634	0.058418	0.057503	-0.137854	0.191001	0.025800	0.016426	0.014757	-0.137920	0.010148	0.068197	0.068999	0.171175	0.047927	-0.138275	0.012227	-0.093869	-0.084210	0.040310	0.012759	0.026378	0.056656	0.052330	0.015444	0.203439	0.185112	0.176913	-0.128811	-0.096961	-0.133002	0.168613	-0.131836	0.013031	-0.071062	-0.008695	0.012111	-0.138313	-0.078903	0.047024	0.006466	0.016162	-0.147009	0.054755	0.145030	0.034359	0.007888	-0.122084	0.046502	-0.153318	-0.166883	0.080443	-0.159369	-0.042333	-0.087789	0.042405	0.020252	0.043239	0.032695	0.002532	0.050526	0.016850	-0.146101	-0.153834	0.058406	-0.160770	-0.160455	0.021195	-0.160958	-0.108967	-0.134189	0.011755	0.025959	-0.163999	-0.144327	-0.152184	-0.155594	-0.161180	-0.150193	-0.124230	-0.164944	
0.025197	0.016300	0.006805	-0.107493	0.015732	-0.003026	0.048902	0.821885	0.033147	0.195837	0.462360	0.003880	0.009779	0.194387	0.024738	-0.161872	-0.131898	-0.140538	0.195684	-0.162127	-0.154714	-0.018631	0.008769	0.150042	0.150243	0.173035	0.049089	0.043207	0.050564	-0.149652	0.009594	-0.072199	0.007928	-0.169113	-0.002894	-0.156279	0.019374	-0.000587	0.052742	-0.149765	0.011776	0.003952	0.003927	0.002388	-0.008793	0.154388	0.202246	0.044270	0.172840	0.020687	-0.153849	0.014895	0.023543	0.009297	-0.157905	0.180973	0.171245	-0.153323	0.059179	0.019587	-0.014040	0.013615	-0.141568	0.003258	0.193335	0.171540	0.060229	0.155733	-0.151395	0.004765	-0.117147	-0.097529	0.012578	0.013700	0.008014	0.215932	0.174688	0.012751	0.049291	0.042579	0.034861	-0.161718	-0.132926	-0.139949	0.054051	-0.144950	-0.001532	-0.084372	0.029785	0.011137	-0.150916	-0.106337	0.027410	0.011009	0.010166	-0.163134	0.019998	0.046041	0.003075	0.006506	-0.140740	0.183749	-0.173687	-0.176905	0.190516	-0.165342	-0.053601	-0.048565	0.059226	-0.008125	0.033436	-0.000797	0.017085	0.040921	0.002886	-0.140703	-0.165464	0.163676	-0.170758	-0.158577	0.015938	-0.166998	-0.124060	-0.141792	-0.010147	0.111799	-0.179996	-0.160315	-0.170087	-0.167616	-0.171295	-0.162067	-0.133706	-0.183414	
0.023833	0.058871	0.042665	-0.129089	0.027718	0.063402	0.037049	0.033147	0.822167	0.060803	0.033229	0.169428	0.164082	0.052678	0.180888	-0.161482	-0.104275	-0.147128	0.036698	-0.151193	-0.150567	-0.076602	0.051558	0.040610	0.014878	0.034439	0.026642	0.042607	0.041640	-0.145357	0.052363	-0.056370	0.052032	-0.160268	0.055309	-0.143917	0.038933	0.021845	0.050276	-0.135049	0.052313	0.057935	0.053978	0.064693	0.063549	0.032474	0.026299	0.045181	0.032431	0.059388	-0.142311	0.066193	0.057220	0.062592	-0.141733	0.025654	0.043129	-0.136657	0.055174	0.169115	0.052900	0.049273	-0.152851	0.069496	0.023605	0.040529	0.041858	0.041359	-0.136911	0.037528	-0.094526	-0.095008	0.052813	0.053429	0.035767	0.041097	0.044877	0.082497	0.056848	0.047206	0.047194	-0.152361	-0.121194	-0.138873	0.054558	-0.148147	0.046687	-0.069562	-0.017959	0.078741	-0.140362	-0.102279	0.091525	0.063901	0.047028	-0.154687	0.168867	0.041097	0.052999	0.090941	-0.130918	0.025488	-0.165163	-0.163210	0.032710	-0.155376	-0.063427	-0.067340	0.172624	0.049704	0.160201	0.068570	0.049242	0.203293	0.052452	-0.132380	-0.157970	0.044432	-0.159822	-0.162161	0.054509	-0.155991	-0.120760	-0.142807	0.037713	-0.006112	-0.170378	-0.144263	-0.165581	-0.160847	-0.159969	-0.159851	-0.122926	-0.171568	
0.001264	0.000366	-0.003106	-0.128070	-0.004821	0.003237	0.052793	0.195837	0.060803	0.802027	0.220749	-0.001070	0.008936	0.183150	0.054222	-0.160973	-0.147269	-0.139429	0.151471	-0.164005	-0.149027	-0.044948	0.010150	0.197891	0.165461	0.218993	0.042523	0.045785	0.023893	-0.160324	-0.000248	-0.081745	0.005018	-0.165563	0.005813	-0.151014	0.045667	-0.020294	0.048861	-0.153289	0.004776	0.007115	0.017923	0.020578	0.001153	0.223268	0.191192	0.033301	0.194401	0.011894	-0.151806	0.023238	0.015823	0.004062	-0.167527	0.194108	0.177288	-0.143187	0.042790	0.034818	0.033874	0.022191	-0.148527	0.021747	0.168650	0.196945	0.048190	0.171326	-0.151646	0.000714	-0.111071	-0.095474	0.007422	-0.003639	-0.001287	0.228078	0.216803	0.013577	0.050284	0.060844	0.035901	-0.159606	-0.136937	-0.153448	0.066491	-0.143900	0.021236	-0.078646	0.036437	-0.001359	-0.150999	-0.107773	0.024634	0.013982	-0.010027	-0.168102	0.008341	0.038927	-0.000395	-0.005551	-0.145309	0.192116	-0.163602	-0.174209	0.210066	-0.172437	-0.072237	-0.052825	0.033052	0.016137	0.038386	0.008858	0.023764	0.045676	0.007003	-0.143803	-0.165141	0.192992	-0.171617	-0.161494	0.004254	-0.168619	-0.114527	-0.152778	0.004975	0.121168	-0.174044	-0.156467	-0.171774	-0.157427	-0.171262	-0.172063	-0.136612	-0.184848	
0.020148	0.011660	0.000023	-0.123623	0.013579	0.007078	0.067156	0.462360	0.033229	0.220749	0.814345	0.021637	0.013067	0.188609	0.029777	-0.157599	-0.134863	-0.142767	0.175580	-0.155806	-0.160409	-0.027520	0.001529	0.172935	0.158823	0.191034	0.047986	0.041430	0.039785	-0.169808	0.000555	-0.076155	0.019360	-0.158917	-0.007865	-0.151650	0.025167	-0.019719	0.059833	-0.154113	0.000692	-0.000924	0.012944	0.013610	-0.008211	0.154810	0.187698	0.039569	0.189158	0.016229	-0.143418	0.014947	0.007121	0.000492	-0.158017	0.196962	0.168691	-0.149196	0.055041	0.027628	0.007287	0.007285	-0.153333	0.008836	0.178870	0.183520	0.061356	0.166008	-0.143269	-0.003040	-0.118357	-0.104308	0.002893	0.016493	0.001618	0.195540	0.196459	0.021988	0.037989	0.020881	0.031397	-0.151415	-0.127884	-0.143140	0.048560	-0.145082	0.010404	-0.076044	0.041135	0.012279	-0.156975	-0.109039	0.026746	0.008546	0.007142	-0.167949	0.025800	0.048375	0.001130	0.001922	-0.142729	0.196251	-0.157697	-0.168989	0.183591	-0.162742	-0.075588	-0.062729	0.055107	-0.001312	0.041173	-0.001590	0.028290	0.027244	0.010503	-0.153423	-0.171489	0.150164	-0.167418	-0.160009	0.011208	-0.169545	-0.121761	-0.144426	-0.016374	0.098647	-0.176389	-0.148819	-0.170814	-0.168897	-0.171334	-0.161342	-0.141159	-0.170774	
0.047750	0.034922	0.044722	-0.133284	0.046783	0.059192	0.038573	0.003880	0.169428	-0.001070	0.021637	0.773606	0.385890	0.035059	0.151111	-0.151424	-0.115083	-0.135005	0.011236	-0.156962	-0.146966	-0.053475	0.046113	0.019219	0.010933	0.001885	0.041322	0.039680	0.037912	-0.156119	0.054541	-0.055014	0.070600	-0.154267	0.045797	-0.151556	0.043579	0.003965	0.059191	-0.142573	0.060458	0.055827	0.068979	0.046554	0.068649	0.016414	0.032575	0.044275	0.021134	0.049651	-0.138668	0.059285	0.073178	0.043762	-0.148069	0.013268	0.009344	-0.142790	0.055557	0.147739	0.060840	0.036300	-0.147770	0.051130	0.027986	0.037366	0.039032	0.025461	-0.133711	0.045917	-0.092928	-0.098386	0.060927	0.057989	0.066610	0.021593	0.026261	0.084791	0.049848	0.050742	0.054503	-0.151963	-0.104762	-0.145785	0.060408	-0.152107	0.040971	-0.050909	-0.020700	0.040844	-0.144908	-0.101177	0.121196	0.060477	0.069392	-0.134241	0.440309	0.057716	0.056410	0.069631	-0.131450	0.015519	-0.153057	-0.168425	0.021568	-0.167131	-0.069730	-0.082844	0.146803	0.061605	0.157588	0.072397	0.054224	0.139666	0.072292	-0.133827	-0.152559	0.009615	-0.162663	-0.161179	0.062202	-0.164538	-0.109580	-0.143819	0.039023	-0.017081	-0.165079	-0.143146	-0.163675	-0.154802	-0.169782	-0.166752	-0.123414	-0.166297	
0.025881	0.019933	0.024662	-0.105518	0.026504	0.034678	0.041191	0.009779	0.164082	0.008936	0.013067	0.385890	0.846552	0.017252	0.128842	-0.129894	-0.108726	-0.113130	0.034403	-0.143822	-0.130628	-0.038014	0.039767	0.030134	0.001622	0.007160	0.036601	0.027838	0.036829	-0.123077	0.049829	-0.066550	0.055465	-0.135524	0.044030	-0.144387	0.040135	-0.009909	0.039294	-0.095372	0.035956	0.043962	0.033199	0.025700	0.040328	0.006086	0.024051	0.040125	0.023576	0.044649	-0.126878	0.025979	0.054472	0.048923	-0.133459	0.003619	0.013231	-0.130488	0.010599	0.118043	0.051481	0.044324	-0.133162	0.029402	0.014148	0.050671	0.028079	0.033693	-0.128013	0.036209	-0.079653	-0.085359	0.043005	0.029173	0.050013	0.010616	0.012860	0.054118	0.029892	0.030724	0.014657	-0.145106	-0.110564	-0.125686	0.029498	-0.125238	0.023473	-0.023927	-0.005098	0.020686	-0.101100	-0.065470	0.114039	0.036468	0.056305	-0.119860	0.380822	0.052057	0.043822	0.067344	-0.111206	0.005109	-0.145372	-0.161565	0.003178	-0.127081	-0.061017	-0.045293	0.147250	0.051320	0.155882	0.041696	0.041510	0.146355	0.052790	-0.117518	-0.119161	0.010383	-0.141464	-0.135014	0.052314	-0.141061	-0.083914	-0.108705	0.035882	-0.011572	-0.149132	-0.134985	-0.131929	-0.136397	-0.140505	-0.125824	-0.088918	-0.163865	
0.008199	-0.004679	-0.007611	-0.114137	0.003547	0.008987	0.072548	0.194387	0.052678	0.183150	0.188609	0.035059	0.017252	0.826647	0.049907	-0.158732	-0.126454	-0.145678	0.152777	-0.153991	-0.151498	-0.016721	-0.003321	0.182967	0.160459	0.187098	0.046666	0.050715	0.042196	-0.150990	0.008723	-0.059063	0.009166	-0.173254	-0.005581	-0.155237	0.083883	0.009739	0.051240	-0.139938	0.026017	0.004555	0.006337	-0.003838	-0.002542	0.176429	0.182077	0.036572	0.177953	0.008947	-0.149923	0.019146	0.003464	0.019684	-0.149420	0.192406	0.170902	-0.138195	0.059724	0.033303	-0.002188	0.007094	-0.134330	0.026068	0.168435	0.165207	0.062596	0.153511	-0.154429	0.002483	-0.107477	-0.105097	0.021835	-0.003425	0.008352	0.223215	0.207666	0.023996	0.044030	0.035848	0.030352	-0.166996	-0.122436	-0.144008	0.046340	-0.155925	0.014572	-0.076182	0.037729	-0.008867	-0.148304	-0.101410	0.020458	-0.008645	0.009922	-0.157205	0.023170	0.060221	-0.013355	0.003272	-0.136760	0.180200	-0.166524	-0.178159	0.206245	-0.163257	-0.039098	-0.051587	0.046043	0.008379	0.040965	0.006240	0.015290	0.027525	0.010960	-0.137390	-0.163520	0.201230	-0.168500	-0.166019	0.011824	-0.160277	-0.125704	-0.140111	-0.022944	0.117148	-0.174706	-0.158588	-0.162861	-0.152714	-0.163302	-0.160541	-0.134953	-0.189455	
0.051131	0.043293	0.048596	-0.108456	0.047419	0.067085	0.061097	0.024738	0.180888	0.054222	0.029777	0.151111	0.128842	0.049907	0.843192	-0.163106	-0.114947	-0.144835	0.029617	-0.159040	-0.147454	-0.046109	0.041719	0.027985	0.026988	0.054772	0.051576	0.058254	0.047083	-0.143449	0.041817	-0.070319	0.070166	-0.161106	0.035631	-0.150724	0.042136	-0.024799	0.060364	-0.132164	0.047120	0.028829	0.052764	0.038229	0.057684	0.045021	0.036121	0.074197	0.038807	0.054465	-0.151845	0.052032	0.056201	0.058077	-0.150374	0.038123	0.018715	-0.148082	0.079354	0.131766	0.040333	0.058843	-0.145278	0.053857	0.040954	0.048752	0.060197	0.025485	-0.152351	0.054755	-0.085743	-0.099178	0.054120	0.059327	0.051946	0.042902	0.032931	0.097176	0.055711	0.059142	0.055811	-0.158613	-0.129714	-0.136003	0.065815	-0.144997	0.039552	-0.048878	-0.008988	0.036863	-0.126145	-0.102395	0.118959	0.050224	0.053219	-0.157174	0.149116	0.048548	0.043026	0.070686	-0.143200	0.019190	-0.172499	-0.173725	0.030023	-0.153606	-0.084761	-0.064626	0.171158	0.049690	0.153436	0.059075	0.059209	0.167643	0.050742	-0.131806	-0.149580	0.079035	-0.160239	-0.157926	0.058695	-0.156583	-0.111124	-0.125096	0.028462	0.005526	-0.171724	-0.144142	-0.152825	-0.146477	-0.154800	-0.150678	-0.132822	-0.176262	
-0.146354	-0.156574	-0.157618	0.005224	-0.148111	-0.159630	-0.145663	-0.161872	-0.161482	-0.160973	-0.157599	-0.151424	-0.129894	-0.158732	-0.163106	1.421004	0.678317	0.792442	-0.139827	0.395143	0.445210	0.029448	-0.155781	-0.150479	-0.129732	-0.164071	-0.152637	-0.150023	-0.152336	0.062028	-0.156294	0.053655	-0.162675	0.448862	-0.160072	0.366086	-0.133150	-0.047706	-0.145425	0.058660	-0.162435	-0.150573	-0.155070	-0.160700	-0.157804	-0.164601	-0.155821	-0.149432	-0.163477	-0.153930	0.472436	-0.155497	-0.166445	-0.156177	0.465293	-0.148994	-0.160244	0.421555	-0.147752	-0.144027	-0.169006	-0.150360	0.434036	-0.153204	-0.162509	-0.154201	-0.145787	-0.153052	0.411974	-0.148403	0.131569	0.097265	-0.160221	-0.160784	-0.155874	-0.169153	-0.156835	-0.158675	-0.144728	-0.142501	-0.136459	0.463360	0.328127	0.341945	-0.135971	0.062218	-0.154072	0.082693	-0.068368	-0.154778	0.088464	0.089495	-0.160022	-0.160433	-0.148074	0.429905	-0.163110	-0.108346	-0.155136	-0.151772	0.359136	-0.152744	0.450533	0.472589	-0.162214	0.072909	0.089795	0.078038	-0.158169	-0.164959	-0.154346	-0.164435	-0.156702	-0.151990	-0.166598	0.020201	0.049386	-0.139894	0.430915	0.421314	-0.149450	0.069262	0.098954	0.077304	-0.162098	-0.094099	0.420507	0.372792	0.072584	0.072917	0.077657	0.058242	0.105415	0.471610	
-0.106231	-0.110425	-0.132583	0.027827	-0.096724	-0.131843	-0.102504	-0.131898	-0.104275	-0.147269	-0.134863	-0.115083	-0.108726	-0.126454	-0.114947	0.678317	1.344086	0.680058	-0.126417	0.354103	0.323421	-0.012569	-0.117916	-0.135797	-0.119785	-0.140707	-0.105569	-0.090198	-0.099131	0.024631	-0.138416	0.018477	-0.140457	0.371112	-0.115620	0.305739	-0.094597	-0.022823	-0.089143	0.003537	-0.128505	-0.113831	-0.142265	-0.121103	-0.122902	-0.147325	-0.141895	-0.100796	-0.141345	-0.136691	0.334730	-0.118315	-0.120724	-0.131478	0.349071	-0.134145	-0.121022	0.290893	-0.112914	-0.108967	-0.149359	-0.135503	0.363394	-0.134561	-0.148503	-0.146065	-0.120872	-0.137322	0.329888	-0.122870	0.124086	0.117951	-0.138863	-0.133747	-0.137955	-0.144673	-0.133672	-0.120682	-0.096888	-0.110125	-0.092340	0.362135	0.302046	0.250941	-0.103019	0.022820	-0.136099	0.077483	-0.033232	-0.139613	0.025200	0.071019	-0.121453	-0.121640	-0.138354	0.369683	-0.127893	-0.079166	-0.112241	-0.129645	0.295486	-0.146948	0.297522	0.348275	-0.144260	0.024135	0.123123	0.027749	-0.080700	-0.130926	-0.113691	-0.133289	-0.131380	-0.103193	-0.135086	0.024306	0.032487	-0.124017	0.283697	0.351857	-0.125502	0.037500	0.083904	0.037028	-0.113837	-0.065995	0.393140	0.253533	0.022090	0.032246	0.039949	0.032971	0.096337	0.394120	
-0.142837	-0.142660	-0.155497	0.005948	-0.143524	-0.142067	-0.135178	-0.140538	-0.147128	-0.139429	-0.142767	-0.135005	-0.113130	-0.145678	-0.144835	0.792442	0.680058	1.433655	-0.142261	0.425745	0.469596	-0.004818	-0.138228	-0.147906	-0.151742	-0.156241	-0.148028	-0.151227	-0.144002	0.054677	-0.152927	0.037259	-0.149266	0.476524	-0.149257	0.417974	-0.133875	-0.017852	-0.124898	0.026237	-0.144752	-0.148078	-0.141028	-0.147481	-0.140909	-0.161418	-0.157476	-0.155485	-0.153917	-0.152814	0.438632	-0.144549	-0.158536	-0.142210	0.432274	-0.149257	-0.141034	0.435523	-0.141026	-0.140020	-0.144306	-0.146732	0.416646	-0.145607	-0.162934	-0.146140	-0.143569	-0.139882	0.428542	-0.133995	0.105318	0.092360	-0.151280	-0.146860	-0.150914	-0.156695	-0.154284	-0.148374	-0.139071	-0.145894	-0.129321	0.471042	0.356432	0.339938	-0.141058	0.021559	-0.140571	0.086176	-0.067547	-0.141735	0.041087	0.078623	-0.148313	-0.139980	-0.143777	0.404575	-0.150853	-0.108133	-0.133546	-0.145030	0.331637	-0.151900	0.451013	0.474824	-0.149591	0.052227	0.096202	0.077199	-0.138263	-0.152662	-0.147569	-0.155571	-0.157890	-0.138596	-0.149690	0.032563	0.053249	-0.146339	0.428070	0.441655	-0.133127	0.041089	0.089667	0.054509	-0.152186	-0.116733	0.452711	0.350266	0.059150	0.066720	0.067573	0.044963	0.110587	0.496632	
0.031632	-0.023423	0.003197	-0.093737	-0.000789	-0.010953	0.063786	0.195684	0.036698	0.151471	0.175580	0.011236	0.034403	0.152777	0.029617	-0.139827	-0.126417	-0.142261	0.908317	-0.139231	-0.137143	0.000661	-0.014887	0.176296	0.147200	0.199677	0.035527	0.032303	0.031337	-0.131693	-0.014666	-0.065364	-0.012039	-0.157336	-0.013110	-0.143372	0.033427	-0.004398	0.057622	-0.112540	-0.000924	0.003686	0.002581	-0.002072	-0.014635	0.186028	0.168807	0.025688	0.172590	-0.018437	-0.117200	0.006656	0.000294	-0.015484	-0.133603	0.179769	0.175067	-0.116848	0.053397	0.019960	-0.012763	-0.017984	-0.120440	0.015077	0.149560	0.173081	0.060942	0.161574	-0.134521	0.004755	-0.094667	-0.080912	0.002268	0.010170	0.003232	0.181263	0.198525	0.013325	0.031758	0.026538	0.012580	-0.136982	-0.115141	-0.138800	0.054747	-0.112768	-0.004077	-0.068010	0.034669	0.012448	-0.135791	-0.084573	0.007743	-0.012943	0.000831	-0.140533	0.016253	0.037555	-0.016939	0.013355	-0.122712	0.180641	-0.142662	-0.161881	0.165770	-0.152320	-0.039956	-0.024337	0.012697	-0.005139	0.020688	-0.017429	0.006527	0.027468	0.007968	-0.123976	-0.126697	0.160280	-0.160124	-0.132259	0.004894	-0.143975	-0.096919	-0.129733	0.000635	0.138462	-0.163876	-0.146264	-0.154129	-0.155541	-0.145215	-0.139106	-0.131582	-0.169827	
-0.157406	-0.150696	-0.153275	0.031821	-0.145497	-0.143595	-0.145783	-0.162127	-0.151193	-0.164005	-0.155806	-0.156962	-0.143822	-0.153991	-0.159040	0.395143	0.354103	0.425745	-0.139231	1.400461	0.814960	0.045664	-0.143876	-0.158735	-0.135289	-0.167511	-0.155226	-0.156860	-0.153328	0.060602	-0.158689	0.041824	-0.163995	0.489045	-0.137617	0.479973	-0.131226	-0.052458	-0.137829	0.034574	-0.149521	-0.159429	-0.151832	-0.159087	-0.140311	-0.171102	-0.158578	-0.146804	-0.148744	-0.159741	0.453156	-0.147638	-0.157843	-0.147852	0.444050	-0.147304	-0.151129	0.425302	-0.129563	-0.146901	-0.156829	-0.153520	0.441727	-0.151124	-0.163942	-0.158702	-0.149097	-0.152304	0.425138	-0.137027	0.130691	0.123028	-0.158186	-0.152716	-0.157487	-0.163735	-0.145819	-0.147602	-0.142929	-0.138170	-0.136508	0.445800	0.329970	0.364984	-0.149697	0.061649	-0.164720	0.107457	-0.066032	-0.151333	0.067903	0.087650	-0.143156	-0.155612	-0.150550	0.446792	-0.159198	-0.113656	-0.150079	-0.135572	0.305427	-0.150725	0.474899	0.515929	-0.154615	0.063776	0.120030	0.076789	-0.157865	-0.159661	-0.152706	-0.160690	-0.163583	-0.161025	-0.153466	0.038788	0.042843	-0.151337	0.439229	0.472899	-0.148696	0.049506	0.116311	0.071513	-0.151871	-0.087178	0.466910	0.346104	0.054482	0.056104	0.048374	0.061752	0.089666	0.517870	
-0.142523	-0.135746	-0.158197	0.029375	-0.143326	-0.152549	-0.144852	-0.154714	-0.150567	-0.149027	-0.160409	-0.146966	-0.130628	-0.151498	-0.147454	0.445210	0.323421	0.469596	-0.137143	0.814960	1.406590	0.026704	-0.145423	-0.144988	-0.124296	-0.152540	-0.159730	-0.153306	-0.156505	0.065213	-0.154001	0.022434	-0.152148	0.520387	-0.135806	0.418238	-0.140135	-0.029902	-0.135685	0.035103	-0.150834	-0.153151	-0.156931	-0.156970	-0.143776	-0.153833	-0.154658	-0.163081	-0.140264	-0.160141	0.447198	-0.143060	-0.161193	-0.139527	0.472091	-0.141333	-0.138245	0.418927	-0.135750	-0.143145	-0.151391	-0.145508	0.435091	-0.150974	-0.152281	-0.154703	-0.148228	-0.141627	0.386931	-0.141865	0.129474	0.127327	-0.155025	-0.155473	-0.157104	-0.152166	-0.150858	-0.153727	-0.146858	-0.147562	-0.145137	0.440438	0.328207	0.375640	-0.146126	0.025379	-0.161484	0.113948	-0.079257	-0.148953	0.054369	0.051677	-0.145671	-0.159004	-0.144577	0.472956	-0.143048	-0.113489	-0.145177	-0.139975	0.377638	-0.142602	0.466507	0.476065	-0.153905	0.047313	0.094855	0.063756	-0.151965	-0.155179	-0.141888	-0.151965	-0.153410	-0.153073	-0.151214	0.023457	0.054929	-0.140341	0.448699	0.453596	-0.148373	0.052398	0.078933	0.048372	-0.148903	-0.078299	0.464939	0.341025	0.053243	0.072996	0.045271	0.058750	0.082568	0.501237	
-0.035228	-0.074902	-0.059702	0.121387	-0.040651	-0.052988	-0.051891	-0.018631	-0.076602	-0.044948	-0.027520	-0.053475	-0.038014	-0.016721	-0.046109	0.029448	-0.012569	-0.004818	0.000661	0.045664	0.026704	1.140840	-0.045427	0.022234	0.018150	-0.013317	-0.040220	-0.051443	-0.005968	0.051165	-0.068001	0.143311	-0.077742	-0.003532	-0.064898	-0.010286	-0.037756	0.168426	-0.041528	0.126732	-0.069921	-0.073235	-0.069282	-0.077300	-0.057038	-0.037860	-0.032666	-0.029239	-0.033955	-0.058374	-0.003322	-0.071460	-0.071316	-0.069185	-0.021545	-0.028812	0.027177	0.006978	-0.029106	-0.046049	-0.064476	-0.066096	-0.006350	-0.047449	-0.012705	-0.050153	-0.037174	-0.009593	-0.009436	-0.043974	0.085089	0.057492	-0.066913	-0.067791	-0.077697	-0.048174	-0.036038	-0.072763	-0.065186	-0.051995	-0.077979	0.007299	0.025305	0.028175	-0.060162	0.073110	-0.057172	0.142152	0.165808	-0.038261	0.130434	0.124956	-0.074030	-0.041805	-0.054759	0.007716	-0.045331	-0.024154	-0.058088	-0.070826	0.060808	-0.033966	0.021377	0.007535	-0.010239	0.110333	0.139343	0.238066	-0.073338	-0.050683	-0.086378	-0.066188	-0.061624	-0.066239	-0.063827	0.094209	0.090304	-0.011212	0.091672	0.011190	-0.059796	0.129179	0.133107	0.139510	-0.085163	0.006198	0.023355	0.001646	0.086729	0.133172	0.078367	0.093041	0.112249	0.026563	
0.073327	0.102174	0.112614	-0.121703	0.063490	0.097987	0.012385	0.008769	0.051558	0.010150	0.001529	0.046113	0.039767	-0.003321	0.041719	-0.155781	-0.117916	-0.138228	-0.014887	-0.143876	-0.145423	-0.045427	0.756608	-0.002453	-0.020365	-0.004621	0.017956	0.009707	0.014412	-0.129307	0.109240	-0.015021	0.101024	-0.163316	0.094061	-0.147198	-0.006955	-0.008276	0.027661	-0.111269	0.115359	0.117366	0.101974	0.112561	0.345785	0.007838	0.002000	0.024801	0.005828	0.101367	-0.135616	0.094793	0.102926	0.099385	-0.150301	0.003272	0.008646	-0.131919	0.021511	0.070134	0.099788	0.118075	-0.139263	0.102839	0.012223	0.014345	0.007061	0.024356	-0.146342	0.079503	-0.080421	-0.081335	0.096299	0.108180	0.108523	0.008332	0.004586	0.084877	-0.006938	-0.001559	0.006861	-0.146060	-0.115466	-0.132037	0.026229	-0.119961	0.103862	-0.065783	-0.005016	0.091641	-0.130007	-0.086023	0.075079	0.135383	0.098988	-0.145828	0.046998	0.000894	0.108740	0.089045	-0.132092	0.009957	-0.152764	-0.163467	0.004452	-0.136878	-0.073081	-0.082777	0.048031	0.107664	0.052826	0.088164	0.110527	0.042021	0.076169	-0.127035	-0.139856	-0.005274	-0.158662	-0.157383	0.088178	-0.143534	-0.113634	-0.120142	0.092174	-0.012043	-0.166408	-0.148386	-0.137256	-0.136725	-0.141096	-0.142078	-0.128061	-0.173098	
0.018153	-0.006819	0.011935	-0.116815	0.015283	0.011580	0.059507	0.150042	0.040610	0.197891	0.172935	0.019219	0.030134	0.182967	0.027985	-0.150479	-0.135797	-0.147906	0.176296	-0.158735	-0.144988	0.022234	-0.002453	0.811113	0.181834	0.177722	0.042096	0.048599	0.042369	-0.150985	0.004229	-0.072541	0.005041	-0.162066	0.015859	-0.150494	0.042769	-0.046150	0.046433	-0.142611	0.004999	0.022626	0.003591	0.007231	-0.015520	0.175039	0.206073	0.041258	0.178776	0.017012	-0.140434	0.007559	0.010396	0.003658	-0.149987	0.197772	0.467090	-0.135499	0.047890	0.009525	0.006405	0.010153	-0.143787	0.005056	0.164027	0.166784	0.056187	0.139283	-0.145336	-0.004604	-0.103274	-0.095561	0.004808	-0.005784	0.011401	0.186997	0.181029	0.012478	0.054841	0.049881	0.053852	-0.153608	-0.124224	-0.143314	0.045577	-0.146609	0.002053	-0.079879	0.049922	-0.001851	-0.139347	-0.093483	0.009651	-0.003098	0.008375	-0.154943	0.017839	0.051664	-0.004453	0.021360	-0.147478	0.174118	-0.161702	-0.172488	0.196643	-0.155333	-0.049702	-0.078021	0.028236	0.001604	0.038085	-0.011475	0.002664	0.002023	-0.004022	-0.146029	-0.160043	0.163525	-0.164814	-0.163314	-0.005764	-0.164050	-0.115287	-0.140621	-0.020415	0.103289	-0.173581	-0.157456	-0.158314	-0.162463	-0.163600	-0.156467	-0.131892	-0.180173	
0.008949	0.012470	-0.010399	-0.080227	-0.017074	-0.014483	0.044172	0.150243	0.014878	0.165461	0.158823	0.010933	0.001622	0.160459	0.026988	-0.129732	-0.119785	-0.151742	0.147200	-0.135289	-0.124296	0.018150	-0.020365	0.181834	0.862229	0.158675	0.052164	0.037231	0.037881	-0.114577	-0.028438	-0.046182	-0.023974	-0.154236	-0.015119	-0.132339	0.027646	-0.037275	0.051554	-0.103662	0.003587	-0.008955	-0.010160	-0.010377	-0.021240	0.155159	0.437443	0.043645	0.147007	-0.028019	-0.129894	-0.013230	-0.015129	-0.009108	-0.144180	0.163566	0.175021	-0.126844	0.021227	0.010162	0.002465	-0.010215	-0.121070	0.011606	0.152054	0.186780	0.062144	0.148757	-0.135469	-0.021394	-0.093437	-0.081787	-0.004948	-0.027301	-0.012250	0.164252	0.156889	0.002089	0.040343	0.049698	0.038298	-0.137734	-0.102744	-0.127227	0.033105	-0.106320	0.002252	-0.067328	0.044644	-0.009800	-0.112504	-0.072331	-0.007878	-0.017112	-0.028200	-0.132528	0.012078	0.047277	-0.009813	0.001809	-0.124380	0.199139	-0.150312	-0.161246	0.182923	-0.116477	-0.027273	-0.022009	0.026013	-0.009808	0.048361	-0.013655	-0.003361	0.004924	-0.012833	-0.101765	-0.113869	0.152925	-0.145937	-0.144556	-0.003648	-0.117236	-0.087403	-0.102893	-0.030266	0.110346	-0.148095	-0.139512	-0.127992	-0.137988	-0.115799	-0.142777	-0.097833	-0.172951	
0.062223	-0.007716	0.001372	-0.125976	0.007698	0.005161	0.073844	0.173035	0.034439	0.218993	0.191034	0.001885	0.007160	0.187098	0.054772	-0.164071	-0.140707	-0.156241	0.199677	-0.167511	-0.152540	-0.013317	-0.004621	0.177722	0.158675	0.853324	0.048623	0.049697	0.035915	-0.171162	0.014178	-0.078936	0.001695	-0.174866	-0.009804	-0.159351	0.042632	-0.022595	0.042821	-0.161996	0.003711	0.008892	-0.011586	0.007223	-0.001463	0.488764	0.201510	0.046500	0.189551	0.014847	-0.143431	-0.001263	0.003584	0.001741	-0.171159	0.204585	0.175640	-0.139740	0.047578	0.034566	0.004289	0.017302	-0.153726	0.000368	0.198961	0.201265	0.057903	0.177378	-0.154789	0.008281	-0.117597	-0.105475	0.013407	-0.003144	0.002401	0.213221	0.223884	0.011222	0.052588	0.058450	0.047776	-0.169436	-0.130692	-0.159972	0.046663	-0.153139	0.002435	-0.096636	0.059519	0.002729	-0.162994	-0.104066	0.001387	0.008230	0.008011	-0.170089	0.016502	0.024613	-0.019163	0.003134	-0.143965	0.173559	-0.181070	-0.180551	0.215171	-0.169595	-0.062117	-0.063794	0.018399	0.017248	0.045906	-0.006420	0.021774	0.023946	0.009478	-0.160015	-0.175343	0.236886	-0.176916	-0.178660	0.008628	-0.173082	-0.119058	-0.161104	-0.007365	0.119975	-0.190115	-0.166911	-0.177884	-0.171906	-0.183043	-0.171624	-0.149187	-0.189478	
0.009731	0.018519	0.040708	-0.126040	0.007914	-0.005659	0.173580	0.049089	0.026642	0.042523	0.047986	0.041322	0.036601	0.046666	0.051576	-0.152637	-0.105569	-0.148028	0.035527	-0.155226	-0.159730	-0.040220	0.017956	0.042096	0.052164	0.048623	0.828467	0.481412	0.480593	-0.157937	-0.001619	-0.040114	0.015326	-0.157935	0.004765	-0.148477	0.192774	-0.031540	0.199506	-0.144247	0.019315	0.001119	0.008399	0.011940	0.011524	0.055451	0.048278	0.491340	0.029914	0.013944	-0.140913	0.013037	0.009640	0.017718	-0.150339	0.045160	0.047897	-0.137821	0.195424	0.036907	0.021128	0.011586	-0.154175	0.014154	0.053280	0.051880	0.181580	0.043513	-0.150980	0.013645	-0.105314	-0.104778	0.010632	0.005045	0.007095	0.037169	0.051651	0.027504	0.160715	0.153397	0.153775	-0.156052	-0.106242	-0.143892	0.186181	-0.151205	0.003870	-0.053154	-0.012224	-0.004111	-0.149658	-0.087239	0.029715	0.012595	0.009312	-0.164804	0.045396	0.176381	0.013790	0.015306	-0.143918	0.050850	-0.156969	-0.177004	0.051873	-0.165409	-0.053112	-0.075710	0.064695	-0.002138	0.042057	0.015093	0.006108	0.056280	0.015056	-0.141163	-0.160519	0.038551	-0.173266	-0.167075	0.009431	-0.166738	-0.117012	-0.140418	-0.004177	0.013276	-0.173663	-0.157576	-0.156631	-0.166158	-0.162673	-0.165151	-0.127211	-0.176667	
0.027436	0.024575	0.019934	-0.118038	0.008437	-0.006443	0.183557	0.043207	0.042607	0.045785	0.041430	0.039680	0.027838	0.050715	0.058254	-0.150023	-0.090198	-0.151227	0.032303	-0.156860	-0.153306	-0.051443	0.009707	0.048599	0.037231	0.049697	0.481412	0.818830	0.456241	-0.149458	0.005484	-0.041237	0.012781	-0.160864	0.017569	-0.141232	0.191793	-0.047234	0.194650	-0.145886	0.002237	-0.004890	-0.003356	0.027553	0.011848	0.053116	0.060705	0.463631	0.039830	0.018950	-0.152848	0.000515	0.006601	0.029953	-0.156807	0.041791	0.047135	-0.150367	0.180826	0.051755	0.027337	0.017568	-0.153488	0.029427	0.049592	0.053142	0.185860	0.053696	-0.152622	0.010675	-0.107574	-0.107508	0.020324	0.003150	0.014188	0.030731	0.048230	0.024774	0.175319	0.172696	0.183081	-0.155105	-0.118537	-0.142650	0.201721	-0.149996	0.016010	-0.054844	-0.012368	0.002606	-0.152993	-0.096290	0.030471	0.020080	0.005731	-0.164215	0.045250	0.150989	0.022295	0.021130	-0.145240	0.052924	-0.157934	-0.181858	0.041324	-0.166582	-0.051304	-0.088969	0.051982	0.007922	0.055879	0.016314	-0.001252	0.044937	0.023920	-0.146095	-0.162286	0.053908	-0.167843	-0.170475	0.019023	-0.170735	-0.132102	-0.144367	-0.007118	0.009069	-0.178599	-0.158619	-0.157360	-0.155854	-0.162679	-0.161851	-0.139611	-0.183940	
0.012843	0.017840	0.029577	-0.123066	0.020771	-0.004480	0.169429	0.050564	0.041640	0.023893	0.039785	0.037912	0.036829	0.042196	0.047083	-0.152336	-0.099131	-0.144002	0.031337	-0.153328	-0.156505	-0.005968	0.014412	0.042369	0.037881	0.035915	0.480593	0.456241	0.806449	-0.135619	0.001260	-0.048835	0.024299	-0.154794	0.005274	-0.138008	0.196543	-0.051502	0.177840	-0.135369	0.018753	0.017436	0.018906	0.029328	0.009805	0.046900	0.033281	0.484237	0.036375	0.028146	-0.145018	0.033638	0.021753	0.025863	-0.142622	0.050680	0.040866	-0.145640	0.173041	0.049844	0.018748	0.005443	-0.148780	0.011534	0.040662	0.046567	0.181001	0.047849	-0.142604	0.001092	-0.100826	-0.105329	0.019455	-0.011230	0.019080	0.030612	0.044538	0.006213	0.160138	0.144115	0.159887	-0.152443	-0.107528	-0.136497	0.172527	-0.132596	0.028221	-0.054850	-0.008300	-0.008153	-0.140665	-0.086416	0.023170	0.016620	0.001746	-0.158156	0.037765	0.157355	0.018115	0.010557	-0.144065	0.037397	-0.160698	-0.176940	0.038164	-0.158585	-0.056084	-0.091087	0.058353	0.009956	0.058384	0.015071	-0.002207	0.045696	0.029714	-0.137797	-0.161178	0.032929	-0.162202	-0.165250	0.017787	-0.159201	-0.116721	-0.134193	-0.000776	0.004628	-0.175347	-0.158091	-0.153642	-0.156526	-0.146254	-0.155809	-0.120815	-0.178462	
-0.124726	-0.131765	-0.145161	0.515691	-0.111713	-0.146356	-0.141593	-0.149652	-0.145357	-0.160324	-0.169808	-0.156119	-0.123077	-0.150990	-0.143449	0.062028	0.024631	0.054677	-0.131693	0.060602	0.065213	0.051165	-0.129307	-0.150985	-0.114577	-0.171162	-0.157937	-0.149458	-0.135619	1.509392	-0.127873	0.130524	-0.145267	0.087014	-0.129685	0.088456	-0.127793	0.071759	-0.131130	0.598899	-0.139385	-0.141318	-0.140602	-0.145478	-0.144823	-0.161327	-0.164821	-0.155715	-0.160603	-0.142285	0.059413	-0.142820	-0.147490	-0.150449	0.057292	-0.161090	-0.151991	0.055084	-0.144715	-0.157301	-0.155737	-0.149750	0.049416	-0.133130	-0.156230	-0.154323	-0.148559	-0.158926	0.090795	-0.135149	0.166983	0.181151	-0.152070	-0.147748	-0.157044	-0.162081	-0.154274	-0.151689	-0.142302	-0.123633	-0.139400	0.059843	0.050541	0.096041	-0.155253	0.598945	-0.142512	0.051765	-0.027345	-0.112688	0.488068	0.200574	-0.142905	-0.145102	-0.135190	0.076028	-0.163833	-0.130917	-0.141344	-0.133580	0.114707	-0.160684	0.096757	0.103895	-0.156898	0.649108	0.089152	0.112556	-0.150427	-0.139458	-0.142654	-0.152207	-0.143941	-0.144923	-0.149843	0.574266	0.632333	-0.147697	0.145504	0.120770	-0.141090	0.622588	0.280109	0.500076	-0.127219	-0.016412	0.129949	0.164398	0.613467	0.611380	0.644195	0.637552	0.298603	0.110381	
0.064120	0.111791	0.127231	-0.124898	0.162401	0.100206	0.003633	0.009594	0.052363	-0.000248	0.000555	0.054541	0.049829	0.008723	0.041817	-0.156294	-0.138416	-0.152927	-0.014666	-0.158689	-0.154001	-0.068001	0.109240	0.004229	-0.028438	0.014178	-0.001619	0.005484	0.001260	-0.127873	0.741432	-0.033051	0.112543	-0.146222	0.126931	-0.141014	0.011455	-0.031691	-0.002973	-0.139211	0.119375	0.109334	0.096208	0.127698	0.108843	0.011361	-0.001362	-0.002923	-0.014219	0.418851	-0.130103	0.096304	0.110507	0.111505	-0.161713	-0.009498	-0.004858	-0.138900	0.027703	0.050796	0.126098	0.091667	-0.130612	0.102213	0.001619	-0.001131	0.008201	0.017563	-0.151474	0.117124	-0.087333	-0.086421	0.132348	0.120128	0.133111	-0.005445	0.004840	0.101503	-0.005877	0.003165	0.007209	-0.157535	-0.122266	-0.139498	0.025599	-0.147657	0.111214	-0.043952	-0.029044	0.098915	-0.133348	-0.092269	0.077989	0.120768	0.096928	-0.153313	0.053368	0.000567	0.119770	0.098100	-0.131519	0.001092	-0.158415	-0.168918	0.001070	-0.151201	-0.103052	-0.107478	0.042250	0.134904	0.040742	0.119861	0.108436	0.055098	0.098917	-0.134164	-0.154325	0.009692	-0.158029	-0.158703	0.103790	-0.160279	-0.121586	-0.142841	0.116630	-0.021136	-0.165661	-0.148938	-0.154749	-0.154088	-0.153138	-0.154995	-0.127896	-0.170105	
