0.000000	0.174990	0.181870	0.263713	0.177592	0.175637	0.195812	0.197917	0.198003	0.203547	0.199057	0.187653	0.199516	0.202406	0.192373	0.280848	0.262375	0.286810	0.202896	0.282652	0.281358	0.222139	0.182612	0.199510	0.209216	0.192671	0.203499	0.195710	0.198330	0.286061	0.184809	0.224469	0.185644	0.291503	0.179921	0.276265	0.204699	0.212018	0.203371	0.271375	0.180997	0.174906	0.179830	0.170124	0.179935	0.185763	0.212246	0.205976	0.190045	0.181716	0.287247	0.180712	0.173471	0.172784	0.286008	0.198186	0.198713	0.271607	0.195905	0.185463	0.176393	0.179060	0.280745	0.179270	0.200000	0.199660	0.205032	0.193274	0.274387	0.182017	0.236180	0.234499	0.171781	0.177989	0.170685	0.198414	0.200527	0.183149	0.206337	0.197477	0.203163	0.286899	0.264503	0.272672	0.197554	0.275775	0.171643	0.247447	0.198303	0.186550	0.265019	0.243082	0.185851	0.179286	0.178140	0.284363	0.188398	0.204147	0.171450	0.187573	0.273439	0.196724	0.286501	0.297584	0.196536	0.282627	0.246893	0.232811	0.192062	0.183880	0.195644	0.174434	0.174850	0.188870	0.175888	0.271128	0.276250	0.204093	0.290894	0.290376	0.182975	0.286233	0.248358	0.265280	0.183141	0.208333	0.290560	0.274674	0.283402	0.283824	0.288822	0.288286	0.261821	0.309060	
0.174990	0.000000	0.168643	0.260593	0.173755	0.169787	0.189355	0.194822	0.180473	0.200483	0.195624	0.184519	0.202376	0.200867	0.191288	0.277244	0.256857	0.276942	0.212909	0.274633	0.271302	0.232943	0.169888	0.201482	0.202257	0.206785	0.197031	0.192539	0.192775	0.274746	0.165354	0.224357	0.170360	0.282832	0.172679	0.271586	0.193683	0.207992	0.188460	0.266843	0.166828	0.170216	0.170264	0.157023	0.166775	0.203024	0.202408	0.196179	0.197908	0.168078	0.277033	0.170591	0.164050	0.168006	0.277289	0.205384	0.197772	0.270389	0.187550	0.183275	0.165414	0.172060	0.270822	0.166345	0.192810	0.197262	0.193264	0.192618	0.274292	0.165790	0.234031	0.231517	0.166133	0.164826	0.162855	0.199001	0.198585	0.177368	0.193189	0.194878	0.194212	0.277170	0.254187	0.272822	0.183237	0.273395	0.170814	0.228851	0.203776	0.172201	0.267710	0.238038	0.177881	0.167013	0.163851	0.272488	0.184982	0.198413	0.168240	0.172959	0.265421	0.201124	0.282506	0.292635	0.202254	0.277275	0.238318	0.244137	0.191684	0.169285	0.190568	0.168212	0.169068	0.186408	0.170284	0.267460	0.275893	0.206858	0.281993	0.283245	0.172524	0.284236	0.244079	0.265795	0.173698	0.207169	0.287554	0.268856	0.282433	0.277177	0.281623	0.281644	0.249531	0.298678	
0.181870	0.168643	0.000000	0.262217	0.172472	0.168391	0.185551	0.196726	0.186086	0.202819	0.200719	0.182145	0.199780	0.203802	0.189838	0.281201	0.271330	0.282944	0.207116	0.277120	0.277907	0.228389	0.166824	0.199061	0.207532	0.200816	0.191253	0.194615	0.192586	0.277377	0.163498	0.224223	0.178471	0.283798	0.165655	0.277260	0.192734	0.205283	0.190215	0.269561	0.167917	0.161917	0.168569	0.166146	0.166903	0.199594	0.206671	0.198847	0.189828	0.163929	0.277118	0.169204	0.162588	0.163676	0.283687	0.201628	0.198275	0.275358	0.193523	0.180985	0.160784	0.168067	0.271540	0.170279	0.195114	0.195183	0.197446	0.195298	0.274646	0.165707	0.233523	0.232674	0.164984	0.167453	0.168872	0.200094	0.198153	0.173988	0.192614	0.195888	0.195880	0.281862	0.263362	0.274520	0.190075	0.278446	0.165991	0.230636	0.205049	0.168646	0.269353	0.240343	0.173664	0.164777	0.165845	0.276720	0.184124	0.193041	0.165062	0.174152	0.270855	0.201342	0.282704	0.296813	0.204535	0.283695	0.236990	0.244176	0.184908	0.169470	0.188571	0.168349	0.166123	0.186733	0.172526	0.267393	0.277941	0.199844	0.289012	0.281218	0.164469	0.285188	0.250132	0.267680	0.174714	0.207355	0.289630	0.273679	0.283109	0.281808	0.287889	0.283652	0.257179	0.303162	
0.263713	0.260593	0.262217	0.000000	0.257003	0.264284	0.254558	0.261140	0.264565	0.267342	0.265456	0.265673	0.267001	0.262071	0.261554	0.241128	0.240448	0.257573	0.263750	0.234519	0.238086	0.217480	0.262318	0.263636	0.257406	0.272179	0.266818	0.265490	0.265000	0.159772	0.263410	0.221130	0.270173	0.243428	0.262149	0.240571	0.259822	0.230531	0.255030	0.160079	0.261459	0.261154	0.262489	0.266301	0.262409	0.267921	0.273177	0.268351	0.260034	0.267969	0.249329	0.262440	0.269586	0.263040	0.246998	0.265432	0.263239	0.253210	0.258488	0.268509	0.270570	0.264937	0.244019	0.266347	0.263176	0.266541	0.260632	0.266369	0.238607	0.258235	0.188957	0.186246	0.264109	0.260937	0.265037	0.268452	0.266038	0.263770	0.266398	0.256612	0.257573	0.247352	0.237568	0.233084	0.257622	0.158669	0.264545	0.231741	0.233038	0.260740	0.162890	0.197573	0.261054	0.261580	0.258702	0.242018	0.266460	0.262652	0.267748	0.266191	0.229490	0.264480	0.236370	0.244444	0.268961	0.159206	0.216396	0.213953	0.268935	0.262186	0.265460	0.260566	0.265985	0.258944	0.260914	0.155449	0.156040	0.263993	0.235358	0.237316	0.265001	0.161927	0.189482	0.163424	0.259397	0.242375	0.235935	0.220333	0.163967	0.154513	0.163880	0.163207	0.180445	0.251591	
0.177592	0.173755	0.172472	0.257003	0.000000	0.177000	0.197242	0.196518	0.193501	0.204731	0.201461	0.189178	0.203431	0.198170	0.191635	0.280603	0.260533	0.284099	0.206606	0.276374	0.277526	0.229488	0.186765	0.202174	0.211431	0.204802	0.202526	0.204112	0.197777	0.272403	0.159617	0.231531	0.185863	0.283045	0.180816	0.273945	0.202329	0.208438	0.196649	0.263952	0.177096	0.179937	0.185286	0.178162	0.179111	0.206868	0.211086	0.209902	0.203920	0.166908	0.278501	0.178312	0.178512	0.169477	0.277371	0.203305	0.202886	0.274328	0.191635	0.194519	0.179605	0.176556	0.273079	0.177157	0.202257	0.192957	0.198796	0.199958	0.276259	0.174256	0.236035	0.233047	0.175664	0.170097	0.172790	0.199581	0.196868	0.176299	0.203433	0.197329	0.202086	0.280303	0.255992	0.263241	0.196875	0.273884	0.169231	0.218538	0.212422	0.173474	0.261569	0.229819	0.188406	0.175446	0.175245	0.276799	0.198036	0.202165	0.172588	0.185947	0.263879	0.210877	0.282907	0.293845	0.206803	0.277701	0.241928	0.233182	0.191259	0.174917	0.196469	0.171778	0.183178	0.192491	0.171186	0.265109	0.274587	0.203031	0.287492	0.283058	0.179030	0.284367	0.247009	0.261967	0.179508	0.215919	0.285682	0.265929	0.276930	0.279652	0.288717	0.284653	0.250611	0.305932	
0.175637	0.169787	0.168391	0.264284	0.177000	0.000000	0.183878	0.200031	0.179285	0.195715	0.197756	0.177922	0.194331	0.195705	0.183389	0.279913	0.267451	0.278508	0.209124	0.274359	0.275928	0.224047	0.170885	0.197147	0.206983	0.200244	0.200123	0.200490	0.197559	0.279818	0.168459	0.223164	0.176292	0.282714	0.172591	0.274087	0.195488	0.204056	0.192384	0.271217	0.163501	0.166489	0.169072	0.163939	0.167381	0.199424	0.202901	0.198941	0.191069	0.166642	0.276633	0.167950	0.166390	0.157424	0.277262	0.199909	0.198661	0.274597	0.192929	0.177154	0.168731	0.165107	0.273176	0.163865	0.194254	0.194200	0.197428	0.196013	0.273367	0.166345	0.233954	0.231887	0.158665	0.164062	0.157460	0.202857	0.193862	0.162076	0.197766	0.195470	0.195606	0.281885	0.259882	0.271746	0.192809	0.279247	0.160188	0.225925	0.195418	0.165377	0.273036	0.241512	0.169953	0.167948	0.170223	0.279488	0.178615	0.198589	0.161987	0.182394	0.261486	0.200303	0.285544	0.294127	0.199788	0.283664	0.249572	0.239149	0.183263	0.162963	0.182698	0.154206	0.164150	0.180353	0.164685	0.272580	0.283319	0.202931	0.284198	0.283703	0.170981	0.290396	0.250934	0.271856	0.171823	0.210189	0.291400	0.271123	0.288566	0.286269	0.290778	0.283623	0.257118	0.300050	
0.195812	0.189355	0.185551	0.254558	0.197242	0.183878	0.000000	0.181943	0.187179	0.180459	0.180449	0.181846	0.189405	0.176683	0.179696	0.269907	0.253111	0.272697	0.186479	0.270068	0.269469	0.215965	0.190840	0.178076	0.187422	0.179518	0.154969	0.151469	0.150448	0.274649	0.192354	0.218233	0.198071	0.278534	0.185882	0.268640	0.143330	0.210771	0.144347	0.263132	0.186032	0.187443	0.188870	0.187132	0.191814	0.177188	0.183185	0.151114	0.179100	0.192025	0.272857	0.186843	0.190175	0.179143	0.274510	0.179158	0.180236	0.268444	0.145367	0.186899	0.188591	0.187500	0.265033	0.189556	0.178275	0.177127	0.152736	0.179961	0.267709	0.187891	0.228145	0.224570	0.177477	0.188435	0.184728	0.177805	0.179321	0.186390	0.144203	0.145750	0.145890	0.268741	0.248716	0.265615	0.149766	0.269777	0.188668	0.226940	0.202284	0.194595	0.267387	0.231443	0.184325	0.190947	0.185985	0.272227	0.180526	0.157084	0.183529	0.196358	0.257555	0.184912	0.274603	0.289221	0.176719	0.279216	0.219877	0.235126	0.183624	0.185553	0.183213	0.183768	0.192637	0.181300	0.188267	0.271274	0.276213	0.185180	0.281123	0.278116	0.189270	0.283065	0.241840	0.264736	0.193635	0.195461	0.286505	0.267761	0.279054	0.280084	0.286672	0.277975	0.249170	0.292642	
0.197917	0.194822	0.196726	0.261140	0.196518	0.200031	0.181943	0.000000	0.191348	0.150735	0.084374	0.196577	0.203704	0.150429	0.193671	0.282875	0.268836	0.280798	0.155155	0.279499	0.279827	0.220880	0.195399	0.161994	0.165775	0.157479	0.188059	0.188131	0.185355	0.284113	0.195876	0.226282	0.205513	0.288263	0.201634	0.280059	0.197217	0.200497	0.181790	0.277058	0.191951	0.195222	0.203704	0.197514	0.203096	0.159734	0.154275	0.192168	0.151020	0.195243	0.282678	0.194503	0.196612	0.194575	0.284247	0.155465	0.156407	0.278796	0.182833	0.195954	0.202296	0.194415	0.274191	0.198210	0.149220	0.156373	0.184939	0.158446	0.278096	0.196006	0.243066	0.235507	0.191983	0.193050	0.195805	0.149265	0.152309	0.192069	0.185754	0.187413	0.188522	0.282815	0.264082	0.274199	0.184685	0.278845	0.198548	0.238338	0.192380	0.197646	0.278426	0.246085	0.193344	0.198915	0.193069	0.285154	0.193534	0.193836	0.197865	0.203269	0.272030	0.155944	0.288043	0.296833	0.153788	0.287215	0.229925	0.231455	0.185628	0.199305	0.192418	0.199126	0.192755	0.189507	0.200241	0.277552	0.289663	0.160736	0.289186	0.283989	0.193650	0.292450	0.251867	0.272105	0.206814	0.180462	0.296612	0.278758	0.290142	0.289478	0.293543	0.289243	0.258240	0.300622	
0.198003	0.180473	0.186086	0.264565	0.193501	0.179285	0.187179	0.191348	0.000000	0.184868	0.195045	0.157098	0.168758	0.185152	0.158644	0.281690	0.259618	0.280653	0.199024	0.275275	0.275004	0.232830	0.187329	0.189266	0.201627	0.195019	0.196297	0.191221	0.187292	0.280174	0.178512	0.226150	0.191742	0.287106	0.183698	0.276322	0.192198	0.202957	0.183464	0.269826	0.179313	0.180845	0.185196	0.179264	0.182730	0.192492	0.198264	0.190890	0.187575	0.179418	0.277145	0.179426	0.182813	0.175623	0.277933	0.193985	0.190684	0.272541	0.184199	0.159264	0.182540	0.183857	0.274622	0.178840	0.193349	0.187509	0.190405	0.190347	0.271475	0.183824	0.233015	0.231914	0.176374	0.182012	0.185584	0.191236	0.186683	0.172264	0.184774	0.186258	0.188101	0.279526	0.258810	0.270638	0.183597	0.276757	0.182404	0.230208	0.205200	0.178198	0.268978	0.241084	0.171838	0.178438	0.182028	0.278523	0.156954	0.190281	0.183880	0.181861	0.266250	0.196284	0.285234	0.292429	0.196152	0.280899	0.235595	0.237090	0.160981	0.182145	0.159635	0.178913	0.178609	0.152284	0.181588	0.269936	0.281022	0.192814	0.285160	0.282505	0.182849	0.283489	0.249074	0.269368	0.192085	0.207610	0.292133	0.269343	0.285084	0.283678	0.288300	0.284334	0.253869	0.295625	
0.203547	0.200483	0.202819	0.267342	0.204731	0.195715	0.180459	0.150735	0.184868	0.000000	0.144596	0.198525	0.208614	0.154699	0.187378	0.284533	0.279163	0.282885	0.166042	0.283274	0.280379	0.228184	0.195390	0.149541	0.162382	0.146485	0.191375	0.190266	0.192296	0.284977	0.198822	0.233587	0.205333	0.290963	0.200090	0.279491	0.189904	0.209857	0.182300	0.278778	0.195041	0.195488	0.196830	0.190232	0.199573	0.144620	0.153742	0.194653	0.149240	0.196167	0.284241	0.191777	0.198193	0.195479	0.289192	0.150497	0.153951	0.278006	0.186308	0.190940	0.189104	0.191956	0.276526	0.192221	0.156104	0.149804	0.185686	0.154392	0.279935	0.198941	0.241900	0.237483	0.191269	0.197501	0.197471	0.145764	0.143029	0.190791	0.187500	0.183305	0.188696	0.285172	0.266362	0.278130	0.179777	0.278783	0.192238	0.237198	0.193285	0.203761	0.275640	0.248251	0.194345	0.195210	0.201203	0.286220	0.198038	0.190586	0.200092	0.206700	0.273929	0.151615	0.287257	0.297682	0.146966	0.289713	0.236797	0.236608	0.192748	0.193839	0.190297	0.195714	0.191263	0.187743	0.196770	0.278065	0.287664	0.154492	0.290208	0.284164	0.199012	0.291834	0.250000	0.277428	0.201821	0.175156	0.297724	0.277363	0.289762	0.287092	0.295129	0.292427	0.259672	0.304224	
0.199057	0.195624	0.200719	0.265456	0.201461	0.197756	0.180449	0.084374	0.195045	0.144596	0.000000	0.191978	0.203645	0.153363	0.194119	0.283488	0.269221	0.281734	0.162087	0.280341	0.282284	0.223146	0.197991	0.157381	0.166589	0.154959	0.188966	0.189046	0.188682	0.288037	0.199669	0.229237	0.204088	0.288595	0.203987	0.279199	0.193907	0.206462	0.181215	0.276946	0.196052	0.199094	0.198254	0.196182	0.203284	0.161213	0.160880	0.192331	0.148438	0.197255	0.280488	0.195272	0.200150	0.196544	0.286747	0.151329	0.157601	0.277795	0.184770	0.196348	0.197274	0.197784	0.278085	0.198316	0.153777	0.155672	0.185269	0.157412	0.277255	0.199040	0.242864	0.236522	0.196949	0.195014	0.196960	0.154563	0.150195	0.190784	0.188531	0.193161	0.189461	0.284018	0.264695	0.274672	0.185620	0.280081	0.196311	0.241660	0.192032	0.199969	0.278991	0.247501	0.193524	0.198894	0.195392	0.286824	0.192146	0.193496	0.198771	0.204133	0.272635	0.151130	0.286123	0.295060	0.155936	0.287556	0.236413	0.234304	0.187425	0.196852	0.190590	0.199312	0.189222	0.193095	0.197853	0.278681	0.289155	0.163851	0.288555	0.285667	0.196506	0.291519	0.250589	0.271818	0.209617	0.180414	0.295101	0.273596	0.289474	0.289790	0.295155	0.288223	0.259826	0.299617	
0.187653	0.184519	0.182145	0.265673	0.189178	0.177922	0.181846	0.196577	0.157098	0.198525	0.191978	0.000000	0.106570	0.187959	0.161368	0.273023	0.260686	0.276368	0.201727	0.273856	0.271683	0.224900	0.183257	0.193413	0.200469	0.200543	0.188821	0.187045	0.184788	0.279665	0.178894	0.221097	0.182500	0.278613	0.182022	0.274503	0.190519	0.206555	0.180419	0.269800	0.171988	0.180845	0.177788	0.178797	0.176605	0.195225	0.192814	0.189299	0.188205	0.179961	0.275518	0.176928	0.176674	0.181395	0.277322	0.194708	0.198763	0.271909	0.180458	0.157478	0.177562	0.182376	0.272298	0.181873	0.190878	0.187782	0.188569	0.189715	0.268028	0.180121	0.229877	0.231491	0.173562	0.176256	0.173702	0.191380	0.189860	0.169240	0.182337	0.181328	0.183253	0.277458	0.251043	0.271019	0.179398	0.280492	0.183331	0.220196	0.202229	0.185732	0.270318	0.239099	0.165099	0.176620	0.174581	0.271653	0.082972	0.186088	0.179708	0.180803	0.262589	0.196731	0.276245	0.290450	0.193597	0.283003	0.230848	0.232525	0.161846	0.175757	0.159108	0.175179	0.175837	0.158979	0.175954	0.270418	0.278109	0.198263	0.284006	0.280256	0.176137	0.285187	0.245289	0.267582	0.189796	0.208194	0.286594	0.268135	0.282332	0.282511	0.290338	0.285117	0.251043	0.292533	
0.199516	0.202376	0.199780	0.267001	0.203431	0.194331	0.189405	0.203704	0.168758	0.208614	0.203645	0.106570	0.000000	0.202507	0.173345	0.277751	0.265763	0.277637	0.203776	0.278568	0.275673	0.231196	0.191148	0.201845	0.212182	0.205898	0.200793	0.199213	0.194791	0.283794	0.191824	0.233121	0.195014	0.282824	0.192471	0.280185	0.197738	0.214607	0.188776	0.268075	0.188254	0.188920	0.198510	0.196353	0.190935	0.206726	0.205332	0.199434	0.194440	0.190887	0.279634	0.194464	0.189996	0.191091	0.279737	0.203615	0.205652	0.278396	0.203566	0.175238	0.190140	0.189737	0.277404	0.196071	0.201314	0.190822	0.199894	0.194996	0.274221	0.191713	0.234021	0.238038	0.187941	0.192904	0.188046	0.205083	0.200390	0.185997	0.196617	0.195957	0.200071	0.284660	0.260437	0.273335	0.197096	0.282178	0.199788	0.219161	0.209491	0.202930	0.269799	0.238459	0.177629	0.192816	0.187354	0.274828	0.107364	0.192594	0.193694	0.191564	0.268356	0.206397	0.282266	0.295188	0.208045	0.284316	0.239231	0.234467	0.168937	0.189719	0.166372	0.193696	0.190661	0.165523	0.192159	0.275252	0.281011	0.206489	0.288344	0.281772	0.188490	0.289734	0.248011	0.269908	0.201545	0.216216	0.292131	0.274626	0.285411	0.287200	0.294162	0.285986	0.252774	0.302556	
0.202406	0.200867	0.203802	0.262071	0.198170	0.195705	0.176683	0.150429	0.185152	0.154699	0.153363	0.187959	0.202507	0.000000	0.189230	0.279266	0.267937	0.282641	0.168749	0.278161	0.278537	0.217752	0.201640	0.154007	0.166355	0.157040	0.188846	0.186430	0.186001	0.282804	0.194357	0.228531	0.202277	0.289993	0.201705	0.279481	0.175793	0.212903	0.181572	0.271611	0.190705	0.196716	0.199430	0.195955	0.200273	0.157092	0.157667	0.193038	0.150322	0.193841	0.281950	0.194867	0.201556	0.191311	0.281086	0.154364	0.156748	0.273442	0.181289	0.191172	0.200328	0.195435	0.269143	0.192954	0.155309	0.158975	0.183341	0.160655	0.278101	0.195787	0.237147	0.236959	0.189354	0.199242	0.195247	0.145321	0.150112	0.190633	0.184849	0.185310	0.190533	0.285878	0.258455	0.273931	0.184419	0.281570	0.192129	0.240751	0.193698	0.205124	0.276436	0.242970	0.194672	0.202145	0.195219	0.280408	0.193335	0.186501	0.200368	0.202862	0.268363	0.155018	0.285666	0.297715	0.149296	0.287572	0.222636	0.227866	0.188453	0.195935	0.190234	0.195231	0.191108	0.188682	0.194143	0.275365	0.286258	0.154442	0.287486	0.285434	0.197202	0.289621	0.252768	0.274662	0.209644	0.177404	0.294346	0.276702	0.286435	0.284916	0.292089	0.288030	0.259086	0.303201	
0.192373	0.191288	0.189838	0.261554	0.191635	0.183389	0.179696	0.193671	0.158644	0.187378	0.194119	0.161368	0.173345	0.189230	0.000000	0.285961	0.264451	0.281811	0.199382	0.279029	0.278739	0.230034	0.188633	0.194770	0.199687	0.191554	0.191059	0.185898	0.185639	0.281255	0.185263	0.229669	0.188382	0.287387	0.191190	0.278881	0.190398	0.216042	0.182448	0.273714	0.181873	0.190160	0.188543	0.187988	0.183298	0.190812	0.194370	0.185030	0.185252	0.184246	0.283162	0.185257	0.187669	0.178421	0.280466	0.193835	0.196622	0.276673	0.176074	0.166966	0.189456	0.183423	0.276603	0.188308	0.192869	0.187603	0.183236	0.192163	0.277625	0.183954	0.233658	0.234922	0.178502	0.181003	0.185298	0.190118	0.190734	0.171489	0.185082	0.182126	0.183962	0.283221	0.262988	0.273066	0.182775	0.280640	0.188399	0.229882	0.201811	0.191457	0.268379	0.244733	0.166965	0.183040	0.186022	0.281834	0.162728	0.191590	0.187644	0.186702	0.269828	0.198351	0.289124	0.297030	0.196694	0.284511	0.240911	0.240091	0.159605	0.184214	0.162975	0.184222	0.183082	0.160221	0.184391	0.272157	0.281234	0.185734	0.287306	0.283047	0.182699	0.286677	0.248361	0.269712	0.196134	0.205320	0.291849	0.273463	0.283965	0.282215	0.289749	0.285278	0.259343	0.299302	
0.280848	0.277244	0.281201	0.241128	0.280603	0.279913	0.269907	0.282875	0.281690	0.284533	0.283488	0.273023	0.277751	0.279266	0.285961	0.000000	0.120137	0.107760	0.279016	0.168009	0.163137	0.227619	0.279746	0.277163	0.274143	0.289445	0.276943	0.276437	0.275787	0.229864	0.278489	0.225055	0.289394	0.169265	0.280061	0.175110	0.273534	0.252610	0.270540	0.225658	0.278827	0.273064	0.282736	0.278454	0.276712	0.286550	0.282998	0.281913	0.279009	0.277336	0.165428	0.278759	0.284386	0.275504	0.166407	0.278585	0.281705	0.167869	0.273689	0.276316	0.285467	0.274628	0.162503	0.279577	0.283355	0.279661	0.274611	0.280728	0.167290	0.273303	0.182054	0.191529	0.275065	0.280192	0.277169	0.285527	0.281060	0.277489	0.274125	0.270662	0.271998	0.166109	0.180405	0.179038	0.270621	0.228845	0.280952	0.225608	0.254161	0.282527	0.212852	0.200402	0.279544	0.278388	0.273825	0.160559	0.282481	0.267147	0.278096	0.283210	0.172601	0.282434	0.154328	0.165368	0.286117	0.225583	0.217787	0.217472	0.279568	0.278703	0.279326	0.282206	0.279440	0.278089	0.283659	0.240207	0.232180	0.280879	0.170951	0.163432	0.274602	0.225023	0.192254	0.217928	0.285194	0.264258	0.169089	0.167331	0.224382	0.225278	0.227212	0.230629	0.192656	0.164096	
0.262375	0.256857	0.271330	0.240448	0.260533	0.267451	0.253111	0.268836	0.259618	0.279163	0.269221	0.260686	0.265763	0.267937	0.264451	0.120137	0.000000	0.127595	0.267314	0.172451	0.180392	0.236406	0.260990	0.271351	0.260914	0.277099	0.261821	0.253313	0.251745	0.238690	0.268274	0.230318	0.279455	0.177274	0.260848	0.185838	0.256125	0.249296	0.251616	0.239032	0.261757	0.255802	0.270896	0.261075	0.259009	0.275452	0.269402	0.264444	0.269154	0.268178	0.187453	0.259525	0.264030	0.262413	0.182682	0.273044	0.265042	0.188508	0.260396	0.261192	0.274417	0.267522	0.178117	0.267901	0.274495	0.273201	0.259827	0.271507	0.180520	0.259058	0.187958	0.186325	0.266089	0.263211	0.267687	0.277903	0.268208	0.261504	0.255558	0.260459	0.252802	0.179593	0.182152	0.194516	0.253654	0.241444	0.267128	0.224210	0.238579	0.271599	0.231587	0.203442	0.264337	0.263899	0.263145	0.170933	0.266966	0.252396	0.259888	0.271646	0.180789	0.273922	0.180379	0.179633	0.275956	0.238412	0.209669	0.232755	0.253905	0.264750	0.264254	0.265563	0.266683	0.260386	0.268029	0.241675	0.236218	0.266420	0.191135	0.178553	0.262303	0.237200	0.194430	0.234492	0.267419	0.254836	0.179703	0.189682	0.236752	0.236492	0.238181	0.237983	0.200275	0.179567	
0.286810	0.276942	0.282944	0.257573	0.284099	0.278508	0.272697	0.280798	0.280653	0.282885	0.281734	0.276368	0.277637	0.282641	0.281811	0.107760	0.127595	0.000000	0.284742	0.173183	0.163937	0.249668	0.275573	0.282462	0.285223	0.289879	0.284272	0.284239	0.279050	0.248995	0.280693	0.240545	0.287974	0.176027	0.281600	0.175624	0.278702	0.258000	0.270248	0.246922	0.275286	0.279104	0.278567	0.277934	0.275280	0.288702	0.287498	0.286725	0.282411	0.281649	0.175042	0.276830	0.285691	0.274300	0.179644	0.284252	0.281033	0.178377	0.278124	0.276921	0.279211	0.278489	0.175390	0.281379	0.287130	0.280858	0.279625	0.281576	0.173552	0.272855	0.202534	0.204713	0.278871	0.276081	0.279439	0.286565	0.283427	0.277412	0.274856	0.278550	0.274241	0.175371	0.184347	0.190229	0.277210	0.252369	0.279724	0.230233	0.255974	0.278669	0.240244	0.218015	0.279751	0.278060	0.274983	0.175426	0.283540	0.269438	0.275308	0.282944	0.188807	0.284727	0.172732	0.176852	0.283663	0.246071	0.228540	0.230391	0.278171	0.279158	0.280973	0.281593	0.281660	0.278552	0.282001	0.252363	0.246821	0.284402	0.178590	0.171886	0.276342	0.251437	0.212259	0.236420	0.285877	0.276730	0.178386	0.184864	0.247395	0.246001	0.247938	0.251572	0.211409	0.175590	
0.202896	0.212909	0.207116	0.263750	0.206606	0.209124	0.186479	0.155155	0.199024	0.166042	0.162087	0.201727	0.203776	0.168749	0.199382	0.279016	0.267314	0.284742	0.000000	0.279722	0.278909	0.224424	0.207656	0.163630	0.180043	0.162136	0.195408	0.197634	0.196630	0.281894	0.207993	0.236407	0.214181	0.290485	0.209790	0.282128	0.196487	0.216340	0.185742	0.273020	0.201893	0.199116	0.206852	0.204794	0.208333	0.159512	0.170154	0.200974	0.161243	0.211753	0.278131	0.200487	0.207664	0.206587	0.282028	0.163059	0.165961	0.275000	0.190291	0.201848	0.208584	0.208996	0.273210	0.202899	0.169627	0.162840	0.189756	0.167452	0.279430	0.198195	0.241035	0.236384	0.200714	0.197304	0.203287	0.161863	0.156174	0.198568	0.196271	0.195446	0.200978	0.282931	0.265641	0.278081	0.188569	0.276514	0.205303	0.241000	0.197443	0.204606	0.275009	0.242622	0.203791	0.207355	0.202932	0.282326	0.203171	0.197770	0.208851	0.203376	0.268949	0.166910	0.284694	0.298580	0.167507	0.287563	0.224792	0.229294	0.203186	0.203186	0.202211	0.209913	0.205573	0.199449	0.201326	0.276187	0.282255	0.170957	0.292752	0.282911	0.204306	0.288680	0.245521	0.271174	0.208656	0.176220	0.299700	0.280859	0.287493	0.289890	0.290595	0.288139	0.261675	0.303639	
0.282652	0.274633	0.277120	0.234519	0.276374	0.274359	0.270068	0.279499	0.275275	0.283274	0.280341	0.273856	0.278568	0.278161	0.279029	0.168009	0.172451	0.173183	0.279722	0.000000	0.098309	0.230045	0.273105	0.278025	0.273990	0.287422	0.276943	0.280000	0.275116	0.233060	0.275911	0.228526	0.287820	0.161498	0.273147	0.158916	0.270198	0.256593	0.266738	0.233333	0.270246	0.274517	0.274831	0.275200	0.270304	0.284675	0.282151	0.276735	0.274360	0.277229	0.164648	0.273948	0.280901	0.272050	0.164157	0.278607	0.278916	0.164952	0.267715	0.273595	0.279972	0.273948	0.161762	0.274924	0.280655	0.278508	0.273485	0.278481	0.168826	0.267387	0.185127	0.188993	0.273578	0.271794	0.275315	0.282147	0.277215	0.271018	0.272079	0.267372	0.271467	0.166269	0.176913	0.173066	0.272857	0.231171	0.281233	0.221832	0.249863	0.277293	0.221190	0.205190	0.269922	0.276690	0.270108	0.159591	0.277392	0.263946	0.275378	0.275205	0.178862	0.279568	0.155782	0.156048	0.283786	0.230725	0.208854	0.220508	0.277670	0.276143	0.276972	0.276885	0.277611	0.277062	0.275079	0.236832	0.232651	0.279230	0.164791	0.156938	0.273640	0.236018	0.193995	0.222222	0.277914	0.263029	0.161877	0.172118	0.229570	0.231714	0.235889	0.232076	0.197950	0.160067	
0.281358	0.271302	0.277907	0.238086	0.277526	0.275928	0.269469	0.279827	0.275004	0.280379	0.282284	0.271683	0.275673	0.278537	0.278739	0.163137	0.180392	0.163937	0.278909	0.098309	0.000000	0.236333	0.273772	0.275442	0.271735	0.285296	0.280680	0.280139	0.275731	0.235071	0.276318	0.230357	0.287136	0.159892	0.272322	0.171092	0.273865	0.254101	0.268318	0.235044	0.272211	0.274469	0.276479	0.275803	0.271953	0.283168	0.282415	0.282951	0.272743	0.279850	0.167574	0.275196	0.281796	0.270201	0.162143	0.277444	0.275435	0.169379	0.270164	0.272091	0.277749	0.273442	0.164031	0.277253	0.280089	0.277988	0.273848	0.275969	0.178260	0.268935	0.190458	0.189138	0.274326	0.273217	0.277054	0.280200	0.277539	0.274520	0.272470	0.271091	0.274429	0.168857	0.181351	0.177080	0.274102	0.239705	0.280500	0.216107	0.253443	0.276869	0.227814	0.216037	0.272944	0.278384	0.270522	0.157100	0.273807	0.264744	0.274503	0.276745	0.174258	0.278329	0.158987	0.170354	0.282210	0.234283	0.220258	0.227130	0.275561	0.276057	0.272634	0.274573	0.274868	0.276091	0.274366	0.243258	0.233783	0.277730	0.166342	0.163890	0.273114	0.239536	0.206780	0.229233	0.278683	0.260901	0.164888	0.175639	0.235068	0.234965	0.240243	0.237464	0.208861	0.165161	
0.222139	0.232943	0.228389	0.217480	0.229488	0.224047	0.215965	0.220880	0.232830	0.228184	0.223146	0.224900	0.231196	0.217752	0.230034	0.227619	0.236406	0.249668	0.224424	0.230045	0.236333	0.000000	0.222188	0.211060	0.213924	0.224186	0.224891	0.226891	0.211359	0.237557	0.228395	0.203818	0.240901	0.250166	0.221640	0.238850	0.220887	0.195299	0.213469	0.215420	0.225557	0.218953	0.231911	0.227652	0.225786	0.225657	0.225836	0.219902	0.221124	0.223004	0.239256	0.229775	0.231906	0.223558	0.246367	0.227652	0.207152	0.240397	0.220683	0.223283	0.225747	0.224239	0.242015	0.222667	0.218266	0.228510	0.223798	0.212562	0.247953	0.215862	0.191231	0.198107	0.219557	0.222430	0.225093	0.229630	0.221880	0.230460	0.233104	0.221559	0.230911	0.247430	0.232000	0.235815	0.223044	0.229923	0.222942	0.207230	0.183585	0.228125	0.216661	0.199873	0.229639	0.217378	0.221250	0.241632	0.226906	0.217605	0.232098	0.229340	0.223121	0.228897	0.236284	0.251762	0.216400	0.232125	0.199640	0.185204	0.231857	0.217538	0.237627	0.223313	0.227440	0.229589	0.224771	0.233258	0.231304	0.220552	0.232551	0.237938	0.221404	0.221396	0.193765	0.212202	0.234809	0.214950	0.247544	0.233159	0.234314	0.227302	0.237880	0.227184	0.201863	0.251505	
0.182612	0.169888	0.166824	0.262318	0.186765	0.170885	0.190840	0.195399	0.187329	0.195390	0.197991	0.183257	0.191148	0.201640	0.188633	0.279746	0.260990	0.275573	0.207656	0.273105	0.273772	0.222188	0.000000	0.200152	0.209078	0.205050	0.196094	0.196709	0.193558	0.275163	0.163188	0.213860	0.174654	0.285211	0.168212	0.272682	0.200548	0.207090	0.187452	0.262279	0.157814	0.164400	0.171111	0.164890	0.100322	0.197380	0.201549	0.196046	0.195818	0.162784	0.272990	0.169829	0.169757	0.163977	0.280000	0.199909	0.196024	0.269188	0.190137	0.176854	0.167248	0.161378	0.269167	0.169739	0.197069	0.195271	0.195500	0.194432	0.272308	0.172947	0.228794	0.228418	0.163865	0.164050	0.162004	0.197831	0.195178	0.168695	0.197566	0.194791	0.193632	0.276226	0.253162	0.266228	0.187834	0.270492	0.166058	0.227465	0.199719	0.174475	0.267493	0.235436	0.175571	0.161368	0.165760	0.273166	0.184552	0.201389	0.163253	0.177930	0.265808	0.198813	0.279173	0.290653	0.199726	0.276453	0.235963	0.240762	0.186245	0.162006	0.184510	0.169522	0.163760	0.185758	0.173170	0.268659	0.275653	0.202549	0.283790	0.279434	0.171918	0.281938	0.246838	0.264154	0.178043	0.207702	0.289127	0.269724	0.276285	0.277769	0.283204	0.280111	0.254237	0.294993	
0.199510	0.201482	0.199061	0.263636	0.202174	0.197147	0.178076	0.161994	0.189266	0.149541	0.157381	0.193413	0.201845	0.154007	0.194770	0.277163	0.271351	0.282462	0.163630	0.278025	0.275442	0.211060	0.200152	0.000000	0.161604	0.158895	0.190133	0.187946	0.188862	0.283414	0.198615	0.234168	0.204812	0.286612	0.198137	0.276783	0.189352	0.218885	0.181887	0.273641	0.196860	0.191261	0.198976	0.197200	0.203230	0.155462	0.151747	0.191512	0.153325	0.195577	0.276916	0.198082	0.198286	0.194887	0.281938	0.150773	0.084484	0.272081	0.186985	0.196704	0.200270	0.194965	0.273660	0.198435	0.159272	0.156771	0.186665	0.161446	0.274748	0.197980	0.237876	0.232797	0.195268	0.201157	0.196529	0.152792	0.154008	0.191793	0.184682	0.185311	0.184622	0.279591	0.260482	0.272816	0.186729	0.279184	0.198618	0.240191	0.188806	0.203387	0.272786	0.243290	0.198984	0.201735	0.194983	0.278819	0.193908	0.189105	0.200031	0.200632	0.272927	0.160312	0.282828	0.294166	0.150068	0.285549	0.227040	0.241705	0.194661	0.197058	0.191748	0.202066	0.197092	0.198504	0.201015	0.276212	0.284004	0.162826	0.286246	0.284589	0.201674	0.290100	0.249495	0.272265	0.208135	0.180370	0.293822	0.276158	0.283541	0.286516	0.291322	0.286797	0.257969	0.299266	
0.209216	0.202257	0.207532	0.257406	0.211431	0.206983	0.187422	0.165775	0.201627	0.162382	0.166589	0.200469	0.212182	0.166355	0.199687	0.274143	0.260914	0.285223	0.180043	0.273990	0.271735	0.213924	0.209078	0.161604	0.000000	0.170506	0.191493	0.192289	0.191878	0.275793	0.212449	0.226497	0.217037	0.285714	0.209284	0.275628	0.196593	0.212800	0.186441	0.270280	0.198399	0.206479	0.206842	0.206513	0.209361	0.165418	0.099441	0.194319	0.166328	0.212842	0.278510	0.208625	0.209270	0.203071	0.285006	0.162933	0.166641	0.275692	0.198377	0.202305	0.202966	0.204429	0.268566	0.201095	0.168469	0.161765	0.187969	0.170013	0.276876	0.204921	0.239730	0.232455	0.201841	0.209711	0.204556	0.165936	0.166510	0.200188	0.192443	0.187460	0.191124	0.278942	0.255732	0.274493	0.194775	0.274081	0.202126	0.242172	0.194041	0.210829	0.269778	0.239769	0.205443	0.207750	0.210660	0.274398	0.199592	0.190556	0.205615	0.203326	0.266878	0.161492	0.283632	0.294443	0.162733	0.279427	0.217985	0.223301	0.200906	0.205970	0.191071	0.205288	0.205388	0.201868	0.206902	0.270669	0.276227	0.168144	0.286581	0.280924	0.202955	0.282339	0.244261	0.263901	0.216313	0.181728	0.288494	0.276887	0.282327	0.281944	0.283538	0.286771	0.252905	0.300104	
0.192671	0.206785	0.200816	0.272179	0.204802	0.200244	0.179518	0.157479	0.195019	0.146485	0.154959	0.200543	0.205898	0.157040	0.191554	0.289445	0.277099	0.289879	0.162136	0.287422	0.285296	0.224186	0.205050	0.158895	0.170506	0.000000	0.190527	0.189737	0.190679	0.293413	0.196915	0.235377	0.209183	0.295123	0.208239	0.286860	0.193033	0.214618	0.190180	0.284958	0.197456	0.197724	0.206448	0.197762	0.203882	0.082009	0.157744	0.192470	0.152384	0.198680	0.286533	0.201264	0.205461	0.199517	0.293234	0.151501	0.161573	0.280159	0.189946	0.194887	0.200000	0.196238	0.280007	0.202449	0.154496	0.150528	0.189450	0.158086	0.282991	0.198137	0.248585	0.243429	0.193864	0.199847	0.199542	0.153172	0.144582	0.195052	0.190963	0.187123	0.191059	0.290445	0.269406	0.282595	0.189058	0.287191	0.200995	0.246827	0.191860	0.204855	0.285968	0.250877	0.205556	0.198678	0.198116	0.289922	0.198243	0.197081	0.207381	0.206618	0.277164	0.160747	0.295582	0.304384	0.151908	0.293052	0.237577	0.240069	0.201297	0.194302	0.193403	0.202644	0.194825	0.198258	0.198831	0.286038	0.294010	0.149211	0.296278	0.294030	0.201020	0.297804	0.255885	0.282816	0.207542	0.178161	0.304206	0.284761	0.295712	0.294440	0.302953	0.296308	0.266923	0.310241	
0.203499	0.197031	0.191253	0.266818	0.202526	0.200123	0.154969	0.188059	0.196297	0.191375	0.188966	0.188821	0.200793	0.188846	0.191059	0.276943	0.261821	0.284272	0.195408	0.276943	0.280680	0.224891	0.196094	0.190133	0.191493	0.190527	0.000000	0.083002	0.081209	0.287026	0.199785	0.221620	0.205022	0.285257	0.197674	0.276670	0.154716	0.211024	0.147818	0.274207	0.189949	0.200493	0.201289	0.195582	0.198855	0.186534	0.190069	0.086031	0.189483	0.196804	0.280246	0.193568	0.199725	0.195275	0.280905	0.189309	0.189077	0.274956	0.150137	0.190411	0.194500	0.195695	0.277363	0.197762	0.188372	0.185333	0.155573	0.188940	0.278081	0.195059	0.242070	0.239685	0.194050	0.198234	0.198017	0.191558	0.186513	0.189528	0.159938	0.158822	0.160802	0.283457	0.254654	0.275434	0.152835	0.281695	0.199082	0.223872	0.204905	0.205100	0.279123	0.242032	0.192753	0.196374	0.196649	0.282738	0.192012	0.158922	0.196097	0.198784	0.270876	0.191350	0.284708	0.297370	0.188430	0.288653	0.221916	0.232861	0.187930	0.199450	0.191203	0.196129	0.196489	0.186394	0.194951	0.277340	0.286126	0.194173	0.291185	0.286647	0.196529	0.291482	0.248926	0.272570	0.205860	0.201388	0.293942	0.277824	0.287144	0.290244	0.292308	0.290784	0.256178	0.300306	
0.195710	0.192539	0.194615	0.265490	0.204112	0.200490	0.151469	0.188131	0.191221	0.190266	0.189046	0.187045	0.199213	0.186430	0.185898	0.276437	0.253313	0.284239	0.197634	0.280000	0.280139	0.226891	0.196709	0.187946	0.192289	0.189737	0.083002	0.000000	0.083333	0.282389	0.198814	0.218423	0.205467	0.287790	0.194209	0.275033	0.153380	0.215198	0.147449	0.273120	0.194791	0.201404	0.201186	0.190578	0.196928	0.185870	0.187746	0.088952	0.187813	0.195472	0.283838	0.197945	0.200334	0.190823	0.285074	0.188335	0.188033	0.278000	0.150552	0.185712	0.190491	0.192430	0.278867	0.191454	0.188318	0.185714	0.154499	0.186900	0.279062	0.196674	0.242571	0.237963	0.189259	0.196407	0.193424	0.193612	0.189341	0.188980	0.154430	0.156371	0.153064	0.285524	0.258268	0.275291	0.149500	0.281191	0.194992	0.224403	0.206703	0.202081	0.277688	0.244305	0.192064	0.192267	0.194963	0.284261	0.187262	0.162661	0.191133	0.198061	0.271919	0.189640	0.284791	0.299031	0.188914	0.288982	0.223174	0.241241	0.189120	0.195636	0.186705	0.194470	0.197096	0.187453	0.191682	0.279857	0.287320	0.188577	0.289917	0.289099	0.192395	0.292635	0.253749	0.273520	0.206139	0.204659	0.297426	0.277359	0.286872	0.286917	0.291927	0.289577	0.259292	0.302290	
0.198330	0.192775	0.192586	0.265000	0.197777	0.197559	0.150448	0.185355	0.187292	0.192296	0.188682	0.184788	0.194791	0.186001	0.185639	0.275787	0.251745	0.279050	0.196630	0.275116	0.275731	0.211359	0.193558	0.188862	0.191878	0.190679	0.081209	0.083333	0.000000	0.279345	0.196331	0.224415	0.197215	0.282171	0.194680	0.271370	0.149698	0.214019	0.147738	0.269142	0.186219	0.192489	0.194390	0.186459	0.193781	0.184620	0.191675	0.084220	0.184669	0.189445	0.277326	0.185325	0.193104	0.187585	0.276153	0.184171	0.187794	0.272771	0.152095	0.184286	0.190642	0.191977	0.273085	0.193607	0.188702	0.184434	0.153939	0.184235	0.271984	0.194368	0.237244	0.236461	0.185230	0.198375	0.188610	0.190267	0.185381	0.191895	0.155394	0.159116	0.154985	0.279216	0.251524	0.270442	0.153462	0.273575	0.189533	0.221908	0.197568	0.202449	0.272330	0.239252	0.191966	0.191236	0.193409	0.277600	0.187282	0.157955	0.189813	0.195110	0.267596	0.191855	0.281669	0.294460	0.188465	0.284121	0.220130	0.237453	0.185017	0.193110	0.182875	0.193315	0.194876	0.184571	0.186815	0.273508	0.283063	0.191781	0.284622	0.282860	0.190462	0.285946	0.246610	0.268043	0.200360	0.202370	0.291476	0.274225	0.283550	0.283387	0.286879	0.286780	0.253726	0.297987	
0.286061	0.274746	0.277377	0.159772	0.272403	0.279818	0.274649	0.284113	0.280174	0.284977	0.288037	0.279665	0.283794	0.282804	0.281255	0.229864	0.238690	0.248995	0.281894	0.233060	0.235071	0.237557	0.275163	0.283414	0.275793	0.293413	0.287026	0.282389	0.279345	0.000000	0.273020	0.215698	0.285691	0.239685	0.274188	0.231101	0.274626	0.233924	0.274592	0.152159	0.271655	0.275053	0.277688	0.278118	0.276690	0.290053	0.292202	0.289960	0.284102	0.277201	0.246924	0.278116	0.279788	0.276678	0.245033	0.286060	0.281861	0.242608	0.276398	0.280378	0.281842	0.278018	0.240069	0.277017	0.283570	0.283089	0.280437	0.284583	0.232742	0.275874	0.188903	0.184576	0.277520	0.274906	0.279987	0.287052	0.282906	0.278483	0.274562	0.269377	0.275302	0.243493	0.235554	0.229449	0.279085	0.150158	0.278349	0.233904	0.247880	0.273492	0.161144	0.199158	0.276490	0.277804	0.270991	0.234713	0.283985	0.274245	0.274345	0.276556	0.221408	0.287414	0.230673	0.237620	0.289168	0.144056	0.233452	0.216702	0.281606	0.275181	0.279794	0.279129	0.275757	0.279014	0.278097	0.155671	0.142759	0.283194	0.224748	0.226176	0.275879	0.153588	0.177880	0.160768	0.276708	0.259102	0.230123	0.213577	0.149873	0.153756	0.153974	0.153447	0.177123	0.238448	
0.184809	0.165354	0.163498	0.263410	0.159617	0.168459	0.192354	0.195876	0.178512	0.198822	0.199669	0.178894	0.191824	0.194357	0.185263	0.278489	0.268274	0.280693	0.207993	0.275911	0.276318	0.228395	0.163188	0.198615	0.212449	0.196915	0.199785	0.198814	0.196331	0.273020	0.000000	0.215989	0.171373	0.279385	0.161295	0.271883	0.193505	0.212871	0.194285	0.268192	0.158402	0.164100	0.173500	0.158338	0.166565	0.196332	0.202310	0.202762	0.199457	0.084610	0.274038	0.168339	0.166191	0.161610	0.283509	0.201477	0.200604	0.270471	0.187669	0.180171	0.161126	0.167091	0.266471	0.169446	0.197646	0.199970	0.196364	0.194835	0.273524	0.164399	0.228889	0.229188	0.155675	0.164211	0.159781	0.200060	0.194064	0.164965	0.196850	0.193115	0.194189	0.278832	0.256405	0.270428	0.188366	0.276019	0.165666	0.226685	0.205104	0.170720	0.266806	0.238451	0.173315	0.165545	0.165693	0.275332	0.180817	0.199051	0.164312	0.173659	0.264173	0.202611	0.279023	0.291453	0.201445	0.280562	0.242662	0.244986	0.186787	0.158668	0.185991	0.159414	0.165245	0.181764	0.166592	0.269379	0.278267	0.200630	0.282595	0.280276	0.166941	0.285025	0.249074	0.267527	0.170837	0.210484	0.289516	0.269617	0.281577	0.281981	0.286804	0.281960	0.255264	0.294746	
0.224469	0.224357	0.224223	0.221130	0.231531	0.223164	0.218233	0.226282	0.226150	0.233587	0.229237	0.221097	0.233121	0.228531	0.229669	0.225055	0.230318	0.240545	0.236407	0.228526	0.230357	0.203818	0.213860	0.234168	0.226497	0.235377	0.221620	0.218423	0.224415	0.215698	0.215989	0.000000	0.235360	0.232041	0.213367	0.235242	0.213285	0.186484	0.218284	0.225242	0.212898	0.216507	0.226558	0.219629	0.210243	0.236068	0.236857	0.222439	0.237145	0.215877	0.243465	0.223060	0.231844	0.220225	0.237821	0.235889	0.230596	0.236987	0.220888	0.221106	0.228124	0.214126	0.242225	0.222160	0.228692	0.227400	0.229132	0.231700	0.235434	0.214767	0.191674	0.190997	0.217184	0.219388	0.225971	0.238511	0.236088	0.216587	0.223404	0.227754	0.221600	0.234356	0.222855	0.234767	0.223282	0.222833	0.233464	0.220019	0.207845	0.228465	0.220641	0.210819	0.221975	0.225725	0.222700	0.234861	0.225670	0.218797	0.220953	0.222579	0.224597	0.229499	0.233323	0.236667	0.236517	0.222893	0.132434	0.191321	0.227451	0.216527	0.234471	0.216992	0.219838	0.222811	0.221111	0.223043	0.222661	0.235507	0.247622	0.238482	0.220707	0.230335	0.203937	0.211485	0.226604	0.231374	0.236686	0.225797	0.219563	0.228529	0.228831	0.229562	0.204152	0.243991	
0.185644	0.170360	0.178471	0.270173	0.185863	0.176292	0.198071	0.205513	0.191742	0.205333	0.204088	0.182500	0.195014	0.202277	0.188382	0.289394	0.279455	0.287974	0.214181	0.287820	0.287136	0.240901	0.174654	0.204812	0.217037	0.209183	0.205022	0.205467	0.197215	0.285691	0.171373	0.235360	0.000000	0.292458	0.172962	0.283366	0.202820	0.221742	0.196141	0.277558	0.163152	0.166767	0.177981	0.171321	0.170643	0.205980	0.213397	0.207222	0.198646	0.169775	0.288519	0.170330	0.169664	0.171793	0.290121	0.203793	0.209629	0.284970	0.195685	0.186321	0.165046	0.171950	0.280599	0.173776	0.207348	0.205927	0.197573	0.206064	0.283193	0.175954	0.242657	0.240041	0.166144	0.169226	0.166262	0.206907	0.204962	0.174311	0.201757	0.205887	0.204422	0.290822	0.262909	0.278866	0.202376	0.287327	0.163418	0.231567	0.211565	0.178160	0.279820	0.247821	0.182401	0.170797	0.166309	0.283419	0.182297	0.209846	0.161320	0.185325	0.274371	0.209233	0.289943	0.301270	0.210795	0.292163	0.252477	0.254431	0.187800	0.170162	0.187874	0.172316	0.172125	0.190647	0.167809	0.277581	0.289461	0.208895	0.296865	0.291612	0.175742	0.296933	0.261155	0.276318	0.178518	0.220984	0.298769	0.278866	0.293599	0.290519	0.297031	0.293351	0.261565	0.308204	
