1:	0.0690 0.1466 0.0163 0.0013 0.4180 0.0746 0.1436 0.0634 0.0673 	9
2:	0.0337 0.0627 0.0000 0.0000 0.4178 0.0127 0.0476 0.1862 0.2393 	3
3:	0.2500 0.0095 0.2500 0.2500 0.1746 0.0022 0.0000 0.0638 0.0000 	4
4:	0.0820 0.0016 0.2868 0.1993 0.0000 0.2098 0.1579 0.0063 0.0562 	2
5:	0.0542 0.1680 0.1222 0.0137 0.1606 0.1475 0.1308 0.1141 0.0888 	17
6:	0.2191 0.0144 0.0871 0.0188 0.0254 0.3235 0.1341 0.0678 0.1098 	12
7:	0.0628 0.1078 0.0000 0.0000 0.0416 0.1485 0.1129 0.0473 0.4791 	3
8:	0.4119 0.0003 0.1154 0.0000 0.0000 0.1365 0.1093 0.0004 0.2261 	2
9:	0.1429 0.0000 0.0000 0.0000 0.0000 0.1429 0.0000 0.0000 0.7143 	1
10:	0.0714 0.0143 0.2500 0.0000 0.1255 0.0501 0.1629 0.1103 0.2156 	4
11:	0.2067 0.0968 0.2505 0.0000 0.0851 0.0672 0.1443 0.0247 0.1248 	14
12:	0.1397 0.3507 0.0297 0.0000 0.1519 0.0834 0.0896 0.1005 0.0543 	9
13:	0.0314 0.3049 0.1056 0.0012 0.3049 0.0236 0.0594 0.1340 0.0350 	14
14:	0.3247 0.1384 0.0000 0.0000 0.2463 0.0000 0.1752 0.1110 0.0043 	2
15:	0.0646 0.0397 0.1111 0.3932 0.0154 0.1892 0.1115 0.0001 0.0750 	9
