
Using the parameter settings in the file: 
''1763185553/clumpp.paramfile''

Parameter settings
----------------------- Main parameters -------------------------
DATATYPE = 0
INDFILE = 1763185553/ClumppIndFile
POPFILE = 
OUTFILE = 1763185553/ClumppIndFile.output
MISCFILE = 1763185553/ClumppIndFile.misc
K = 8
C = 80
R = 50
M = 3
W = 0
S = 2
- Additional options for the Greedy and LargeKGreedy algorithms -
GREEDY_OPTION = 2
REPEATS = 2000
PERMUTATIONFILE = 
----------------------- Optional outputs ------------------------
PRINT_PERMUTED_DATA = 0
PERMUTED_DATAFILE = 
PRINT_EVERY_PERM = 0
EVERY_PERMFILE = 
PRINT_RANDOM_INPUTORDER = 0
RANDOM_INPUTORDERFILE = 
----------------------- Advanced options ------------------------
OVERRIDE_WARNINGS = 0
ORDER_BY_RUN = 1


In total, 2000 configurations of runs and clusters will be tested.

Results
------------------------------
The highest value of H' is: 0.43523985828491

The list of permutations of the clusters that produces that
H' value is (runs are listed sequentially on separate rows)

1 2 3 4 5 6 7 8 
2 8 6 5 4 1 7 3 
5 3 7 6 4 8 1 2 
3 8 2 4 6 7 1 5 
8 1 2 5 6 4 3 7 
6 3 5 2 8 1 7 4 
5 4 3 8 1 6 7 2 
3 6 2 1 4 5 7 8 
1 3 6 8 7 2 4 5 
1 8 7 4 5 6 2 3 
4 2 5 3 1 6 7 8 
8 7 5 4 2 1 3 6 
1 6 4 8 2 3 5 7 
7 4 5 2 8 6 1 3 
5 3 4 1 6 8 7 2 
7 1 5 8 6 4 2 3 
6 4 3 5 7 1 2 8 
8 6 4 5 7 2 1 3 
2 3 6 4 8 5 7 1 
6 5 1 7 2 8 4 3 
5 8 6 4 3 7 1 2 
1 5 4 7 8 3 6 2 
1 2 8 6 4 3 5 7 
5 8 7 2 4 6 3 1 
1 2 4 5 8 6 3 7 
5 7 1 4 8 6 2 3 
1 2 3 6 8 7 5 4 
4 7 3 8 5 6 2 1 
5 8 2 3 7 1 4 6 
2 5 3 7 6 1 4 8 
6 4 7 2 5 1 3 8 
3 1 5 8 7 6 2 4 
7 2 3 4 8 1 5 6 
6 1 4 3 2 8 5 7 
5 6 8 4 2 3 1 7 
4 7 8 5 2 3 1 6 
7 6 1 5 4 8 2 3 
2 4 7 1 6 3 5 8 
7 6 1 8 4 3 2 5 
1 4 3 6 2 7 5 8 
3 5 2 7 8 4 1 6 
1 2 3 7 6 5 8 4 
6 5 2 4 3 7 1 8 
8 5 4 3 2 1 7 6 
3 2 5 7 4 6 1 8 
3 4 1 8 5 7 2 6 
2 7 4 8 5 3 6 1 
5 1 6 8 7 2 4 3 
3 2 8 7 5 4 1 6 
3 2 4 8 6 1 7 5 

The pairwise G' values for each pair of runs where the clusters
of each run are permuted according to the list of permutations above

1.0000 0.4847 0.4957 0.4952 0.3950 0.4333 0.3594 0.3800 0.4260 0.4941 0.3200 0.4698 0.4167 0.3634 0.4623 0.4867 0.4025 0.3541 0.3887 0.4041 0.5012 0.5164 0.3679 0.4711 0.3768 0.4659 0.3776 0.5082 0.4446 0.4163 0.4601 0.4564 0.3745 0.4867 0.4794 0.4249 0.4433 0.4365 0.5301 0.4366 0.4281 0.3748 0.3324 0.4149 0.4032 0.3905 0.3791 0.3836 0.3637 0.4468 
0.4847 1.0000 0.4960 0.5163 0.4708 0.5498 0.4579 0.4355 0.4412 0.4680 0.4360 0.5196 0.5333 0.4392 0.5644 0.5473 0.3791 0.3752 0.4803 0.4989 0.5483 0.5482 0.4657 0.5679 0.4141 0.5320 0.5408 0.5066 0.5530 0.4078 0.4479 0.4956 0.4840 0.5882 0.4423 0.4718 0.4650 0.4831 0.5977 0.5030 0.4892 0.5319 0.3868 0.4240 0.3700 0.4976 0.4201 0.4467 0.5047 0.4824 
0.4957 0.4960 1.0000 0.5342 0.3534 0.4447 0.3699 0.3779 0.3888 0.4383 0.3978 0.4581 0.3842 0.3589 0.4945 0.5025 0.3345 0.3611 0.4559 0.4033 0.4828 0.4880 0.4199 0.4479 0.3924 0.5051 0.4581 0.5578 0.4734 0.4135 0.4383 0.4078 0.3802 0.4424 0.4331 0.4289 0.4083 0.4548 0.4971 0.4401 0.3986 0.4096 0.3400 0.3866 0.3789 0.4343 0.3725 0.3563 0.3891 0.4950 
0.4952 0.5163 0.5342 1.0000 0.4195 0.4776 0.3569 0.4142 0.4121 0.4450 0.4021 0.4892 0.4112 0.3685 0.4499 0.4681 0.3636 0.4012 0.4412 0.4082 0.6079 0.4935 0.4117 0.5053 0.3643 0.5267 0.4677 0.5053 0.4647 0.4069 0.4486 0.4541 0.3924 0.5081 0.4377 0.4603 0.3943 0.4355 0.4800 0.4227 0.4007 0.4065 0.3802 0.3605 0.3749 0.4361 0.3621 0.3738 0.4523 0.5563 
0.3950 0.4708 0.3534 0.4195 1.0000 0.4581 0.4003 0.4363 0.3818 0.3738 0.3643 0.4220 0.4497 0.3339 0.3957 0.4041 0.3825 0.3496 0.3546 0.4137 0.4440 0.4609 0.3362 0.4094 0.3779 0.4269 0.3715 0.4061 0.3606 0.3542 0.3876 0.4036 0.4017 0.4314 0.4095 0.4060 0.3937 0.3598 0.3861 0.4067 0.4704 0.4237 0.3609 0.3524 0.3602 0.4105 0.3549 0.3615 0.4433 0.3880 
0.4333 0.5498 0.4447 0.4776 0.4581 1.0000 0.4277 0.5058 0.4611 0.5020 0.5043 0.4382 0.5112 0.4561 0.4617 0.4800 0.4544 0.4283 0.4401 0.5418 0.4882 0.5452 0.4530 0.5739 0.4891 0.4482 0.5482 0.5000 0.4748 0.4505 0.4793 0.4460 0.5076 0.5074 0.4956 0.4868 0.4167 0.4532 0.4888 0.4880 0.4044 0.4474 0.4547 0.3799 0.4180 0.5323 0.4690 0.4547 0.5437 0.4842 
0.3594 0.4579 0.3699 0.3569 0.4003 0.4277 1.0000 0.4410 0.3663 0.3991 0.3865 0.3415 0.4665 0.4267 0.3621 0.4810 0.4621 0.4182 0.3657 0.3954 0.3828 0.4957 0.4176 0.3631 0.3778 0.3921 0.4000 0.3692 0.4383 0.3588 0.3457 0.4345 0.4043 0.3951 0.4886 0.4514 0.3898 0.4085 0.4326 0.4143 0.3821 0.4366 0.3988 0.3568 0.4388 0.4793 0.3841 0.4139 0.4069 0.4339 
0.3800 0.4355 0.3779 0.4142 0.4363 0.5058 0.4410 1.0000 0.4029 0.4221 0.4162 0.4056 0.4489 0.4371 0.4194 0.4094 0.4002 0.3311 0.3469 0.3791 0.4645 0.4202 0.3847 0.4577 0.3399 0.3558 0.4236 0.4223 0.3935 0.3821 0.4324 0.3910 0.4458 0.4363 0.4366 0.3956 0.3778 0.4011 0.3993 0.4049 0.4012 0.4302 0.4151 0.3413 0.3456 0.4475 0.3757 0.3673 0.4225 0.4294 
0.4260 0.4412 0.3888 0.4121 0.3818 0.4611 0.3663 0.4029 1.0000 0.4017 0.4360 0.4197 0.4355 0.4405 0.3987 0.4325 0.4796 0.3770 0.3794 0.4997 0.3959 0.4792 0.4132 0.4184 0.4577 0.4133 0.4410 0.4681 0.3831 0.4229 0.3631 0.4027 0.4354 0.4113 0.4950 0.4416 0.4682 0.4468 0.4527 0.4171 0.4038 0.3895 0.3732 0.3886 0.3754 0.4515 0.4749 0.4347 0.4416 0.4169 
0.4941 0.4680 0.4383 0.4450 0.3738 0.5020 0.3991 0.4221 0.4017 1.0000 0.3856 0.4795 0.4077 0.4042 0.4706 0.4812 0.3806 0.3360 0.4238 0.4653 0.4496 0.5041 0.3822 0.5446 0.3828 0.4069 0.4412 0.4565 0.5123 0.3408 0.4887 0.4764 0.4671 0.4722 0.4461 0.4418 0.3515 0.4743 0.5015 0.4988 0.3720 0.3874 0.4296 0.4338 0.4311 0.4479 0.3985 0.4097 0.4203 0.5032 
0.3200 0.4360 0.3978 0.4021 0.3643 0.5043 0.3865 0.4162 0.4360 0.3856 1.0000 0.3912 0.4569 0.5075 0.4068 0.4396 0.4756 0.4686 0.3934 0.4569 0.4332 0.4195 0.5277 0.4238 0.5190 0.3798 0.5345 0.4170 0.4189 0.4870 0.3532 0.3485 0.4622 0.4056 0.4153 0.5078 0.5050 0.3881 0.4138 0.3916 0.3202 0.4236 0.4866 0.3254 0.3960 0.4496 0.5145 0.5000 0.5506 0.4013 
0.4698 0.5196 0.4581 0.4892 0.4220 0.4382 0.3415 0.4056 0.4197 0.4795 0.3912 1.0000 0.4603 0.3894 0.5269 0.4954 0.3412 0.3204 0.3862 0.4651 0.5113 0.4541 0.4026 0.4978 0.3465 0.4044 0.4116 0.4546 0.4786 0.3724 0.4459 0.4149 0.4492 0.5289 0.4001 0.4424 0.4126 0.4266 0.5217 0.4603 0.4142 0.4054 0.3754 0.4173 0.3768 0.3845 0.3725 0.3553 0.4363 0.4470 
0.4167 0.5333 0.3842 0.4112 0.4497 0.5112 0.4665 0.4489 0.4355 0.4077 0.4569 0.4603 1.0000 0.4631 0.4870 0.4662 0.4156 0.3833 0.3561 0.4676 0.4519 0.4734 0.4718 0.4860 0.4263 0.4472 0.3982 0.4217 0.4568 0.4877 0.3924 0.3872 0.4716 0.5053 0.4125 0.4901 0.5195 0.3922 0.4643 0.4085 0.4605 0.4009 0.3621 0.3734 0.3943 0.4117 0.3910 0.4173 0.4582 0.3801 
0.3634 0.4392 0.3589 0.3685 0.3339 0.4561 0.4267 0.4371 0.4405 0.4042 0.5075 0.3894 0.4631 1.0000 0.3927 0.4421 0.5075 0.4923 0.4029 0.4797 0.3759 0.4688 0.5129 0.4249 0.4490 0.4064 0.4884 0.3963 0.4063 0.4718 0.3884 0.4311 0.4524 0.4021 0.4733 0.4839 0.5149 0.4097 0.4312 0.3785 0.3118 0.4004 0.4566 0.3692 0.4226 0.4249 0.4873 0.5316 0.5181 0.4142 
0.4623 0.5644 0.4945 0.4499 0.3957 0.4617 0.3621 0.4194 0.3987 0.4706 0.4068 0.5269 0.4870 0.3927 1.0000 0.4905 0.3731 0.2923 0.4025 0.4605 0.5227 0.4502 0.3956 0.5469 0.3510 0.4411 0.4363 0.5262 0.5401 0.3562 0.4839 0.4252 0.4723 0.5032 0.4091 0.4101 0.4116 0.4543 0.5183 0.4666 0.4463 0.4131 0.3208 0.4163 0.3519 0.3984 0.3786 0.3594 0.4105 0.4733 
0.4867 0.5473 0.5025 0.4681 0.4041 0.4800 0.4810 0.4094 0.4325 0.4812 0.4396 0.4954 0.4662 0.4421 0.4905 1.0000 0.3850 0.3919 0.4610 0.4575 0.5315 0.5238 0.4518 0.4987 0.4120 0.4835 0.5046 0.4876 0.5759 0.3854 0.4512 0.4580 0.4428 0.5451 0.4629 0.5028 0.4171 0.5182 0.5653 0.5107 0.4136 0.4607 0.3993 0.4541 0.3931 0.4507 0.3941 0.4025 0.4508 0.4762 
0.4025 0.3791 0.3345 0.3636 0.3825 0.4544 0.4621 0.4002 0.4796 0.3806 0.4756 0.3412 0.4156 0.5075 0.3731 0.3850 1.0000 0.5139 0.3511 0.4421 0.3636 0.4975 0.4611 0.3743 0.4855 0.3880 0.4390 0.3831 0.3468 0.4726 0.3465 0.4182 0.4336 0.3770 0.5179 0.5226 0.4824 0.3947 0.4004 0.3564 0.2981 0.3334 0.4464 0.3403 0.5093 0.4840 0.5434 0.5074 0.5031 0.4247 
0.3541 0.3752 0.3611 0.4012 0.3496 0.4283 0.4182 0.3311 0.3770 0.3360 0.4686 0.3204 0.3833 0.4923 0.2923 0.3919 0.5139 1.0000 0.4061 0.3877 0.3475 0.4492 0.5296 0.3443 0.4718 0.4619 0.4557 0.3306 0.3653 0.5090 0.3028 0.4429 0.3847 0.3412 0.4681 0.4832 0.4623 0.3338 0.3819 0.3354 0.2842 0.3338 0.4797 0.3023 0.4503 0.4440 0.4808 0.5119 0.5515 0.3952 
0.3887 0.4803 0.4559 0.4412 0.3546 0.4401 0.3657 0.3469 0.3794 0.4238 0.3934 0.3862 0.3561 0.4029 0.4025 0.4610 0.3511 0.4061 1.0000 0.4044 0.4769 0.5037 0.4170 0.4182 0.3986 0.4857 0.4641 0.4426 0.4170 0.3430 0.4173 0.5288 0.3778 0.4556 0.4175 0.3809 0.3793 0.4772 0.4830 0.4610 0.3290 0.3966 0.3331 0.4076 0.3439 0.4812 0.4107 0.3940 0.3957 0.4855 
0.4041 0.4989 0.4033 0.4082 0.4137 0.5418 0.3954 0.3791 0.4997 0.4653 0.4569 0.4651 0.4676 0.4797 0.4605 0.4575 0.4421 0.3877 0.4044 1.0000 0.4030 0.5047 0.4090 0.4599 0.4579 0.4091 0.4870 0.4597 0.4236 0.4010 0.4574 0.3959 0.4458 0.4392 0.4714 0.4632 0.4604 0.4245 0.4798 0.4307 0.3864 0.4170 0.4180 0.4220 0.4028 0.4814 0.5084 0.4444 0.4797 0.4656 
0.5012 0.5483 0.4828 0.6079 0.4440 0.4882 0.3828 0.4645 0.3959 0.4496 0.4332 0.5113 0.4519 0.3759 0.5227 0.5315 0.3636 0.3475 0.4769 0.4030 1.0000 0.4977 0.4165 0.5198 0.3651 0.4913 0.5076 0.4969 0.5154 0.4038 0.5050 0.4643 0.4339 0.6372 0.4496 0.4535 0.4092 0.4546 0.5507 0.4805 0.4247 0.4446 0.3595 0.4136 0.3516 0.4285 0.3627 0.3741 0.4423 0.5187 
0.5164 0.5482 0.4880 0.4935 0.4609 0.5452 0.4957 0.4202 0.4792 0.5041 0.4195 0.4541 0.4734 0.4688 0.4502 0.5238 0.4975 0.4492 0.5037 0.5047 0.4977 1.0000 0.4593 0.4750 0.4996 0.5165 0.5275 0.5089 0.4837 0.4305 0.4211 0.5591 0.4799 0.5259 0.5139 0.5608 0.4275 0.4657 0.5588 0.5253 0.3948 0.4549 0.4132 0.4544 0.4755 0.5590 0.4938 0.4660 0.4741 0.5481 
0.3679 0.4657 0.4199 0.4117 0.3362 0.4530 0.4176 0.3847 0.4132 0.3822 0.5277 0.4026 0.4718 0.5129 0.3956 0.4518 0.4611 0.5296 0.4170 0.4090 0.4165 0.4593 1.0000 0.4349 0.4553 0.4904 0.5237 0.3589 0.4959 0.5619 0.3358 0.3997 0.4443 0.4388 0.4077 0.5205 0.5472 0.3713 0.4590 0.3917 0.3410 0.3674 0.4705 0.3460 0.4140 0.4125 0.4807 0.4604 0.5153 0.4070 
0.4711 0.5679 0.4479 0.5053 0.4094 0.5739 0.3631 0.4577 0.4184 0.5446 0.4238 0.4978 0.4860 0.4249 0.5469 0.4987 0.3743 0.3443 0.4182 0.4599 0.5198 0.4750 0.4349 1.0000 0.3561 0.4991 0.4803 0.4656 0.5890 0.4268 0.5066 0.4437 0.5271 0.5413 0.4248 0.4157 0.3850 0.4661 0.5126 0.4932 0.4539 0.4299 0.3604 0.4309 0.3627 0.4120 0.3845 0.4109 0.4703 0.4876 
0.3768 0.4141 0.3924 0.3643 0.3779 0.4891 0.3778 0.3399 0.4577 0.3828 0.5190 0.3465 0.4263 0.4490 0.3510 0.4120 0.4855 0.4718 0.3986 0.4579 0.3651 0.4996 0.4553 0.3561 1.0000 0.3897 0.4729 0.4274 0.3511 0.4994 0.3122 0.3902 0.4307 0.3924 0.4113 0.5132 0.5018 0.3899 0.4102 0.4312 0.3750 0.3802 0.4608 0.3465 0.4339 0.4249 0.5377 0.5197 0.4937 0.3856 
0.4659 0.5320 0.5051 0.5267 0.4269 0.4482 0.3921 0.3558 0.4133 0.4069 0.3798 0.4044 0.4472 0.4064 0.4411 0.4835 0.3880 0.4619 0.4857 0.4091 0.4913 0.5165 0.4904 0.4991 0.3897 1.0000 0.4648 0.4528 0.4679 0.4822 0.4008 0.4888 0.3980 0.4451 0.4561 0.4129 0.4751 0.4387 0.4666 0.4339 0.4498 0.4121 0.3431 0.3731 0.3621 0.4758 0.3755 0.3845 0.4303 0.4580 
0.3776 0.5408 0.4581 0.4677 0.3715 0.5482 0.4000 0.4236 0.4410 0.4412 0.5345 0.4116 0.3982 0.4884 0.4363 0.5046 0.4390 0.4557 0.4641 0.4870 0.5076 0.5275 0.5237 0.4803 0.4729 0.4648 1.0000 0.4684 0.4934 0.4472 0.4157 0.4539 0.4890 0.5099 0.4439 0.5290 0.4324 0.4570 0.4979 0.4726 0.3666 0.4904 0.4647 0.3965 0.3983 0.4954 0.4963 0.4983 0.5750 0.5100 
0.5082 0.5066 0.5578 0.5053 0.4061 0.5000 0.3692 0.4223 0.4681 0.4565 0.4170 0.4546 0.4217 0.3963 0.5262 0.4876 0.3831 0.3306 0.4426 0.4597 0.4969 0.5089 0.3589 0.4656 0.4274 0.4528 0.4684 1.0000 0.4545 0.3981 0.4584 0.4546 0.4166 0.4532 0.4520 0.4007 0.4466 0.5087 0.4705 0.5205 0.4477 0.4348 0.3552 0.4149 0.3747 0.4763 0.4364 0.4112 0.3864 0.4717 
0.4446 0.5530 0.4734 0.4647 0.3606 0.4748 0.4383 0.3935 0.3831 0.5123 0.4189 0.4786 0.4568 0.4063 0.5401 0.5759 0.3468 0.3653 0.4170 0.4236 0.5154 0.4837 0.4959 0.5890 0.3511 0.4679 0.4934 0.4545 1.0000 0.3713 0.4561 0.4467 0.4498 0.5184 0.4083 0.4416 0.3762 0.4736 0.5397 0.4963 0.3907 0.4300 0.3963 0.4492 0.3483 0.4074 0.3922 0.3807 0.4462 0.4765 
0.4163 0.4078 0.4135 0.4069 0.3542 0.4505 0.3588 0.3821 0.4229 0.3408 0.4870 0.3724 0.4877 0.4718 0.3562 0.3854 0.4726 0.5090 0.3430 0.4010 0.4038 0.4305 0.5619 0.4268 0.4994 0.4822 0.4472 0.3981 0.3713 1.0000 0.3403 0.3704 0.4286 0.4158 0.4222 0.4961 0.5945 0.3262 0.3980 0.3665 0.3819 0.3458 0.4313 0.3235 0.4320 0.3750 0.4738 0.4849 0.4764 0.3523 
0.4601 0.4479 0.4383 0.4486 0.3876 0.4793 0.3457 0.4324 0.3631 0.4887 0.3532 0.4459 0.3924 0.3884 0.4839 0.4512 0.3465 0.3028 0.4173 0.4574 0.5050 0.4211 0.3358 0.5066 0.3122 0.4008 0.4157 0.4584 0.4561 0.3403 1.0000 0.4195 0.4271 0.4918 0.4548 0.3845 0.3275 0.4430 0.4732 0.4331 0.3726 0.3638 0.3571 0.4274 0.3802 0.3833 0.3619 0.3559 0.3937 0.4729 
0.4564 0.4956 0.4078 0.4541 0.4036 0.4460 0.4345 0.3910 0.4027 0.4764 0.3485 0.4149 0.3872 0.4311 0.4252 0.4580 0.4182 0.4429 0.5288 0.3959 0.4643 0.5591 0.3997 0.4437 0.3902 0.4888 0.4539 0.4546 0.4467 0.3704 0.4195 1.0000 0.4164 0.4551 0.4736 0.4263 0.3729 0.4500 0.4624 0.5074 0.3748 0.4396 0.3432 0.4125 0.3855 0.4611 0.4057 0.4189 0.4297 0.4843 
0.3745 0.4840 0.3802 0.3924 0.4017 0.5076 0.4043 0.4458 0.4354 0.4671 0.4622 0.4492 0.4716 0.4524 0.4723 0.4428 0.4336 0.3847 0.3778 0.4458 0.4339 0.4799 0.4443 0.5271 0.4307 0.3980 0.4890 0.4166 0.4498 0.4286 0.4271 0.4164 1.0000 0.4769 0.4330 0.4762 0.3942 0.3971 0.4980 0.4511 0.4695 0.4502 0.4217 0.4087 0.4489 0.3756 0.4753 0.4878 0.5257 0.4691 
0.4867 0.5882 0.4424 0.5081 0.4314 0.5074 0.3951 0.4363 0.4113 0.4722 0.4056 0.5289 0.5053 0.4021 0.5032 0.5451 0.3770 0.3412 0.4556 0.4392 0.6372 0.5259 0.4388 0.5413 0.3924 0.4451 0.5099 0.4532 0.5184 0.4158 0.4918 0.4551 0.4769 1.0000 0.4156 0.5006 0.4124 0.4463 0.6495 0.4816 0.4409 0.4293 0.3552 0.4590 0.3808 0.4168 0.3682 0.4007 0.4714 0.4913 
0.4794 0.4423 0.4331 0.4377 0.4095 0.4956 0.4886 0.4366 0.4950 0.4461 0.4153 0.4001 0.4125 0.4733 0.4091 0.4629 0.5179 0.4681 0.4175 0.4714 0.4496 0.5139 0.4077 0.4248 0.4113 0.4561 0.4439 0.4520 0.4083 0.4222 0.4548 0.4736 0.4330 0.4156 1.0000 0.4860 0.4029 0.4186 0.4539 0.3952 0.3727 0.4202 0.4003 0.3755 0.4865 0.4992 0.4511 0.4906 0.4478 0.4899 
0.4249 0.4718 0.4289 0.4603 0.4060 0.4868 0.4514 0.3956 0.4416 0.4418 0.5078 0.4424 0.4901 0.4839 0.4101 0.5028 0.5226 0.4832 0.3809 0.4632 0.4535 0.5608 0.5205 0.4157 0.5132 0.4129 0.5290 0.4007 0.4416 0.4961 0.3845 0.4263 0.4762 0.5006 0.4860 1.0000 0.4835 0.4142 0.4682 0.4143 0.3589 0.3774 0.5086 0.3530 0.5487 0.4500 0.4895 0.5088 0.5617 0.4873 
0.4433 0.4650 0.4083 0.3943 0.3937 0.4167 0.3898 0.3778 0.4682 0.3515 0.5050 0.4126 0.5195 0.5149 0.4116 0.4171 0.4824 0.4623 0.3793 0.4604 0.4092 0.4275 0.5472 0.3850 0.5018 0.4751 0.4324 0.4466 0.3762 0.5945 0.3275 0.3729 0.3942 0.4124 0.4029 0.4835 1.0000 0.3827 0.4421 0.3968 0.4127 0.3686 0.4362 0.3466 0.4051 0.4064 0.4973 0.4773 0.4594 0.3590 
0.4365 0.4831 0.4548 0.4355 0.3598 0.4532 0.4085 0.4011 0.4468 0.4743 0.3881 0.4266 0.3922 0.4097 0.4543 0.5182 0.3947 0.3338 0.4772 0.4245 0.4546 0.4657 0.3713 0.4661 0.3899 0.4387 0.4570 0.5087 0.4736 0.3262 0.4430 0.4500 0.3971 0.4463 0.4186 0.4142 0.3827 1.0000 0.4876 0.5182 0.3748 0.4045 0.3690 0.4579 0.3536 0.4750 0.4009 0.3976 0.4098 0.4941 
0.5301 0.5977 0.4971 0.4800 0.3861 0.4888 0.4326 0.3993 0.4527 0.5015 0.4138 0.5217 0.4643 0.4312 0.5183 0.5653 0.4004 0.3819 0.4830 0.4798 0.5507 0.5588 0.4590 0.5126 0.4102 0.4666 0.4979 0.4705 0.5397 0.3980 0.4732 0.4624 0.4980 0.6495 0.4539 0.4682 0.4421 0.4876 1.0000 0.5052 0.4323 0.4361 0.3948 0.5269 0.4003 0.4582 0.4432 0.4523 0.4580 0.5092 
0.4366 0.5030 0.4401 0.4227 0.4067 0.4880 0.4143 0.4049 0.4171 0.4988 0.3916 0.4603 0.4085 0.3785 0.4666 0.5107 0.3564 0.3354 0.4610 0.4307 0.4805 0.5253 0.3917 0.4932 0.4312 0.4339 0.4726 0.5205 0.4963 0.3665 0.4331 0.5074 0.4511 0.4816 0.3952 0.4143 0.3968 0.5182 0.5052 1.0000 0.4245 0.4106 0.4152 0.4580 0.3818 0.4700 0.4400 0.4016 0.4087 0.4643 
0.4281 0.4892 0.3986 0.4007 0.4704 0.4044 0.3821 0.4012 0.4038 0.3720 0.3202 0.4142 0.4605 0.3118 0.4463 0.4136 0.2981 0.2842 0.3290 0.3864 0.4247 0.3948 0.3410 0.4539 0.3750 0.4498 0.3666 0.4477 0.3907 0.3819 0.3726 0.3748 0.4695 0.4409 0.3727 0.3589 0.4127 0.3748 0.4323 0.4245 1.0000 0.4630 0.2976 0.3488 0.3509 0.3335 0.3143 0.3373 0.3682 0.3658 
0.3748 0.5319 0.4096 0.4065 0.4237 0.4474 0.4366 0.4302 0.3895 0.3874 0.4236 0.4054 0.4009 0.4004 0.4131 0.4607 0.3334 0.3338 0.3966 0.4170 0.4446 0.4549 0.3674 0.4299 0.3802 0.4121 0.4904 0.4348 0.4300 0.3458 0.3638 0.4396 0.4502 0.4293 0.4202 0.3774 0.3686 0.4045 0.4361 0.4106 0.4630 1.0000 0.3504 0.3832 0.3081 0.4289 0.3644 0.3829 0.4403 0.3930 
0.3324 0.3868 0.3400 0.3802 0.3609 0.4547 0.3988 0.4151 0.3732 0.4296 0.4866 0.3754 0.3621 0.4566 0.3208 0.3993 0.4464 0.4797 0.3331 0.4180 0.3595 0.4132 0.4705 0.3604 0.4608 0.3431 0.4647 0.3552 0.3963 0.4313 0.3571 0.3432 0.4217 0.3552 0.4003 0.5086 0.4362 0.3690 0.3948 0.4152 0.2976 0.3504 1.0000 0.3295 0.4443 0.4430 0.5127 0.5441 0.5030 0.3901 
0.4149 0.4240 0.3866 0.3605 0.3524 0.3799 0.3568 0.3413 0.3886 0.4338 0.3254 0.4173 0.3734 0.3692 0.4163 0.4541 0.3403 0.3023 0.4076 0.4220 0.4136 0.4544 0.3460 0.4309 0.3465 0.3731 0.3965 0.4149 0.4492 0.3235 0.4274 0.4125 0.4087 0.4590 0.3755 0.3530 0.3466 0.4579 0.5269 0.4580 0.3488 0.3832 0.3295 1.0000 0.3414 0.3812 0.3972 0.3776 0.3436 0.4455 
0.4032 0.3700 0.3789 0.3749 0.3602 0.4180 0.4388 0.3456 0.3754 0.4311 0.3960 0.3768 0.3943 0.4226 0.3519 0.3931 0.5093 0.4503 0.3439 0.4028 0.3516 0.4755 0.4140 0.3627 0.4339 0.3621 0.3983 0.3747 0.3483 0.4320 0.3802 0.3855 0.4489 0.3808 0.4865 0.5487 0.4051 0.3536 0.4003 0.3818 0.3509 0.3081 0.4443 0.3414 1.0000 0.4134 0.4640 0.4630 0.4691 0.3903 
0.3905 0.4976 0.4343 0.4361 0.4105 0.5323 0.4793 0.4475 0.4515 0.4479 0.4496 0.3845 0.4117 0.4249 0.3984 0.4507 0.4840 0.4440 0.4812 0.4814 0.4285 0.5590 0.4125 0.4120 0.4249 0.4758 0.4954 0.4763 0.4074 0.3750 0.3833 0.4611 0.3756 0.4168 0.4992 0.4500 0.4064 0.4750 0.4582 0.4700 0.3335 0.4289 0.4430 0.3812 0.4134 1.0000 0.4905 0.4369 0.4302 0.4761 
0.3791 0.4201 0.3725 0.3621 0.3549 0.4690 0.3841 0.3757 0.4749 0.3985 0.5145 0.3725 0.3910 0.4873 0.3786 0.3941 0.5434 0.4808 0.4107 0.5084 0.3627 0.4938 0.4807 0.3845 0.5377 0.3755 0.4963 0.4364 0.3922 0.4738 0.3619 0.4057 0.4753 0.3682 0.4511 0.4895 0.4973 0.4009 0.4432 0.4400 0.3143 0.3644 0.5127 0.3972 0.4640 0.4905 1.0000 0.5652 0.4906 0.4337 
0.3836 0.4467 0.3563 0.3738 0.3615 0.4547 0.4139 0.3673 0.4347 0.4097 0.5000 0.3553 0.4173 0.5316 0.3594 0.4025 0.5074 0.5119 0.3940 0.4444 0.3741 0.4660 0.4604 0.4109 0.5197 0.3845 0.4983 0.4112 0.3807 0.4849 0.3559 0.4189 0.4878 0.4007 0.4906 0.5088 0.4773 0.3976 0.4523 0.4016 0.3373 0.3829 0.5441 0.3776 0.4630 0.4369 0.5652 1.0000 0.5178 0.4371 
0.3637 0.5047 0.3891 0.4523 0.4433 0.5437 0.4069 0.4225 0.4416 0.4203 0.5506 0.4363 0.4582 0.5181 0.4105 0.4508 0.5031 0.5515 0.3957 0.4797 0.4423 0.4741 0.5153 0.4703 0.4937 0.4303 0.5750 0.3864 0.4462 0.4764 0.3937 0.4297 0.5257 0.4714 0.4478 0.5617 0.4594 0.4098 0.4580 0.4087 0.3682 0.4403 0.5030 0.3436 0.4691 0.4302 0.4906 0.5178 1.0000 0.4346 
0.4468 0.4824 0.4950 0.5563 0.3880 0.4842 0.4339 0.4294 0.4169 0.5032 0.4013 0.4470 0.3801 0.4142 0.4733 0.4762 0.4247 0.3952 0.4855 0.4656 0.5187 0.5481 0.4070 0.4876 0.3856 0.4580 0.5100 0.4717 0.4765 0.3523 0.4729 0.4843 0.4691 0.4913 0.4899 0.4873 0.3590 0.4941 0.5092 0.4643 0.3658 0.3930 0.3901 0.4455 0.3903 0.4761 0.4337 0.4371 0.4346 1.0000 
