1:	0.0000 1.0000 0.0000 0.0000 0.0000 0.0000 0.0000 	1
2:	0.5000 0.0000 0.0907 0.0000 0.0000 0.4093 0.0000 	2
3:	0.7436 0.0000 0.0522 0.1452 0.0227 0.0322 0.0043 	6
4:	0.8569 0.0000 0.0000 0.0000 0.0000 0.0113 0.1318 	4
5:	0.3273 0.0000 0.1333 0.2585 0.0000 0.0748 0.2060 	15
6:	0.2168 0.4830 0.1250 0.0000 0.1250 0.0234 0.0268 	8
7:	0.3071 0.1000 0.1500 0.0500 0.1500 0.0910 0.1519 	20
8:	0.3898 0.1905 0.2381 0.0476 0.0952 0.0000 0.0388 	21
9:	0.3285 0.0714 0.3571 0.0000 0.1429 0.0764 0.0236 	14
10:	0.1583 0.0000 0.3639 0.0000 0.0000 0.4616 0.0161 	1
11:	0.0879 0.0828 0.0000 0.4068 0.0000 0.4159 0.0066 	3
12:	0.0000 0.2000 0.0000 0.8000 0.0000 0.0000 0.0000 	5
13:	0.0000 0.5000 0.0000 0.5000 0.0000 0.0000 0.0000 	2
14:	0.0000 0.5514 0.1856 0.0058 0.2258 0.0314 0.0000 	5
15:	0.1429 0.5580 0.1045 0.0432 0.0000 0.1515 0.0000 	7
