0.987428	0.005398	0.096301	0.038821	0.142844	0.113414	0.165376	0.140821	0.020233	-0.001728	0.003674	0.011280	-0.003172	0.011272	0.019044	0.030580	0.136146	0.023311	-0.010505	-0.004678	0.009136	0.004529	-0.051090	0.208199	0.188847	0.022817	0.018576	-0.101979	0.028833	0.150360	-0.010724	-0.017248	0.003112	0.022567	-0.014490	-0.003574	-0.060642	0.017542	0.011958	0.024414	0.016974	-0.002852	0.014305	-0.095482	-0.009046	-0.041321	-0.057165	0.000749	0.012310	0.024495	0.020831	-0.019834	0.166157	-0.051303	-0.002058	0.012046	0.105267	-0.000706	0.030800	0.012509	0.006810	0.030248	0.014915	0.015112	0.021916	0.008980	0.017629	0.003367	0.009426	0.002464	0.009351	0.003821	-0.017639	-0.012574	0.001208	0.003273	0.133574	-0.007991	0.026199	0.019879	0.010317	0.030206	0.012672	0.025529	0.025034	0.007002	0.012913	-0.097013	-0.038467	0.146943	0.007101	0.007140	-0.001385	0.013879	0.089458	-0.048599	-0.003039	-0.110647	0.005985	-0.103044	-0.109862	-0.095388	-0.092835	0.167478	-0.109683	-0.100356	-0.107700	-0.105858	-0.100765	-0.101859	-0.101340	-0.108412	-0.102296	0.107626	-0.106496	0.010044	-0.040121	0.002109	-0.025422	-0.051354	-0.006840	-0.026607	0.019740	0.019006	-0.096481	0.000726	-0.049015	-0.100909	-0.004905	0.015936	-0.000082	0.003045	-0.086002	-0.100655	-0.006097	-0.109343	-0.101036	0.007321	0.017617	-0.094360	0.029488	-0.096066	0.008994	-0.099422	-0.108078	-0.006295	0.001580	0.012255	0.008558	0.007755	-0.063411	-0.005527	-0.016130	0.013660	0.006528	-0.099106	-0.095910	-0.003399	-0.104552	-0.103806	-0.104084	-0.095537	-0.100745	-0.110475	
0.005398	0.925602	0.024994	0.061804	0.016442	0.010141	0.005106	0.018575	0.026457	0.048692	0.042557	0.042426	0.040977	0.039123	0.046012	0.011613	0.026409	0.044877	0.046471	0.031542	0.049320	0.004600	-0.063954	0.006085	0.002511	0.044492	0.043305	-0.125728	0.046688	0.033872	0.032668	0.048418	0.040791	0.045361	0.037553	-0.026300	-0.070828	0.034986	0.046712	0.027364	0.037290	0.040464	0.054458	-0.117657	0.007722	-0.073134	-0.056726	0.057775	0.051069	0.035367	0.046811	-0.037750	-0.008656	-0.064931	0.062129	0.032176	-0.001478	0.049561	0.052716	0.046103	0.055814	0.044810	0.043426	0.063413	0.022894	0.051561	0.039488	0.024972	0.050977	0.044122	0.033662	0.036637	0.052834	0.039299	0.066684	0.051786	-0.001389	0.057775	0.054253	0.052475	0.032580	0.060555	0.003879	0.028964	0.037430	0.053668	0.038111	-0.127600	-0.040611	-0.007215	-0.025547	0.034856	-0.003906	0.044737	0.025506	-0.041824	0.044711	-0.126299	0.050677	-0.129341	-0.134017	-0.120803	-0.125114	-0.006001	-0.125288	-0.127986	-0.124886	-0.117046	-0.125369	-0.119460	-0.126732	-0.126518	-0.124858	-0.006083	-0.126276	0.069561	-0.060986	0.064805	-0.061912	-0.026255	0.035554	-0.035047	0.042083	0.031165	-0.124877	0.050016	-0.066087	-0.123298	0.020794	0.038821	0.051007	0.032779	-0.110706	-0.124471	0.012064	-0.131265	-0.126176	0.028699	0.054701	-0.126999	0.032035	-0.118889	0.064568	-0.122181	-0.120965	0.031244	0.045315	0.055379	0.047828	0.062370	-0.043244	0.030832	0.051421	0.044981	0.051612	-0.125730	-0.126810	0.058654	-0.123418	-0.128231	-0.130456	-0.109152	-0.120012	-0.121135	
0.096301	0.024994	0.983678	0.025119	0.118571	0.077456	0.104632	0.107728	0.023636	0.020417	0.026747	0.012242	0.017399	0.022784	0.017556	0.022448	0.097364	0.014554	0.009780	0.016216	0.028695	0.008564	-0.026231	0.104817	0.079447	0.027643	0.034033	-0.098620	0.035779	0.090158	0.036467	0.024630	0.034112	0.028340	-0.002945	-0.028181	-0.032857	0.020270	0.015865	0.014165	-0.005352	0.007276	0.042479	-0.116868	-0.001898	-0.024084	-0.037702	0.013664	0.020757	0.030120	0.026060	-0.039069	0.092992	-0.032496	0.015563	0.022008	0.103122	0.033072	0.014915	0.027870	0.001366	0.010999	0.020686	0.028637	0.022228	0.011508	0.015094	0.012650	0.020321	0.011430	0.031418	0.031985	0.022988	0.007479	0.017271	0.015990	0.082356	0.013512	0.008731	0.015785	0.011206	0.017427	0.014576	0.018809	0.034053	0.039243	0.004729	-0.095335	-0.039275	0.094592	-0.033061	0.033307	-0.015125	0.027637	0.110625	-0.033766	0.010383	-0.101086	0.017613	-0.114993	-0.115639	-0.099674	-0.097704	0.086724	-0.099291	-0.106006	-0.104299	-0.101277	-0.105460	-0.107151	-0.106063	-0.116072	-0.103191	0.069284	-0.106283	0.019935	-0.039130	0.010871	-0.022054	-0.044989	0.001582	-0.019311	0.027327	0.026360	-0.100750	0.013820	-0.063162	-0.105325	-0.005161	0.021960	0.034405	0.015323	-0.110239	-0.096341	-0.001333	-0.112114	-0.118410	0.002956	0.011617	-0.104365	0.007796	-0.107033	0.015566	-0.106856	-0.113001	0.011357	0.019545	0.014694	0.019561	-0.001985	-0.040757	0.015414	0.011296	0.016461	-0.002081	-0.107021	-0.112142	0.020189	-0.099567	-0.107531	-0.116400	-0.098545	-0.106990	-0.099616	
0.038821	0.061804	0.025119	0.899592	0.008504	0.011823	0.020937	0.010138	0.042264	0.065499	0.045968	0.042687	0.011849	0.033151	0.055021	0.035232	-0.000936	0.045182	0.051732	0.057329	0.036945	0.015114	-0.051812	-0.005194	0.003937	0.037884	0.025631	-0.129672	0.051060	0.020236	0.068468	0.064084	0.043597	0.036713	0.027681	-0.019542	-0.086751	0.046013	0.054583	0.040894	0.049199	0.034969	0.066647	-0.131099	0.019695	-0.075694	-0.074415	0.053075	0.043677	0.055741	0.053990	-0.046185	0.028792	-0.080551	0.049080	0.056897	0.004945	0.032373	0.061635	0.040224	0.053793	0.042139	0.035120	0.052874	0.024183	0.048055	0.060660	0.056100	0.058273	0.051761	0.036661	0.031038	0.031983	0.039786	0.035662	0.049125	0.003894	0.033227	0.044760	0.034850	0.031770	0.019447	0.024392	0.046588	0.037895	0.056939	0.041067	-0.115204	-0.048579	0.016402	-0.002483	0.062167	-0.011129	0.030598	0.046769	-0.053393	0.056866	-0.117579	0.035357	-0.130895	-0.133625	-0.131758	-0.121030	0.015298	-0.128664	-0.129472	-0.123345	-0.119010	-0.122759	-0.125829	-0.128020	-0.129809	-0.118470	-0.008629	-0.123417	0.038693	-0.050347	0.036566	-0.025709	-0.010634	0.052745	-0.046561	0.051241	0.035946	-0.122068	0.061505	-0.054990	-0.127873	0.011577	0.034264	0.049955	0.052132	-0.102179	-0.134278	0.004457	-0.138447	-0.123242	0.030398	0.055078	-0.121961	0.046932	-0.124015	0.040643	-0.131865	-0.128161	0.049233	0.037378	0.032005	0.042895	0.040565	-0.043129	0.027211	0.032623	0.048070	0.039812	-0.125212	-0.126906	0.023779	-0.118482	-0.128921	-0.122219	-0.122539	-0.119359	-0.113860	
0.142844	0.016442	0.118571	0.008504	0.975549	0.093982	0.159162	0.123229	0.023246	0.004505	0.021532	0.016779	0.010547	0.004213	0.019237	0.041808	0.111153	0.017837	0.008199	0.006941	0.012293	0.017701	-0.028107	0.133842	0.110139	-0.000971	0.016460	-0.093415	-0.001618	0.162032	0.000381	0.007602	0.047268	-0.006745	0.012041	-0.036592	-0.041107	0.023924	0.009502	0.022921	-0.001543	0.015290	0.028695	-0.105198	-0.012139	-0.035359	-0.031240	0.000672	0.017365	0.003605	0.026348	-0.019892	0.138717	-0.028306	0.013128	0.020081	0.115261	0.009431	0.018507	-0.008023	-0.005619	0.024889	0.005519	0.003251	0.000166	0.015267	0.013431	0.015985	0.006003	-0.006026	0.019027	0.014798	0.012471	0.017319	0.011251	0.006611	0.110222	0.006065	0.010286	0.007846	-0.012817	0.025627	0.003284	0.025574	0.022301	-0.003963	0.009842	-0.092316	-0.028583	0.133473	-0.010473	0.023697	-0.002129	0.019498	0.094621	-0.034292	0.000084	-0.104247	-0.003791	-0.109255	-0.099131	-0.090800	-0.084950	0.117389	-0.094701	-0.100247	-0.092740	-0.099616	-0.090483	-0.096206	-0.106652	-0.100166	-0.090892	0.080378	-0.109796	0.009404	-0.033191	-0.001002	-0.012217	-0.048444	0.000205	-0.021753	0.002034	0.008219	-0.095418	-0.005346	-0.040722	-0.098329	0.005761	0.011783	0.006569	0.013125	-0.084338	-0.104037	0.007602	-0.097476	-0.103243	-0.015597	-0.001604	-0.091523	0.010192	-0.093025	0.015448	-0.105174	-0.102137	0.007843	0.021414	-0.006249	0.017939	0.023062	-0.035859	0.017011	-0.000688	-0.002617	0.016577	-0.101125	-0.087982	-0.014061	-0.101892	-0.105696	-0.100038	-0.095347	-0.105721	-0.086168	
0.113414	0.010141	0.077456	0.011823	0.093982	0.975041	0.102356	0.182565	0.025592	0.027441	0.013103	0.027622	0.000605	0.004737	0.018377	0.050842	0.191822	0.015830	0.007358	0.009972	-0.000823	0.016943	-0.010853	0.124959	0.090248	0.000970	0.014651	-0.094027	0.000214	0.110055	-0.012067	-0.007934	0.005364	-0.001637	0.018392	-0.027493	-0.013154	0.000642	-0.005296	0.037567	0.008417	0.007605	0.002830	-0.100133	-0.002823	-0.018402	-0.031707	0.008544	0.016728	0.011715	-0.004694	-0.027236	0.106396	-0.017531	-0.003541	0.005749	0.148066	-0.003080	-0.002693	0.019784	0.015785	0.008478	0.004935	0.003303	0.000437	0.005185	-0.000466	0.013149	-0.013366	-0.004037	0.016231	0.011358	0.004972	0.005930	0.006414	-0.002346	0.150894	0.021839	0.007428	-0.007770	0.001378	0.033400	0.002562	0.011789	0.018016	0.006117	-0.009488	-0.089543	-0.038037	0.098829	-0.004960	0.002584	-0.028510	0.003782	0.071803	-0.027057	0.006231	-0.093160	0.003856	-0.097928	-0.101024	-0.093881	-0.087646	0.093389	-0.081032	-0.096322	-0.091347	-0.090589	-0.103898	-0.093899	-0.089986	-0.086363	-0.097911	0.139377	-0.090253	0.006533	0.000293	0.009698	-0.033977	-0.046350	0.000057	-0.011421	0.002250	-0.001392	-0.086307	0.008484	-0.033899	-0.087822	0.001981	0.030561	0.013450	0.006488	-0.070625	-0.091868	-0.004826	-0.090588	-0.090134	0.002522	0.029908	-0.091503	0.020493	-0.081300	-0.009528	-0.088446	-0.104123	0.010477	0.013292	-0.006272	0.000912	0.022324	-0.058708	0.004576	-0.000905	-0.009460	-0.009246	-0.086765	-0.083420	-0.002431	-0.086982	-0.093482	-0.083317	-0.090768	-0.105172	-0.089807	
0.165376	0.005106	0.104632	0.020937	0.159162	0.102356	0.996832	0.144998	0.018423	0.022940	0.014442	0.020405	0.002326	0.022039	-0.000349	0.015875	0.156660	0.006022	0.001839	0.015677	0.015226	0.031522	-0.036684	0.196383	0.174382	0.008995	0.017536	-0.109939	0.002085	0.181369	-0.000660	-0.003631	0.008582	0.000135	-0.007878	-0.027320	-0.056039	-0.006655	0.001872	0.029047	0.005295	-0.003549	0.015618	-0.106877	0.010167	-0.054484	-0.044482	0.000484	0.015298	0.021869	0.013005	-0.034040	0.160830	-0.039815	0.017803	0.018041	0.101824	0.005083	0.022503	-0.011047	0.001363	0.007385	-0.012537	-0.017061	0.004180	0.004236	0.014088	0.025137	-0.008165	-0.001944	-0.000845	0.003987	-0.003466	-0.007761	-0.014115	-0.010524	0.144895	-0.006133	0.016516	0.016257	-0.000284	0.015389	0.020968	0.012647	0.041645	-0.003263	0.003343	-0.096085	-0.053312	0.141083	-0.006756	0.033742	-0.015545	0.019671	0.094658	-0.041546	0.016407	-0.100637	0.010797	-0.109329	-0.113743	-0.099637	-0.084331	0.173369	-0.100734	-0.107606	-0.099343	-0.099493	-0.096086	-0.101080	-0.107800	-0.101480	-0.095918	0.126151	-0.099353	0.021620	-0.021430	0.005240	-0.029876	-0.055588	-0.002012	-0.033516	0.019277	0.000741	-0.097994	0.005315	-0.049895	-0.094568	-0.007496	0.021762	-0.006583	0.012711	-0.078980	-0.085857	-0.004772	-0.099294	-0.093493	0.015943	0.008105	-0.098747	-0.006575	-0.106024	-0.010459	-0.119094	-0.106067	0.018645	0.004854	-0.008156	0.017757	0.005142	-0.052197	-0.003771	-0.002930	-0.004010	0.005356	-0.096179	-0.097641	0.005049	-0.094038	-0.100443	-0.098457	-0.084954	-0.096262	-0.100952	
0.140821	0.018575	0.107728	0.010138	0.123229	0.182565	0.144998	0.971948	0.012747	0.026593	0.016364	0.014379	-0.002167	-0.004818	0.001161	0.054815	0.193447	0.010615	-0.003673	0.017682	0.005941	0.008531	-0.028893	0.148161	0.137227	0.003319	0.005371	-0.101569	0.020617	0.118630	0.002290	0.007811	0.030910	0.009009	0.009688	-0.019414	-0.050075	0.013167	0.001128	0.014147	-0.008534	0.002802	0.012913	-0.103210	-0.010505	-0.037021	-0.050411	0.003677	0.017454	0.011845	0.006863	-0.030904	0.124848	-0.047026	-0.005531	0.006799	0.177731	0.025376	0.011949	0.007305	-0.009617	0.002630	0.002310	0.001371	0.001382	0.013315	-0.002859	0.001409	-0.001899	0.008109	0.010602	-0.006624	-0.009697	-0.019993	-0.006004	0.008476	0.242818	0.000288	0.019356	0.019611	-0.001490	0.028357	0.008634	0.002683	0.007422	0.006613	0.017182	-0.089877	-0.047815	0.094601	-0.006152	0.013855	-0.018775	0.002600	0.107994	-0.041733	0.021403	-0.108416	0.001653	-0.112108	-0.106505	-0.110232	-0.097208	0.122531	-0.096493	-0.109249	-0.094795	-0.094071	-0.101703	-0.096746	-0.103258	-0.103306	-0.102820	0.158846	-0.097613	0.006597	-0.023686	0.000319	-0.031824	-0.032975	0.007161	-0.007618	0.006679	0.009098	-0.088332	-0.003613	-0.054178	-0.097796	-0.003468	-0.000765	0.009968	0.000495	-0.105625	-0.097283	-0.004354	-0.107415	-0.110816	0.006770	0.025310	-0.104928	0.014083	-0.101413	0.000271	-0.100318	-0.107622	0.004227	0.010564	-0.006061	0.024123	0.016627	-0.030230	0.011807	-0.004274	-0.000553	0.005651	-0.088506	-0.097152	0.011709	-0.098584	-0.087701	-0.095014	-0.095573	-0.101872	-0.092607	
0.020233	0.026457	0.023636	0.042264	0.023246	0.025592	0.018423	0.012747	0.970597	0.054595	0.022025	0.036046	0.029346	0.027206	0.022337	0.016910	0.030537	0.048945	0.044899	0.033608	0.027459	0.000124	-0.059130	0.038237	0.017874	0.036072	0.038493	-0.116114	0.056074	0.019076	0.030651	0.026480	0.043215	0.038140	0.027450	-0.022382	-0.068241	0.044175	0.020355	0.493742	0.030120	0.049917	0.031997	-0.122812	0.007952	-0.073184	-0.077701	0.036109	0.054327	0.032530	0.044862	-0.038563	0.025503	-0.073762	0.021230	0.027481	-0.006868	0.032479	0.024148	0.033118	0.020747	0.050455	0.040346	0.045453	0.010714	0.033024	0.046761	0.042827	0.024319	0.029401	0.029766	0.036348	0.039629	0.043625	0.055235	0.011546	0.014227	0.035049	0.047741	0.036427	0.041447	0.019940	0.024661	0.034397	0.087159	0.039141	0.031829	-0.116605	-0.045039	0.016584	-0.004524	0.023894	-0.043379	0.021970	0.038472	-0.032490	0.052098	-0.115921	0.010008	-0.129592	-0.124202	-0.123335	-0.118722	0.009053	-0.122016	-0.119131	-0.117389	-0.119488	-0.126415	-0.107775	-0.123279	-0.108340	-0.122530	-0.015744	-0.123991	0.052281	-0.043399	0.049738	-0.037104	-0.032919	0.034508	-0.041206	0.032129	0.038647	-0.120511	0.038913	-0.024777	-0.121372	0.007424	0.027241	0.031810	0.026288	-0.094660	-0.116988	0.006077	-0.123550	-0.118776	0.015629	0.030696	-0.110478	0.105527	-0.113143	0.024554	-0.122141	-0.119470	0.013317	0.018845	0.024136	0.011697	0.024351	-0.040845	0.021300	0.020252	0.048639	0.026068	-0.124219	-0.123656	0.036124	-0.112033	-0.123599	-0.114688	-0.117595	-0.116860	-0.116288	
-0.001728	0.048692	0.020417	0.065499	0.004505	0.027441	0.022940	0.026593	0.054595	0.968261	0.049814	0.040825	0.024638	0.034420	0.039725	0.019416	-0.002661	0.058332	0.055630	0.053022	0.029303	0.015729	-0.056533	0.004060	-0.013087	0.043499	0.039557	-0.124663	0.036179	0.008699	0.046829	0.038475	0.050093	0.053303	0.047999	0.004137	-0.066416	0.061427	0.035780	0.044737	0.041877	0.038801	0.051775	-0.117258	0.000569	-0.076265	-0.058637	0.044492	0.030316	0.050446	0.043842	-0.041356	0.008258	-0.063438	0.033467	0.025070	0.001424	0.034657	0.045688	0.042273	0.053719	0.027805	0.028014	0.043356	0.038086	0.043509	0.048753	0.048789	0.028255	0.039882	0.033880	0.035427	0.028250	0.033346	0.051112	0.022437	0.006887	0.045715	0.051924	0.036314	0.062440	0.051000	0.024616	0.052723	0.040980	0.046356	0.047401	-0.117878	0.024504	0.000373	-0.005901	0.061724	0.007195	0.035769	0.013243	-0.045043	0.042347	-0.117191	0.047141	-0.128269	-0.144915	-0.128498	-0.116234	0.009908	-0.126917	-0.118100	-0.125612	-0.124205	-0.124271	-0.120930	-0.131297	-0.118850	-0.117291	-0.019319	-0.124864	0.041326	-0.035210	0.047870	-0.038504	-0.015743	0.033689	-0.037305	0.043171	0.033453	-0.120497	0.038771	-0.040182	-0.114307	0.002969	0.043321	0.057644	0.040158	-0.112130	-0.114965	0.016431	-0.125172	-0.130933	0.040324	0.054443	-0.113353	0.030400	-0.123535	0.032702	-0.122043	-0.128382	0.043508	0.036798	0.038705	0.051772	0.042019	-0.045386	0.043678	0.041013	0.037832	0.035496	-0.118513	-0.116935	0.046118	-0.123315	-0.117807	-0.119619	-0.127168	-0.126082	-0.120203	
0.003674	0.042557	0.026747	0.045968	0.021532	0.013103	0.014442	0.016364	0.022025	0.049814	0.933955	0.063133	0.004746	0.027507	0.047520	0.017303	-0.025190	0.046757	0.050165	0.489114	0.051599	0.034098	-0.056815	-0.013542	-0.000563	0.029171	0.028444	-0.137272	0.042169	0.027799	0.048882	0.050058	0.037724	0.040134	0.018997	-0.008807	-0.079738	0.036436	0.044549	0.023463	0.053634	0.023109	0.055050	-0.130624	-0.002245	-0.068871	-0.065674	0.076584	0.041989	0.039992	0.036092	-0.019884	0.014144	-0.079923	0.042553	0.053617	-0.006037	0.052575	0.048320	0.052336	0.042887	0.059482	0.026797	0.025070	0.019774	0.038074	0.045500	0.022140	0.049605	0.045637	0.032321	0.039312	0.037549	0.028336	0.049512	0.038477	0.001033	0.027756	0.049488	0.046635	0.037105	0.061820	0.031836	0.051506	0.035545	0.038014	0.056987	-0.129503	-0.043689	0.009022	0.085937	0.046564	-0.018867	0.030226	0.018505	-0.048315	0.030418	-0.121594	0.046026	-0.126760	-0.124879	-0.121278	-0.130399	0.000712	-0.128176	-0.135448	-0.120517	-0.115659	-0.135815	-0.131188	-0.128330	-0.121866	-0.133762	-0.020852	-0.128227	0.042030	-0.052244	0.034211	-0.035789	-0.043773	0.027605	-0.064232	0.034938	0.035522	-0.128841	0.046481	-0.067581	-0.124362	0.016697	0.062274	0.045904	0.024838	-0.116321	-0.130525	-0.008220	-0.118471	-0.114206	0.038385	0.031953	-0.126957	0.033598	-0.129462	0.037527	-0.113988	-0.125303	0.054803	0.033838	0.060691	0.053055	0.039305	-0.058493	0.025758	0.047892	0.021866	0.047007	-0.132582	-0.129108	0.027834	-0.130642	-0.133523	-0.128411	-0.119212	-0.120802	-0.127532	
0.011280	0.042426	0.012242	0.042687	0.016779	0.027622	0.020405	0.014379	0.036046	0.040825	0.063133	0.910688	-0.006632	0.023211	0.044209	0.026887	0.007573	0.038152	0.047870	0.055694	0.062226	0.029064	-0.059683	-0.003305	0.005077	0.022103	0.046832	-0.132605	0.040718	0.020654	0.040767	0.036445	0.057186	0.053025	0.081861	-0.009176	-0.079357	0.050683	0.037743	0.031477	0.471097	0.033546	0.020265	-0.126920	0.000815	-0.074481	-0.070882	0.046681	0.046088	0.054209	0.036384	-0.065161	0.002397	-0.069100	0.040031	0.051320	-0.006264	0.055953	0.024087	0.032325	0.059243	0.028886	0.040836	0.032089	0.022746	0.029057	0.041632	0.052001	0.038070	0.025308	0.036725	0.032231	0.035886	0.022796	0.026375	0.039756	-0.010118	0.043230	0.039794	0.041002	0.056891	0.046933	0.044449	0.038578	0.048574	0.025177	0.029841	-0.127384	-0.037291	-0.004340	-0.005363	0.058146	-0.019648	0.020200	0.023101	-0.063614	0.031155	-0.125080	0.031752	-0.125198	-0.131912	-0.123381	-0.117442	0.009533	-0.122252	-0.120276	-0.123819	-0.112084	-0.119648	-0.125425	-0.129065	-0.122223	-0.128242	-0.001238	-0.113721	0.049692	-0.085411	0.041031	-0.024218	-0.017728	0.013314	-0.046838	0.044891	0.046838	-0.123559	0.059636	-0.068649	-0.116892	0.002045	0.042059	0.031139	0.057575	-0.105591	-0.123610	0.004496	-0.129527	-0.124362	0.034728	0.056269	-0.119083	0.026967	-0.114851	0.036077	-0.126539	-0.129354	0.029992	0.047057	0.043481	0.040254	0.045964	-0.056081	0.033030	0.025050	0.039206	0.040001	-0.126261	-0.125528	0.044797	-0.117610	-0.126423	-0.124087	-0.120437	-0.126051	-0.114452	
-0.003172	0.040977	0.017399	0.011849	0.010547	0.000605	0.002326	-0.002167	0.029346	0.024638	0.004746	-0.006632	1.007951	0.057945	0.063294	0.095364	0.079340	0.002391	0.023333	0.020646	0.001476	0.020776	0.090543	0.035183	0.011910	0.002658	0.016392	-0.099530	-0.006701	0.009927	0.017333	0.014547	-0.001197	0.003795	0.045274	0.018352	0.090502	0.109318	0.009287	0.012094	0.009815	0.010132	0.103854	-0.096696	-0.001034	0.101287	0.088278	0.039339	0.000071	0.019621	-0.009040	0.029669	0.007216	0.091492	0.014569	0.008893	0.029476	0.005300	0.039464	0.008030	0.002022	0.000392	0.013572	0.023297	0.026215	0.036393	0.022648	0.011712	0.004767	0.016766	0.023369	0.031452	0.018084	0.011986	0.004400	0.014117	0.004949	0.013815	0.013668	0.010936	0.043768	-0.000181	0.035480	-0.006692	-0.009243	0.008227	-0.001025	-0.078771	0.026494	0.040155	0.018511	0.045607	0.014829	0.014966	0.029797	0.007926	0.021443	-0.094907	-0.004605	-0.100968	-0.088269	-0.078519	-0.092213	0.022295	-0.083516	-0.097078	-0.091207	-0.082592	-0.092295	-0.090007	-0.092175	-0.095492	-0.081920	0.013908	-0.102075	-0.004256	0.032554	0.020030	0.038220	-0.029182	0.006250	0.023578	-0.001569	0.005290	-0.102492	0.000699	-0.038403	-0.096879	0.000724	0.026094	0.003960	-0.007505	-0.058397	-0.087837	-0.020501	-0.101466	-0.086944	0.005176	-0.017198	-0.085486	0.004984	-0.086131	0.008565	-0.109106	-0.090440	0.011158	-0.007746	0.005502	0.003825	0.010139	-0.012922	0.022988	0.015811	0.017524	0.007970	-0.091602	-0.091059	0.002682	-0.091739	-0.073695	-0.076643	-0.091915	-0.095393	-0.083781	
0.011272	0.039123	0.022784	0.033151	0.004213	0.004737	0.022039	-0.004818	0.027206	0.034420	0.027507	0.023211	0.057945	0.948787	0.028927	0.024036	0.036566	0.026121	0.032281	0.029331	0.035651	0.029964	0.020814	-0.001329	-0.000020	0.013061	0.026611	-0.105284	0.017106	0.009954	0.036027	0.024767	0.022368	0.041009	0.041594	0.007175	0.026726	0.055816	0.034781	0.029244	0.032705	0.028539	0.027845	-0.114882	0.011522	0.027888	0.023305	0.027987	0.019156	0.028908	0.034223	0.006584	-0.004378	0.012627	0.027343	0.018616	-0.001731	0.006202	0.040185	0.016363	0.016567	0.019644	0.021832	0.039126	0.049323	0.025472	0.018552	0.029691	0.039384	0.019597	0.027565	0.040764	0.029012	0.035941	0.027976	0.019880	0.011796	0.032239	0.031627	0.049448	0.024549	0.006676	0.037615	0.041141	0.004694	0.045966	0.042049	-0.096587	-0.025752	0.014486	0.032088	0.010673	0.023326	0.036537	0.026847	0.008022	0.027532	-0.102150	0.041621	-0.107851	-0.108043	-0.101309	-0.098503	0.013948	-0.112216	-0.104388	-0.112213	-0.106756	-0.111450	-0.101679	-0.106221	-0.106422	-0.105148	0.008577	-0.099437	0.018339	0.013047	0.037063	0.018441	0.003478	0.029778	-0.013143	0.028634	0.026487	-0.109553	0.013879	-0.050511	-0.096750	0.025493	0.035629	0.026100	0.023810	-0.089272	-0.102980	0.008487	-0.109320	-0.102917	0.011392	0.018377	-0.094460	0.014577	-0.106605	0.018308	-0.104091	-0.105774	0.009813	0.024364	0.018024	0.045042	0.029384	-0.040783	0.031015	0.012838	0.028489	0.014415	-0.113616	-0.111295	0.026210	-0.096239	-0.104680	-0.100561	-0.103378	-0.108881	-0.095559	
0.019044	0.046012	0.017556	0.055021	0.019237	0.018377	-0.000349	0.001161	0.022337	0.039725	0.047520	0.044209	0.063294	0.028927	0.959853	0.091189	0.000980	0.062264	0.048495	0.054875	0.067506	0.003662	-0.064026	-0.007215	-0.008945	0.036209	0.038666	-0.130491	0.052690	0.003297	0.040167	0.044440	0.058950	0.050172	0.033715	0.010380	-0.079403	0.053821	0.049700	0.029894	0.046977	0.029640	0.040040	-0.120748	0.003884	-0.067946	-0.067884	0.043946	0.027261	0.044600	0.044629	-0.042002	-0.006052	-0.078697	0.035056	0.050825	0.002794	0.033912	0.033621	0.048720	0.077502	0.033195	0.028771	0.029087	0.030790	0.060575	0.062829	0.055762	0.048320	0.038792	0.064973	0.045511	0.044898	0.039126	0.047910	0.050962	0.004121	0.041083	0.048195	0.043445	0.022870	0.062000	0.025701	0.056900	0.038702	0.033128	0.048904	-0.121921	-0.023230	-0.000770	-0.028619	0.052999	-0.021162	0.031373	0.022757	-0.043421	0.047229	-0.117833	0.059049	-0.136194	-0.142296	-0.123333	-0.126639	0.023612	-0.124125	-0.123131	-0.123751	-0.130068	-0.128227	-0.129350	-0.128373	-0.128794	-0.126913	0.000975	-0.125647	0.035270	-0.060745	0.046284	-0.056988	-0.033105	0.015083	-0.047140	0.039172	0.063333	-0.132909	0.039219	-0.068716	-0.130260	0.012365	0.034910	0.068868	0.044869	-0.103272	-0.120614	-0.005214	-0.130552	-0.126458	0.032520	0.048533	-0.121646	0.053690	-0.121432	0.054994	-0.124068	-0.113506	0.049600	0.070796	0.058366	0.053393	0.034679	-0.057689	0.057729	0.063989	0.045747	0.033013	-0.132089	-0.129474	0.033135	-0.120533	-0.123679	-0.117963	-0.126905	-0.123202	-0.123272	
0.030580	0.011613	0.022448	0.035232	0.041808	0.050842	0.015875	0.054815	0.016910	0.019416	0.017303	0.026887	0.095364	0.024036	0.091189	0.953727	0.120338	0.002547	0.012606	0.006204	0.028718	0.030693	0.027359	0.027370	0.008202	-0.001614	0.006723	-0.120182	0.002255	0.023170	0.036680	0.022211	0.023581	0.016495	0.025615	0.021580	0.014094	0.095118	0.013448	0.009716	0.031098	0.031853	0.020897	-0.101248	0.018557	0.034601	0.030936	0.008727	0.037779	0.011397	0.079688	0.041119	0.026946	0.030388	0.005199	0.020828	0.018255	0.035611	0.012131	0.027046	0.018927	0.019447	0.019681	0.019061	0.042566	0.024622	0.035610	0.031315	0.014627	0.022689	0.015221	0.035149	0.041960	-0.007743	0.018141	0.030614	0.052871	0.016919	0.028849	0.038188	0.028108	0.011910	0.015423	0.042692	0.005272	0.001173	0.026404	-0.081630	-0.034665	0.027814	-0.006984	0.022149	0.022547	0.004588	0.030292	-0.013731	0.023829	-0.094127	0.006055	-0.096271	-0.107552	-0.113198	-0.103470	0.015648	-0.101219	-0.118212	-0.112820	-0.100273	-0.111568	-0.106664	-0.112050	-0.099096	-0.108555	0.019670	-0.114662	0.018982	0.017136	0.004123	0.024342	-0.021127	0.013808	-0.005617	0.009293	0.023905	-0.096126	0.033317	-0.028456	-0.104067	0.034602	0.014889	0.027619	0.024684	-0.079889	-0.102333	0.010715	-0.109248	-0.112994	-0.001775	0.005844	-0.107003	0.006253	-0.096626	0.016561	-0.102198	-0.091886	0.015771	0.023372	0.038893	0.016397	0.017362	-0.032816	0.030403	0.029202	0.032903	0.008693	-0.109647	-0.111973	-0.002646	-0.103659	-0.106049	-0.109696	-0.104657	-0.119018	-0.100729	
0.136146	0.026409	0.097364	-0.000936	0.111153	0.191822	0.156660	0.193447	0.030537	-0.002661	-0.025190	0.007573	0.079340	0.036566	0.000980	0.120338	0.997998	0.005523	-0.004077	-0.011665	0.012136	0.000759	-0.032220	0.130252	0.105789	0.004344	0.011037	-0.092502	0.004045	0.117256	0.008814	0.013271	0.006149	0.006785	-0.000225	-0.026330	-0.037163	-0.001401	-0.002839	0.013666	0.006809	0.009086	0.012913	-0.103316	-0.019823	-0.041296	-0.045533	0.009944	0.013559	0.019431	0.012630	-0.037910	0.127676	-0.031756	0.003456	0.011722	0.182364	0.015916	0.016182	0.015987	-0.003598	0.019579	0.007301	-0.017196	0.003822	-0.004687	-0.001404	-0.000357	0.010019	-0.002489	0.007073	0.006216	-0.004951	0.006615	-0.005673	-0.003605	0.176616	0.015553	0.027459	-0.005020	-0.002921	0.010306	-0.000510	0.014131	0.032108	-0.010920	-0.005145	-0.097640	-0.047581	0.102328	-0.023174	0.021440	-0.041406	0.021490	0.085082	-0.032285	0.017086	-0.095956	0.005357	-0.087518	-0.100951	-0.097385	-0.091399	0.120461	-0.089731	-0.093846	-0.099239	-0.101553	-0.100718	-0.105555	-0.103584	-0.096167	-0.087312	0.185237	-0.093891	0.011050	-0.043608	0.004246	-0.048829	-0.049401	-0.006831	-0.030127	0.017913	0.007478	-0.093796	-0.005455	-0.066798	-0.101060	0.004394	-0.010194	-0.001190	0.009596	-0.071124	-0.097741	-0.005194	-0.106758	-0.099361	0.002235	0.004194	-0.093147	0.026801	-0.105503	-0.008791	-0.096720	-0.100540	-0.002934	0.021912	0.015998	0.001641	0.024356	-0.052748	0.021528	0.001162	-0.017809	0.001541	-0.105021	-0.091721	0.018545	-0.096219	-0.102553	-0.092568	-0.088879	-0.101981	-0.096863	
0.023311	0.044877	0.014554	0.045182	0.017837	0.015830	0.006022	0.010615	0.048945	0.058332	0.046757	0.038152	0.002391	0.026121	0.062264	0.002547	0.005523	0.889118	0.051764	0.051154	0.046641	0.065506	-0.048505	0.010672	0.002096	0.052215	0.032054	-0.125284	0.041274	0.016319	0.053365	0.055912	0.044857	0.042189	0.034477	-0.009299	-0.075882	0.049480	0.060672	0.034902	0.044018	0.025596	0.037902	-0.128652	0.009395	-0.071766	-0.076236	0.038000	0.033096	0.036121	0.044560	-0.036913	0.001098	-0.072014	0.066850	0.032545	-0.002081	0.045840	0.042133	0.050384	0.046955	0.047902	0.029660	0.052632	0.037329	0.055215	0.049120	0.024154	0.046070	0.043471	0.030931	0.042941	0.033631	0.042539	0.037467	0.066050	-0.004688	0.032396	0.073077	0.051203	0.042981	0.040499	0.036749	0.038856	0.031872	0.042450	0.044604	-0.118391	0.056975	0.006938	-0.010448	0.053583	-0.038863	0.009039	0.025496	-0.029042	0.045300	-0.125099	0.045354	-0.126748	-0.129719	-0.125360	-0.123199	-0.006630	-0.111793	-0.119861	-0.132569	-0.123413	-0.109892	-0.119499	-0.128755	-0.119464	-0.121295	-0.007438	-0.116187	0.054265	-0.046457	0.042142	-0.028684	-0.040894	0.026089	-0.062870	0.052065	0.038817	-0.120424	0.048068	-0.045234	-0.115806	0.008593	0.042948	0.050142	0.031271	-0.089244	-0.114571	0.014372	-0.127584	-0.126879	0.021011	0.037415	-0.114458	0.037480	-0.132854	0.039408	-0.124982	-0.117205	0.050360	0.040179	0.051775	0.042610	0.060782	-0.053180	0.030759	0.035822	0.037161	0.059737	-0.117872	-0.120181	0.049424	-0.125771	-0.128695	-0.119253	-0.115495	-0.118161	-0.115770	
-0.010505	0.046471	0.009780	0.051732	0.008199	0.007358	0.001839	-0.003673	0.044899	0.055630	0.050165	0.047870	0.023333	0.032281	0.048495	0.012606	-0.004077	0.051764	0.914999	0.055517	0.046105	0.057335	-0.053781	-0.000645	-0.001992	0.043550	0.036307	-0.129917	0.037199	0.017653	0.063546	0.063010	0.054089	0.052853	0.050851	-0.009763	-0.075052	0.056335	0.058895	0.051896	0.042255	0.022328	0.044373	-0.130168	-0.012660	-0.060963	-0.059693	0.039227	0.029681	0.036897	0.030338	-0.042643	0.006410	-0.069100	0.103903	0.038725	-0.000569	0.029838	0.041140	0.047589	0.057327	0.057354	0.040832	0.044298	0.023185	0.046786	0.051734	0.065688	0.027451	0.048427	0.045780	0.044768	0.054636	0.055986	0.062155	0.047308	-0.004309	0.048032	0.068152	0.040201	0.029638	0.055451	0.025331	0.044590	0.026394	0.044656	0.039736	-0.121234	-0.035724	0.012799	-0.032997	0.026706	-0.017166	0.017999	0.020299	-0.053418	0.054468	-0.122477	0.037072	-0.124156	-0.128076	-0.119145	-0.117609	-0.003428	-0.116007	-0.116413	-0.123831	-0.122074	-0.122617	-0.128239	-0.121203	-0.125891	-0.130195	-0.008958	-0.126719	0.046161	-0.053510	0.044758	-0.025771	-0.032353	0.025188	-0.063375	0.052071	0.045506	-0.128525	0.055327	-0.064177	-0.127566	0.005703	0.057250	0.037412	0.038005	-0.103954	-0.119161	0.012337	-0.130653	-0.122352	0.038910	0.027423	-0.114233	0.043909	-0.111247	0.059749	-0.118987	-0.130469	0.033739	0.056422	0.066568	0.056738	0.043721	-0.047721	0.015514	0.045479	0.025061	0.045053	-0.124244	-0.135565	0.050507	-0.124341	-0.117787	-0.119383	-0.117195	-0.118273	-0.117517	
-0.004678	0.031542	0.016216	0.057329	0.006941	0.009972	0.015677	0.017682	0.033608	0.053022	0.489114	0.055694	0.020646	0.029331	0.054875	0.006204	-0.011665	0.051154	0.055517	0.953999	0.061280	0.027124	-0.064323	-0.014992	0.004638	0.045776	0.028171	-0.137377	0.039241	0.009878	0.043260	0.047728	0.060975	0.050106	0.027542	-0.021898	-0.086114	0.048039	0.054157	0.033712	0.027605	0.015007	0.040728	-0.127540	0.006725	-0.078148	-0.083123	0.067012	0.050414	0.035117	0.038188	-0.042846	0.009021	-0.081390	0.045417	0.043131	0.000694	0.046056	0.045654	0.043940	0.037862	0.047666	0.023059	0.006991	0.014801	0.031613	0.037769	0.030447	0.038623	0.047960	0.030276	0.016429	0.036178	0.023964	0.058012	0.041244	0.004173	0.040295	0.058651	0.045275	0.037388	0.066608	0.030753	0.030091	0.047387	0.024146	0.063237	-0.128502	-0.046515	0.009426	0.088755	0.051525	-0.007225	0.026898	0.027040	-0.062513	0.047385	-0.112549	0.054151	-0.125362	-0.131527	-0.125930	-0.118171	-0.005363	-0.128527	-0.128455	-0.120919	-0.114736	-0.132845	-0.115329	-0.124693	-0.132769	-0.126399	-0.016437	-0.129475	0.044122	-0.075752	0.030266	-0.037420	-0.046422	0.044362	-0.052991	0.042830	0.042800	-0.127802	0.041908	-0.057993	-0.125323	0.014308	0.043322	0.054298	0.026395	-0.104244	-0.131997	-0.002005	-0.119771	-0.115419	0.039451	0.036456	-0.124949	0.037458	-0.126345	0.038659	-0.124643	-0.123703	0.043495	0.034196	0.058780	0.036186	0.046951	-0.051576	0.009694	0.040950	0.037075	0.043121	-0.125909	-0.131430	0.030522	-0.128987	-0.128812	-0.126583	-0.125994	-0.117305	-0.120664	
0.009136	0.049320	0.028695	0.036945	0.012293	-0.000823	0.015226	0.005941	0.027459	0.029303	0.051599	0.062226	0.001476	0.035651	0.067506	0.028718	0.012136	0.046641	0.046105	0.061280	0.968488	0.061070	-0.032539	-0.014271	-0.011415	0.045302	0.059446	-0.121464	0.038083	0.012848	0.053093	0.053376	0.051206	0.061787	0.061898	-0.029290	-0.064240	0.052699	0.047807	0.027956	0.042542	0.038783	0.058850	-0.122483	0.012341	-0.069687	-0.068086	0.030463	0.040033	0.033555	0.046024	-0.021642	0.004349	-0.048520	0.057301	0.049539	0.002326	0.054268	0.051504	0.043275	0.032321	0.040906	0.022961	0.026415	0.011927	0.031077	0.047864	0.048117	0.066442	0.062091	0.051768	0.027612	0.038807	0.041999	0.055263	0.041914	-0.008555	0.051744	0.038742	0.043146	0.039443	0.049793	0.022562	0.051892	0.040951	0.033370	0.023078	-0.127881	-0.030450	-0.010096	-0.027667	0.031039	0.068674	0.031361	0.034561	-0.047074	0.053772	-0.116695	0.051291	-0.120143	-0.122479	-0.125907	-0.127100	0.005904	-0.128072	-0.132446	-0.127652	-0.124191	-0.122956	-0.122871	-0.123442	-0.123560	-0.126083	0.000353	-0.131216	0.022559	-0.042628	0.044953	-0.050256	-0.032240	0.042201	-0.029004	0.055253	0.047478	-0.126507	0.047944	-0.079796	-0.125536	0.024480	0.043783	0.051779	0.043925	-0.111315	-0.121910	0.006572	-0.132514	-0.124000	0.039361	0.037307	-0.121401	0.032208	-0.131760	0.044408	-0.129275	-0.125368	0.045115	0.027422	0.065045	0.048381	0.041646	-0.048293	0.026709	0.034295	0.042484	0.054093	-0.129329	-0.123980	0.035766	-0.125534	-0.137200	-0.126945	-0.118646	-0.116132	-0.120477	
0.004529	0.004600	0.008564	0.015114	0.017701	0.016943	0.031522	0.008531	0.000124	0.015729	0.034098	0.029064	0.020776	0.029964	0.003662	0.030693	0.000759	0.065506	0.057335	0.027124	0.061070	0.967798	0.046129	-0.022495	-0.013541	0.016037	0.013633	-0.067197	0.011798	0.012265	-0.005836	-0.010865	-0.004250	0.020006	0.046116	-0.002549	0.039394	0.023210	0.025232	0.030072	-0.005195	0.007128	0.020456	-0.074154	0.015692	0.028029	0.037270	0.007000	0.000256	-0.008406	0.009290	0.014833	0.058408	0.035246	0.016776	0.005944	0.015756	-0.001596	0.015499	-0.002072	0.006476	0.005588	0.016267	0.002961	0.011610	0.006358	0.012883	0.003193	-0.003586	0.035329	-0.024936	0.005828	-0.001298	0.001261	0.014464	0.006975	0.017523	0.003684	0.002969	0.009379	0.003216	0.004032	0.020906	0.015151	0.033165	-0.006908	0.021789	-0.051859	0.017226	0.024005	0.027016	0.015498	0.013605	-0.001663	0.021522	-0.024990	-0.009446	-0.081294	0.014917	-0.085288	-0.081254	-0.072602	-0.061413	0.034724	-0.075836	-0.073242	-0.060850	-0.064345	-0.066033	-0.065298	-0.064551	-0.069742	-0.071800	-0.014082	-0.090181	0.005045	0.021994	-0.004854	-0.011766	-0.022010	-0.005359	0.016314	0.040547	0.007723	-0.063117	0.004878	-0.027458	-0.071469	0.027820	-0.003921	0.011256	-0.002953	-0.024386	-0.065549	-0.007415	-0.073924	-0.068974	0.005129	0.012535	-0.059538	0.001595	-0.064967	0.009052	-0.055521	-0.069797	0.022160	-0.009624	0.019062	0.007717	0.005199	-0.016271	0.007133	0.000581	0.006708	0.018405	-0.058739	-0.061331	-0.011787	-0.067109	-0.073060	-0.038839	-0.064468	-0.065386	-0.078132	
-0.051090	-0.063954	-0.026231	-0.051812	-0.028107	-0.010853	-0.036684	-0.028893	-0.059130	-0.056533	-0.056815	-0.059683	0.090543	0.020814	-0.064026	0.027359	-0.032220	-0.048505	-0.053781	-0.064323	-0.032539	0.046129	1.043582	-0.036617	-0.038423	-0.046038	-0.044809	-0.014963	-0.042247	-0.039783	-0.040821	-0.047101	-0.054067	-0.054340	-0.037706	0.135537	0.712352	-0.054685	-0.044298	-0.061895	-0.055215	-0.040123	-0.040819	-0.000283	-0.001904	0.697270	0.660057	-0.037310	-0.049059	-0.056266	-0.052947	0.177348	-0.002829	0.646570	-0.043887	-0.045084	-0.041057	-0.052832	-0.040097	-0.009621	-0.042534	-0.068205	-0.050736	-0.034893	-0.005543	-0.041036	-0.057022	-0.046573	-0.051207	-0.056261	-0.041008	-0.009329	-0.032570	-0.039975	-0.033457	-0.037168	-0.036358	-0.049565	-0.056266	-0.054881	-0.027665	-0.051841	0.003953	-0.044700	-0.040377	-0.046603	-0.038878	0.021211	0.088766	-0.015871	0.146982	-0.011012	0.141208	0.009952	-0.022414	0.105723	-0.053643	-0.015127	-0.055465	-0.000956	-0.003746	-0.001715	-0.000818	-0.009708	-0.007245	0.007393	-0.001125	-0.002879	-0.005252	-0.000461	-0.011140	-0.002957	-0.007495	-0.028379	-0.008719	-0.057656	0.206759	-0.049834	0.114084	0.052928	-0.042703	0.214596	-0.059870	-0.064228	-0.006461	-0.058265	0.040850	-0.010234	-0.027310	-0.049309	-0.057558	-0.047709	0.042550	-0.012818	-0.042793	-0.008368	0.004312	-0.043519	-0.044739	0.004995	-0.054130	0.003313	-0.054772	0.003667	-0.015191	-0.038189	-0.047049	-0.060351	-0.051862	-0.053213	0.048447	-0.056882	-0.061532	-0.059123	-0.057958	-0.009236	-0.004944	-0.050457	-0.001712	0.004175	0.005083	-0.014929	-0.007318	-0.005719	
0.208199	0.006085	0.104817	-0.005194	0.133842	0.124959	0.196383	0.148161	0.038237	0.004060	-0.013542	-0.003305	0.035183	-0.001329	-0.007215	0.027370	0.130252	0.010672	-0.000645	-0.014992	-0.014271	-0.022495	-0.036617	1.018228	0.547193	0.008872	0.015922	-0.081971	0.011504	0.139870	-0.002734	-0.001511	-0.000123	0.007184	-0.002911	-0.036447	-0.044674	0.004942	-0.011301	0.029807	-0.002696	0.005042	0.015060	-0.107243	-0.019932	-0.045512	-0.048906	-0.011694	0.006392	0.008827	0.001015	-0.035331	0.172174	-0.035892	-0.002821	0.000864	0.127178	-0.001909	0.002987	-0.003352	-0.004879	0.005453	0.007900	-0.018421	0.003708	-0.011496	0.018932	-0.011146	-0.000368	-0.001219	-0.008494	0.003880	0.004097	-0.004648	-0.024489	-0.013903	0.118189	0.003138	0.009659	-0.000938	0.007171	0.015083	0.003917	0.006960	-0.001698	0.009213	0.010223	-0.088875	-0.035146	0.144352	-0.014494	0.007976	-0.043998	0.009048	0.085313	-0.050828	0.014228	-0.095240	-0.005823	-0.083185	-0.100613	-0.098109	-0.095003	0.152688	-0.086500	-0.091335	-0.089892	-0.100241	-0.094399	-0.091221	-0.106462	-0.097761	-0.111163	0.110536	-0.093343	0.010396	-0.026092	-0.023257	-0.037906	-0.060191	-0.003891	-0.041921	0.001313	0.018567	-0.086227	-0.003689	-0.053247	-0.096552	-0.008125	0.002271	-0.011697	0.014917	-0.076691	-0.079217	0.010216	-0.087420	-0.096058	-0.005458	0.006505	-0.102816	0.030692	-0.094939	-0.016996	-0.095214	-0.105825	-0.004234	0.010229	0.012331	0.003871	0.002362	-0.043154	-0.011893	-0.003713	0.003045	0.002532	-0.095334	-0.096842	-0.009865	-0.091120	-0.095587	-0.101951	-0.085213	-0.087389	-0.095724	
0.188847	0.002511	0.079447	0.003937	0.110139	0.090248	0.174382	0.137227	0.017874	-0.013087	-0.000563	0.005077	0.011910	-0.000020	-0.008945	0.008202	0.105789	0.002096	-0.001992	0.004638	-0.011415	-0.013541	-0.038423	0.547193	1.017815	0.027356	0.009817	-0.070572	0.013370	0.112413	-0.020849	-0.020305	-0.006976	-0.007961	-0.012307	-0.023115	-0.051461	0.005305	-0.002290	0.023890	-0.002970	-0.009325	-0.006565	-0.086379	-0.004232	-0.053179	-0.043526	-0.014130	-0.005441	0.000371	-0.003057	-0.026469	0.154156	-0.042224	0.009037	0.006472	0.118080	0.012875	0.005936	-0.009661	-0.003522	0.002380	-0.008969	-0.013101	0.014329	-0.004789	0.018155	0.002645	0.005739	-0.006332	-0.012650	0.011000	-0.002948	-0.004314	-0.022921	0.002858	0.139421	-0.016314	0.003504	0.003950	0.003790	0.002534	-0.002572	0.001974	-0.001528	0.005317	-0.000346	-0.082675	-0.028158	0.131092	-0.007691	0.004063	-0.024207	0.001563	0.082645	-0.035692	0.013058	-0.081624	-0.009626	-0.078349	-0.089681	-0.080570	-0.086617	0.154998	-0.074747	-0.086094	-0.076396	-0.083634	-0.073334	-0.085718	-0.096259	-0.085776	-0.094760	0.091999	-0.083976	0.021619	-0.036407	-0.015188	-0.038084	-0.050426	-0.003491	-0.031442	-0.005394	0.000947	-0.084721	0.003522	-0.047634	-0.083722	-0.004243	0.000776	-0.018063	-0.004101	-0.064769	-0.075713	-0.009636	-0.080391	-0.088925	-0.006605	0.006209	-0.088099	0.013233	-0.083748	-0.008924	-0.075830	-0.091096	0.010489	-0.013521	-0.008452	-0.003924	-0.001579	-0.043235	-0.000880	-0.006095	-0.001427	-0.005771	-0.079433	-0.080802	0.010480	-0.083003	-0.081634	-0.088587	-0.076509	-0.083244	-0.087392	
