0.000000	0.252918	0.232863	0.242139	0.218213	0.226306	0.211824	0.219241	0.253841	0.259961	0.253844	0.252791	0.261692	0.251174	0.250158	0.248370	0.220732	0.247142	0.256865	0.256505	0.255462	0.257365	0.270555	0.204626	0.210687	0.249749	0.249752	0.292482	0.246610	0.216221	0.258264	0.259249	0.258680	0.248463	0.264345	0.263495	0.275370	0.251532	0.253961	0.254626	0.251975	0.260573	0.254083	0.290127	0.259809	0.269570	0.271834	0.255380	0.251842	0.252028	0.250316	0.270301	0.215792	0.271174	0.252182	0.250781	0.223936	0.257988	0.252101	0.253095	0.255174	0.248846	0.249406	0.251360	0.251704	0.254916	0.252720	0.258185	0.253650	0.252106	0.254471	0.250755	0.266041	0.261988	0.253413	0.255128	0.221325	0.257489	0.246823	0.251229	0.256470	0.245523	0.254373	0.253428	0.253036	0.251356	0.253819	0.288209	0.274215	0.217014	0.261355	0.257536	0.260647	0.255242	0.229412	0.281568	0.256736	0.292159	0.257847	0.292862	0.294285	0.288619	0.288844	0.209486	0.291602	0.286386	0.292937	0.292108	0.288648	0.287585	0.291198	0.290255	0.290163	0.230100	0.290549	0.254085	0.268839	0.257860	0.267265	0.279462	0.254189	0.271299	0.251011	0.252551	0.288969	0.254969	0.277549	0.287705	0.258311	0.251079	0.257038	0.256401	0.289515	0.289826	0.258973	0.295025	0.292723	0.255982	0.256477	0.283733	0.248137	0.283920	0.251529	0.291594	0.294010	0.257920	0.257104	0.257559	0.253838	0.252888	0.275982	0.257739	0.264057	0.253792	0.257019	0.287816	0.291169	0.259698	0.288687	0.291830	0.289791	0.282889	0.288485	0.291566	
0.252918	0.000000	0.246981	0.230762	0.248951	0.251854	0.252380	0.247828	0.247666	0.237178	0.236942	0.237860	0.247267	0.242521	0.237633	0.245702	0.248067	0.232825	0.233613	0.242035	0.239331	0.253211	0.271880	0.253987	0.256382	0.241574	0.234296	0.298988	0.236344	0.246633	0.239088	0.232959	0.240857	0.236278	0.245998	0.262047	0.278351	0.240679	0.237263	0.246131	0.238476	0.246029	0.233749	0.295312	0.249319	0.276047	0.270974	0.235185	0.237743	0.242379	0.235039	0.271797	0.257874	0.274153	0.230317	0.238211	0.252330	0.237231	0.239802	0.237471	0.236100	0.238471	0.238731	0.233289	0.246858	0.235103	0.240993	0.245316	0.237789	0.232831	0.240018	0.238674	0.236560	0.240722	0.230465	0.236524	0.254283	0.235483	0.233378	0.234890	0.244037	0.233886	0.249453	0.242014	0.243051	0.233053	0.238643	0.297195	0.270201	0.255315	0.267468	0.241594	0.254345	0.242692	0.242389	0.279092	0.237672	0.294814	0.236237	0.297613	0.300929	0.293657	0.294710	0.253565	0.293307	0.293119	0.296273	0.292358	0.292587	0.290182	0.295786	0.294611	0.296202	0.253229	0.294028	0.228955	0.272505	0.235419	0.279490	0.263941	0.237673	0.268443	0.241115	0.243421	0.295936	0.238653	0.279421	0.292538	0.247135	0.236024	0.236274	0.242042	0.292060	0.293429	0.249040	0.298551	0.294999	0.242606	0.238129	0.291294	0.240324	0.290484	0.231603	0.294450	0.296510	0.243780	0.237038	0.235748	0.236756	0.231178	0.269726	0.241048	0.237243	0.238345	0.236083	0.295812	0.297722	0.233187	0.291018	0.295610	0.295527	0.285714	0.294001	0.292539	
0.232863	0.246981	0.000000	0.246339	0.225930	0.237363	0.229154	0.227845	0.252819	0.252840	0.246628	0.251591	0.259025	0.248287	0.250397	0.254184	0.234379	0.246955	0.250529	0.249136	0.248443	0.255424	0.263090	0.230002	0.238104	0.249574	0.242175	0.291514	0.243123	0.235242	0.243507	0.244649	0.248942	0.244354	0.260228	0.265152	0.267989	0.249381	0.252686	0.253120	0.254577	0.257362	0.245241	0.297460	0.259335	0.264142	0.267056	0.251855	0.249471	0.250354	0.245659	0.274559	0.232685	0.266090	0.246412	0.248242	0.228049	0.245945	0.253253	0.250550	0.253828	0.253949	0.247501	0.250310	0.252943	0.249842	0.252289	0.252712	0.249351	0.250205	0.248987	0.244513	0.255244	0.256235	0.247725	0.250824	0.237326	0.251875	0.252093	0.252834	0.253441	0.248900	0.253656	0.254030	0.249755	0.243794	0.254458	0.288692	0.270315	0.234591	0.273161	0.252748	0.265042	0.252029	0.220885	0.278187	0.252046	0.289911	0.250906	0.297334	0.296634	0.289459	0.289060	0.230927	0.288055	0.288965	0.293672	0.292384	0.288589	0.288388	0.292271	0.295000	0.291171	0.237203	0.291153	0.249978	0.268218	0.253731	0.268312	0.274977	0.254880	0.266675	0.249736	0.249430	0.290751	0.251432	0.282926	0.288767	0.257967	0.245946	0.247818	0.252808	0.297829	0.289467	0.257710	0.295285	0.296734	0.254806	0.253032	0.286442	0.250836	0.288491	0.248346	0.292595	0.295023	0.253916	0.250996	0.252885	0.248606	0.256880	0.272612	0.252229	0.255872	0.251136	0.256066	0.290899	0.294612	0.248106	0.288527	0.292535	0.293747	0.285486	0.291145	0.290669	
0.242139	0.230762	0.246339	0.000000	0.250023	0.249816	0.245374	0.249368	0.238929	0.232873	0.235532	0.237323	0.251492	0.240974	0.233190	0.242419	0.254465	0.231475	0.233993	0.232942	0.238488	0.246091	0.265256	0.257924	0.256808	0.240759	0.239132	0.299781	0.235957	0.250000	0.228692	0.228280	0.236927	0.237258	0.244141	0.263430	0.283305	0.235745	0.232369	0.238950	0.235716	0.241526	0.231130	0.298654	0.241886	0.276701	0.275116	0.237299	0.233815	0.233907	0.230061	0.271795	0.246792	0.277757	0.228123	0.229430	0.249000	0.243770	0.233622	0.237741	0.234942	0.236778	0.237640	0.233027	0.241700	0.236168	0.232035	0.237579	0.232367	0.232044	0.239196	0.238078	0.242473	0.242766	0.237341	0.234505	0.253537	0.237970	0.234873	0.238290	0.239911	0.242974	0.243273	0.238600	0.240677	0.232241	0.236559	0.291286	0.269809	0.247348	0.263238	0.235739	0.253678	0.242933	0.234799	0.277671	0.235374	0.290453	0.239923	0.298527	0.299982	0.297657	0.292737	0.249773	0.294359	0.293630	0.295373	0.293367	0.292305	0.290750	0.295964	0.293989	0.293483	0.253160	0.294450	0.237434	0.269871	0.240090	0.265411	0.259826	0.234816	0.272588	0.238343	0.239130	0.293331	0.232738	0.275686	0.293916	0.247878	0.237971	0.233016	0.237073	0.289997	0.297060	0.249209	0.299864	0.296326	0.239837	0.238194	0.289699	0.234186	0.292547	0.237804	0.298352	0.296476	0.238117	0.238138	0.239072	0.235755	0.235633	0.264156	0.244620	0.242506	0.234335	0.239842	0.294411	0.297177	0.241949	0.290176	0.296350	0.292440	0.288265	0.291330	0.290702	
0.218213	0.248951	0.225930	0.250023	0.000000	0.228506	0.213270	0.222063	0.250402	0.256177	0.249509	0.249665	0.258360	0.252244	0.249575	0.241852	0.225473	0.245263	0.252323	0.251950	0.249730	0.252579	0.263867	0.224637	0.228123	0.257418	0.247875	0.288217	0.254771	0.217069	0.253478	0.251455	0.242611	0.256008	0.253973	0.268836	0.273005	0.249104	0.253306	0.251232	0.253810	0.251724	0.246952	0.291780	0.256712	0.267783	0.266091	0.253039	0.249844	0.254563	0.247175	0.267541	0.219279	0.266490	0.247404	0.247787	0.220507	0.253315	0.251726	0.257973	0.254418	0.249910	0.251252	0.254943	0.257886	0.250502	0.251840	0.253623	0.253196	0.253337	0.251955	0.247899	0.256707	0.254064	0.249727	0.251893	0.228173	0.252033	0.250924	0.253119	0.261883	0.247479	0.255095	0.250970	0.255400	0.254018	0.252606	0.286264	0.268207	0.219237	0.264981	0.249340	0.262494	0.250899	0.224353	0.277948	0.255068	0.287087	0.256344	0.292122	0.288887	0.285479	0.283050	0.223936	0.283368	0.285192	0.287738	0.288991	0.282804	0.282567	0.290808	0.287780	0.285050	0.233503	0.288651	0.251961	0.269763	0.259406	0.263220	0.278320	0.252717	0.268169	0.257222	0.251378	0.289370	0.256806	0.275558	0.284868	0.255891	0.248661	0.252946	0.250889	0.282961	0.288126	0.254273	0.286461	0.289682	0.259263	0.257058	0.280978	0.250134	0.282494	0.249330	0.289821	0.290181	0.254056	0.249372	0.257210	0.250090	0.247581	0.269260	0.251714	0.258036	0.256447	0.252011	0.286165	0.284382	0.258876	0.285547	0.289258	0.287025	0.280515	0.288477	0.282056	
0.226306	0.251854	0.237363	0.249816	0.228506	0.000000	0.226448	0.204669	0.249525	0.247696	0.249480	0.246101	0.254966	0.254705	0.250340	0.243728	0.206853	0.246740	0.249728	0.250954	0.255950	0.251618	0.258839	0.225753	0.234693	0.257038	0.247983	0.287213	0.252979	0.230380	0.255761	0.253813	0.256132	0.252409	0.251574	0.270512	0.263473	0.254333	0.255327	0.248502	0.252619	0.253224	0.254425	0.289609	0.253172	0.260292	0.262052	0.251358	0.250362	0.252266	0.255795	0.270715	0.228512	0.257698	0.250320	0.249792	0.211691	0.254549	0.257473	0.249774	0.249772	0.252526	0.253465	0.254760	0.256202	0.250647	0.255100	0.254350	0.257505	0.253847	0.248988	0.248448	0.257473	0.254711	0.248154	0.252284	0.216528	0.247414	0.251393	0.254994	0.253548	0.246227	0.255077	0.254200	0.251185	0.253111	0.255799	0.284322	0.273404	0.229123	0.263306	0.254995	0.265891	0.256740	0.231513	0.273777	0.250570	0.284324	0.254909	0.289122	0.289561	0.284737	0.285635	0.227414	0.281227	0.282153	0.287288	0.285220	0.286016	0.280707	0.284671	0.281542	0.285960	0.216419	0.283197	0.250091	0.260022	0.251528	0.268273	0.273262	0.253299	0.264725	0.254810	0.254573	0.285351	0.251493	0.272089	0.280513	0.256100	0.242180	0.250452	0.252633	0.281388	0.283270	0.256905	0.284658	0.286052	0.254801	0.251021	0.280731	0.248577	0.279472	0.256243	0.283490	0.291020	0.252498	0.250545	0.256076	0.254699	0.248638	0.274365	0.254158	0.256771	0.257579	0.258599	0.281318	0.284522	0.254680	0.278834	0.283954	0.279038	0.279796	0.289203	0.283251	
0.211824	0.252380	0.229154	0.245374	0.213270	0.226448	0.000000	0.216323	0.251599	0.250489	0.249200	0.247236	0.262606	0.248371	0.254677	0.247564	0.216655	0.247419	0.250556	0.250782	0.252581	0.244505	0.266282	0.204135	0.211591	0.254343	0.245498	0.291701	0.253178	0.210737	0.252689	0.252745	0.250356	0.253910	0.258954	0.263960	0.274029	0.255575	0.252643	0.248616	0.254352	0.257756	0.251385	0.292721	0.251031	0.270668	0.267615	0.256259	0.248866	0.251271	0.245846	0.271507	0.214013	0.268146	0.246359	0.246540	0.222560	0.255856	0.250648	0.259611	0.253011	0.254007	0.256927	0.260901	0.257421	0.252094	0.250974	0.250787	0.259457	0.253166	0.254999	0.249338	0.258537	0.259857	0.256408	0.257633	0.218369	0.254706	0.250112	0.249279	0.256111	0.250317	0.250702	0.253237	0.247333	0.254298	0.252414	0.285479	0.274806	0.216255	0.264557	0.249460	0.262026	0.252438	0.228538	0.280875	0.249484	0.287564	0.255210	0.292961	0.293626	0.287701	0.284158	0.208131	0.285921	0.287028	0.289812	0.288799	0.286514	0.284738	0.290331	0.287619	0.289148	0.223169	0.285650	0.248944	0.262417	0.256812	0.264886	0.283649	0.254419	0.271701	0.250800	0.252414	0.286788	0.252335	0.279237	0.283515	0.258859	0.247021	0.256120	0.250221	0.282830	0.281916	0.256069	0.289549	0.287595	0.249403	0.253574	0.282879	0.254087	0.285491	0.256429	0.295296	0.292121	0.252550	0.253797	0.258981	0.248995	0.252188	0.274353	0.257441	0.258584	0.253055	0.251825	0.286804	0.287957	0.256182	0.284430	0.287525	0.284728	0.279523	0.286156	0.285491	
0.219241	0.247828	0.227845	0.249368	0.222063	0.204669	0.216323	0.000000	0.252237	0.250354	0.250797	0.250044	0.257074	0.254710	0.254928	0.238013	0.203108	0.248626	0.254149	0.249978	0.256215	0.251989	0.264375	0.218728	0.223987	0.256671	0.248978	0.290855	0.249191	0.222970	0.253364	0.250334	0.247870	0.253650	0.253175	0.267680	0.272816	0.250956	0.255561	0.254050	0.258324	0.255447	0.251424	0.291019	0.257140	0.264732	0.268302	0.255459	0.249668	0.253201	0.251425	0.271834	0.222635	0.268753	0.251546	0.251790	0.201376	0.248275	0.253496	0.255176	0.258954	0.254932	0.252113	0.255951	0.255068	0.249796	0.257671	0.257921	0.256955	0.250252	0.249723	0.255243	0.259900	0.262109	0.254101	0.250403	0.193619	0.253947	0.248007	0.248855	0.257981	0.245828	0.254475	0.256314	0.255764	0.251761	0.249866	0.285897	0.279485	0.225971	0.264817	0.253325	0.263425	0.256528	0.222955	0.274938	0.246536	0.291288	0.255422	0.295403	0.293552	0.290980	0.287996	0.218828	0.285637	0.288685	0.289218	0.288827	0.287655	0.283793	0.290683	0.289268	0.291227	0.211950	0.286087	0.251209	0.263984	0.255068	0.270637	0.268835	0.252676	0.261199	0.257130	0.251170	0.286580	0.254812	0.277052	0.285447	0.255434	0.252437	0.252350	0.255011	0.292692	0.286517	0.257059	0.292185	0.292831	0.252267	0.251981	0.286074	0.251837	0.285596	0.255232	0.288672	0.293175	0.254681	0.252893	0.255247	0.250290	0.249399	0.266650	0.252398	0.258004	0.254661	0.254594	0.283465	0.289195	0.252524	0.285548	0.285049	0.284502	0.283619	0.286918	0.285244	
0.253841	0.247666	0.252819	0.238929	0.250402	0.249525	0.251599	0.252237	0.000000	0.239813	0.246873	0.241148	0.253543	0.246579	0.250110	0.250702	0.250000	0.238272	0.242333	0.245109	0.248113	0.254922	0.270612	0.251113	0.255244	0.248141	0.240643	0.297592	0.239725	0.253631	0.244609	0.244676	0.243763	0.241593	0.251336	0.265939	0.277195	0.243265	0.248535	0.123955	0.245756	0.245057	0.246022	0.298761	0.250765	0.278086	0.277603	0.243339	0.239282	0.248146	0.240906	0.275133	0.252947	0.277287	0.244814	0.243720	0.256300	0.244907	0.251836	0.243338	0.249266	0.243509	0.243748	0.245647	0.255691	0.244815	0.241930	0.244522	0.248323	0.241831	0.245490	0.241980	0.245267	0.246592	0.237735	0.247998	0.254262	0.243754	0.239188	0.244403	0.245619	0.247445	0.247138	0.246622	0.236552	0.241248	0.244815	0.293766	0.278052	0.254092	0.260411	0.253931	0.273587	0.249522	0.242051	0.276716	0.239107	0.292991	0.256431	0.301283	0.299531	0.296166	0.295275	0.254056	0.296250	0.293693	0.296931	0.296523	0.295780	0.288093	0.297014	0.289983	0.296985	0.262302	0.295184	0.240299	0.270846	0.242077	0.272870	0.275920	0.242907	0.277037	0.249340	0.245089	0.296175	0.245684	0.274356	0.293195	0.254065	0.245994	0.245110	0.249759	0.290656	0.293007	0.255006	0.296958	0.296408	0.252617	0.248186	0.288561	0.225095	0.290464	0.244999	0.296885	0.296566	0.251230	0.248717	0.246586	0.253051	0.246310	0.273458	0.249488	0.250642	0.240836	0.245571	0.295644	0.298125	0.244981	0.289174	0.297357	0.293267	0.289584	0.294340	0.292798	
0.259961	0.237178	0.252840	0.232873	0.256177	0.247696	0.250489	0.250354	0.239813	0.000000	0.237634	0.240981	0.252346	0.242127	0.241385	0.252067	0.257706	0.231867	0.231183	0.240248	0.243539	0.250907	0.271302	0.260355	0.263062	0.243306	0.240378	0.300054	0.240696	0.254707	0.237467	0.237191	0.237211	0.234987	0.240793	0.258512	0.278927	0.236515	0.242591	0.241846	0.243540	0.247349	0.240859	0.298582	0.250028	0.278728	0.271119	0.239951	0.243864	0.243601	0.237615	0.274730	0.255011	0.275583	0.239028	0.242951	0.252853	0.245750	0.240294	0.241694	0.236880	0.245102	0.245359	0.241794	0.244372	0.239867	0.240011	0.242750	0.244993	0.237048	0.241884	0.240285	0.246077	0.244932	0.236520	0.245645	0.258652	0.240795	0.237036	0.240734	0.237908	0.238944	0.247393	0.241861	0.246539	0.237336	0.240429	0.295613	0.249497	0.259005	0.261523	0.241905	0.257143	0.246042	0.249865	0.277935	0.241030	0.295377	0.240181	0.300790	0.305280	0.296210	0.294587	0.253183	0.297201	0.291539	0.299892	0.298936	0.294149	0.292520	0.300311	0.294212	0.295781	0.260740	0.295420	0.241484	0.270449	0.241018	0.268426	0.267174	0.243863	0.272590	0.242243	0.242507	0.295805	0.241968	0.280142	0.291711	0.254972	0.238233	0.239672	0.242836	0.298089	0.293612	0.249635	0.298373	0.298981	0.242568	0.237573	0.290513	0.245033	0.292069	0.243814	0.296615	0.299586	0.240658	0.243040	0.243155	0.237472	0.241980	0.272125	0.241616	0.243447	0.242750	0.245704	0.294374	0.296938	0.235905	0.291255	0.294165	0.292417	0.292259	0.295240	0.293882	
0.253844	0.236942	0.246628	0.235532	0.249509	0.249480	0.249200	0.250797	0.246873	0.237634	0.000000	0.233581	0.257299	0.247564	0.238906	0.245201	0.264818	0.234500	0.234791	0.118320	0.238353	0.242126	0.270797	0.258510	0.256494	0.243413	0.238247	0.302005	0.239528	0.248260	0.236645	0.233047	0.240920	0.239862	0.250528	0.260510	0.280770	0.241891	0.238357	0.246770	0.238187	0.250499	0.238129	0.300332	0.251417	0.275409	0.273334	0.232012	0.239303	0.241678	0.241016	0.268772	0.249076	0.278854	0.236709	0.235220	0.251005	0.238180	0.238740	0.239539	0.239740	0.235164	0.241923	0.244071	0.248065	0.239607	0.240284	0.246006	0.236225	0.233630	0.241417	0.236513	0.244689	0.246847	0.230873	0.238811	0.257465	0.244314	0.239049	0.237556	0.241632	0.232930	0.241695	0.239612	0.244494	0.237290	0.236061	0.297618	0.270898	0.249953	0.238263	0.241691	0.265055	0.247539	0.243688	0.285498	0.242626	0.293868	0.237695	0.299003	0.299360	0.292826	0.296525	0.253922	0.295312	0.295567	0.295929	0.294713	0.299008	0.293960	0.296665	0.293183	0.298784	0.258986	0.295211	0.238854	0.274261	0.240241	0.271342	0.269202	0.243004	0.276326	0.242851	0.243046	0.296847	0.235864	0.283540	0.294524	0.248333	0.232564	0.237290	0.245723	0.294936	0.296710	0.256063	0.296257	0.293643	0.240488	0.245929	0.293219	0.239972	0.294557	0.239711	0.291985	0.297750	0.236220	0.242304	0.234297	0.234581	0.241401	0.270576	0.246751	0.239617	0.244634	0.238645	0.296603	0.297954	0.243486	0.294678	0.297348	0.294833	0.288405	0.293588	0.295256	
0.252791	0.237860	0.251591	0.237323	0.249665	0.246101	0.247236	0.250044	0.241148	0.240981	0.233581	0.000000	0.256865	0.245819	0.239165	0.244975	0.254343	0.237329	0.234186	0.235775	0.236437	0.248278	0.270118	0.258286	0.256513	0.245283	0.235648	0.301554	0.240839	0.250508	0.238730	0.237302	0.234697	0.234422	0.228717	0.262562	0.279618	0.236154	0.238786	0.243617	0.119736	0.244913	0.245832	0.298424	0.248864	0.275983	0.274080	0.238365	0.236084	0.236091	0.238239	0.278088	0.252714	0.274543	0.234348	0.231534	0.252819	0.235740	0.246694	0.240832	0.232953	0.242090	0.236763	0.239797	0.253204	0.239848	0.240183	0.238862	0.241837	0.240923	0.241809	0.239751	0.242988	0.243160	0.239852	0.241124	0.259721	0.238389	0.236544	0.237541	0.236171	0.237140	0.238742	0.244042	0.239462	0.241867	0.243339	0.296569	0.267732	0.255968	0.259548	0.238086	0.259683	0.248013	0.245269	0.283026	0.240325	0.294715	0.243010	0.298056	0.300570	0.295329	0.293213	0.249710	0.292587	0.290735	0.297474	0.292542	0.292377	0.292683	0.298430	0.292812	0.298143	0.255244	0.290375	0.234496	0.280702	0.238112	0.265174	0.263993	0.247329	0.271306	0.239524	0.238430	0.296207	0.234905	0.282740	0.291504	0.252897	0.235367	0.242285	0.235662	0.291763	0.294175	0.251374	0.297878	0.294976	0.238091	0.237643	0.289724	0.241352	0.289243	0.238794	0.296443	0.299639	0.246256	0.238704	0.239082	0.240685	0.238805	0.274597	0.241894	0.248312	0.241071	0.239059	0.296049	0.297975	0.237927	0.290012	0.295205	0.293369	0.289380	0.295169	0.292427	
0.261692	0.247267	0.259025	0.251492	0.258360	0.254966	0.262606	0.257074	0.253543	0.252346	0.257299	0.256865	0.000000	0.244745	0.239686	0.236156	0.238035	0.253163	0.249474	0.253125	0.257276	0.252954	0.240604	0.255854	0.260546	0.257483	0.249438	0.294981	0.259322	0.255814	0.256191	0.251229	0.260515	0.254082	0.249479	0.260338	0.244209	0.230347	0.253809	0.258774	0.253505	0.256851	0.227981	0.290470	0.254061	0.241684	0.243624	0.246699	0.256831	0.257070	0.258609	0.258681	0.254905	0.240490	0.250035	0.251357	0.250000	0.256929	0.250951	0.254831	0.260722	0.260147	0.255575	0.252112	0.256217	0.248220	0.254832	0.257920	0.253447	0.251653	0.248553	0.247925	0.259586	0.259373	0.251033	0.254525	0.259610	0.254883	0.253926	0.253793	0.251693	0.256964	0.252369	0.265139	0.261901	0.253027	0.260734	0.290688	0.259677	0.248389	0.258988	0.256003	0.265299	0.257086	0.249362	0.268030	0.251239	0.289832	0.259053	0.295464	0.292312	0.284504	0.292356	0.254108	0.287648	0.284114	0.290073	0.288502	0.287827	0.283468	0.293203	0.288246	0.286195	0.256130	0.290235	0.261878	0.259603	0.253284	0.257301	0.272677	0.253924	0.257918	0.260717	0.258565	0.293894	0.259717	0.283051	0.289071	0.262079	0.248003	0.260339	0.257898	0.278057	0.287815	0.263793	0.290451	0.288396	0.254720	0.268320	0.280654	0.253505	0.282697	0.255471	0.291302	0.289976	0.258677	0.257002	0.256139	0.254645	0.253412	0.266615	0.249223	0.253593	0.254808	0.256749	0.290030	0.293072	0.258865	0.283364	0.284966	0.282011	0.286706	0.290049	0.286271	
0.251174	0.242521	0.248287	0.240974	0.252244	0.254705	0.248371	0.254710	0.246579	0.242127	0.247564	0.245819	0.244745	0.000000	0.244474	0.249458	0.247348	0.241626	0.241070	0.247431	0.244215	0.246658	0.249547	0.258027	0.258667	0.250611	0.242366	0.290357	0.245646	0.250096	0.239279	0.242626	0.244496	0.240318	0.245430	0.252205	0.252519	0.237114	0.239829	0.249080	0.244123	0.244971	0.247917	0.292932	0.247187	0.248778	0.249165	0.244371	0.245783	0.247970	0.238109	0.259173	0.256045	0.252486	0.240878	0.242641	0.253007	0.249903	0.240248	0.245906	0.246185	0.246163	0.248130	0.242173	0.237213	0.243723	0.248775	0.246254	0.238826	0.244127	0.244034	0.239793	0.248453	0.243191	0.241261	0.247888	0.253989	0.241832	0.243067	0.239610	0.245022	0.251906	0.239029	0.244983	0.253743	0.239950	0.241983	0.285983	0.267106	0.249339	0.253799	0.251769	0.250117	0.245098	0.240588	0.260093	0.243083	0.286677	0.244449	0.292261	0.291708	0.285615	0.286918	0.251097	0.287227	0.285672	0.291728	0.291339	0.287266	0.282897	0.289021	0.287624	0.287991	0.250289	0.285728	0.246591	0.250794	0.241162	0.246435	0.260159	0.241796	0.262215	0.244749	0.243132	0.288818	0.246722	0.279503	0.284021	0.246362	0.240960	0.245585	0.245798	0.286147	0.284992	0.251685	0.291301	0.287046	0.248415	0.250725	0.281265	0.247735	0.285515	0.245419	0.288089	0.290746	0.251391	0.247578	0.248786	0.237699	0.245426	0.269982	0.241979	0.252619	0.245722	0.248358	0.290143	0.292754	0.248144	0.281113	0.286591	0.284894	0.284713	0.289167	0.283595	
0.250158	0.237633	0.250397	0.233190	0.249575	0.250340	0.254677	0.254928	0.250110	0.241385	0.238906	0.239165	0.239686	0.244474	0.000000	0.223610	0.256650	0.232800	0.237549	0.236128	0.235493	0.255530	0.275012	0.260291	0.259909	0.244095	0.238036	0.302593	0.239014	0.255026	0.241385	0.236325	0.238776	0.235779	0.242616	0.256559	0.282769	0.236844	0.240181	0.248738	0.237470	0.246445	0.241126	0.299569	0.250057	0.278703	0.275123	0.237771	0.244862	0.241797	0.236914	0.274920	0.257246	0.280624	0.234969	0.234833	0.253134	0.244185	0.246699	0.238397	0.231475	0.241101	0.244814	0.241867	0.246012	0.232795	0.234988	0.237487	0.238940	0.239443	0.233121	0.237015	0.241839	0.242818	0.234288	0.236844	0.254491	0.238317	0.235970	0.239132	0.246121	0.233980	0.246416	0.239601	0.245374	0.238594	0.238505	0.296719	0.265751	0.252120	0.267354	0.241485	0.260793	0.244256	0.245770	0.274484	0.237006	0.294155	0.237806	0.304844	0.305518	0.296888	0.298456	0.247813	0.296110	0.296122	0.298553	0.301520	0.298451	0.296128	0.301309	0.300250	0.299294	0.255147	0.299347	0.240799	0.274724	0.239954	0.280636	0.278896	0.244879	0.274520	0.244779	0.232215	0.301915	0.240871	0.284045	0.298278	0.250846	0.240924	0.235927	0.238300	0.293524	0.296928	0.255955	0.299769	0.298250	0.241131	0.240606	0.292517	0.233988	0.293403	0.234407	0.299487	0.297838	0.236918	0.233522	0.235566	0.238926	0.243052	0.277608	0.236910	0.240064	0.241776	0.244945	0.298807	0.300519	0.242659	0.293326	0.297521	0.293982	0.293620	0.295725	0.295409	
0.248370	0.245702	0.254184	0.242419	0.241852	0.243728	0.247564	0.238013	0.250702	0.252067	0.245201	0.244975	0.236156	0.249458	0.223610	0.000000	0.226966	0.250547	0.252653	0.253797	0.245749	0.253118	0.257819	0.256430	0.259691	0.259206	0.248983	0.301257	0.250864	0.252766	0.246528	0.245348	0.245472	0.246118	0.244936	0.249120	0.264215	0.226442	0.250826	0.254437	0.249101	0.242608	0.252122	0.292163	0.249952	0.259215	0.253634	0.251839	0.247308	0.255472	0.231467	0.258492	0.251172	0.257773	0.249567	0.246278	0.249879	0.242949	0.255883	0.245630	0.253107	0.252632	0.248738	0.250310	0.245560	0.238737	0.247070	0.247992	0.252218	0.243770	0.252254	0.252908	0.249233	0.258316	0.240571	0.247646	0.245154	0.250907	0.244920	0.246972	0.251446	0.251622	0.251781	0.241195	0.253222	0.251922	0.247408	0.283682	0.269693	0.248694	0.268033	0.254166	0.256640	0.255306	0.244332	0.276696	0.250275	0.286833	0.256173	0.289599	0.294606	0.293910	0.289407	0.253041	0.291284	0.294061	0.295925	0.295812	0.292361	0.288640	0.295211	0.290353	0.293723	0.249844	0.292071	0.251899	0.264322	0.258583	0.258882	0.272250	0.248117	0.268908	0.253046	0.248910	0.290571	0.246605	0.274885	0.289871	0.244167	0.249766	0.251642	0.242962	0.292558	0.287938	0.251520	0.295735	0.292419	0.253152	0.253911	0.289040	0.248364	0.281114	0.250390	0.290204	0.286808	0.249724	0.247728	0.247606	0.252663	0.250196	0.266851	0.249293	0.248237	0.242848	0.252192	0.287541	0.297515	0.253596	0.286300	0.291233	0.292356	0.288735	0.294862	0.288375	
0.220732	0.248067	0.234379	0.254465	0.225473	0.206853	0.216655	0.203108	0.250000	0.257706	0.264818	0.254343	0.238035	0.247348	0.256650	0.226966	0.000000	0.252069	0.257803	0.261724	0.255741	0.256796	0.268218	0.222771	0.231706	0.256283	0.249822	0.291674	0.253401	0.227123	0.251753	0.250580	0.253311	0.255405	0.262107	0.266997	0.271908	0.257079	0.257161	0.257443	0.254902	0.255118	0.254195	0.293713	0.262719	0.269849	0.269677	0.252602	0.251043	0.253340	0.251853	0.275720	0.222823	0.268102	0.250741	0.251068	0.203312	0.253297	0.255961	0.253215	0.258754	0.250313	0.252733	0.262348	0.257444	0.257003	0.260351	0.258763	0.255348	0.253808	0.254039	0.253008	0.261015	0.257374	0.253632	0.257963	0.212515	0.254094	0.249394	0.258143	0.260041	0.253098	0.258126	0.253436	0.251479	0.257618	0.258779	0.288611	0.271872	0.226097	0.273945	0.252747	0.274723	0.255260	0.228771	0.275263	0.250583	0.289061	0.257106	0.289436	0.291962	0.289306	0.289544	0.223590	0.286140	0.285272	0.291147	0.292539	0.286526	0.288384	0.290904	0.288363	0.287887	0.207340	0.286859	0.254914	0.270957	0.257076	0.276175	0.276476	0.257154	0.268138	0.253639	0.254269	0.289530	0.258907	0.285980	0.288410	0.253103	0.258305	0.258288	0.252545	0.284576	0.288895	0.259348	0.292287	0.290265	0.254819	0.258707	0.283357	0.249156	0.288210	0.257847	0.289092	0.291168	0.257960	0.252388	0.252394	0.259259	0.248374	0.275858	0.251371	0.257551	0.263267	0.255541	0.289967	0.288507	0.251777	0.284521	0.289894	0.286482	0.280713	0.291073	0.286251	
0.247142	0.232825	0.246955	0.231475	0.245263	0.246740	0.247419	0.248626	0.238272	0.231867	0.234500	0.237329	0.253163	0.241626	0.232800	0.250547	0.252069	0.000000	0.230735	0.233262	0.236409	0.234142	0.265582	0.250334	0.255045	0.236339	0.236491	0.296017	0.236734	0.249339	0.230064	0.229264	0.239121	0.235252	0.240923	0.257536	0.278687	0.235513	0.230312	0.242054	0.235165	0.245108	0.237644	0.296836	0.247645	0.274961	0.273942	0.238209	0.238007	0.241468	0.234184	0.267812	0.251035	0.274704	0.226275	0.236096	0.247759	0.236070	0.238994	0.232280	0.236122	0.234861	0.235866	0.233735	0.238598	0.231575	0.235484	0.245817	0.235405	0.233601	0.238143	0.232680	0.241733	0.238830	0.234472	0.229400	0.254201	0.239447	0.227597	0.235147	0.235224	0.235136	0.237825	0.239266	0.242238	0.232878	0.234381	0.292101	0.240673	0.248210	0.258608	0.237350	0.269205	0.249248	0.240554	0.274432	0.235608	0.292100	0.235086	0.297232	0.297353	0.293088	0.293060	0.249844	0.288761	0.288853	0.298101	0.294928	0.287825	0.288964	0.295620	0.291011	0.293178	0.252882	0.288565	0.232160	0.267800	0.236068	0.261508	0.268966	0.239936	0.274808	0.234760	0.235950	0.294086	0.234739	0.272136	0.288731	0.248801	0.232837	0.235512	0.242424	0.283927	0.289392	0.246405	0.296385	0.294901	0.242046	0.241538	0.286942	0.239873	0.293639	0.235439	0.294208	0.293566	0.234673	0.238154	0.232818	0.238370	0.232377	0.272449	0.240371	0.240067	0.237250	0.231591	0.289745	0.294454	0.235906	0.290694	0.295408	0.291174	0.286261	0.291253	0.290569	
0.256865	0.233613	0.250529	0.233993	0.252323	0.249728	0.250556	0.254149	0.242333	0.231183	0.234791	0.234186	0.249474	0.241070	0.237549	0.252653	0.257803	0.230735	0.000000	0.236905	0.237884	0.237607	0.268854	0.258433	0.258276	0.241181	0.239476	0.297491	0.240809	0.252734	0.229258	0.229912	0.234796	0.233877	0.236164	0.259951	0.279135	0.234790	0.233769	0.239926	0.236844	0.245715	0.238959	0.298427	0.251504	0.272072	0.269955	0.236977	0.240613	0.241840	0.238610	0.270067	0.251366	0.273990	0.216411	0.235650	0.251716	0.243433	0.240099	0.237890	0.233942	0.232886	0.239114	0.237285	0.248175	0.232846	0.234201	0.233538	0.242294	0.234785	0.238209	0.238181	0.235191	0.238897	0.228342	0.236143	0.257138	0.236671	0.231139	0.236854	0.242073	0.233953	0.244289	0.237845	0.244974	0.235336	0.238171	0.293883	0.268070	0.252262	0.268262	0.243734	0.256822	0.249271	0.244446	0.278471	0.233923	0.292224	0.241026	0.296649	0.296707	0.289578	0.291190	0.253282	0.290386	0.289807	0.295764	0.293088	0.291585	0.291983	0.291971	0.293371	0.295800	0.256074	0.293649	0.236415	0.269264	0.236622	0.266797	0.266816	0.243259	0.277848	0.236035	0.236824	0.295114	0.235180	0.280432	0.292573	0.249459	0.231576	0.239739	0.237836	0.288946	0.290878	0.248534	0.296689	0.293684	0.240430	0.245258	0.286801	0.238129	0.285532	0.232378	0.292727	0.297633	0.241308	0.235445	0.229315	0.233767	0.236116	0.273446	0.245586	0.238450	0.242289	0.236489	0.292405	0.299758	0.235253	0.290021	0.291875	0.290996	0.286972	0.291250	0.290003	
0.256505	0.242035	0.249136	0.232942	0.251950	0.250954	0.250782	0.249978	0.245109	0.240248	0.118320	0.235775	0.253125	0.247431	0.236128	0.253797	0.261724	0.233262	0.236905	0.000000	0.236356	0.244624	0.275206	0.260500	0.255933	0.239669	0.239901	0.302883	0.241946	0.253343	0.239105	0.234145	0.234518	0.236278	0.247286	0.265747	0.284292	0.238121	0.237229	0.246222	0.244582	0.250317	0.242535	0.299612	0.249544	0.278963	0.278990	0.234809	0.238095	0.243545	0.238976	0.274492	0.251349	0.281536	0.235926	0.238751	0.251998	0.240744	0.238912	0.241206	0.241463	0.237365	0.241913	0.250517	0.249380	0.241301	0.243082	0.246154	0.238630	0.235036	0.242223	0.244439	0.244574	0.246736	0.231131	0.239035	0.255373	0.240054	0.234779	0.238842	0.241551	0.230215	0.244129	0.246539	0.242906	0.241925	0.234330	0.297524	0.270841	0.252649	0.235235	0.240931	0.260495	0.247528	0.241943	0.285416	0.237538	0.290974	0.237723	0.298239	0.300372	0.296974	0.293586	0.256045	0.295796	0.293509	0.296088	0.295450	0.297798	0.289554	0.296200	0.297353	0.297793	0.260339	0.297574	0.238763	0.278773	0.241016	0.276194	0.270806	0.239015	0.272532	0.240959	0.240056	0.297266	0.240018	0.277414	0.294013	0.249504	0.236726	0.237399	0.245326	0.288829	0.296594	0.255842	0.295833	0.294711	0.240808	0.244486	0.293621	0.238264	0.295073	0.239521	0.296741	0.296688	0.240672	0.243779	0.236326	0.240530	0.239890	0.269029	0.251231	0.243525	0.239986	0.239986	0.294197	0.299587	0.241791	0.294091	0.296429	0.295252	0.291726	0.291757	0.294478	
0.255462	0.239331	0.248443	0.238488	0.249730	0.255950	0.252581	0.256215	0.248113	0.243539	0.238353	0.236437	0.257276	0.244215	0.235493	0.245749	0.255741	0.236409	0.237884	0.236356	0.000000	0.237946	0.266107	0.263328	0.263466	0.244394	0.231297	0.296955	0.241821	0.258001	0.235430	0.232108	0.240520	0.234297	0.234236	0.262822	0.279992	0.237900	0.239333	0.246345	0.241367	0.246552	0.235473	0.298794	0.248459	0.279477	0.276478	0.243503	0.240132	0.245810	0.236924	0.270867	0.253509	0.274084	0.230894	0.237325	0.255000	0.240158	0.239682	0.240167	0.243204	0.240633	0.244214	0.245146	0.252259	0.241702	0.241139	0.241746	0.235358	0.229484	0.238029	0.240356	0.244184	0.241756	0.232042	0.242661	0.261597	0.240622	0.238361	0.237748	0.243618	0.238108	0.243653	0.238664	0.244399	0.240815	0.244452	0.298063	0.268618	0.258279	0.270154	0.245164	0.238148	0.247634	0.241160	0.279243	0.235516	0.292954	0.239009	0.297500	0.299163	0.295351	0.295913	0.254408	0.295791	0.296107	0.298698	0.297411	0.294644	0.291663	0.295295	0.296333	0.296395	0.256303	0.297392	0.243318	0.270584	0.240473	0.270916	0.267540	0.241520	0.272912	0.238324	0.240305	0.296942	0.238019	0.289571	0.294191	0.245263	0.234954	0.238489	0.240039	0.293474	0.293622	0.252100	0.300170	0.296114	0.239162	0.243166	0.291411	0.241566	0.294258	0.237451	0.299311	0.298793	0.241538	0.243412	0.234341	0.237627	0.242440	0.272412	0.244993	0.245241	0.240654	0.237193	0.295555	0.296510	0.240910	0.292996	0.299155	0.295161	0.289903	0.292178	0.292714	
0.257365	0.253211	0.255424	0.246091	0.252579	0.251618	0.244505	0.251989	0.254922	0.250907	0.242126	0.248278	0.252954	0.246658	0.255530	0.253118	0.256796	0.234142	0.237607	0.244624	0.237946	0.000000	0.244824	0.267700	0.264421	0.254141	0.245087	0.277800	0.249706	0.257128	0.253789	0.254063	0.257855	0.245507	0.245089	0.257250	0.253423	0.250033	0.249151	0.245639	0.259681	0.257771	0.251009	0.276793	0.250954	0.253567	0.249388	0.253216	0.257295	0.258706	0.248926	0.260662	0.242044	0.254291	0.245449	0.249736	0.251601	0.257292	0.251496	0.257161	0.252974	0.254436	0.247694	0.252943	0.253376	0.251978	0.250298	0.254894	0.253221	0.243043	0.262527	0.248886	0.257002	0.257074	0.248948	0.253209	0.252739	0.250752	0.255010	0.253088	0.258765	0.253417	0.249506	0.254477	0.247645	0.257597	0.247717	0.275209	0.260173	0.250404	0.249495	0.256132	0.258918	0.259328	0.245432	0.273750	0.257502	0.281474	0.251094	0.284389	0.281611	0.278146	0.276452	0.248725	0.279235	0.273499	0.282075	0.278461	0.275912	0.272787	0.274876	0.275121	0.278840	0.261803	0.281727	0.251705	0.256478	0.254574	0.264642	0.261393	0.253469	0.257199	0.246245	0.252943	0.276443	0.251559	0.275921	0.275177	0.248584	0.256517	0.251428	0.255847	0.269327	0.275654	0.257294	0.280336	0.278757	0.255872	0.250974	0.272631	0.249384	0.271986	0.251329	0.273052	0.279455	0.249277	0.260180	0.249218	0.250814	0.256280	0.260862	0.255899	0.253611	0.254220	0.252532	0.276214	0.276735	0.255504	0.271033	0.275340	0.267337	0.270991	0.275876	0.279036	
0.270555	0.271880	0.263090	0.265256	0.263867	0.258839	0.266282	0.264375	0.270612	0.271302	0.270797	0.270118	0.240604	0.249547	0.275012	0.257819	0.268218	0.265582	0.268854	0.275206	0.266107	0.244824	0.000000	0.267600	0.269030	0.271039	0.265327	0.252322	0.267159	0.270849	0.264386	0.263270	0.271863	0.268745	0.266296	0.226493	0.085870	0.271599	0.266356	0.274386	0.269089	0.269907	0.266772	0.249812	0.249794	0.087026	0.093813	0.266858	0.268468	0.271524	0.267099	0.215392	0.257077	0.098694	0.260711	0.266874	0.263419	0.268750	0.269313	0.261466	0.266959	0.275067	0.266928	0.263859	0.259307	0.264645	0.272667	0.271601	0.269249	0.267891	0.266827	0.259085	0.267348	0.269535	0.260886	0.265487	0.266686	0.269737	0.271559	0.272523	0.262971	0.270524	0.252871	0.270522	0.269926	0.266623	0.263823	0.242238	0.230682	0.258954	0.228777	0.260832	0.218326	0.257116	0.261961	0.238888	0.270245	0.249976	0.272908	0.249506	0.249929	0.248326	0.246609	0.256063	0.247257	0.241611	0.250496	0.250883	0.246838	0.243493	0.253349	0.245468	0.250254	0.261903	0.249158	0.272668	0.192814	0.272626	0.226369	0.243649	0.262894	0.192633	0.274101	0.274290	0.250696	0.271301	0.247068	0.248770	0.263323	0.267442	0.274633	0.268806	0.242070	0.248118	0.266967	0.250513	0.248490	0.266280	0.270806	0.242940	0.267724	0.243751	0.269621	0.249153	0.254407	0.267073	0.265041	0.272668	0.267013	0.269477	0.240232	0.271490	0.275065	0.273923	0.272021	0.249301	0.251146	0.269816	0.243541	0.248602	0.244794	0.247348	0.246441	0.249024	
0.204626	0.253987	0.230002	0.257924	0.224637	0.225753	0.204135	0.218728	0.251113	0.260355	0.258510	0.258286	0.255854	0.258027	0.260291	0.256430	0.222771	0.250334	0.258433	0.260500	0.263328	0.267700	0.267600	0.000000	0.115448	0.256429	0.250447	0.289326	0.251830	0.221609	0.258616	0.256619	0.256886	0.253135	0.263936	0.277156	0.273183	0.255186	0.262629	0.254762	0.258501	0.259602	0.253356	0.294561	0.262158	0.271438	0.272378	0.259550	0.254056	0.256124	0.255150	0.278685	0.214349	0.269178	0.253467	0.255973	0.219654	0.259843	0.258391	0.261354	0.256780	0.259216	0.253991	0.264743	0.257175	0.255521	0.252537	0.262747	0.259594	0.256285	0.259339	0.252718	0.262828	0.264534	0.265137	0.260823	0.227211	0.257939	0.254907	0.257829	0.258475	0.252698	0.259688	0.258646	0.261038	0.254909	0.255670	0.288292	0.271870	0.217040	0.270407	0.259339	0.278394	0.255207	0.232731	0.286398	0.252924	0.288259	0.261913	0.289189	0.291351	0.288332	0.289648	0.214922	0.285469	0.285662	0.289132	0.290178	0.287447	0.284170	0.293345	0.288050	0.293220	0.229565	0.287547	0.255329	0.266296	0.266577	0.271471	0.282326	0.257606	0.274908	0.261659	0.252795	0.287059	0.259451	0.280144	0.286227	0.261977	0.254165	0.259672	0.252307	0.286341	0.284804	0.256752	0.287744	0.291640	0.259669	0.258954	0.287549	0.247195	0.285306	0.262242	0.289725	0.293454	0.260291	0.256936	0.252894	0.255193	0.256059	0.275106	0.262014	0.262078	0.256690	0.256378	0.286742	0.291708	0.259916	0.285392	0.287542	0.288548	0.280270	0.285844	0.286621	
0.210687	0.256382	0.238104	0.256808	0.228123	0.234693	0.211591	0.223987	0.255244	0.263062	0.256494	0.256513	0.260546	0.258667	0.259909	0.259691	0.231706	0.255045	0.258276	0.255933	0.263466	0.264421	0.269030	0.115448	0.000000	0.252670	0.252685	0.285688	0.255100	0.230553	0.264070	0.262256	0.262498	0.258762	0.267614	0.264297	0.274255	0.257247	0.258029	0.253305	0.259269	0.263503	0.260188	0.288172	0.257285	0.272663	0.269888	0.261942	0.258492	0.256623	0.256158	0.274318	0.219430	0.270034	0.251491	0.254847	0.224096	0.257156	0.257544	0.260408	0.258736	0.259466	0.258637	0.261802	0.256672	0.255894	0.253163	0.260948	0.259031	0.257654	0.261087	0.252232	0.264337	0.262336	0.263801	0.259443	0.225271	0.264168	0.257470	0.255923	0.258614	0.254618	0.261158	0.262357	0.261327	0.256530	0.258867	0.284902	0.270826	0.224287	0.261014	0.261506	0.268348	0.259537	0.234506	0.279435	0.252038	0.284838	0.262834	0.287062	0.287173	0.282809	0.287583	0.217068	0.281302	0.283522	0.283948	0.286420	0.281789	0.282906	0.289903	0.283873	0.288624	0.234158	0.284043	0.253095	0.265165	0.261610	0.272053	0.273821	0.256016	0.271440	0.263354	0.258476	0.287605	0.258021	0.279049	0.283050	0.261590	0.255721	0.263837	0.257195	0.279932	0.283717	0.261560	0.286382	0.288418	0.259775	0.260330	0.281976	0.251702	0.282762	0.260834	0.283454	0.289227	0.255801	0.261346	0.259578	0.255812	0.258820	0.270023	0.258991	0.264091	0.259052	0.257003	0.283514	0.287478	0.255491	0.281204	0.284521	0.285505	0.279483	0.284574	0.284577	
0.249749	0.241574	0.249574	0.240759	0.257418	0.257038	0.254343	0.256671	0.248141	0.243306	0.243413	0.245283	0.257483	0.250611	0.244095	0.259206	0.256283	0.236339	0.241181	0.239669	0.244394	0.254141	0.271039	0.256429	0.252670	0.000000	0.247192	0.290608	0.238588	0.252465	0.245474	0.243073	0.247399	0.240411	0.254408	0.260993	0.274983	0.240712	0.243341	0.247189	0.245457	0.249071	0.244626	0.295751	0.248942	0.272718	0.270094	0.250606	0.241642	0.249079	0.240742	0.272035	0.257406	0.272277	0.242089	0.242017	0.246823	0.248528	0.249820	0.241497	0.242375	0.246010	0.251113	0.244526	0.245580	0.243313	0.241100	0.242286	0.241790	0.240447	0.249393	0.246951	0.249202	0.247323	0.240135	0.243710	0.258088	0.242564	0.238914	0.240823	0.247016	0.239467	0.242461	0.245403	0.250045	0.240321	0.245649	0.292092	0.265837	0.256657	0.265478	0.248747	0.260763	0.253011	0.242737	0.268728	0.247109	0.291479	0.243290	0.296611	0.294107	0.291606	0.291448	0.252194	0.288666	0.290856	0.291300	0.293783	0.290046	0.287502	0.293729	0.288128	0.295153	0.263840	0.293149	0.245498	0.269393	0.248893	0.266509	0.269853	0.243107	0.273838	0.241629	0.241361	0.289398	0.241188	0.276694	0.292734	0.253382	0.237340	0.243808	0.242898	0.290660	0.290832	0.251648	0.297031	0.289958	0.244424	0.246577	0.284934	0.248970	0.285807	0.242826	0.288511	0.295588	0.246318	0.244236	0.239621	0.245949	0.242083	0.273997	0.243666	0.248828	0.244187	0.249462	0.290019	0.295060	0.239652	0.286931	0.295873	0.289987	0.286412	0.290728	0.287656	
0.249752	0.234296	0.242175	0.239132	0.247875	0.247983	0.245498	0.248978	0.240643	0.240378	0.238247	0.235648	0.249438	0.242366	0.238036	0.248983	0.249822	0.236491	0.239476	0.239901	0.231297	0.245087	0.265327	0.250447	0.252685	0.247192	0.000000	0.292416	0.241645	0.250000	0.229404	0.229207	0.236879	0.239400	0.242710	0.254584	0.275085	0.239163	0.241300	0.236119	0.242633	0.250501	0.239954	0.294515	0.245734	0.273313	0.269345	0.237522	0.232733	0.239731	0.234182	0.273826	0.248102	0.269958	0.233497	0.231728	0.249588	0.242281	0.239169	0.238868	0.239875	0.236142	0.244407	0.232073	0.242669	0.238865	0.239554	0.244614	0.237045	0.236931	0.240724	0.233577	0.243934	0.237890	0.231838	0.236375	0.253189	0.235705	0.232012	0.238040	0.237149	0.233597	0.242545	0.239532	0.242959	0.233647	0.238459	0.287427	0.261953	0.250212	0.264425	0.243891	0.254682	0.242626	0.236852	0.276366	0.243626	0.288901	0.239967	0.290102	0.295539	0.292454	0.290381	0.246648	0.292344	0.290486	0.289285	0.289289	0.285176	0.285025	0.290492	0.285382	0.290351	0.253109	0.290890	0.239664	0.265669	0.239024	0.258597	0.259993	0.239286	0.266860	0.241820	0.240232	0.294029	0.246929	0.279690	0.289600	0.247761	0.243885	0.234488	0.242763	0.288127	0.291726	0.248236	0.294574	0.290825	0.237505	0.241083	0.283792	0.235948	0.285923	0.235414	0.289381	0.292073	0.241794	0.234600	0.233876	0.237571	0.237715	0.264428	0.244840	0.239271	0.243950	0.237729	0.289295	0.292230	0.234058	0.285625	0.292210	0.285931	0.284288	0.289212	0.286874	
