0.000000	0.302932	0.243975	0.237035	0.242685	0.238199	0.309397	0.244901	0.241579	0.243457	0.240409	0.302445	0.303811	0.285461	0.294335	0.257780	0.244824	0.257334	0.234682	0.242136	0.299426	0.240544	0.304102	0.307492	0.246202	0.245190	0.249386	0.299973	0.290165	0.301907	0.305210	0.289961	0.301741	0.296549	0.306017	0.288939	0.305399	0.276419	0.291803	0.289745	0.295697	0.304654	0.291672	0.242182	0.246643	0.288458	0.296147	0.244524	0.236958	0.237304	0.269617	0.300570	0.245392	0.245394	0.302445	0.248144	0.245845	0.278618	0.244854	0.243746	0.247063	0.243229	0.247440	0.243136	0.304499	0.247381	0.251532	0.241357	0.250162	0.248528	0.247788	0.243774	0.239268	0.243563	0.251507	0.244044	0.248618	0.225828	0.300515	0.300977	
0.302932	0.000000	0.327632	0.326712	0.322958	0.320179	0.228927	0.326740	0.325644	0.326337	0.329776	0.225248	0.224664	0.236030	0.231015	0.313600	0.282028	0.292018	0.323115	0.330776	0.226634	0.321171	0.220183	0.227372	0.329133	0.329965	0.327772	0.238636	0.225231	0.224382	0.223252	0.223805	0.224385	0.231271	0.228073	0.236969	0.228783	0.243468	0.230555	0.239332	0.233927	0.229146	0.244827	0.332376	0.320656	0.238104	0.225960	0.327561	0.322844	0.327815	0.307472	0.230415	0.327275	0.329646	0.222726	0.331612	0.326683	0.274784	0.327346	0.328646	0.330154	0.327514	0.329925	0.331188	0.227135	0.330493	0.329626	0.328222	0.330276	0.334716	0.327472	0.326781	0.331154	0.330688	0.333859	0.332477	0.337248	0.276249	0.219573	0.230180	
0.243975	0.327632	0.000000	0.200908	0.202251	0.203971	0.328269	0.201942	0.205268	0.200625	0.201654	0.325452	0.322857	0.310031	0.320228	0.276661	0.269217	0.290460	0.208417	0.204763	0.322495	0.203065	0.326656	0.325075	0.202092	0.205523	0.200780	0.322862	0.326726	0.329200	0.320084	0.317397	0.324085	0.314722	0.325702	0.313322	0.319101	0.299962	0.319860	0.317506	0.317433	0.323866	0.312867	0.213078	0.211807	0.312030	0.311702	0.205771	0.207784	0.209371	0.282294	0.318545	0.200131	0.204337	0.322367	0.204371	0.206598	0.276210	0.206096	0.206142	0.201364	0.199740	0.198045	0.204168	0.324515	0.205568	0.205926	0.202226	0.201372	0.201606	0.208380	0.203332	0.206152	0.201670	0.204602	0.195786	0.208418	0.251352	0.325461	0.322908	
0.237035	0.326712	0.200908	0.000000	0.202545	0.198139	0.319028	0.198589	0.197951	0.201814	0.202442	0.318424	0.317355	0.305182	0.316810	0.269716	0.261250	0.291031	0.204005	0.196704	0.321090	0.198034	0.324493	0.322371	0.199000	0.201868	0.197431	0.318081	0.319389	0.319342	0.317015	0.310660	0.319757	0.314875	0.321763	0.309700	0.313403	0.296832	0.313011	0.312039	0.311460	0.317018	0.306395	0.206505	0.212108	0.305011	0.307338	0.200052	0.201297	0.202931	0.279064	0.311345	0.199489	0.199256	0.316544	0.199883	0.203813	0.271355	0.200274	0.207763	0.196013	0.196779	0.199190	0.198194	0.317810	0.203387	0.196567	0.199203	0.196664	0.201379	0.199055	0.194134	0.203938	0.195715	0.203790	0.202297	0.201763	0.247805	0.320375	0.316499	
0.242685	0.322958	0.202251	0.202545	0.000000	0.204608	0.324356	0.204677	0.204531	0.205837	0.203855	0.318888	0.316044	0.307534	0.316893	0.278352	0.264745	0.289463	0.205703	0.203861	0.316534	0.204018	0.324940	0.323689	0.204411	0.198841	0.201146	0.317768	0.319825	0.322765	0.316966	0.311699	0.319684	0.313421	0.322071	0.309601	0.315982	0.304037	0.312135	0.312425	0.311756	0.319176	0.307614	0.217421	0.213462	0.311716	0.309738	0.203502	0.201078	0.208048	0.279636	0.315489	0.203565	0.206024	0.315322	0.204759	0.205048	0.267409	0.201593	0.209902	0.203161	0.203968	0.204017	0.201289	0.321794	0.204603	0.205972	0.202115	0.200237	0.208462	0.202703	0.197684	0.205900	0.198702	0.203635	0.199426	0.206090	0.247610	0.322624	0.315613	
0.238199	0.320179	0.203971	0.198139	0.204608	0.000000	0.317238	0.202733	0.207641	0.203236	0.204121	0.314401	0.312736	0.302750	0.311672	0.278871	0.260139	0.294064	0.205640	0.201038	0.315967	0.198944	0.320053	0.316157	0.204482	0.204354	0.199277	0.312380	0.314780	0.318152	0.311648	0.308749	0.314718	0.311404	0.319197	0.305846	0.309331	0.290381	0.312309	0.310643	0.307319	0.315452	0.306107	0.215082	0.212910	0.302112	0.304139	0.204026	0.201274	0.207635	0.275987	0.309820	0.203365	0.205198	0.313127	0.201540	0.205024	0.264517	0.202690	0.205748	0.205057	0.200789	0.196954	0.197935	0.313613	0.200065	0.203652	0.202834	0.201353	0.203425	0.198762	0.205420	0.202311	0.200851	0.208155	0.199635	0.201161	0.245913	0.315324	0.313081	
0.309397	0.228927	0.328269	0.319028	0.324356	0.317238	0.000000	0.323293	0.323248	0.323351	0.326503	0.229355	0.220435	0.240930	0.233885	0.313541	0.281186	0.289063	0.316941	0.328916	0.222682	0.319989	0.224384	0.227631	0.326964	0.325817	0.324398	0.238484	0.227579	0.221244	0.227180	0.228579	0.229876	0.231641	0.226345	0.242149	0.231473	0.241290	0.230120	0.241084	0.236209	0.231143	0.248409	0.330118	0.319272	0.233071	0.226923	0.326401	0.321438	0.323101	0.303013	0.234058	0.327841	0.326565	0.229101	0.329103	0.325198	0.277857	0.326169	0.328623	0.328609	0.323653	0.329008	0.329501	0.222274	0.326294	0.330651	0.327845	0.329323	0.332495	0.327381	0.322836	0.327147	0.326736	0.329828	0.330414	0.336127	0.274258	0.225969	0.228920	
0.244901	0.326740	0.201942	0.198589	0.204677	0.202733	0.323293	0.000000	0.203598	0.202621	0.203347	0.323421	0.322275	0.309839	0.317825	0.278968	0.266424	0.292919	0.207732	0.202523	0.321643	0.206740	0.325561	0.322339	0.202248	0.199488	0.204274	0.318905	0.324330	0.321615	0.319211	0.314670	0.323504	0.318620	0.324134	0.308815	0.318468	0.300313	0.315719	0.311355	0.314069	0.318550	0.308715	0.207089	0.217758	0.311502	0.314218	0.202330	0.200996	0.208889	0.275379	0.316574	0.205337	0.204547	0.317815	0.200568	0.205176	0.268221	0.199639	0.203150	0.202862	0.201561	0.204008	0.202165	0.319392	0.206354	0.203138	0.201315	0.200354	0.204448	0.200026	0.198490	0.206735	0.200365	0.198742	0.197118	0.196437	0.250051	0.322721	0.319224	
0.241579	0.325644	0.205268	0.197951	0.204531	0.207641	0.323248	0.203598	0.000000	0.206816	0.206202	0.320546	0.318639	0.309650	0.319861	0.281927	0.269573	0.291844	0.210236	0.204948	0.323346	0.207743	0.325819	0.324247	0.206473	0.208859	0.202902	0.319346	0.324315	0.323555	0.321441	0.313370	0.326191	0.316862	0.325701	0.309661	0.318206	0.298779	0.319129	0.310491	0.313898	0.322227	0.307262	0.219364	0.213371	0.306825	0.313953	0.198385	0.209982	0.207135	0.279070	0.316981	0.203660	0.202170	0.320926	0.206556	0.204897	0.271151	0.207628	0.206312	0.205551	0.199156	0.205007	0.201629	0.319301	0.209423	0.208656	0.205077	0.204309	0.208193	0.205948	0.200576	0.209665	0.201888	0.205468	0.208935	0.205008	0.251724	0.323241	0.321882	
0.243457	0.326337	0.200625	0.201814	0.205837	0.203236	0.323351	0.202621	0.206816	0.000000	0.199923	0.316605	0.312528	0.304011	0.317090	0.274394	0.263377	0.292992	0.207753	0.206645	0.317831	0.201196	0.324489	0.317958	0.203010	0.203197	0.206953	0.319165	0.321345	0.322464	0.321188	0.313759	0.322285	0.317378	0.319912	0.307491	0.317239	0.299347	0.314526	0.311970	0.315539	0.322627	0.310688	0.209478	0.214617	0.309180	0.314126	0.202807	0.205615	0.206064	0.284892	0.312117	0.201035	0.205624	0.315571	0.207050	0.201831	0.272140	0.206899	0.208468	0.200734	0.201507	0.206834	0.199469	0.317332	0.210105	0.205363	0.206333	0.199738	0.205238	0.204844	0.202328	0.207778	0.203493	0.205494	0.201232	0.204445	0.247917	0.321100	0.317570	
0.240409	0.329776	0.201654	0.202442	0.203855	0.204121	0.326503	0.203347	0.206202	0.199923	0.000000	0.320132	0.317678	0.308364	0.317951	0.277564	0.269490	0.293348	0.204075	0.203172	0.323737	0.203695	0.326204	0.326061	0.200701	0.201835	0.204234	0.322742	0.323999	0.321811	0.321419	0.314512	0.326041	0.319399	0.323970	0.312164	0.319884	0.298786	0.317514	0.311623	0.314724	0.321031	0.311089	0.212689	0.213043	0.311772	0.314078	0.203963	0.211533	0.208430	0.280939	0.317990	0.202006	0.199032	0.324128	0.204670	0.201239	0.270981	0.208159	0.204485	0.200116	0.202748	0.200013	0.201024	0.323940	0.204204	0.207656	0.199316	0.200760	0.209969	0.199155	0.200820	0.200091	0.195615	0.203151	0.200325	0.202992	0.249559	0.324153	0.322288	
0.302445	0.225248	0.325452	0.318424	0.318888	0.314401	0.229355	0.323421	0.320546	0.316605	0.320132	0.000000	0.225210	0.244014	0.233513	0.311511	0.274332	0.295769	0.318968	0.324881	0.228416	0.317039	0.230554	0.228007	0.322238	0.323093	0.324789	0.244231	0.224943	0.231161	0.231740	0.232134	0.232043	0.232276	0.225439	0.241096	0.236903	0.246369	0.228567	0.243957	0.235100	0.231140	0.243881	0.326759	0.316124	0.234039	0.229910	0.327671	0.319571	0.319878	0.305133	0.237068	0.323485	0.321090	0.225560	0.323867	0.322283	0.276106	0.326036	0.327296	0.323337	0.322399	0.325231	0.325456	0.229063	0.328154	0.326090	0.325953	0.328081	0.329200	0.325452	0.319440	0.324142	0.321372	0.326443	0.326174	0.331044	0.267985	0.227088	0.227063	
0.303811	0.224664	0.322857	0.317355	0.316044	0.312736	0.220435	0.322275	0.318639	0.312528	0.317678	0.225210	0.000000	0.238985	0.227395	0.313723	0.277817	0.289921	0.314719	0.325987	0.225061	0.317249	0.224822	0.222617	0.321111	0.321071	0.320678	0.233198	0.219411	0.228407	0.226414	0.228201	0.222016	0.234405	0.226039	0.233468	0.228757	0.241019	0.228496	0.244199	0.233390	0.230525	0.246365	0.329384	0.313867	0.233928	0.228865	0.321926	0.314660	0.318866	0.304205	0.232601	0.322774	0.320654	0.224069	0.323825	0.319066	0.269379	0.319194	0.324039	0.319174	0.320607	0.323826	0.322587	0.224882	0.324560	0.324100	0.323240	0.323578	0.322194	0.323274	0.319906	0.323185	0.321026	0.325139	0.323349	0.327799	0.270497	0.223846	0.224805	
0.285461	0.236030	0.310031	0.305182	0.307534	0.302750	0.240930	0.309839	0.309650	0.304011	0.308364	0.244014	0.238985	0.000000	0.241356	0.301376	0.262957	0.286482	0.302100	0.313917	0.243841	0.303812	0.242675	0.239343	0.311256	0.310646	0.310192	0.249482	0.242433	0.242792	0.239788	0.239889	0.246133	0.244205	0.241136	0.204371	0.223693	0.199880	0.239329	0.208271	0.220716	0.242777	0.210434	0.313480	0.301256	0.242749	0.242764	0.310479	0.305540	0.305245	0.285353	0.241224	0.311241	0.305589	0.237019	0.311730	0.309440	0.273178	0.310321	0.311213	0.310594	0.310818	0.313867	0.309758	0.247426	0.314100	0.310995	0.306751	0.313473	0.312636	0.314166	0.307840	0.308884	0.306061	0.315365	0.313169	0.315846	0.261027	0.239723	0.236009	
0.294335	0.231015	0.320228	0.316810	0.316893	0.311672	0.233885	0.317825	0.319861	0.317090	0.317951	0.233513	0.227395	0.241356	0.000000	0.304977	0.275279	0.287769	0.313375	0.321300	0.226800	0.313851	0.226799	0.224519	0.319005	0.317494	0.326497	0.242214	0.226820	0.226794	0.226341	0.230088	0.228946	0.231863	0.228306	0.241523	0.231664	0.239984	0.232282	0.243718	0.237378	0.225393	0.241729	0.323460	0.309170	0.231212	0.228941	0.319640	0.317307	0.314843	0.297524	0.238027	0.323669	0.318490	0.226716	0.323446	0.319500	0.273090	0.318762	0.318791	0.319704	0.320178	0.322695	0.324640	0.228945	0.323842	0.325801	0.319983	0.322852	0.325885	0.317335	0.321383	0.319452	0.319126	0.325999	0.321837	0.329798	0.266188	0.226051	0.229948	
0.257780	0.313600	0.276661	0.269716	0.278352	0.278871	0.313541	0.278968	0.281927	0.274394	0.277564	0.311511	0.313723	0.301376	0.304977	0.000000	0.210554	0.194312	0.263827	0.257530	0.296452	0.277940	0.310520	0.319777	0.278064	0.278488	0.277578	0.303265	0.303785	0.311959	0.311643	0.304118	0.308844	0.303484	0.316132	0.305303	0.313769	0.289518	0.300544	0.305458	0.303053	0.309398	0.303962	0.283698	0.273601	0.293348	0.300029	0.276915	0.274830	0.273192	0.243030	0.309583	0.278472	0.280203	0.309894	0.284970	0.278181	0.293622	0.282335	0.282372	0.282882	0.279261	0.276421	0.277151	0.309685	0.287027	0.283701	0.283289	0.277870	0.281542	0.270538	0.276936	0.273217	0.282182	0.283590	0.284729	0.277954	0.249291	0.304833	0.308834	
0.244824	0.282028	0.269217	0.261250	0.264745	0.260139	0.281186	0.266424	0.269573	0.263377	0.269490	0.274332	0.277817	0.262957	0.275279	0.210554	0.000000	0.230528	0.264195	0.262710	0.274779	0.269927	0.276003	0.277244	0.268251	0.268948	0.267546	0.273716	0.272951	0.278491	0.281981	0.270758	0.278003	0.280638	0.275265	0.272453	0.272399	0.247704	0.265971	0.267600	0.270406	0.278308	0.266069	0.267027	0.260376	0.270460	0.269411	0.268999	0.267127	0.266692	0.244562	0.277698	0.266856	0.269899	0.274602	0.272816	0.270949	0.274419	0.269210	0.274569	0.271312	0.266130	0.271469	0.270068	0.275527	0.272485	0.271441	0.269678	0.267986	0.271179	0.266945	0.269323	0.268345	0.269330	0.277931	0.265955	0.271389	0.196853	0.271503	0.273885	
0.257334	0.292018	0.290460	0.291031	0.289463	0.294064	0.289063	0.292919	0.291844	0.292992	0.293348	0.295769	0.289921	0.286482	0.287769	0.194312	0.230528	0.000000	0.284674	0.284535	0.280325	0.287687	0.293066	0.292735	0.291311	0.291335	0.288203	0.292709	0.286528	0.290798	0.289221	0.281748	0.290084	0.292287	0.294611	0.286992	0.292658	0.268943	0.275981	0.287632	0.284733	0.292810	0.292945	0.296281	0.284329	0.280976	0.280847	0.294326	0.291075	0.285498	0.247586	0.288108	0.285628	0.291662	0.286479	0.301360	0.296255	0.299320	0.294668	0.295022	0.292354	0.290739	0.291482	0.293708	0.286670	0.298003	0.295647	0.296603	0.292055	0.291680	0.292866	0.294338	0.289426	0.291526	0.298088	0.291206	0.298863	0.221321	0.288555	0.288753	
0.234682	0.323115	0.208417	0.204005	0.205703	0.205640	0.316941	0.207732	0.210236	0.207753	0.204075	0.318968	0.314719	0.302100	0.313375	0.263827	0.264195	0.284674	0.000000	0.203564	0.314682	0.205734	0.320345	0.318791	0.200485	0.213495	0.204864	0.315981	0.315656	0.318077	0.312842	0.307066	0.316488	0.307892	0.318055	0.307285	0.314177	0.292859	0.310712	0.306355	0.309403	0.314018	0.305409	0.210117	0.214634	0.302398	0.305371	0.206261	0.209475	0.205975	0.278059	0.311044	0.207930	0.205678	0.312625	0.206605	0.212221	0.266151	0.209731	0.205525	0.205785	0.204361	0.205020	0.208109	0.314769	0.209495	0.204538	0.207782	0.208719	0.203678	0.208311	0.208072	0.205298	0.202724	0.205394	0.205053	0.210803	0.248664	0.316803	0.313285	
0.242136	0.330776	0.204763	0.196704	0.203861	0.201038	0.328916	0.202523	0.204948	0.206645	0.203172	0.324881	0.325987	0.313917	0.321300	0.257530	0.262710	0.284535	0.203564	0.000000	0.324891	0.203070	0.329230	0.325216	0.203906	0.199055	0.198176	0.320786	0.327442	0.326628	0.323258	0.318340	0.324748	0.317295	0.329045	0.314578	0.321608	0.300409	0.318340	0.317805	0.320250	0.319971	0.315336	0.214445	0.215187	0.312826	0.317148	0.199974	0.203072	0.209032	0.276386	0.319281	0.206653	0.202494	0.320706	0.205183	0.206721	0.270430	0.204736	0.202908	0.199161	0.200853	0.201930	0.203426	0.324538	0.205846	0.202715	0.205295	0.200249	0.203812	0.204384	0.196301	0.206042	0.200353	0.202546	0.198387	0.200352	0.248623	0.327344	0.323072	
0.299426	0.226634	0.322495	0.321090	0.316534	0.315967	0.222682	0.321643	0.323346	0.317831	0.323737	0.228416	0.225061	0.243841	0.226800	0.296452	0.274779	0.280325	0.314682	0.324891	0.000000	0.319470	0.227963	0.220069	0.322927	0.323068	0.323518	0.238258	0.221068	0.227566	0.222575	0.227084	0.228744	0.224972	0.219609	0.241452	0.230500	0.245712	0.228471	0.242344	0.234164	0.226971	0.243768	0.327659	0.316313	0.235909	0.231652	0.323274	0.317950	0.317538	0.301074	0.234214	0.328081	0.322219	0.222068	0.328189	0.323147	0.276575	0.321673	0.325776	0.322615	0.323704	0.326832	0.327325	0.229282	0.328726	0.327942	0.323264	0.327678	0.327986	0.324033	0.322703	0.323672	0.325817	0.327938	0.326316	0.332757	0.274001	0.218924	0.220672	
0.240544	0.321171	0.203065	0.198034	0.204018	0.198944	0.319989	0.206740	0.207743	0.201196	0.203695	0.317039	0.317249	0.303812	0.313851	0.277940	0.269927	0.287687	0.205734	0.203070	0.319470	0.000000	0.319894	0.316262	0.201517	0.200841	0.200840	0.318550	0.320163	0.320666	0.317557	0.309652	0.319890	0.311760	0.318582	0.308772	0.314143	0.298217	0.315501	0.308769	0.312331	0.313595	0.307650	0.210411	0.219699	0.307580	0.306507	0.202887	0.206972	0.208782	0.270704	0.311416	0.203269	0.201631	0.314437	0.205361	0.201670	0.267880	0.204569	0.205517	0.203926	0.201854	0.203148	0.201187	0.317904	0.209958	0.201552	0.202578	0.204733	0.207063	0.204487	0.201789	0.205469	0.198102	0.205638	0.201718	0.205524	0.251021	0.318290	0.314859	
0.304102	0.220183	0.326656	0.324493	0.324940	0.320053	0.224384	0.325561	0.325819	0.324489	0.326204	0.230554	0.224822	0.242675	0.226799	0.310520	0.276003	0.293066	0.320345	0.329230	0.227963	0.319894	0.000000	0.225081	0.325183	0.324634	0.328767	0.238219	0.222973	0.222822	0.224737	0.220631	0.226136	0.229911	0.226223	0.245472	0.227177	0.245148	0.229245	0.243593	0.236825	0.231542	0.249149	0.331599	0.316964	0.233996	0.228802	0.327986	0.319976	0.321827	0.305100	0.229573	0.328720	0.324631	0.224703	0.331011	0.325612	0.275072	0.326286	0.329176	0.326706	0.327428	0.328833	0.331356	0.228291	0.330228	0.328178	0.324738	0.332276	0.331449	0.328543	0.325102	0.327015	0.328994	0.329865	0.331641	0.334918	0.275003	0.220129	0.226552	
0.307492	0.227372	0.325075	0.322371	0.323689	0.316157	0.227631	0.322339	0.324247	0.317958	0.326061	0.228007	0.222617	0.239343	0.224519	0.319777	0.277244	0.292735	0.318791	0.325216	0.220069	0.316262	0.225081	0.000000	0.324971	0.321126	0.327704	0.234853	0.223273	0.223357	0.224697	0.229975	0.223344	0.229162	0.223740	0.238303	0.227723	0.241967	0.225298	0.239188	0.237761	0.227343	0.245585	0.328622	0.316302	0.237625	0.231605	0.323235	0.318267	0.319874	0.306428	0.230661	0.326045	0.324484	0.228724	0.327011	0.322892	0.280945	0.326319	0.328585	0.323256	0.324844	0.327811	0.326696	0.226274	0.326028	0.326945	0.324970	0.328397	0.328398	0.323874	0.324772	0.324210	0.326583	0.327618	0.328512	0.332451	0.269340	0.225543	0.223667	
0.246202	0.329133	0.202092	0.199000	0.204411	0.204482	0.326964	0.202248	0.206473	0.203010	0.200701	0.322238	0.321111	0.311256	0.319005	0.278064	0.268251	0.291311	0.200485	0.203906	0.322927	0.201517	0.325183	0.324971	0.000000	0.207700	0.200616	0.322434	0.323511	0.325150	0.318770	0.311510	0.321590	0.313628	0.323509	0.308591	0.317653	0.302846	0.315869	0.310698	0.316305	0.319954	0.312522	0.209198	0.213620	0.311024	0.317030	0.202424	0.206818	0.211061	0.281286	0.316788	0.204980	0.201731	0.319715	0.198350	0.204671	0.270267	0.203401	0.205594	0.203626	0.196371	0.204735	0.203218	0.322874	0.207043	0.201677	0.203344	0.203968	0.202108	0.206793	0.203143	0.208616	0.196013	0.201593	0.201685	0.202619	0.253035	0.324413	0.322953	
0.245190	0.329965	0.205523	0.201868	0.198841	0.204354	0.325817	0.199488	0.208859	0.203197	0.201835	0.323093	0.321071	0.310646	0.317494	0.278488	0.268948	0.291335	0.213495	0.199055	0.323068	0.200841	0.324634	0.321126	0.207700	0.000000	0.204254	0.321476	0.324313	0.321786	0.320486	0.314663	0.326483	0.317880	0.325017	0.313669	0.319425	0.303199	0.316950	0.313714	0.316114	0.321020	0.311123	0.210336	0.215939	0.311860	0.314067	0.204193	0.207279	0.205657	0.277022	0.314707	0.204204	0.205990	0.321429	0.205649	0.204584	0.271639	0.201649	0.206919	0.199241	0.201296	0.201195	0.199842	0.322534	0.209949	0.206449	0.203748	0.204349	0.204556	0.200198	0.204642	0.209682	0.201641	0.204174	0.199447	0.204697	0.246953	0.322924	0.317729	
0.249386	0.327772	0.200780	0.197431	0.201146	0.199277	0.324398	0.204274	0.202902	0.206953	0.204234	0.324789	0.320678	0.310192	0.326497	0.277578	0.267546	0.288203	0.204864	0.198176	0.323518	0.200840	0.328767	0.327704	0.200616	0.204254	0.000000	0.320709	0.324084	0.325550	0.318914	0.316299	0.326750	0.316852	0.324098	0.311229	0.318685	0.302958	0.319493	0.314705	0.315386	0.320640	0.311321	0.205748	0.211307	0.312813	0.315971	0.198883	0.204533	0.208947	0.277498	0.312797	0.197177	0.200852	0.320269	0.206115	0.206799	0.267165	0.203560	0.202064	0.202800	0.201453	0.197782	0.199014	0.322732	0.206761	0.201166	0.206772	0.203097	0.196592	0.198275	0.196895	0.204652	0.198743	0.203791	0.196574	0.198932	0.250895	0.324119	0.323042	
0.299973	0.238636	0.322862	0.318081	0.317768	0.312380	0.238484	0.318905	0.319346	0.319165	0.322742	0.244231	0.233198	0.249482	0.242214	0.303265	0.273716	0.292709	0.315981	0.320786	0.238258	0.318550	0.238219	0.234853	0.322434	0.321476	0.320709	0.000000	0.232025	0.233878	0.237998	0.234945	0.241531	0.242302	0.238025	0.249094	0.242839	0.249557	0.238540	0.249485	0.244369	0.237508	0.251356	0.327380	0.312004	0.244628	0.236386	0.322008	0.312700	0.316570	0.305077	0.235606	0.323044	0.322999	0.236257	0.324812	0.318148	0.275827	0.321128	0.317606	0.318776	0.321526	0.327520	0.319598	0.241463	0.324387	0.325432	0.321693	0.324099	0.327004	0.321374	0.316768	0.321387	0.319351	0.327478	0.322547	0.329209	0.273412	0.229773	0.241774	
0.290165	0.225231	0.326726	0.319389	0.319825	0.314780	0.227579	0.324330	0.324315	0.321345	0.323999	0.224943	0.219411	0.242433	0.226820	0.303785	0.272951	0.286528	0.315656	0.327442	0.221068	0.320163	0.222973	0.223273	0.323511	0.324313	0.324084	0.232025	0.000000	0.222395	0.226482	0.223446	0.222192	0.230395	0.220748	0.238263	0.226806	0.237069	0.227477	0.239034	0.232967	0.221604	0.243862	0.328756	0.316360	0.234095	0.227353	0.325250	0.317377	0.320984	0.299428	0.231764	0.326990	0.322667	0.220624	0.325789	0.321362	0.270465	0.324932	0.328816	0.324108	0.324676	0.329942	0.327009	0.223962	0.328133	0.325633	0.325322	0.330595	0.331693	0.325351	0.323700	0.322009	0.327096	0.329797	0.324928	0.330684	0.267940	0.220929	0.225705	
0.301907	0.224382	0.329200	0.319342	0.322765	0.318152	0.221244	0.321615	0.323555	0.322464	0.321811	0.231161	0.228407	0.242792	0.226794	0.311959	0.278491	0.290798	0.318077	0.326628	0.227566	0.320666	0.222822	0.223357	0.325150	0.321786	0.325550	0.233878	0.222395	0.000000	0.220200	0.224214	0.223613	0.235673	0.223019	0.240988	0.230247	0.241016	0.231041	0.240894	0.234564	0.229273	0.241527	0.330438	0.316992	0.235637	0.228684	0.327682	0.318362	0.323371	0.300797	0.232300	0.325364	0.320140	0.225094	0.327218	0.319538	0.272680	0.324740	0.327165	0.324504	0.325018	0.326058	0.326943	0.224676	0.328589	0.325674	0.322092	0.326131	0.326357	0.327259	0.322456	0.323088	0.325763	0.328932	0.326314	0.332335	0.269997	0.219074	0.226546	
0.305210	0.223252	0.320084	0.317015	0.316966	0.311648	0.227180	0.319211	0.321441	0.321188	0.321419	0.231740	0.226414	0.239788	0.226341	0.311643	0.281981	0.289221	0.312842	0.323258	0.222575	0.317557	0.224737	0.224697	0.318770	0.320486	0.318914	0.237998	0.226482	0.220200	0.000000	0.228829	0.226431	0.232867	0.230331	0.238955	0.232718	0.243396	0.227802	0.243253	0.235390	0.234584	0.245877	0.323902	0.310106	0.235525	0.223077	0.324232	0.314451	0.318685	0.300299	0.230704	0.323977	0.320660	0.225087	0.322920	0.320270	0.274377	0.320987	0.322385	0.319850	0.320181	0.323058	0.324016	0.231012	0.324592	0.321871	0.320915	0.325479	0.322473	0.319978	0.320688	0.322485	0.322662	0.324890	0.324387	0.326919	0.275907	0.223711	0.225080	
0.289961	0.223805	0.317397	0.310660	0.311699	0.308749	0.228579	0.314670	0.313370	0.313759	0.314512	0.232134	0.228201	0.239889	0.230088	0.304118	0.270758	0.281748	0.307066	0.318340	0.227084	0.309652	0.220631	0.229975	0.311510	0.314663	0.316299	0.234945	0.223446	0.224214	0.228829	0.000000	0.233605	0.230428	0.226033	0.236052	0.232636	0.238418	0.231838	0.238001	0.231833	0.232568	0.244429	0.318285	0.310304	0.237024	0.231206	0.319576	0.310088	0.312154	0.301038	0.232060	0.316875	0.313953	0.229271	0.321144	0.315037	0.269960	0.317314	0.317942	0.316717	0.317405	0.318104	0.318928	0.225871	0.324186	0.316869	0.316198	0.319740	0.321149	0.314562	0.315265	0.316524	0.317515	0.317385	0.320907	0.321475	0.265061	0.223299	0.227495	
0.301741	0.224385	0.324085	0.319757	0.319684	0.314718	0.229876	0.323504	0.326191	0.322285	0.326041	0.232043	0.222016	0.246133	0.228946	0.308844	0.278003	0.290084	0.316488	0.324748	0.228744	0.319890	0.226136	0.223344	0.321590	0.326483	0.326750	0.241531	0.222192	0.223613	0.226431	0.233605	0.000000	0.230167	0.225455	0.239505	0.227248	0.246017	0.232736	0.241635	0.237753	0.232714	0.247962	0.331079	0.317373	0.239447	0.229531	0.323791	0.315136	0.319285	0.305251	0.235453	0.325515	0.324210	0.228810	0.325300	0.322238	0.276977	0.324583	0.325679	0.325315	0.320349	0.326756	0.327495	0.224426	0.327064	0.325561	0.326175	0.328724	0.328852	0.326059	0.322450	0.324155	0.325092	0.327490	0.327926	0.331490	0.273915	0.221492	0.228195	
0.296549	0.231271	0.314722	0.314875	0.313421	0.311404	0.231641	0.318620	0.316862	0.317378	0.319399	0.232276	0.234405	0.244205	0.231863	0.303484	0.280638	0.292287	0.307892	0.317295	0.224972	0.311760	0.229911	0.229162	0.313628	0.317880	0.316852	0.242302	0.230395	0.235673	0.232867	0.230428	0.230167	0.000000	0.229070	0.241821	0.240535	0.241311	0.236748	0.242549	0.238662	0.237982	0.253813	0.323042	0.310954	0.241904	0.239322	0.316007	0.309182	0.315013	0.293838	0.237256	0.314998	0.317775	0.230700	0.318685	0.313565	0.272864	0.315273	0.319243	0.317370	0.315775	0.315256	0.322442	0.237901	0.321015	0.317419	0.318802	0.317947	0.323031	0.317883	0.312652	0.317693	0.316814	0.324786	0.320390	0.324572	0.271495	0.230038	0.232512	
0.306017	0.228073	0.325702	0.321763	0.322071	0.319197	0.226345	0.324134	0.325701	0.319912	0.323970	0.225439	0.226039	0.241136	0.228306	0.316132	0.275265	0.294611	0.318055	0.329045	0.219609	0.318582	0.226223	0.223740	0.323509	0.325017	0.324098	0.238025	0.220748	0.223019	0.230331	0.226033	0.225455	0.229070	0.000000	0.241778	0.230941	0.246276	0.232403	0.241211	0.234738	0.224615	0.243611	0.326526	0.317526	0.235714	0.227134	0.326686	0.319126	0.321682	0.305345	0.230134	0.325578	0.324814	0.228447	0.328791	0.323942	0.272673	0.325390	0.325898	0.325963	0.326132	0.327784	0.327371	0.223621	0.329133	0.325908	0.326654	0.331555	0.331192	0.326680	0.324013	0.328857	0.325003	0.330259	0.326064	0.333043	0.273051	0.228400	0.220866	
0.288939	0.236969	0.313322	0.309700	0.309601	0.305846	0.242149	0.308815	0.309661	0.307491	0.312164	0.241096	0.233468	0.204371	0.241523	0.305303	0.272453	0.286992	0.307285	0.314578	0.241452	0.308772	0.245472	0.238303	0.308591	0.313669	0.311229	0.249094	0.238263	0.240988	0.238955	0.236052	0.239505	0.241821	0.241778	0.000000	0.214919	0.210710	0.239046	0.193272	0.218480	0.243225	0.201117	0.316007	0.305869	0.247554	0.242518	0.312095	0.308683	0.308599	0.285949	0.236473	0.311566	0.310261	0.233477	0.316531	0.309076	0.274930	0.312927	0.311687	0.314094	0.311602	0.315336	0.312420	0.239600	0.317897	0.313340	0.313167	0.316972	0.314918	0.310657	0.313380	0.311852	0.312173	0.316475	0.311880	0.317856	0.262474	0.231844	0.236552	
0.305399	0.228783	0.319101	0.313403	0.315982	0.309331	0.231473	0.318468	0.318206	0.317239	0.319884	0.236903	0.228757	0.223693	0.231664	0.313769	0.272399	0.292658	0.314177	0.321608	0.230500	0.314143	0.227177	0.227723	0.317653	0.319425	0.318685	0.242839	0.226806	0.230247	0.232718	0.232636	0.227248	0.240535	0.230941	0.214919	0.000000	0.221325	0.232367	0.220292	0.223543	0.233275	0.221656	0.324169	0.310285	0.240095	0.230683	0.320453	0.312714	0.317845	0.300992	0.232303	0.317754	0.316938	0.230779	0.322613	0.314350	0.273287	0.320446	0.320194	0.317585	0.320584	0.321946	0.323030	0.232761	0.322824	0.322073	0.317287	0.325856	0.323372	0.318641	0.314716	0.317081	0.318440	0.321998	0.319654	0.322785	0.271913	0.227975	0.227171	
0.276419	0.243468	0.299962	0.296832	0.304037	0.290381	0.241290	0.300313	0.298779	0.299347	0.298786	0.246369	0.241019	0.199880	0.239984	0.289518	0.247704	0.268943	0.292859	0.300409	0.245712	0.298217	0.245148	0.241967	0.302846	0.303199	0.302958	0.249557	0.237069	0.241016	0.243396	0.238418	0.246017	0.241311	0.246276	0.210710	0.221325	0.000000	0.240648	0.221670	0.218256	0.239401	0.218914	0.304568	0.292032	0.244227	0.244336	0.303120	0.292991	0.293927	0.270025	0.242863	0.302547	0.295938	0.247059	0.306825	0.299697	0.271907	0.300993	0.302978	0.301116	0.300882	0.307743	0.305317	0.245358	0.308495	0.305782	0.303807	0.305590	0.303605	0.302554	0.305508	0.301703	0.302176	0.302952	0.298616	0.306833	0.245490	0.241005	0.238313	
0.291803	0.230555	0.319860	0.313011	0.312135	0.312309	0.230120	0.315719	0.319129	0.314526	0.317514	0.228567	0.228496	0.239329	0.232282	0.300544	0.265971	0.275981	0.310712	0.318340	0.228471	0.315501	0.229245	0.225298	0.315869	0.316950	0.319493	0.238540	0.227477	0.231041	0.227802	0.231838	0.232736	0.236748	0.232403	0.239046	0.232367	0.240648	0.000000	0.242740	0.234815	0.232057	0.245550	0.322293	0.311339	0.237293	0.228270	0.322296	0.309548	0.311631	0.288797	0.236033	0.317196	0.318369	0.227402	0.320507	0.316423	0.271252	0.319748	0.318702	0.317101	0.316938	0.323887	0.320612	0.231148	0.322782	0.323598	0.321313	0.322144	0.324009	0.320371	0.316590	0.316948	0.317030	0.324854	0.318639	0.325410	0.255114	0.223794	0.227846	
0.289745	0.239332	0.317506	0.312039	0.312425	0.310643	0.241084	0.311355	0.310491	0.311970	0.311623	0.243957	0.244199	0.208271	0.243718	0.305458	0.267600	0.287632	0.306355	0.317805	0.242344	0.308769	0.243593	0.239188	0.310698	0.313714	0.314705	0.249485	0.239034	0.240894	0.243253	0.238001	0.241635	0.242549	0.241211	0.193272	0.220292	0.221670	0.242740	0.000000	0.222958	0.247509	0.207081	0.319256	0.304535	0.244767	0.243895	0.313243	0.305603	0.306505	0.292117	0.243941	0.316833	0.311431	0.240132	0.318160	0.314300	0.284016	0.317300	0.318185	0.316755	0.313731	0.315442	0.317228	0.241584	0.320056	0.318765	0.312879	0.322110	0.317555	0.316350	0.311559	0.312898	0.314744	0.320130	0.313465	0.322508	0.266588	0.235564	0.243280	
0.295697	0.233927	0.317433	0.311460	0.311756	0.307319	0.236209	0.314069	0.313898	0.315539	0.314724	0.235100	0.233390	0.220716	0.237378	0.303053	0.270406	0.284733	0.309403	0.320250	0.234164	0.312331	0.236825	0.237761	0.316305	0.316114	0.315386	0.244369	0.232967	0.234564	0.235390	0.231833	0.237753	0.238662	0.234738	0.218480	0.223543	0.218256	0.234815	0.222958	0.000000	0.234739	0.222907	0.317453	0.307698	0.242133	0.240373	0.316832	0.307016	0.309037	0.280972	0.239438	0.318482	0.317796	0.231326	0.322477	0.315023	0.271818	0.316621	0.317661	0.318315	0.314102	0.318622	0.317888	0.239614	0.322117	0.321631	0.313889	0.319187	0.319340	0.314080	0.312231	0.312535	0.316885	0.321728	0.317276	0.319015	0.266378	0.232942	0.229799	
0.304654	0.229146	0.323866	0.317018	0.319176	0.315452	0.231143	0.318550	0.322227	0.322627	0.321031	0.231140	0.230525	0.242777	0.225393	0.309398	0.278308	0.292810	0.314018	0.319971	0.226971	0.313595	0.231542	0.227343	0.319954	0.321020	0.320640	0.237508	0.221604	0.229273	0.234584	0.232568	0.232714	0.237982	0.224615	0.243225	0.233275	0.239401	0.232057	0.247509	0.234739	0.000000	0.246227	0.324414	0.313209	0.242490	0.228870	0.323026	0.314765	0.312742	0.298000	0.230516	0.325363	0.322766	0.229376	0.323458	0.322319	0.271535	0.320074	0.324650	0.322812	0.324625	0.322621	0.326370	0.232754	0.325919	0.321765	0.321970	0.325547	0.326170	0.321109	0.318411	0.323514	0.322387	0.322773	0.325071	0.325410	0.270326	0.230764	0.230530	
0.291672	0.244827	0.312867	0.306395	0.307614	0.306107	0.248409	0.308715	0.307262	0.310688	0.311089	0.243881	0.246365	0.210434	0.241729	0.303962	0.266069	0.292945	0.305409	0.315336	0.243768	0.307650	0.249149	0.245585	0.312522	0.311123	0.311321	0.251356	0.243862	0.241527	0.245877	0.244429	0.247962	0.253813	0.243611	0.201117	0.221656	0.218914	0.245550	0.207081	0.222907	0.246227	0.000000	0.319721	0.305582	0.253205	0.245786	0.312394	0.305915	0.303585	0.289989	0.243217	0.312916	0.310237	0.245219	0.318394	0.310774	0.275658	0.310471	0.312258	0.312859	0.310672	0.310794	0.312449	0.248806	0.314418	0.313288	0.311702	0.313989	0.315874	0.312496	0.307146	0.311325	0.313207	0.316582	0.314444	0.314092	0.259673	0.240142	0.242751	
0.242182	0.332376	0.213078	0.206505	0.217421	0.215082	0.330118	0.207089	0.219364	0.209478	0.212689	0.326759	0.329384	0.313480	0.323460	0.283698	0.267027	0.296281	0.210117	0.214445	0.327659	0.210411	0.331599	0.328622	0.209198	0.210336	0.205748	0.327380	0.328756	0.330438	0.323902	0.318285	0.331079	0.323042	0.326526	0.316007	0.324169	0.304568	0.322293	0.319256	0.317453	0.324414	0.319721	0.000000	0.214566	0.314043	0.316721	0.209901	0.216976	0.213850	0.277875	0.322140	0.212902	0.209276	0.324581	0.213099	0.208277	0.278145	0.211188	0.217330	0.208899	0.206922	0.209575	0.209772	0.327479	0.211105	0.215368	0.209939	0.208902	0.210757	0.214528	0.209638	0.211552	0.202268	0.215841	0.204842	0.210672	0.259602	0.328022	0.324292	
0.246643	0.320656	0.211807	0.212108	0.213462	0.212910	0.319272	0.217758	0.213371	0.214617	0.213043	0.316124	0.313867	0.301256	0.309170	0.273601	0.260376	0.284329	0.214634	0.215187	0.316313	0.219699	0.316964	0.316302	0.213620	0.215939	0.211307	0.312004	0.316360	0.316992	0.310106	0.310304	0.317373	0.310954	0.317526	0.305869	0.310285	0.292032	0.311339	0.304535	0.307698	0.313209	0.305582	0.214566	0.000000	0.305019	0.310152	0.213012	0.218010	0.215217	0.275746	0.310291	0.212038	0.219011	0.308896	0.209938	0.217874	0.271776	0.216564	0.214684	0.213253	0.214657	0.212606	0.209460	0.317600	0.216327	0.212648	0.215524	0.213639	0.213655	0.209217	0.210411	0.213840	0.211545	0.216581	0.209069	0.212587	0.245177	0.321548	0.312459	
0.288458	0.238104	0.312030	0.305011	0.311716	0.302112	0.233071	0.311502	0.306825	0.309180	0.311772	0.234039	0.233928	0.242749	0.231212	0.293348	0.270460	0.280976	0.302398	0.312826	0.235909	0.307580	0.233996	0.237625	0.311024	0.311860	0.312813	0.244628	0.234095	0.235637	0.235525	0.237024	0.239447	0.241904	0.235714	0.247554	0.240095	0.244227	0.237293	0.244767	0.242133	0.242490	0.253205	0.314043	0.305019	0.000000	0.236464	0.314923	0.302448	0.306046	0.291746	0.242152	0.310441	0.309865	0.236240	0.311795	0.306784	0.275415	0.313277	0.311627	0.312014	0.309987	0.314188	0.311303	0.238031	0.315577	0.312584	0.312267	0.311795	0.313964	0.313058	0.308186	0.312534	0.310936	0.315700	0.313238	0.321400	0.263565	0.238209	0.242341	
0.296147	0.225960	0.311702	0.307338	0.309738	0.304139	0.226923	0.314218	0.313953	0.314126	0.314078	0.229910	0.228865	0.242764	0.228941	0.300029	0.269411	0.280847	0.305371	0.317148	0.231652	0.306507	0.228802	0.231605	0.317030	0.314067	0.315971	0.236386	0.227353	0.228684	0.223077	0.231206	0.229531	0.239322	0.227134	0.242518	0.230683	0.244336	0.228270	0.243895	0.240373	0.228870	0.245786	0.316721	0.310152	0.236464	0.000000	0.310891	0.308679	0.309794	0.294742	0.232797	0.316899	0.314238	0.226828	0.320219	0.311320	0.267567	0.314866	0.316319	0.314136	0.315029	0.313817	0.315928	0.230609	0.316865	0.317075	0.316115	0.316248	0.319434	0.315386	0.311096	0.312783	0.314443	0.317107	0.316746	0.317589	0.261579	0.229298	0.221104	
0.244524	0.327561	0.205771	0.200052	0.203502	0.204026	0.326401	0.202330	0.198385	0.202807	0.203963	0.327671	0.321926	0.310479	0.319640	0.276915	0.268999	0.294326	0.206261	0.199974	0.323274	0.202887	0.327986	0.323235	0.202424	0.204193	0.198883	0.322008	0.325250	0.327682	0.324232	0.319576	0.323791	0.316007	0.326686	0.312095	0.320453	0.303120	0.322296	0.313243	0.316832	0.323026	0.312394	0.209901	0.213012	0.314923	0.310891	0.000000	0.201942	0.202632	0.260536	0.318260	0.200415	0.200233	0.320763	0.203906	0.205251	0.272272	0.203448	0.208095	0.199160	0.197725	0.201217	0.197911	0.319652	0.202631	0.202082	0.203809	0.203440	0.201771	0.199766	0.198448	0.206618	0.198327	0.202742	0.203344	0.206519	0.251853	0.323525	0.324594	
0.236958	0.322844	0.207784	0.201297	0.201078	0.201274	0.321438	0.200996	0.209982	0.205615	0.211533	0.319571	0.314660	0.305540	0.317307	0.274830	0.267127	0.291075	0.209475	0.203072	0.317950	0.206972	0.319976	0.318267	0.206818	0.207279	0.204533	0.312700	0.317377	0.318362	0.314451	0.310088	0.315136	0.309182	0.319126	0.308683	0.312714	0.292991	0.309548	0.305603	0.307016	0.314765	0.305915	0.216976	0.218010	0.302448	0.308679	0.201942	0.000000	0.206385	0.271190	0.311038	0.204739	0.208137	0.312900	0.204032	0.209800	0.269373	0.201490	0.206686	0.203567	0.201073	0.203684	0.199632	0.315911	0.207530	0.200458	0.205236	0.205101	0.203941	0.203938	0.201385	0.205216	0.202895	0.208851	0.204014	0.204193	0.248537	0.316619	0.312441	
0.237304	0.327815	0.209371	0.202931	0.208048	0.207635	0.323101	0.208889	0.207135	0.206064	0.208430	0.319878	0.318866	0.305245	0.314843	0.273192	0.266692	0.285498	0.205975	0.209032	0.317538	0.208782	0.321827	0.319874	0.211061	0.205657	0.208947	0.316570	0.320984	0.323371	0.318685	0.312154	0.319285	0.315013	0.321682	0.308599	0.317845	0.293927	0.311631	0.306505	0.309037	0.312742	0.303585	0.213850	0.215217	0.306046	0.309794	0.202632	0.206385	0.000000	0.268416	0.312098	0.207720	0.209536	0.315287	0.208503	0.211538	0.272981	0.206227	0.211361	0.207545	0.200856	0.207633	0.206236	0.318572	0.214035	0.207821	0.207479	0.208846	0.205393	0.209330	0.205475	0.209108	0.203502	0.209245	0.207863	0.209028	0.245240	0.315621	0.317358	
0.269617	0.307472	0.282294	0.279064	0.279636	0.275987	0.303013	0.275379	0.279070	0.284892	0.280939	0.305133	0.304205	0.285353	0.297524	0.243030	0.244562	0.247586	0.278059	0.276386	0.301074	0.270704	0.305100	0.306428	0.281286	0.277022	0.277498	0.305077	0.299428	0.300797	0.300299	0.301038	0.305251	0.293838	0.305345	0.285949	0.300992	0.270025	0.288797	0.292117	0.280972	0.298000	0.289989	0.277875	0.275746	0.291746	0.294742	0.260536	0.271190	0.268416	0.000000	0.300652	0.280073	0.281413	0.301009	0.284812	0.286715	0.301715	0.281444	0.283117	0.281066	0.281420	0.281222	0.280536	0.307280	0.282837	0.281367	0.281124	0.282887	0.279308	0.273966	0.286104	0.265645	0.280722	0.287257	0.278605	0.281353	0.258698	0.302163	0.303746	
0.300570	0.230415	0.318545	0.311345	0.315489	0.309820	0.234058	0.316574	0.316981	0.312117	0.317990	0.237068	0.232601	0.241224	0.238027	0.309583	0.277698	0.288108	0.311044	0.319281	0.234214	0.311416	0.229573	0.230661	0.316788	0.314707	0.312797	0.235606	0.231764	0.232300	0.230704	0.232060	0.235453	0.237256	0.230134	0.236473	0.232303	0.242863	0.236033	0.243941	0.239438	0.230516	0.243217	0.322140	0.310291	0.242152	0.232797	0.318260	0.311038	0.312098	0.300652	0.000000	0.316788	0.315377	0.228049	0.319415	0.315394	0.270251	0.317320	0.318284	0.317407	0.316209	0.316477	0.319876	0.233586	0.321471	0.314600	0.312177	0.322265	0.319779	0.316882	0.317209	0.317420	0.318288	0.322280	0.317814	0.321647	0.268556	0.226478	0.228767	
0.245392	0.327275	0.200131	0.199489	0.203565	0.203365	0.327841	0.205337	0.203660	0.201035	0.202006	0.323485	0.322774	0.311241	0.323669	0.278472	0.266856	0.285628	0.207930	0.206653	0.328081	0.203269	0.328720	0.326045	0.204980	0.204204	0.197177	0.323044	0.326990	0.325364	0.323977	0.316875	0.325515	0.314998	0.325578	0.311566	0.317754	0.302547	0.317196	0.316833	0.318482	0.325363	0.312916	0.212902	0.212038	0.310441	0.316899	0.200415	0.204739	0.207720	0.280073	0.316788	0.000000	0.196467	0.322366	0.205378	0.203001	0.273118	0.203138	0.206511	0.198100	0.199703	0.201075	0.202090	0.321543	0.204576	0.198888	0.203967	0.203427	0.200510	0.202774	0.198853	0.202598	0.198628	0.203380	0.200924	0.207505	0.251582	0.327097	0.324220	
0.245394	0.329646	0.204337	0.199256	0.206024	0.205198	0.326565	0.204547	0.202170	0.205624	0.199032	0.321090	0.320654	0.305589	0.318490	0.280203	0.269899	0.291662	0.205678	0.202494	0.322219	0.201631	0.324631	0.324484	0.201731	0.205990	0.200852	0.322999	0.322667	0.320140	0.320660	0.313953	0.324210	0.317775	0.324814	0.310261	0.316938	0.295938	0.318369	0.311431	0.317796	0.322766	0.310237	0.209276	0.219011	0.309865	0.314238	0.200233	0.208137	0.209536	0.281413	0.315377	0.196467	0.000000	0.319647	0.201367	0.200052	0.275352	0.205839	0.208125	0.205659	0.199123	0.198462	0.201930	0.319267	0.207541	0.201187	0.200486	0.207839	0.204580	0.202625	0.198738	0.209926	0.200900	0.207245	0.203427	0.205578	0.253259	0.321817	0.318415	
0.302445	0.222726	0.322367	0.316544	0.315322	0.313127	0.229101	0.317815	0.320926	0.315571	0.324128	0.225560	0.224069	0.237019	0.226716	0.309894	0.274602	0.286479	0.312625	0.320706	0.222068	0.314437	0.224703	0.228724	0.319715	0.321429	0.320269	0.236257	0.220624	0.225094	0.225087	0.229271	0.228810	0.230700	0.228447	0.233477	0.230779	0.247059	0.227402	0.240132	0.231326	0.229376	0.245219	0.324581	0.308896	0.236240	0.226828	0.320763	0.312900	0.315287	0.301009	0.228049	0.322366	0.319647	0.000000	0.321067	0.316609	0.268387	0.314039	0.319656	0.317964	0.322386	0.321470	0.323247	0.228770	0.325460	0.323506	0.320445	0.321914	0.323617	0.320926	0.315976	0.319371	0.321182	0.325411	0.324079	0.328423	0.271523	0.222326	0.223039	
