1.0000 0.5345 0.5372 0.4485 0.5777 0.3875 0.5521 0.4049 0.4830 0.4804 0.4746 0.4822 0.5348 0.4593 0.5895 0.5839 0.4424 0.5697 0.4445 0.5317 0.5062 0.4443 0.6199 0.4851 0.4760 0.4644 0.5941 0.4963 0.4621 0.4978 0.5864 0.5772 0.4855 0.4557 0.5935 0.5181 0.5803 0.4155 0.6530 0.5622 0.4702 0.5499 0.4599 0.4957 0.4288 0.5188 0.5162 0.4878 0.4589 0.4675
0.5345 1.0000 0.5795 0.5463 0.5355 0.4024 0.4908 0.3886 0.6004 0.4528 0.5090 0.4544 0.4630 0.5005 0.5621 0.5680 0.4615 0.4916 0.4747 0.5047 0.5818 0.4911 0.4673 0.5595 0.4448 0.4483 0.4967 0.4712 0.5274 0.4871 0.5325 0.6384 0.4178 0.4509 0.5164 0.5112 0.6042 0.4290 0.5650 0.5676 0.5086 0.4770 0.4600 0.4386 0.4221 0.4525 0.4664 0.5480 0.4944 0.4602
0.5372 0.5795 1.0000 0.5258 0.6035 0.4599 0.5724 0.4620 0.5615 0.6022 0.5211 0.5805 0.5721 0.6048 0.5987 0.7193 0.5467 0.5509 0.5630 0.5544 0.5705 0.4852 0.6002 0.6096 0.6122 0.5564 0.5791 0.5705 0.5897 0.5603 0.6002 0.6710 0.4849 0.5960 0.6390 0.6837 0.6569 0.4196 0.5719 0.6044 0.5939 0.5587 0.4770 0.5439 0.5356 0.5039 0.5266 0.5243 0.5563 0.5557
0.4485 0.5463 0.5258 1.0000 0.4858 0.4652 0.4691 0.3993 0.5613 0.5362 0.4742 0.4784 0.5558 0.5223 0.4564 0.4955 0.5454 0.4546 0.5758 0.4263 0.5280 0.5007 0.4539 0.5309 0.5203 0.4538 0.4689 0.5527 0.4997 0.4988 0.5063 0.4756 0.4793 0.5572 0.5196 0.5326 0.5306 0.3634 0.4626 0.4780 0.5559 0.4925 0.5004 0.4525 0.4800 0.5005 0.4880 0.4421 0.5597 0.4864
0.5777 0.5355 0.6035 0.4858 1.0000 0.4948 0.5713 0.4546 0.4867 0.5521 0.5239 0.5312 0.5785 0.5695 0.6528 0.6154 0.5214 0.5279 0.4780 0.6060 0.5330 0.4712 0.5876 0.5823 0.5682 0.5414 0.6667 0.5855 0.4612 0.5675 0.5569 0.5994 0.5405 0.5685 0.6012 0.5677 0.7099 0.5097 0.6229 0.6288 0.5629 0.5177 0.4996 0.5115 0.4634 0.5325 0.5350 0.5779 0.5225 0.5790
0.3875 0.4024 0.4599 0.4652 0.4948 1.0000 0.3670 0.4226 0.4643 0.4848 0.5019 0.4496 0.4602 0.4731 0.3879 0.4448 0.4886 0.4150 0.4993 0.3916 0.4582 0.4592 0.3897 0.4703 0.5013 0.4342 0.4451 0.5343 0.4240 0.4746 0.4387 0.4214 0.5081 0.5263 0.4396 0.4510 0.4762 0.3840 0.4002 0.4625 0.5083 0.4544 0.5241 0.4103 0.4829 0.4611 0.4995 0.3873 0.5295 0.4910
0.5521 0.4908 0.5724 0.4691 0.5713 0.3670 1.0000 0.4487 0.4541 0.4898 0.4361 0.5035 0.5695 0.4267 0.6593 0.5437 0.4331 0.4948 0.4906 0.5893 0.4630 0.3994 0.5802 0.4925 0.4650 0.4781 0.5647 0.4649 0.5017 0.4821 0.5044 0.5778 0.4753 0.4658 0.5551 0.5494 0.5807 0.4381 0.5040 0.5798 0.4438 0.4540 0.4021 0.5225 0.4229 0.4910 0.4429 0.5317 0.4082 0.4449
0.4049 0.3886 0.4620 0.3993 0.4546 0.4226 0.4487 1.0000 0.3945 0.4574 0.5089 0.4586 0.4565 0.4023 0.4155 0.4110 0.3858 0.4995 0.4624 0.4537 0.4002 0.4408 0.4458 0.4275 0.4580 0.3899 0.4516 0.4710 0.4458 0.4608 0.4483 0.4521 0.4538 0.4876 0.4129 0.4496 0.4316 0.4914 0.3983 0.4317 0.4016 0.4018 0.4051 0.4756 0.5125 0.4332 0.4601 0.4067 0.4133 0.4179
0.4830 0.6004 0.5615 0.5613 0.4867 0.4643 0.4541 0.3945 1.0000 0.5083 0.4499 0.4835 0.5161 0.5248 0.5009 0.5480 0.5086 0.4551 0.5146 0.4427 0.6218 0.5249 0.4342 0.5751 0.4754 0.4853 0.4364 0.5095 0.5365 0.5426 0.4938 0.5476 0.4744 0.4876 0.4856 0.5252 0.5375 0.3827 0.5106 0.5031 0.5952 0.4834 0.4690 0.4441 0.4500 0.4296 0.4560 0.4621 0.5536 0.4886
0.4804 0.4528 0.6022 0.5362 0.5521 0.4848 0.4898 0.4574 0.5083 1.0000 0.4771 0.5763 0.5688 0.5699 0.4873 0.5866 0.5626 0.5034 0.6366 0.4721 0.5116 0.5647 0.5784 0.5663 0.6976 0.6061 0.5397 0.6734 0.5140 0.6222 0.5240 0.5203 0.5590 0.6685 0.6018 0.5713 0.5779 0.4140 0.5012 0.5174 0.5820 0.5136 0.5174 0.6119 0.5861 0.5033 0.5209 0.4966 0.6199 0.6060
0.4746 0.5090 0.5211 0.4742 0.5239 0.5019 0.4361 0.5089 0.4499 0.4771 1.0000 0.4604 0.4363 0.5203 0.4713 0.5099 0.4569 0.5328 0.4840 0.4741 0.4320 0.4889 0.4935 0.4951 0.5017 0.4066 0.5239 0.5018 0.4561 0.4814 0.5609 0.4753 0.4767 0.4918 0.4919 0.4962 0.4905 0.4870 0.5001 0.5243 0.4922 0.5380 0.4972 0.4860 0.4823 0.5461 0.5109 0.4064 0.5107 0.4568
0.4822 0.4544 0.5805 0.4784 0.5312 0.4496 0.5035 0.4586 0.4835 0.5763 0.4604 1.0000 0.5202 0.4948 0.5262 0.5918 0.4943 0.4859 0.5333 0.5434 0.5205 0.5436 0.5591 0.5845 0.5819 0.5629 0.5460 0.6040 0.5053 0.7121 0.5085 0.5258 0.4864 0.5383 0.5498 0.5644 0.5939 0.4344 0.5197 0.5361 0.5714 0.5187 0.4752 0.5784 0.4786 0.4887 0.5005 0.4849 0.5367 0.5546
0.5348 0.4630 0.5721 0.5558 0.5785 0.4602 0.5695 0.4565 0.5161 0.5688 0.4363 0.5202 1.0000 0.4787 0.5757 0.5770 0.4985 0.4678 0.5101 0.5120 0.5637 0.4285 0.5693 0.5317 0.5200 0.5281 0.5201 0.5657 0.4884 0.5107 0.4924 0.5139 0.5795 0.5463 0.5304 0.5383 0.5810 0.3849 0.5400 0.5064 0.5916 0.4818 0.4951 0.4993 0.4843 0.4335 0.5069 0.4708 0.5103 0.5317
0.4593 0.5005 0.6048 0.5223 0.5695 0.4731 0.4267 0.4023 0.5248 0.5699 0.5203 0.4948 0.4787 1.0000 0.4848 0.5721 0.5837 0.5210 0.5596 0.4569 0.4741 0.4600 0.5344 0.5500 0.6222 0.5101 0.5471 0.6037 0.4560 0.5258 0.5859 0.5334 0.5051 0.5980 0.6253 0.6032 0.5723 0.4572 0.5378 0.4765 0.6097 0.5748 0.5235 0.5125 0.5142 0.5757 0.5179 0.5403 0.5977 0.5820
0.5895 0.5621 0.5987 0.4564 0.6528 0.3879 0.6593 0.4155 0.5009 0.4873 0.4713 0.5262 0.5757 0.4848 1.0000 0.6496 0.4704 0.4915 0.4608 0.6838 0.5700 0.4308 0.5876 0.5530 0.4848 0.5502 0.6041 0.4903 0.4853 0.5087 0.5324 0.6444 0.5019 0.4663 0.5505 0.5574 0.6524 0.4887 0.6271 0.6635 0.5221 0.5096 0.4563 0.4870 0.4057 0.4685 0.4755 0.5831 0.4521 0.4911
0.5839 0.5680 0.7193 0.4955 0.6154 0.4448 0.5437 0.4110 0.5480 0.5866 0.5099 0.5918 0.5770 0.5721 0.6496 1.0000 0.5256 0.5269 0.4924 0.5899 0.6148 0.5089 0.6383 0.6428 0.5677 0.6191 0.6172 0.5506 0.5298 0.6036 0.5929 0.6611 0.4729 0.5155 0.6161 0.6092 0.6648 0.4465 0.6506 0.6290 0.6270 0.5602 0.4916 0.5665 0.4750 0.5043 0.5351 0.5416 0.5267 0.5577
0.4424 0.4615 0.5467 0.5454 0.5214 0.4886 0.4331 0.3858 0.5086 0.5626 0.4569 0.4943 0.4985 0.5837 0.4704 0.5256 1.0000 0.4820 0.5027 0.4376 0.4585 0.4508 0.5141 0.5041 0.5547 0.5228 0.4806 0.5915 0.4776 0.5253 0.4988 0.4773 0.4636 0.5769 0.5434 0.5962 0.5454 0.3688 0.5439 0.4459 0.5357 0.5443 0.5290 0.4774 0.4641 0.4868 0.4666 0.4598 0.5867 0.5539
0.5697 0.4916 0.5509 0.4546 0.5279 0.4150 0.4948 0.4995 0.4551 0.5034 0.5328 0.4859 0.4678 0.5210 0.4915 0.5269 0.4820 1.0000 0.5132 0.5205 0.4526 0.5428 0.6347 0.5164 0.5317 0.4451 0.5790 0.5035 0.5563 0.5101 0.6413 0.5117 0.5204 0.5006 0.5359 0.5434 0.5018 0.4546 0.5462 0.5330 0.4621 0.6201 0.4244 0.5217 0.5923 0.6220 0.5406 0.4538 0.5014 0.4566
0.4445 0.4747 0.5630 0.5758 0.4780 0.4993 0.4906 0.4624 0.5146 0.6366 0.4840 0.5333 0.5101 0.5596 0.4608 0.4924 0.5027 0.5132 1.0000 0.4288 0.4904 0.5272 0.4883 0.5155 0.6045 0.4819 0.4853 0.6053 0.5246 0.5195 0.5536 0.4918 0.6035 0.6422 0.5423 0.5437 0.4995 0.3811 0.4291 0.4694 0.5358 0.5234 0.4746 0.5435 0.6233 0.5578 0.5199 0.4529 0.6246 0.4969
0.5317 0.5047 0.5544 0.4263 0.6060 0.3916 0.5893 0.4537 0.4427 0.4721 0.4741 0.5434 0.5120 0.4569 0.6838 0.5899 0.4376 0.5205 0.4288 1.0000 0.5307 0.4763 0.5653 0.5286 0.4889 0.5379 0.5917 0.5020 0.4784 0.5343 0.5156 0.6006 0.4723 0.4711 0.5176 0.5165 0.6118 0.5215 0.5563 0.6319 0.5077 0.5238 0.4292 0.4932 0.4265 0.4758 0.4584 0.5364 0.4290 0.4726
0.5062 0.5818 0.5705 0.5280 0.5330 0.4582 0.4630 0.4002 0.6218 0.5116 0.4320 0.5205 0.5637 0.4741 0.5700 0.6148 0.4585 0.4526 0.4904 0.5307 1.0000 0.5024 0.4680 0.6599 0.5042 0.5678 0.4902 0.5285 0.5305 0.5468 0.4562 0.6021 0.4903 0.5060 0.4858 0.5005 0.5675 0.4142 0.5120 0.5646 0.6169 0.4469 0.4918 0.4451 0.4933 0.4074 0.4911 0.5187 0.5025 0.5120
0.4443 0.4911 0.4852 0.5007 0.4712 0.4592 0.3994 0.4408 0.5249 0.5647 0.4889 0.5436 0.4285 0.4600 0.4308 0.5089 0.4508 0.5428 0.5272 0.4763 0.5024 1.0000 0.4322 0.5344 0.5541 0.4780 0.4547 0.5170 0.5661 0.6140 0.4875 0.4842 0.4971 0.4943 0.4464 0.4632 0.4884 0.3836 0.4371 0.5307 0.5027 0.4839 0.4257 0.5030 0.5324 0.4803 0.4506 0.4071 0.5915 0.4586
0.6199 0.4673 0.6002 0.4539 0.5876 0.3897 0.5802 0.4458 0.4342 0.5784 0.4935 0.5591 0.5693 0.5344 0.5876 0.6383 0.5141 0.6347 0.4883 0.5653 0.4680 0.4322 1.0000 0.5402 0.5728 0.5439 0.6698 0.5661 0.4866 0.5555 0.6216 0.5455 0.4827 0.5263 0.6511 0.5960 0.6170 0.4744 0.6502 0.5417 0.5171 0.5943 0.5052 0.5913 0.4799 0.5760 0.5405 0.5260 0.4531 0.5636
0.4851 0.5595 0.6096 0.5309 0.5823 0.4703 0.4925 0.4275 0.5751 0.5663 0.4951 0.5845 0.5317 0.5500 0.5530 0.6428 0.5041 0.5164 0.5155 0.5286 0.6599 0.5344 0.5402 1.0000 0.5916 0.6150 0.5839 0.5603 0.5547 0.6100 0.5094 0.5895 0.4473 0.5196 0.5777 0.5427 0.6287 0.4702 0.5421 0.5866 0.6473 0.4556 0.5159 0.5653 0.5036 0.5086 0.5252 0.5633 0.5059 0.5495
0.4760 0.4448 0.6122 0.5203 0.5682 0.5013 0.4650 0.4580 0.4754 0.6976 0.5017 0.5819 0.5200 0.6222 0.4848 0.5677 0.5547 0.5317 0.6045 0.4889 0.5042 0.5541 0.5728 0.5916 1.0000 0.5774 0.5630 0.6825 0.5253 0.6338 0.5361 0.5349 0.5455 0.6902 0.6410 0.5891 0.5685 0.4217 0.4885 0.5383 0.5721 0.5145 0.5314 0.5711 0.5824 0.5411 0.5468 0.4911 0.5809 0.6089
0.4644 0.4483 0.5564 0.4538 0.5414 0.4342 0.4781 0.3899 0.4853 0.6061 0.4066 0.5629 0.5281 0.5101 0.5502 0.6191 0.5228 0.4451 0.4819 0.5379 0.5678 0.4780 0.5439 0.6150 0.5774 1.0000 0.5484 0.5666 0.5479 0.5926 0.4500 0.5502 0.4316 0.5385 0.5489 0.5319 0.6039 0.4691 0.5038 0.5278 0.5832 0.4434 0.5149 0.5142 0.4400 0.4475 0.4949 0.5574 0.4845 0.5434
0.5941 0.4967 0.5791 0.4689 0.6667 0.4451 0.5647 0.4516 0.4364 0.5397 0.5239 0.5460 0.5201 0.5471 0.6041 0.6172 0.4806 0.5790 0.4853 0.5917 0.4902 0.4547 0.6698 0.5839 0.5630 0.5484 1.0000 0.5853 0.4683 0.5366 0.6190 0.6002 0.4552 0.5395 0.6509 0.5712 0.6648 0.5222 0.6259 0.6112 0.5494 0.5568 0.5351 0.5805 0.4667 0.6256 0.6319 0.5753 0.4614 0.5376
0.4963 0.4712 0.5705 0.5527 0.5855 0.5343 0.4649 0.4710 0.5095 0.6734 0.5018 0.6040 0.5657 0.6037 0.4903 0.5506 0.5915 0.5035 0.6053 0.5020 0.5285 0.5170 0.5661 0.5603 0.6825 0.5666 0.5853 1.0000 0.4777 0.6601 0.5369 0.5358 0.5805 0.7342 0.6110 0.5973 0.6136 0.4439 0.5307 0.5268 0.6071 0.5515 0.6316 0.5478 0.5599 0.5171 0.5829 0.5114 0.6183 0.6758
0.4621 0.5274 0.5897 0.4997 0.4612 0.4240 0.5017 0.4458 0.5365 0.5140 0.4561 0.5053 0.4884 0.4560 0.4853 0.5298 0.4776 0.5563 0.5246 0.4784 0.5305 0.5661 0.4866 0.5547 0.5253 0.5479 0.4683 0.4777 1.0000 0.5155 0.4904 0.5526 0.4420 0.4945 0.4789 0.5408 0.4974 0.3734 0.4201 0.5524 0.4740 0.4513 0.4421 0.4817 0.5237 0.4671 0.4864 0.4381 0.5070 0.4384
0.4978 0.4871 0.5603 0.4988 0.5675 0.4746 0.4821 0.4608 0.5426 0.6222 0.4814 0.7121 0.5107 0.5258 0.5087 0.6036 0.5253 0.5101 0.5195 0.5343 0.5468 0.6140 0.5555 0.6100 0.6338 0.5926 0.5366 0.6601 0.5155 1.0000 0.4994 0.5523 0.4926 0.5762 0.5620 0.5500 0.6121 0.4465 0.5358 0.5600 0.5760 0.4966 0.5154 0.6012 0.4921 0.4882 0.5049 0.5055 0.5481 0.5964
0.5864 0.5325 0.6002 0.5063 0.5569 0.4387 0.5044 0.4483 0.4938 0.5240 0.5609 0.5085 0.4924 0.5859 0.5324 0.5929 0.4988 0.6413 0.5536 0.5156 0.4562 0.4875 0.6216 0.5094 0.5361 0.4500 0.6190 0.5369 0.4904 0.4994 1.0000 0.5230 0.5079 0.5218 0.6078 0.5611 0.5653 0.4454 0.6070 0.5411 0.5203 0.6646 0.4785 0.5495 0.5168 0.6539 0.6127 0.4572 0.5298 0.4828
0.5772 0.6384 0.6710 0.4756 0.5994 0.4214 0.5778 0.4521 0.5476 0.5203 0.4753 0.5258 0.5139 0.5334 0.6444 0.6611 0.4773 0.5117 0.4918 0.6006 0.6021 0.4842 0.5455 0.5895 0.5349 0.5502 0.6002 0.5358 0.5526 0.5523 0.5230 1.0000 0.4336 0.5176 0.6013 0.6089 0.6623 0.4717 0.5705 0.6604 0.5363 0.4802 0.4711 0.5060 0.4518 0.4626 0.4891 0.6408 0.4682 0.5129
0.4855 0.4178 0.4849 0.4793 0.5405 0.5081 0.4753 0.4538 0.4744 0.5590 0.4767 0.4864 0.5795 0.5051 0.5019 0.4729 0.4636 0.5204 0.6035 0.4723 0.4903 0.4971 0.4827 0.4473 0.5455 0.4316 0.4552 0.5805 0.4420 0.4926 0.5079 0.4336 1.0000 0.6010 0.4620 0.4870 0.4621 0.3766 0.4565 0.4941 0.5094 0.5495 0.4541 0.4674 0.6198 0.4857 0.5026 0.4020 0.6219 0.5072
0.4557 0.4509 0.5960 0.5572 0.5685 0.5263 0.4658 0.4876 0.4876 0.6685 0.4918 0.5383 0.5463 0.5980 0.4663 0.5155 0.5769 0.5006 0.6422 0.4711 0.5060 0.4943 0.5263 0.5196 0.6902 0.5385 0.5395 0.7342 0.4945 0.5762 0.5218 0.5176 0.6010 1.0000 0.5829 0.5945 0.5699 0.4227 0.4725 0.5015 0.5741 0.5346 0.5334 0.5248 0.6096 0.5342 0.5425 0.5009 0.6326 0.6261
0.5935 0.5164 0.6390 0.5196 0.6012 0.4396 0.5551 0.4129 0.4856 0.6018 0.4919 0.5498 0.5304 0.6253 0.5505 0.6161 0.5434 0.5359 0.5423 0.5176 0.4858 0.4464 0.6511 0.5777 0.6410 0.5489 0.6509 0.6110 0.4789 0.5620 0.6078 0.6013 0.4620 0.5829 1.0000 0.6430 0.6637 0.4553 0.5825 0.5551 0.5538 0.5381 0.5484 0.5433 0.4665 0.5863 0.5506 0.5668 0.4914 0.5815
0.5181 0.5112 0.6837 0.5326 0.5677 0.4510 0.5494 0.4496 0.5252 0.5713 0.4962 0.5644 0.5383 0.6032 0.5574 0.6092 0.5962 0.5434 0.5437 0.5165 0.5005 0.4632 0.5960 0.5427 0.5891 0.5319 0.5712 0.5973 0.5408 0.5500 0.5611 0.6089 0.4870 0.5945 0.6430 1.0000 0.6154 0.4177 0.5523 0.5600 0.5458 0.5725 0.5109 0.4819 0.4975 0.4979 0.5047 0.5053 0.5473 0.5493
0.5803 0.6042 0.6569 0.5306 0.7099 0.4762 0.5807 0.4316 0.5375 0.5779 0.4905 0.5939 0.5810 0.5723 0.6524 0.6648 0.5454 0.5018 0.4995 0.6118 0.5675 0.4884 0.6170 0.6287 0.5685 0.6039 0.6648 0.6136 0.4974 0.6121 0.5653 0.6623 0.4621 0.5699 0.6637 0.6154 1.0000 0.5187 0.6546 0.6290 0.6016 0.5216 0.5405 0.5415 0.4310 0.5189 0.5159 0.6591 0.5138 0.6152
0.4155 0.4290 0.4196 0.3634 0.5097 0.3840 0.4381 0.4914 0.3827 0.4140 0.4870 0.4344 0.3849 0.4572 0.4887 0.4465 0.3688 0.4546 0.3811 0.5215 0.4142 0.3836 0.4744 0.4702 0.4217 0.4691 0.5222 0.4439 0.3734 0.4465 0.4454 0.4717 0.3766 0.4227 0.4553 0.4177 0.5187 1.0000 0.4720 0.4506 0.4444 0.4264 0.4421 0.4343 0.3686 0.4699 0.4129 0.5721 0.3668 0.4182
0.6530 0.5650 0.5719 0.4626 0.6229 0.4002 0.5040 0.3983 0.5106 0.5012 0.5001 0.5197 0.5400 0.5378 0.6271 0.6506 0.5439 0.5462 0.4291 0.5563 0.5120 0.4371 0.6502 0.5421 0.4885 0.5038 0.6259 0.5307 0.4201 0.5358 0.6070 0.5705 0.4565 0.4725 0.5825 0.5523 0.6546 0.4720 1.0000 0.5356 0.5451 0.6136 0.5002 0.5296 0.3965 0.5115 0.5309 0.5247 0.4847 0.5232
0.5622 0.5676 0.6044 0.4780 0.6288 0.4625 0.5798 0.4317 0.5031 0.5174 0.5243 0.5361 0.5064 0.4765 0.6635 0.6290 0.4459 0.5330 0.4694 0.6319 0.5646 0.5307 0.5417 0.5866 0.5383 0.5278 0.6112 0.5268 0.5524 0.5600 0.5411 0.6604 0.4941 0.5015 0.5551 0.5600 0.6290 0.4506 0.5356 1.0000 0.5052 0.5064 0.4556 0.5004 0.4608 0.4989 0.5176 0.5353 0.4956 0.4728
0.4702 0.5086 0.5939 0.5559 0.5629 0.5083 0.4438 0.4016 0.5952 0.5820 0.4922 0.5714 0.5916 0.6097 0.5221 0.6270 0.5357 0.4621 0.5358 0.5077 0.6169 0.5027 0.5171 0.6473 0.5721 0.5832 0.5494 0.6071 0.4740 0.5760 0.5203 0.5363 0.5094 0.5741 0.5538 0.5458 0.6016 0.4444 0.5451 0.5052 1.0000 0.5351 0.5380 0.5200 0.4865 0.4918 0.5248 0.5151 0.5890 0.5794
0.5499 0.4770 0.5587 0.4925 0.5177 0.4544 0.4540 0.4018 0.4834 0.5136 0.5380 0.5187 0.4818 0.5748 0.5096 0.5602 0.5443 0.6201 0.5234 0.5238 0.4469 0.4839 0.5943 0.4556 0.5145 0.4434 0.5568 0.5515 0.4513 0.4966 0.6646 0.4802 0.5495 0.5346 0.5381 0.5725 0.5216 0.4264 0.6136 0.5064 0.5351 1.0000 0.4684 0.4791 0.5005 0.5969 0.5309 0.4158 0.5911 0.4845
0.4599 0.4600 0.4770 0.5004 0.4996 0.5241 0.4021 0.4051 0.4690 0.5174 0.4972 0.4752 0.4951 0.5235 0.4563 0.4916 0.5290 0.4244 0.4746 0.4292 0.4918 0.4257 0.5052 0.5159 0.5314 0.5149 0.5351 0.6316 0.4421 0.5154 0.4785 0.4711 0.4541 0.5334 0.5484 0.5109 0.5405 0.4421 0.5002 0.4556 0.5380 0.4684 1.0000 0.4707 0.4333 0.4642 0.5549 0.4556 0.4823 0.5594
0.4957 0.4386 0.5439 0.4525 0.5115 0.4103 0.5225 0.4756 0.4441 0.6119 0.4860 0.5784 0.4993 0.5125 0.4870 0.5665 0.4774 0.5217 0.5435 0.4932 0.4451 0.5030 0.5913 0.5653 0.5711 0.5142 0.5805 0.5478 0.4817 0.6012 0.5495 0.5060 0.4674 0.5248 0.5433 0.4819 0.5415 0.4343 0.5296 0.5004 0.5200 0.4791 0.4707 1.0000 0.5250 0.5751 0.5285 0.4968 0.4956 0.5187
0.4288 0.4221 0.5356 0.4800 0.4634 0.4829 0.4229 0.5125 0.4500 0.5861 0.4823 0.4786 0.4843 0.5142 0.4057 0.4750 0.4641 0.5923 0.6233 0.4265 0.4933 0.5324 0.4799 0.5036 0.5824 0.4400 0.4667 0.5599 0.5237 0.4921 0.5168 0.4518 0.6198 0.6096 0.4665 0.4975 0.4310 0.3686 0.3965 0.4608 0.4865 0.5005 0.4333 0.5250 1.0000 0.5348 0.5303 0.3904 0.5890 0.4870
0.5188 0.4525 0.5039 0.5005 0.5325 0.4611 0.4910 0.4332 0.4296 0.5033 0.5461 0.4887 0.4335 0.5757 0.4685 0.5043 0.4868 0.6220 0.5578 0.4758 0.4074 0.4803 0.5760 0.5086 0.5411 0.4475 0.6256 0.5171 0.4671 0.4882 0.6539 0.4626 0.4857 0.5342 0.5863 0.4979 0.5189 0.4699 0.5115 0.4989 0.4918 0.5969 0.4642 0.5751 0.5348 1.0000 0.5672 0.4947 0.5221 0.4608
0.5162 0.4664 0.5266 0.4880 0.5350 0.4995 0.4429 0.4601 0.4560 0.5209 0.5109 0.5005 0.5069 0.5179 0.4755 0.5351 0.4666 0.5406 0.5199 0.4584 0.4911 0.4506 0.5405 0.5252 0.5468 0.4949 0.6319 0.5829 0.4864 0.5049 0.6127 0.4891 0.5026 0.5425 0.5506 0.5047 0.5159 0.4129 0.5309 0.5176 0.5248 0.5309 0.5549 0.5285 0.5303 0.5672 1.0000 0.4284 0.4925 0.4879
0.4878 0.5480 0.5243 0.4421 0.5779 0.3873 0.5317 0.4067 0.4621 0.4966 0.4064 0.4849 0.4708 0.5403 0.5831 0.5416 0.4598 0.4538 0.4529 0.5364 0.5187 0.4071 0.5260 0.5633 0.4911 0.5574 0.5753 0.5114 0.4381 0.5055 0.4572 0.6408 0.4020 0.5009 0.5668 0.5053 0.6591 0.5721 0.5247 0.5353 0.5151 0.4158 0.4556 0.4968 0.3904 0.4947 0.4284 1.0000 0.4231 0.5070
0.4589 0.4944 0.5563 0.5597 0.5225 0.5295 0.4082 0.4133 0.5536 0.6199 0.5107 0.5367 0.5103 0.5977 0.4521 0.5267 0.5867 0.5014 0.6246 0.4290 0.5025 0.5915 0.4531 0.5059 0.5809 0.4845 0.4614 0.6183 0.5070 0.5481 0.5298 0.4682 0.6219 0.6326 0.4914 0.5473 0.5138 0.3668 0.4847 0.4956 0.5890 0.5911 0.4823 0.4956 0.5890 0.5221 0.4925 0.4231 1.0000 0.5516
0.4675 0.4602 0.5557 0.4864 0.5790 0.4910 0.4449 0.4179 0.4886 0.6060 0.4568 0.5546 0.5317 0.5820 0.4911 0.5577 0.5539 0.4566 0.4969 0.4726 0.5120 0.4586 0.5636 0.5495 0.6089 0.5434 0.5376 0.6758 0.4384 0.5964 0.4828 0.5129 0.5072 0.6261 0.5815 0.5493 0.6152 0.4182 0.5232 0.4728 0.5794 0.4845 0.5594 0.5187 0.4870 0.4608 0.4879 0.5070 0.5516 1.0000
