1.0000	0.6521	0.6634	0.7148	0.7189	0.5477	0.4961	0.6454	0.6572	0.6305	0.5481	0.6856	0.6660	0.6524	0.5917	0.5529	0.5580	0.5115	0.6909	0.5672	0.7329	0.5778	0.5743	0.5652	0.6673	0.5517	0.5004	0.5111	0.6286	0.6213	0.6991	0.6978	0.6207	0.6712	0.6570	0.5374	0.6499	0.5614	0.5984	0.5870	0.6015	0.6785	0.6322	0.5746	0.6249	0.6114	0.8001	0.6268	0.6584	0.7227
0.6521	1.0000	0.6521	0.6865	0.6536	0.6160	0.5608	0.7407	0.6556	0.7185	0.6177	0.7463	0.6408	0.7848	0.6800	0.7162	0.6375	0.5723	0.7726	0.8030	0.7184	0.5776	0.6823	0.6022	0.6014	0.7260	0.5962	0.6145	0.6152	0.6432	0.7188	0.6509	0.7546	0.7491	0.6830	0.6631	0.6505	0.6280	0.7895	0.6932	0.5943	0.6831	0.7167	0.5749	0.7120	0.6599	0.6743	0.6784	0.5464	0.7545
0.6634	0.6521	1.0000	0.6146	0.7649	0.6432	0.5781	0.7169	0.6262	0.6854	0.5498	0.6499	0.5873	0.6980	0.5710	0.5729	0.5713	0.5710	0.7023	0.6495	0.6762	0.5986	0.5611	0.6405	0.7408	0.5713	0.6269	0.5672	0.6481	0.6178	0.7253	0.7078	0.6366	0.7459	0.6822	0.5391	0.7446	0.6097	0.6209	0.6502	0.6191	0.6582	0.6643	0.5914	0.6416	0.6782	0.6748	0.7073	0.6438	0.6595
0.7148	0.6865	0.6146	1.0000	0.6072	0.6051	0.4844	0.6957	0.5811	0.7007	0.5586	0.7220	0.6809	0.6849	0.6078	0.5801	0.6548	0.4908	0.7281	0.6107	0.7246	0.5257	0.6226	0.5410	0.6321	0.6157	0.4836	0.5119	0.6596	0.6869	0.5986	0.6695	0.6031	0.6092	0.7374	0.6395	0.6032	0.5592	0.6409	0.5426	0.5283	0.6022	0.5886	0.5322	0.6224	0.6169	0.7292	0.5795	0.5842	0.6806
0.7189	0.6536	0.7649	0.6072	1.0000	0.5978	0.5628	0.6865	0.6790	0.6547	0.5396	0.6470	0.6038	0.6590	0.6188	0.5928	0.5303	0.5818	0.7017	0.6146	0.7015	0.6397	0.5732	0.6338	0.7076	0.5612	0.6309	0.5781	0.6362	0.6290	0.7536	0.7283	0.6582	0.7259	0.6654	0.5329	0.7365	0.6184	0.5946	0.6455	0.6383	0.7253	0.7128	0.6189	0.6124	0.6768	0.6859	0.7120	0.6582	0.7506
0.5477	0.6160	0.6432	0.6051	0.5978	1.0000	0.5212	0.6392	0.5306	0.6258	0.5625	0.6298	0.5608	0.6473	0.5466	0.6210	0.6730	0.5531	0.6415	0.6316	0.6469	0.5233	0.5985	0.5923	0.5777	0.5901	0.5892	0.5673	0.6015	0.5808	0.5742	0.5529	0.6205	0.5878	0.6428	0.6126	0.6246	0.5695	0.6165	0.5662	0.5194	0.5650	0.5891	0.5083	0.5345	0.5869	0.5536	0.5807	0.5240	0.6377
0.4961	0.5608	0.5781	0.4844	0.5628	0.5212	1.0000	0.5251	0.6073	0.5106	0.6085	0.5031	0.4295	0.5396	0.5410	0.5994	0.4836	0.5991	0.5349	0.5688	0.4889	0.5357	0.5594	0.5483	0.4895	0.5387	0.6041	0.6098	0.4368	0.4864	0.6033	0.5720	0.5550	0.6060	0.5260	0.4918	0.5590	0.6246	0.5196	0.5801	0.6235	0.5250	0.5741	0.5564	0.5688	0.5595	0.5204	0.5993	0.4775	0.5154
0.6454	0.7407	0.7169	0.6957	0.6865	0.6392	0.5251	1.0000	0.5708	0.7519	0.5304	0.7208	0.6454	0.7658	0.6045	0.5953	0.6436	0.5363	0.7834	0.7012	0.7683	0.5609	0.6105	0.6094	0.7035	0.6472	0.5961	0.5517	0.6884	0.7077	0.6746	0.6752	0.6656	0.7104	0.7157	0.6382	0.6862	0.5714	0.7088	0.6161	0.5621	0.6542	0.6581	0.5480	0.6381	0.6489	0.6747	0.6553	0.6176	0.7139
0.6572	0.6556	0.6262	0.5811	0.6790	0.5306	0.6073	0.5708	1.0000	0.6178	0.6267	0.5920	0.5179	0.6139	0.6214	0.6698	0.4857	0.6211	0.6548	0.6570	0.5818	0.7025	0.6667	0.5636	0.5620	0.5932	0.5844	0.6459	0.5097	0.5909	0.7047	0.6391	0.6559	0.6899	0.5963	0.5316	0.6126	0.6744	0.6169	0.6948	0.5969	0.7009	0.6779	0.6443	0.6894	0.5978	0.6266	0.6555	0.4991	0.6636
0.6305	0.7185	0.6854	0.7007	0.6547	0.6258	0.5106	0.7519	0.6178	1.0000	0.5343	0.6867	0.6275	0.6925	0.5759	0.6089	0.6060	0.5316	0.7730	0.7270	0.7059	0.6229	0.6629	0.5629	0.7165	0.6493	0.5743	0.5499	0.6874	0.7381	0.6437	0.6542	0.6528	0.6814	0.7680	0.6272	0.6287	0.5657	0.7150	0.6271	0.5344	0.6987	0.6192	0.5448	0.7042	0.6205	0.6304	0.6179	0.6054	0.6834
0.5481	0.6177	0.5498	0.5586	0.5396	0.5625	0.6085	0.5304	0.6267	0.5343	1.0000	0.5334	0.4799	0.5670	0.6122	0.7123	0.6231	0.7151	0.5479	0.6245	0.5077	0.5449	0.6587	0.4879	0.5076	0.7098	0.6049	0.6703	0.4682	0.4649	0.5811	0.5504	0.5986	0.6296	0.5415	0.5590	0.5312	0.6234	0.5709	0.6212	0.5097	0.5613	0.5721	0.5540	0.6146	0.5371	0.5578	0.5719	0.4359	0.5455
0.6856	0.7463	0.6499	0.7220	0.6470	0.6298	0.5031	0.7208	0.5920	0.6867	0.5334	1.0000	0.6953	0.7535	0.6388	0.6135	0.6543	0.5040	0.7705	0.6673	0.7692	0.5550	0.6282	0.6141	0.6299	0.5971	0.5481	0.5362	0.6612	0.6928	0.6401	0.6316	0.6709	0.6441	0.7451	0.6389	0.6528	0.5719	0.7083	0.5998	0.5692	0.6532	0.6590	0.5520	0.6192	0.6498	0.7272	0.6297	0.6117	0.7433
0.6660	0.6408	0.5873	0.6809	0.6038	0.5608	0.4295	0.6454	0.5179	0.6275	0.4799	0.6953	1.0000	0.6489	0.5800	0.5404	0.5704	0.4396	0.6538	0.5533	0.6914	0.5040	0.5398	0.5354	0.6051	0.5594	0.4620	0.4697	0.6925	0.6068	0.5748	0.6144	0.6056	0.5850	0.6572	0.5491	0.5781	0.4860	0.5931	0.5249	0.5251	0.5802	0.5693	0.4971	0.5559	0.5818	0.6571	0.5545	0.6137	0.6592
0.6524	0.7848	0.6980	0.6849	0.6590	0.6473	0.5396	0.7658	0.6139	0.6925	0.5670	0.7535	0.6489	1.0000	0.6601	0.6675	0.6385	0.5545	0.7608	0.7307	0.7259	0.5581	0.6470	0.6023	0.6191	0.6710	0.5755	0.5726	0.6478	0.6335	0.7019	0.6414	0.7229	0.7038	0.7007	0.6299	0.6770	0.6073	0.7371	0.6605	0.5879	0.6393	0.6838	0.5747	0.6487	0.6488	0.6764	0.6702	0.5604	0.7340
0.5917	0.6800	0.5710	0.6078	0.6188	0.5466	0.5410	0.6045	0.6214	0.5759	0.6122	0.6388	0.5800	0.6601	1.0000	0.7076	0.5773	0.6121	0.6517	0.6103	0.6347	0.5705	0.6538	0.5636	0.5157	0.6517	0.5738	0.5892	0.5409	0.5621	0.6377	0.5914	0.6635	0.5979	0.6340	0.5616	0.5896	0.6042	0.5983	0.6142	0.5518	0.5750	0.6300	0.6202	0.5679	0.5924	0.6014	0.6257	0.4862	0.6614
0.5529	0.7162	0.5729	0.5801	0.5928	0.6210	0.5994	0.5953	0.6698	0.6089	0.7123	0.6135	0.5404	0.6675	0.7076	1.0000	0.6166	0.6672	0.6339	0.7269	0.5966	0.6041	0.7319	0.5449	0.4940	0.7708	0.6463	0.7088	0.5213	0.5301	0.6625	0.5644	0.7660	0.6621	0.6180	0.6283	0.5935	0.6550	0.6825	0.7141	0.5409	0.5987	0.6476	0.5998	0.6359	0.6143	0.5555	0.6355	0.4529	0.6604
0.5580	0.6375	0.5713	0.6548	0.5303	0.6730	0.4836	0.6436	0.4857	0.6060	0.6231	0.6543	0.5704	0.6385	0.5773	0.6166	1.0000	0.5472	0.6508	0.6053	0.6493	0.4809	0.6275	0.5458	0.5570	0.6478	0.5460	0.5440	0.5911	0.5877	0.5364	0.5201	0.6010	0.5659	0.6288	0.6992	0.5679	0.5279	0.6385	0.5394	0.4770	0.5554	0.5525	0.4771	0.5418	0.5748	0.6195	0.5282	0.5384	0.6044
0.5115	0.5723	0.5710	0.4908	0.5818	0.5531	0.5991	0.5363	0.6211	0.5316	0.7151	0.5040	0.4396	0.5545	0.6121	0.6672	0.5472	1.0000	0.5393	0.5978	0.5057	0.5891	0.6449	0.5008	0.5302	0.6426	0.6380	0.6513	0.4610	0.4800	0.6069	0.5462	0.5782	0.6274	0.5550	0.5190	0.5494	0.6061	0.5527	0.6367	0.4967	0.5775	0.5604	0.6042	0.5860	0.5020	0.4984	0.5967	0.4455	0.5291
0.6909	0.7726	0.7023	0.7281	0.7017	0.6415	0.5349	0.7834	0.6548	0.7730	0.5479	0.7705	0.6538	0.7608	0.6517	0.6339	0.6508	0.5393	1.0000	0.7138	0.7954	0.6317	0.6679	0.6329	0.6829	0.6349	0.5881	0.5759	0.6740	0.7608	0.6865	0.6807	0.6948	0.6964	0.7510	0.6468	0.6906	0.6215	0.7214	0.6494	0.5981	0.7028	0.7091	0.5636	0.6642	0.6557	0.7066	0.6729	0.6171	0.7749
0.5672	0.8030	0.6495	0.6107	0.6146	0.6316	0.5688	0.7012	0.6570	0.7270	0.6245	0.6673	0.5533	0.7307	0.6103	0.7269	0.6053	0.5978	0.7138	1.0000	0.6407	0.6000	0.6912	0.5746	0.5892	0.7393	0.6400	0.6581	0.5784	0.5953	0.6699	0.5859	0.7460	0.7360	0.6473	0.6353	0.6321	0.6251	0.7941	0.7250	0.5569	0.6722	0.6784	0.5646	0.7164	0.6214	0.5872	0.6574	0.5016	0.6863
0.7329	0.7184	0.6762	0.7246	0.7015	0.6469	0.4889	0.7683	0.5818	0.7059	0.5077	0.7692	0.6914	0.7259	0.6347	0.5966	0.6493	0.5057	0.7954	0.6407	1.0000	0.5739	0.6017	0.6156	0.6624	0.5922	0.5622	0.5281	0.7001	0.7076	0.6938	0.6575	0.6837	0.6606	0.7226	0.6272	0.7001	0.5601	0.6815	0.6029	0.5668	0.6514	0.6514	0.5633	0.5898	0.6547	0.7188	0.6490	0.6528	0.7954
0.5778	0.5776	0.5986	0.5257	0.6397	0.5233	0.5357	0.5609	0.7025	0.6229	0.5449	0.5550	0.5040	0.5581	0.5705	0.6041	0.4809	0.5891	0.6317	0.6000	0.5739	1.0000	0.6270	0.6057	0.5908	0.5508	0.6460	0.6492	0.5426	0.5966	0.6063	0.5886	0.6146	0.6145	0.5934	0.4821	0.6298	0.6516	0.5556	0.7206	0.5143	0.6396	0.6577	0.6688	0.5813	0.5982	0.5368	0.6775	0.5132	0.6220
0.5743	0.6823	0.5611	0.6226	0.5732	0.5985	0.5594	0.6105	0.6667	0.6629	0.6587	0.6282	0.5398	0.6470	0.6538	0.7319	0.6275	0.6449	0.6679	0.6912	0.6017	0.6270	1.0000	0.5202	0.5663	0.6887	0.5806	0.6378	0.5276	0.6068	0.5855	0.5523	0.6684	0.5920	0.6568	0.6325	0.5345	0.6369	0.6680	0.6239	0.5072	0.6596	0.5974	0.5636	0.6176	0.5568	0.5697	0.5733	0.4964	0.6414
0.5652	0.6022	0.6405	0.5410	0.6338	0.5923	0.5483	0.6094	0.5636	0.5629	0.4879	0.6141	0.5354	0.6023	0.5636	0.5449	0.5458	0.5008	0.6329	0.5746	0.6156	0.6057	0.5202	1.0000	0.5677	0.4944	0.6055	0.5864	0.5612	0.5836	0.6095	0.5766	0.5868	0.6053	0.5753	0.5351	0.6941	0.6047	0.5784	0.6414	0.5764	0.5857	0.6686	0.6388	0.5437	0.6944	0.6128	0.6804	0.5620	0.6184
0.6673	0.6014	0.7408	0.6321	0.7076	0.5777	0.4895	0.7035	0.5620	0.7165	0.5076	0.6299	0.6051	0.6191	0.5157	0.4940	0.5570	0.5302	0.6829	0.5892	0.6624	0.5908	0.5663	0.5677	1.0000	0.5405	0.5561	0.4956	0.6903	0.6591	0.6131	0.6871	0.5565	0.6601	0.6914	0.5085	0.6355	0.5295	0.5669	0.5552	0.5508	0.6768	0.5850	0.5235	0.5985	0.5785	0.6494	0.6093	0.6868	0.6181
0.5517	0.7260	0.5713	0.6157	0.5612	0.5901	0.5387	0.6472	0.5932	0.6493	0.7098	0.5971	0.5594	0.6710	0.6517	0.7708	0.6478	0.6426	0.6349	0.7393	0.5922	0.5508	0.6887	0.4944	0.5405	1.0000	0.6151	0.6596	0.5576	0.5248	0.6286	0.5718	0.7121	0.6846	0.6225	0.6434	0.5660	0.5764	0.7035	0.6715	0.5087	0.5911	0.6130	0.5306	0.6640	0.5713	0.5645	0.5907	0.4677	0.6197
0.5004	0.5962	0.6269	0.4836	0.6309	0.5892	0.6041	0.5961	0.5844	0.5743	0.6049	0.5481	0.4620	0.5755	0.5738	0.6463	0.5460	0.6380	0.5881	0.6400	0.5622	0.6460	0.5806	0.6055	0.5561	0.6151	1.0000	0.7072	0.5220	0.5076	0.6273	0.5606	0.6396	0.6542	0.5759	0.5077	0.6737	0.6562	0.5613	0.7053	0.5393	0.5745	0.6677	0.6162	0.5399	0.6202	0.5012	0.7063	0.4760	0.5899
0.5111	0.6145	0.5672	0.5119	0.5781	0.5673	0.6098	0.5517	0.6459	0.5499	0.6703	0.5362	0.4697	0.5726	0.5892	0.7088	0.5440	0.6513	0.5759	0.6581	0.5281	0.6492	0.6378	0.5864	0.4956	0.6596	0.7072	1.0000	0.4798	0.4898	0.6055	0.5467	0.6459	0.6279	0.5476	0.5460	0.6136	0.6815	0.5876	0.7197	0.5192	0.5763	0.6713	0.6120	0.5859	0.6172	0.5189	0.6578	0.4336	0.5868
0.6286	0.6152	0.6481	0.6596	0.6362	0.6015	0.4368	0.6884	0.5097	0.6874	0.4682	0.6612	0.6925	0.6478	0.5409	0.5213	0.5911	0.4610	0.6740	0.5784	0.7001	0.5426	0.5276	0.5612	0.6903	0.5576	0.5220	0.4798	1.0000	0.6532	0.5885	0.6260	0.6122	0.6062	0.6856	0.5372	0.6300	0.4950	0.5834	0.5404	0.5121	0.5832	0.5722	0.5154	0.5439	0.5870	0.6220	0.5873	0.6232	0.6562
0.6213	0.6432	0.6178	0.6869	0.6290	0.5808	0.4864	0.7077	0.5909	0.7381	0.4649	0.6928	0.6068	0.6335	0.5621	0.5301	0.5877	0.4800	0.7608	0.5953	0.7076	0.5966	0.6068	0.5836	0.6591	0.5248	0.5076	0.4898	0.6532	1.0000	0.5830	0.6360	0.5678	0.5998	0.7087	0.6172	0.6123	0.5497	0.6301	0.5387	0.5065	0.6388	0.5918	0.5452	0.6058	0.5975	0.6536	0.5821	0.5987	0.6470
0.6991	0.7188	0.7253	0.5986	0.7536	0.5742	0.6033	0.6746	0.7047	0.6437	0.5811	0.6401	0.5748	0.7019	0.6377	0.6625	0.5364	0.6069	0.6865	0.6699	0.6938	0.6063	0.5855	0.6095	0.6131	0.6286	0.6273	0.6055	0.5885	0.5830	1.0000	0.7055	0.7173	0.8021	0.6413	0.5708	0.7094	0.6190	0.6704	0.7114	0.6404	0.6741	0.7017	0.6231	0.6968	0.6683	0.6845	0.7175	0.5815	0.7145
0.6978	0.6509	0.7078	0.6695	0.7283	0.5529	0.5720	0.6752	0.6391	0.6542	0.5504	0.6316	0.6144	0.6414	0.5914	0.5644	0.5201	0.5462	0.6807	0.5859	0.6575	0.5886	0.5523	0.5766	0.6871	0.5718	0.5606	0.5467	0.6260	0.6360	0.7055	1.0000	0.6071	0.7177	0.6732	0.5271	0.6675	0.5957	0.5774	0.5972	0.6097	0.6462	0.6537	0.5603	0.6588	0.6402	0.6796	0.6675	0.5961	0.6482
0.6207	0.7546	0.6366	0.6031	0.6582	0.6205	0.5550	0.6656	0.6559	0.6528	0.5986	0.6709	0.6056	0.7229	0.6635	0.7660	0.6010	0.5782	0.6948	0.7460	0.6837	0.6146	0.6684	0.5868	0.5565	0.7121	0.6396	0.6459	0.6122	0.5678	0.7173	0.6071	1.0000	0.7156	0.6309	0.6139	0.6575	0.6126	0.7292	0.7332	0.5798	0.6538	0.6945	0.5884	0.6307	0.6453	0.6111	0.6700	0.5358	0.7428
0.6712	0.7491	0.7459	0.6092	0.7259	0.5878	0.6060	0.7104	0.6899	0.6814	0.6296	0.6441	0.5850	0.7038	0.5979	0.6621	0.5659	0.6274	0.6964	0.7360	0.6606	0.6145	0.5920	0.6053	0.6601	0.6846	0.6542	0.6279	0.6062	0.5998	0.8021	0.7177	0.7156	1.0000	0.6375	0.5831	0.7104	0.6256	0.7081	0.7467	0.6215	0.6896	0.7096	0.6110	0.7566	0.6640	0.6718	0.7303	0.5804	0.6742
0.6570	0.6830	0.6822	0.7374	0.6654	0.6428	0.5260	0.7157	0.5963	0.7680	0.5415	0.7451	0.6572	0.7007	0.6340	0.6180	0.6288	0.5550	0.7510	0.6473	0.7226	0.5934	0.6568	0.5753	0.6914	0.6225	0.5759	0.5476	0.6856	0.7087	0.6413	0.6732	0.6309	0.6375	1.0000	0.6217	0.6498	0.5864	0.6546	0.5846	0.5410	0.6361	0.6028	0.5714	0.6455	0.6301	0.6657	0.6338	0.6153	0.6783
0.5374	0.6631	0.5391	0.6395	0.5329	0.6126	0.4918	0.6382	0.5316	0.6272	0.5590	0.6389	0.5491	0.6299	0.5616	0.6283	0.6992	0.5190	0.6468	0.6353	0.6272	0.4821	0.6325	0.5351	0.5085	0.6434	0.5077	0.5460	0.5372	0.6172	0.5708	0.5271	0.6139	0.5831	0.6217	1.0000	0.5512	0.5307	0.7118	0.5509	0.4927	0.5981	0.5670	0.4630	0.6193	0.5994	0.6205	0.5085	0.5230	0.6086
0.6499	0.6505	0.7446	0.6032	0.7365	0.6246	0.5590	0.6862	0.6126	0.6287	0.5312	0.6528	0.5781	0.6770	0.5896	0.5935	0.5679	0.5494	0.6906	0.6321	0.7001	0.6298	0.5345	0.6941	0.6355	0.5660	0.6737	0.6136	0.6300	0.6123	0.7094	0.6675	0.6575	0.7104	0.6498	0.5512	1.0000	0.6399	0.6195	0.7027	0.6030	0.6241	0.7331	0.6549	0.5990	0.7427	0.6597	0.7821	0.5958	0.6928
0.5614	0.6280	0.6097	0.5592	0.6184	0.5695	0.6246	0.5714	0.6744	0.5657	0.6234	0.5719	0.4860	0.6073	0.6042	0.6550	0.5279	0.6061	0.6215	0.6251	0.5601	0.6516	0.6369	0.6047	0.5295	0.5764	0.6562	0.6815	0.4950	0.5497	0.6190	0.5957	0.6126	0.6256	0.5864	0.5307	0.6399	1.0000	0.5626	0.6738	0.5555	0.5691	0.6832	0.6493	0.5760	0.6328	0.5568	0.7125	0.4607	0.6108
0.5984	0.7895	0.6209	0.6409	0.5946	0.6165	0.5196	0.7088	0.6169	0.7150	0.5709	0.7083	0.5931	0.7371	0.5983	0.6825	0.6385	0.5527	0.7214	0.7941	0.6815	0.5556	0.6680	0.5784	0.5669	0.7035	0.5613	0.5876	0.5834	0.6301	0.6704	0.5774	0.7292	0.7081	0.6546	0.7118	0.6195	0.5626	1.0000	0.6828	0.5371	0.6823	0.6468	0.5376	0.7312	0.6359	0.6465	0.6110	0.5443	0.6830
0.5870	0.6932	0.6502	0.5426	0.6455	0.5662	0.5801	0.6161	0.6948	0.6271	0.6212	0.5998	0.5249	0.6605	0.6142	0.7141	0.5394	0.6367	0.6494	0.7250	0.6029	0.7206	0.6239	0.6414	0.5552	0.6715	0.7053	0.7197	0.5404	0.5387	0.7114	0.5972	0.7332	0.7467	0.5846	0.5509	0.7027	0.6738	0.6828	1.0000	0.5676	0.6517	0.7419	0.6738	0.6669	0.6725	0.5781	0.7554	0.5062	0.6593
0.6015	0.5943	0.6191	0.5283	0.6383	0.5194	0.6235	0.5621	0.5969	0.5344	0.5097	0.5692	0.5251	0.5879	0.5518	0.5409	0.4770	0.4967	0.5981	0.5569	0.5668	0.5143	0.5072	0.5764	0.5508	0.5087	0.5393	0.5192	0.5121	0.5065	0.6404	0.6097	0.5798	0.6215	0.5410	0.4927	0.6030	0.5555	0.5371	0.5676	1.0000	0.5990	0.6277	0.5121	0.5679	0.5648	0.5939	0.5890	0.5760	0.6058
0.6785	0.6831	0.6582	0.6022	0.7253	0.5650	0.5250	0.6542	0.7009	0.6987	0.5613	0.6532	0.5802	0.6393	0.5750	0.5987	0.5554	0.5775	0.7028	0.6722	0.6514	0.6396	0.6596	0.5857	0.6768	0.5911	0.5745	0.5763	0.5832	0.6388	0.6741	0.6462	0.6538	0.6896	0.6361	0.5981	0.6241	0.5691	0.6823	0.6517	0.5990	1.0000	0.6788	0.5370	0.6955	0.6116	0.6704	0.6091	0.6373	0.7059
0.6322	0.7167	0.6643	0.5886	0.7128	0.5891	0.5741	0.6581	0.6779	0.6192	0.5721	0.6590	0.5693	0.6838	0.6300	0.6476	0.5525	0.5604	0.7091	0.6784	0.6514	0.6577	0.5974	0.6686	0.5850	0.6130	0.6677	0.6713	0.5722	0.5918	0.7017	0.6537	0.6945	0.7096	0.6028	0.5670	0.7331	0.6832	0.6468	0.7419	0.6277	0.6788	1.0000	0.6018	0.6232	0.7033	0.6374	0.7386	0.5359	0.7352
0.5746	0.5749	0.5914	0.5322	0.6189	0.5083	0.5564	0.5480	0.6443	0.5448	0.5540	0.5520	0.4971	0.5747	0.6202	0.5998	0.4771	0.6042	0.5636	0.5646	0.5633	0.6688	0.5636	0.6388	0.5235	0.5306	0.6162	0.6120	0.5154	0.5452	0.6231	0.5603	0.5884	0.6110	0.5714	0.4630	0.6549	0.6493	0.5376	0.6738	0.5121	0.5370	0.6018	1.0000	0.5538	0.6242	0.5602	0.7202	0.4796	0.5816
0.6249	0.7120	0.6416	0.6224	0.6124	0.5345	0.5688	0.6381	0.6894	0.7042	0.6146	0.6192	0.5559	0.6487	0.5679	0.6359	0.5418	0.5860	0.6642	0.7164	0.5898	0.5813	0.6176	0.5437	0.5985	0.6640	0.5399	0.5859	0.5439	0.6058	0.6968	0.6588	0.6307	0.7566	0.6455	0.6193	0.5990	0.5760	0.7312	0.6669	0.5679	0.6955	0.6232	0.5538	1.0000	0.6177	0.6594	0.6152	0.5371	0.5990
0.6114	0.6599	0.6782	0.6169	0.6768	0.5869	0.5595	0.6489	0.5978	0.6205	0.5371	0.6498	0.5818	0.6488	0.5924	0.6143	0.5748	0.5020	0.6557	0.6214	0.6547	0.5982	0.5568	0.6944	0.5785	0.5713	0.6202	0.6172	0.5870	0.5975	0.6683	0.6402	0.6453	0.6640	0.6301	0.5994	0.7427	0.6328	0.6359	0.6725	0.5648	0.6116	0.7033	0.6242	0.6177	1.0000	0.6821	0.7136	0.5706	0.6681
0.8001	0.6743	0.6748	0.7292	0.6859	0.5536	0.5204	0.6747	0.6266	0.6304	0.5578	0.7272	0.6571	0.6764	0.6014	0.5555	0.6195	0.4984	0.7066	0.5872	0.7188	0.5368	0.5697	0.6128	0.6494	0.5645	0.5012	0.5189	0.6220	0.6536	0.6845	0.6796	0.6111	0.6718	0.6657	0.6205	0.6597	0.5568	0.6465	0.5781	0.5939	0.6704	0.6374	0.5602	0.6594	0.6821	1.0000	0.6176	0.6698	0.6847
0.6268	0.6784	0.7073	0.5795	0.7120	0.5807	0.5993	0.6553	0.6555	0.6179	0.5719	0.6297	0.5545	0.6702	0.6257	0.6355	0.5282	0.5967	0.6729	0.6574	0.6490	0.6775	0.5733	0.6804	0.6093	0.5907	0.7063	0.6578	0.5873	0.5821	0.7175	0.6675	0.6700	0.7303	0.6338	0.5085	0.7821	0.7125	0.6110	0.7554	0.5890	0.6091	0.7386	0.7202	0.6152	0.7136	0.6176	1.0000	0.5419	0.6729
0.6584	0.5464	0.6438	0.5842	0.6582	0.5240	0.4775	0.6176	0.4991	0.6054	0.4359	0.6117	0.6137	0.5604	0.4862	0.4529	0.5384	0.4455	0.6171	0.5016	0.6528	0.5132	0.4964	0.5620	0.6868	0.4677	0.4760	0.4336	0.6232	0.5987	0.5815	0.5961	0.5358	0.5804	0.6153	0.5230	0.5958	0.4607	0.5443	0.5062	0.5760	0.6373	0.5359	0.4796	0.5371	0.5706	0.6698	0.5419	1.0000	0.6018
0.7227	0.7545	0.6595	0.6806	0.7506	0.6377	0.5154	0.7139	0.6636	0.6834	0.5455	0.7433	0.6592	0.7340	0.6614	0.6604	0.6044	0.5291	0.7749	0.6863	0.7954	0.6220	0.6414	0.6184	0.6181	0.6197	0.5899	0.5868	0.6562	0.6470	0.7145	0.6482	0.7428	0.6742	0.6783	0.6086	0.6928	0.6108	0.6830	0.6593	0.6058	0.7059	0.7352	0.5816	0.5990	0.6681	0.6847	0.6729	0.6018	1.0000
