1:	0.3300 0.6441 0.0169 0.0091 	9
2:	0.3294 0.6611 0.0000 0.0095 	3
3:	0.2362 0.2480 0.2590 0.2567 	4
4:	0.4607 0.0130 0.2982 0.2281 	2
5:	0.4027 0.4350 0.1240 0.0383 	17
6:	0.7631 0.1008 0.0885 0.0477 	12
7:	0.7839 0.2085 0.0003 0.0073 	3
8:	0.8751 0.0000 0.1249 0.0000 	2
9:	0.9611 0.0000 0.0000 0.0389 	1
10:	0.4923 0.2500 0.2500 0.0077 	4
11:	0.4995 0.2338 0.2639 0.0028 	14
12:	0.3464 0.6154 0.0365 0.0017 	9
13:	0.1399 0.7453 0.1087 0.0062 	14
14:	0.4819 0.4974 0.0000 0.0208 	2
15:	0.4253 0.0595 0.1111 0.4041 	9
