1:	0.0000 0.8368 0.0000 0.0000 0.0000 0.0000 0.0000 0.0000 0.0150 0.0000 0.0000 0.0000 0.1482 0.0000 	1
2:	0.4247 0.0000 0.0043 0.0000 0.0000 0.4400 0.0000 0.0000 0.0029 0.0129 0.0122 0.0513 0.0204 0.0314 	2
3:	0.1204 0.0000 0.0058 0.1260 0.0043 0.0215 0.0002 0.0000 0.4540 0.0027 0.0312 0.1040 0.0191 0.1108 	6
4:	0.3420 0.0000 0.0000 0.0000 0.0000 0.0001 0.1114 0.0000 0.1687 0.0003 0.0041 0.2492 0.0201 0.1040 	4
5:	0.1415 0.0000 0.0612 0.2377 0.0000 0.0647 0.1735 0.0000 0.0255 0.0174 0.0691 0.1428 0.0262 0.0405 	15
6:	0.1033 0.3681 0.1047 0.0000 0.1011 0.0000 0.0144 0.1250 0.1035 0.0014 0.0174 0.0118 0.0206 0.0288 	8
7:	0.1125 0.0931 0.1187 0.0475 0.1349 0.0954 0.1378 0.0014 0.0292 0.0020 0.0271 0.1188 0.0215 0.0601 	20
8:	0.0851 0.1474 0.1689 0.0465 0.0848 0.0000 0.0324 0.0027 0.0680 0.0019 0.0578 0.1756 0.0484 0.0804 	21
9:	0.1402 0.0599 0.2369 0.0002 0.1331 0.0060 0.0195 0.0010 0.0429 0.0583 0.0979 0.1304 0.0226 0.0511 	14
10:	0.0341 0.0000 0.1584 0.0000 0.0000 0.5036 0.0000 0.0000 0.0008 0.0214 0.1739 0.0000 0.0682 0.0395 	1
11:	0.0058 0.0070 0.0000 0.2499 0.0000 0.2722 0.0002 0.0000 0.0011 0.3502 0.0204 0.0019 0.0777 0.0136 	3
12:	0.0000 0.2000 0.0000 0.7826 0.0000 0.0000 0.0000 0.0000 0.0122 0.0041 0.0000 0.0000 0.0006 0.0006 	5
13:	0.0000 0.3605 0.0000 0.4763 0.0000 0.0000 0.0000 0.0008 0.0102 0.0000 0.0000 0.0000 0.1494 0.0028 	2
14:	0.0000 0.2713 0.0627 0.0004 0.1941 0.0390 0.0000 0.2006 0.0061 0.0070 0.1185 0.0000 0.0838 0.0165 	5
15:	0.0747 0.3475 0.0391 0.0181 0.0000 0.1446 0.0000 0.2041 0.0146 0.0130 0.0570 0.0356 0.0291 0.0226 	7
