
Using the parameter settings in the file: 
''1763151071/clumpp.paramfile''

Parameter settings
----------------------- Main parameters -------------------------
DATATYPE = 0
INDFILE = 1763151071/ClumppIndFile
POPFILE = 
OUTFILE = 1763151071/ClumppIndFile.output
MISCFILE = 1763151071/ClumppIndFile.misc
K = 14
C = 114
R = 49
M = 3
W = 0
S = 2
- Additional options for the Greedy and LargeKGreedy algorithms -
GREEDY_OPTION = 2
REPEATS = 2000
PERMUTATIONFILE = 
----------------------- Optional outputs ------------------------
PRINT_PERMUTED_DATA = 0
PERMUTED_DATAFILE = 
PRINT_EVERY_PERM = 0
EVERY_PERMFILE = 
PRINT_RANDOM_INPUTORDER = 0
RANDOM_INPUTORDERFILE = 
----------------------- Advanced options ------------------------
OVERRIDE_WARNINGS = 0
ORDER_BY_RUN = 1


In total, 2000 configurations of runs and clusters will be tested.

Results
------------------------------
The highest value of H' is: 0.49630285995678

The list of permutations of the clusters that produces that
H' value is (runs are listed sequentially on separate rows)

1 2 3 4 5 6 7 8 9 10 11 12 13 14 
10 7 3 8 13 6 1 9 11 14 2 5 4 12 
3 5 12 11 4 13 10 7 1 8 14 2 9 6 
10 8 3 13 2 9 1 12 5 6 14 11 7 4 
1 10 11 3 5 7 12 13 14 9 4 8 6 2 
10 12 1 7 6 11 9 3 2 14 8 4 13 5 
4 12 10 3 7 11 6 9 13 5 14 1 2 8 
14 2 3 11 13 8 6 10 9 4 12 1 5 7 
5 8 1 12 2 13 6 3 4 11 14 10 7 9 
4 12 3 7 5 2 9 6 11 10 14 13 1 8 
13 5 8 1 11 14 10 12 2 3 7 6 9 4 
4 12 2 14 7 6 11 10 5 13 8 3 9 1 
1 13 10 2 14 11 3 7 5 9 6 8 12 4 
4 10 8 13 11 14 3 6 7 2 5 1 9 12 
5 4 8 1 14 9 10 3 12 2 7 13 11 6 
2 9 8 4 5 10 14 6 11 7 12 13 1 3 
2 10 7 9 14 5 3 4 8 11 12 6 13 1 
3 14 6 2 9 10 13 1 11 5 4 12 7 8 
3 4 5 8 9 2 12 14 11 6 13 7 1 10 
2 3 8 5 7 14 4 1 9 11 12 6 10 13 
2 8 9 12 1 10 5 6 3 7 13 14 11 4 
5 1 10 2 14 13 6 7 4 11 8 9 12 3 
1 8 5 2 12 6 11 4 13 9 3 10 7 14 
7 12 6 14 5 11 2 3 8 4 13 10 1 9 
5 4 10 6 13 1 9 11 2 3 7 8 14 12 
6 4 13 10 11 3 1 8 12 14 5 9 7 2 
10 8 9 2 11 1 5 4 7 14 3 12 13 6 
12 6 11 2 1 3 5 8 7 13 4 14 9 10 
3 12 5 11 13 7 1 14 4 8 6 10 2 9 
1 6 9 5 4 8 10 13 2 14 7 12 11 3 
6 10 13 8 4 11 9 1 2 5 12 7 14 3 
1 4 6 13 10 2 8 12 9 5 7 14 11 3 
8 2 3 6 13 11 9 5 4 7 14 12 1 10 
13 1 5 4 12 2 7 3 11 8 6 14 9 10 
11 6 14 2 5 10 1 4 7 8 12 9 3 13 
11 13 1 2 5 14 6 3 9 8 7 10 12 4 
14 2 7 12 3 4 5 6 13 10 1 9 11 8 
7 9 13 8 4 3 1 10 2 5 6 11 12 14 
13 10 9 14 1 6 2 12 5 3 8 7 4 11 
1 5 2 9 13 10 11 8 4 14 3 6 7 12 
2 6 4 7 13 9 12 10 8 11 14 5 1 3 
10 9 6 12 14 5 13 11 2 1 7 3 4 8 
3 1 7 9 14 4 8 11 12 5 10 2 13 6 
9 4 10 11 1 13 12 2 14 7 6 5 8 3 
7 8 3 6 14 10 2 11 4 9 5 1 12 13 
5 6 1 8 11 14 2 13 9 10 3 7 4 12 
5 13 6 2 8 11 9 7 12 1 4 14 3 10 
13 4 9 6 14 10 7 11 1 8 3 2 5 12 
2 3 13 4 8 12 6 11 5 7 10 1 14 9 

The pairwise G' values for each pair of runs where the clusters
of each run are permuted according to the list of permutations above

1.0000 0.6342 0.4947 0.4993 0.5587 0.5199 0.4412 0.4972 0.4821 0.4770 0.4836 0.5846 0.5274 0.4512 0.5419 0.4632 0.4780 0.5135 0.6081 0.5022 0.4489 0.6162 0.5277 0.4808 0.4895 0.5464 0.4451 0.5002 0.4686 0.4481 0.4930 0.5580 0.4427 0.5418 0.4605 0.4998 0.5270 0.4922 0.4601 0.4398 0.5211 0.5106 0.5891 0.4523 0.5128 0.5394 0.4202 0.5718 0.6502 
0.6342 1.0000 0.4776 0.4475 0.6102 0.5129 0.4257 0.5109 0.4900 0.5338 0.4586 0.5590 0.5164 0.4794 0.5111 0.4834 0.4837 0.5259 0.6604 0.5409 0.4453 0.6569 0.5543 0.5182 0.5001 0.5505 0.4824 0.4940 0.5051 0.4810 0.5075 0.5649 0.4600 0.4975 0.4674 0.4598 0.5203 0.4706 0.4589 0.4754 0.4889 0.4648 0.5873 0.4775 0.4933 0.5084 0.4360 0.5899 0.5830 
0.4947 0.4776 1.0000 0.4667 0.4543 0.5055 0.5244 0.4773 0.4987 0.3876 0.5129 0.5624 0.4492 0.4377 0.5383 0.4678 0.4392 0.5601 0.4826 0.4114 0.5486 0.4827 0.5075 0.4964 0.4454 0.4592 0.4921 0.5109 0.4594 0.4238 0.4607 0.4780 0.4892 0.4775 0.4727 0.4688 0.5524 0.5538 0.3905 0.5241 0.4463 0.4950 0.5065 0.4660 0.4767 0.5441 0.4704 0.4714 0.4562 
0.4993 0.4475 0.4667 1.0000 0.4528 0.4883 0.5048 0.5341 0.4975 0.4324 0.5242 0.5292 0.4953 0.4502 0.5430 0.5151 0.4640 0.5197 0.4502 0.4018 0.4434 0.4647 0.5008 0.5073 0.4838 0.4538 0.4771 0.5096 0.4512 0.4456 0.4801 0.4860 0.4945 0.5283 0.4985 0.5128 0.5000 0.5141 0.3911 0.5024 0.5692 0.4956 0.5114 0.4648 0.5527 0.5470 0.4181 0.4990 0.4984 
0.5587 0.6102 0.4543 0.4528 1.0000 0.5123 0.4450 0.4576 0.4906 0.5371 0.4297 0.5453 0.5176 0.4528 0.5040 0.4737 0.5342 0.5175 0.6080 0.5625 0.4300 0.6412 0.4677 0.5090 0.4916 0.5814 0.4819 0.4467 0.5686 0.4632 0.5031 0.5495 0.4881 0.5044 0.4637 0.4572 0.4797 0.4899 0.4943 0.4136 0.4604 0.4510 0.5131 0.5121 0.5443 0.5143 0.4599 0.5637 0.5409 
0.5199 0.5129 0.5055 0.4883 0.5123 1.0000 0.5257 0.5627 0.5348 0.4677 0.4630 0.5427 0.4503 0.4415 0.5223 0.5190 0.5275 0.5604 0.5322 0.4433 0.4834 0.5470 0.5042 0.5288 0.5048 0.5007 0.5045 0.5304 0.5393 0.4693 0.4475 0.5245 0.5178 0.5709 0.5678 0.5235 0.5034 0.4783 0.4284 0.4564 0.5004 0.5090 0.5427 0.5352 0.4931 0.5521 0.5853 0.5041 0.5052 
0.4412 0.4257 0.5244 0.5048 0.4450 0.5257 1.0000 0.5011 0.5195 0.3942 0.4923 0.5013 0.4536 0.4437 0.5430 0.5039 0.4612 0.5220 0.4484 0.4365 0.4871 0.4533 0.4366 0.4997 0.4344 0.4447 0.5141 0.4993 0.4629 0.4517 0.4914 0.4984 0.4976 0.5054 0.5695 0.5326 0.5601 0.5252 0.4076 0.5083 0.4598 0.4812 0.4766 0.4826 0.4657 0.5304 0.5062 0.4627 0.4504 
0.4972 0.5109 0.4773 0.5341 0.4576 0.5627 0.5011 1.0000 0.5352 0.4738 0.5141 0.5423 0.4423 0.4757 0.5590 0.4965 0.5033 0.5919 0.5244 0.4692 0.4932 0.5301 0.5328 0.5209 0.4752 0.5420 0.5492 0.5150 0.4712 0.4865 0.4590 0.5845 0.5595 0.5630 0.5064 0.5277 0.5242 0.5029 0.4047 0.5224 0.5134 0.5815 0.5099 0.5363 0.5107 0.5385 0.4654 0.5541 0.5257 
0.4821 0.4900 0.4987 0.4975 0.4906 0.5348 0.5195 0.5352 1.0000 0.4716 0.5258 0.5185 0.4191 0.4569 0.5709 0.5179 0.5244 0.5745 0.4956 0.4770 0.4930 0.5022 0.4970 0.6161 0.5070 0.4957 0.5569 0.5479 0.4920 0.4378 0.5175 0.5089 0.5972 0.5297 0.5238 0.5232 0.5709 0.5063 0.4429 0.5026 0.5295 0.5115 0.5171 0.5884 0.5729 0.4954 0.5290 0.5169 0.4950 
0.4770 0.5338 0.3876 0.4324 0.5371 0.4677 0.3942 0.4738 0.4716 1.0000 0.4165 0.4608 0.4247 0.4018 0.4698 0.4499 0.4705 0.4787 0.5111 0.4735 0.4247 0.5200 0.5070 0.4515 0.4274 0.5060 0.4723 0.4302 0.4646 0.3891 0.4460 0.5077 0.4415 0.5051 0.4395 0.4234 0.4377 0.4074 0.4307 0.3869 0.4799 0.4017 0.4506 0.4631 0.4782 0.4230 0.4543 0.5739 0.4772 
0.4836 0.4586 0.5129 0.5242 0.4297 0.4630 0.4923 0.5141 0.5258 0.4165 1.0000 0.5187 0.4394 0.5134 0.6218 0.5289 0.4406 0.5274 0.4585 0.4242 0.5005 0.4673 0.5123 0.4802 0.4161 0.4381 0.5291 0.5692 0.4484 0.4180 0.5510 0.4823 0.5181 0.4862 0.5571 0.4852 0.5917 0.4962 0.3681 0.5652 0.4910 0.5033 0.5021 0.5194 0.4965 0.5339 0.4669 0.5028 0.4826 
0.5846 0.5590 0.5624 0.5292 0.5453 0.5427 0.5013 0.5423 0.5185 0.4608 0.5187 1.0000 0.4769 0.4818 0.5830 0.5239 0.5096 0.5619 0.5510 0.4619 0.5272 0.5693 0.5631 0.5153 0.5324 0.5085 0.5038 0.5219 0.5426 0.5104 0.5076 0.5552 0.4938 0.5279 0.5010 0.5085 0.5918 0.5262 0.4460 0.4853 0.5245 0.5402 0.5865 0.5099 0.5313 0.6171 0.4519 0.5723 0.5298 
0.5274 0.5164 0.4492 0.4953 0.5176 0.4503 0.4536 0.4423 0.4191 0.4247 0.4394 0.4769 1.0000 0.4514 0.4966 0.4421 0.4087 0.4687 0.5430 0.4812 0.3917 0.5100 0.4309 0.4566 0.4532 0.5382 0.4497 0.4701 0.4212 0.4541 0.4665 0.5379 0.4061 0.4925 0.4439 0.4594 0.4269 0.5294 0.4656 0.4510 0.4675 0.4504 0.5022 0.4177 0.4930 0.5602 0.3935 0.4930 0.5254 
0.4512 0.4794 0.4377 0.4502 0.4528 0.4415 0.4437 0.4757 0.4569 0.4018 0.5134 0.4818 0.4514 1.0000 0.4678 0.4668 0.3622 0.4544 0.4622 0.4924 0.4133 0.4859 0.4402 0.4549 0.4059 0.4385 0.4428 0.4931 0.4110 0.4466 0.4869 0.4846 0.4534 0.4175 0.5137 0.4010 0.5047 0.4434 0.3586 0.5049 0.4440 0.4301 0.4592 0.4190 0.4311 0.4471 0.4141 0.4609 0.4248 
0.5419 0.5111 0.5383 0.5430 0.5040 0.5223 0.5430 0.5590 0.5709 0.4698 0.6218 0.5830 0.4966 0.4678 1.0000 0.5109 0.4855 0.6231 0.5140 0.4613 0.4871 0.5099 0.5257 0.5326 0.4802 0.5203 0.5838 0.5352 0.4824 0.4674 0.5642 0.5627 0.5163 0.5786 0.5365 0.5446 0.6093 0.6235 0.4179 0.5412 0.5260 0.5702 0.5524 0.5271 0.5550 0.6032 0.4853 0.5662 0.5205 
0.4632 0.4834 0.4678 0.5151 0.4737 0.5190 0.5039 0.4965 0.5179 0.4499 0.5289 0.5239 0.4421 0.4668 0.5109 1.0000 0.4666 0.5092 0.4795 0.4443 0.4913 0.5036 0.4921 0.5089 0.4503 0.4415 0.4833 0.5398 0.5054 0.4711 0.4816 0.4680 0.5113 0.4827 0.5636 0.4886 0.5319 0.4744 0.4508 0.5141 0.5232 0.4864 0.5180 0.5166 0.5147 0.4762 0.5095 0.4791 0.4698 
0.4780 0.4837 0.4392 0.4640 0.5342 0.5275 0.4612 0.5033 0.5244 0.4705 0.4406 0.5096 0.4087 0.3622 0.4855 0.4666 1.0000 0.5351 0.5243 0.4181 0.4549 0.5103 0.4826 0.5013 0.5400 0.5055 0.5016 0.4697 0.5383 0.4094 0.4316 0.4696 0.5740 0.5350 0.4617 0.4915 0.4571 0.4536 0.4928 0.4174 0.4946 0.4489 0.4962 0.5825 0.5695 0.5250 0.4778 0.4973 0.5333 
0.5135 0.5259 0.5601 0.5197 0.5175 0.5604 0.5220 0.5919 0.5745 0.4787 0.5274 0.5619 0.4687 0.4544 0.6231 0.5092 0.5351 1.0000 0.5448 0.4965 0.4911 0.5305 0.5699 0.5681 0.4901 0.6090 0.5963 0.4991 0.5663 0.4575 0.5075 0.5722 0.5752 0.5415 0.5259 0.5011 0.5565 0.6140 0.4587 0.5725 0.4898 0.5382 0.5198 0.5827 0.5960 0.5550 0.5322 0.5375 0.5186 
0.6081 0.6604 0.4826 0.4502 0.6080 0.5322 0.4484 0.5244 0.4956 0.5111 0.4585 0.5510 0.5430 0.4622 0.5140 0.4795 0.5243 0.5448 1.0000 0.5195 0.4652 0.6662 0.5544 0.5272 0.5438 0.6014 0.5186 0.4910 0.5336 0.4829 0.5049 0.5750 0.4914 0.5136 0.4773 0.4648 0.5176 0.4862 0.5271 0.4519 0.4964 0.4644 0.5305 0.5345 0.5331 0.5256 0.4764 0.6002 0.5981 
0.5022 0.5409 0.4114 0.4018 0.5625 0.4433 0.4365 0.4692 0.4770 0.4735 0.4242 0.4619 0.4812 0.4924 0.4613 0.4443 0.4181 0.4965 0.5195 1.0000 0.4034 0.5447 0.4353 0.4648 0.4140 0.6024 0.4578 0.4190 0.4496 0.4149 0.5018 0.5737 0.4624 0.4374 0.4502 0.4139 0.4723 0.4572 0.4722 0.4306 0.4142 0.4264 0.4557 0.4649 0.4565 0.4267 0.4488 0.5081 0.5015 
0.4489 0.4453 0.5486 0.4434 0.4300 0.4834 0.4871 0.4932 0.4930 0.4247 0.5005 0.5272 0.3917 0.4133 0.4871 0.4913 0.4549 0.4911 0.4652 0.4034 1.0000 0.4819 0.4558 0.4572 0.4282 0.4282 0.5229 0.4907 0.4692 0.4072 0.4330 0.4619 0.4824 0.4816 0.4654 0.5022 0.5408 0.4499 0.3896 0.4862 0.4304 0.4818 0.4784 0.4932 0.4310 0.4824 0.4997 0.4833 0.4449 
0.6162 0.6569 0.4827 0.4647 0.6412 0.5470 0.4533 0.5301 0.5022 0.5200 0.4673 0.5693 0.5100 0.4859 0.5099 0.5036 0.5103 0.5305 0.6662 0.5447 0.4819 1.0000 0.5379 0.5451 0.5168 0.5583 0.4978 0.4893 0.5269 0.4943 0.4949 0.5645 0.4825 0.5145 0.4868 0.4619 0.5467 0.5041 0.4721 0.4917 0.5126 0.4790 0.5576 0.5054 0.5378 0.5252 0.4527 0.5769 0.5819 
0.5277 0.5543 0.5075 0.5008 0.4677 0.5042 0.4366 0.5328 0.4970 0.5070 0.5123 0.5631 0.4309 0.4402 0.5257 0.4921 0.4826 0.5699 0.5544 0.4353 0.4558 0.5379 1.0000 0.4763 0.4912 0.4770 0.5176 0.4920 0.5100 0.4483 0.4816 0.5110 0.4660 0.5087 0.5097 0.4366 0.5170 0.4896 0.4000 0.5186 0.5527 0.4589 0.5447 0.4969 0.5065 0.4836 0.4470 0.6147 0.4808 
0.4808 0.5182 0.4964 0.5073 0.5090 0.5288 0.4997 0.5209 0.6161 0.4515 0.4802 0.5153 0.4566 0.4549 0.5326 0.5089 0.5013 0.5681 0.5272 0.4648 0.4572 0.5451 0.4763 1.0000 0.5273 0.4949 0.5439 0.5010 0.5152 0.4888 0.4810 0.4977 0.5408 0.4851 0.5381 0.4729 0.5603 0.5419 0.4446 0.5008 0.4775 0.5040 0.4991 0.5252 0.5730 0.5175 0.5236 0.4731 0.4802 
0.4895 0.5001 0.4454 0.4838 0.4916 0.5048 0.4344 0.4752 0.5070 0.4274 0.4161 0.5324 0.4532 0.4059 0.4802 0.4503 0.5400 0.4901 0.5438 0.4140 0.4282 0.5168 0.4912 0.5273 1.0000 0.4404 0.4944 0.4688 0.5031 0.4688 0.4348 0.4646 0.4644 0.5250 0.4486 0.4462 0.4443 0.4656 0.4290 0.4036 0.4931 0.4311 0.5327 0.5281 0.5288 0.5314 0.4414 0.5022 0.4812 
0.5464 0.5505 0.4592 0.4538 0.5814 0.5007 0.4447 0.5420 0.4957 0.5060 0.4381 0.5085 0.5382 0.4385 0.5203 0.4415 0.5055 0.6090 0.6014 0.6024 0.4282 0.5583 0.4770 0.4949 0.4404 1.0000 0.5332 0.4425 0.4687 0.4161 0.4881 0.6202 0.5023 0.4755 0.4426 0.4469 0.4843 0.4974 0.5361 0.4531 0.4425 0.4526 0.4541 0.5063 0.5424 0.4920 0.4514 0.5590 0.5858 
0.4451 0.4824 0.4921 0.4771 0.4819 0.5045 0.5141 0.5492 0.5569 0.4723 0.5291 0.5038 0.4497 0.4428 0.5838 0.4833 0.5016 0.5963 0.5186 0.4578 0.5229 0.4978 0.5176 0.5439 0.4944 0.5332 1.0000 0.5110 0.4915 0.4358 0.5150 0.5147 0.5801 0.5015 0.5266 0.4786 0.5451 0.5338 0.4083 0.5358 0.4680 0.4675 0.4673 0.5710 0.5320 0.5127 0.5264 0.5450 0.4784 
0.5002 0.4940 0.5109 0.5096 0.4467 0.5304 0.4993 0.5150 0.5479 0.4302 0.5692 0.5219 0.4701 0.4931 0.5352 0.5398 0.4697 0.4991 0.4910 0.4190 0.4907 0.4893 0.4920 0.5010 0.4688 0.4425 0.5110 1.0000 0.4642 0.4429 0.5004 0.4826 0.5197 0.5368 0.5460 0.5437 0.5337 0.4766 0.4005 0.5340 0.5783 0.4844 0.5317 0.4968 0.5202 0.5276 0.4919 0.4794 0.4826 
0.4686 0.5051 0.4594 0.4512 0.5686 0.5393 0.4629 0.4712 0.4920 0.4646 0.4484 0.5426 0.4212 0.4110 0.4824 0.5054 0.5383 0.5663 0.5336 0.4496 0.4692 0.5269 0.5100 0.5152 0.5031 0.4687 0.4915 0.4642 1.0000 0.4536 0.4515 0.4815 0.5271 0.5158 0.5366 0.4440 0.4835 0.4697 0.4459 0.4600 0.4690 0.4620 0.4840 0.5574 0.5428 0.5096 0.5167 0.4914 0.4587 
0.4481 0.4810 0.4238 0.4456 0.4632 0.4693 0.4517 0.4865 0.4378 0.3891 0.4180 0.5104 0.4541 0.4466 0.4674 0.4711 0.4094 0.4575 0.4829 0.4149 0.4072 0.4943 0.4483 0.4888 0.4688 0.4161 0.4358 0.4429 0.4536 1.0000 0.4014 0.4922 0.4224 0.4688 0.4678 0.4305 0.4748 0.4488 0.3643 0.4258 0.4530 0.4622 0.4866 0.4418 0.4632 0.5041 0.4014 0.4513 0.4165 
0.4930 0.5075 0.4607 0.4801 0.5031 0.4475 0.4914 0.4590 0.5175 0.4460 0.5510 0.5076 0.4665 0.4869 0.5642 0.4816 0.4316 0.5075 0.5049 0.5018 0.4330 0.4949 0.4816 0.4810 0.4348 0.4881 0.5150 0.5004 0.4515 0.4014 1.0000 0.4767 0.5192 0.4658 0.4956 0.4270 0.5909 0.5053 0.4527 0.4671 0.4835 0.4596 0.5084 0.4799 0.4945 0.4762 0.4603 0.5226 0.5157 
0.5580 0.5649 0.4780 0.4860 0.5495 0.5245 0.4984 0.5845 0.5089 0.5077 0.4823 0.5552 0.5379 0.4846 0.5627 0.4680 0.4696 0.5722 0.5750 0.5737 0.4619 0.5645 0.5110 0.4977 0.4646 0.6202 0.5147 0.4826 0.4815 0.4922 0.4767 1.0000 0.4848 0.5298 0.4824 0.4761 0.5157 0.5114 0.4480 0.4841 0.5013 0.4883 0.4977 0.4870 0.5051 0.5694 0.4742 0.5963 0.5390 
0.4427 0.4600 0.4892 0.4945 0.4881 0.5178 0.4976 0.5595 0.5972 0.4415 0.5181 0.4938 0.4061 0.4534 0.5163 0.5113 0.5740 0.5752 0.4914 0.4624 0.4824 0.4825 0.4660 0.5408 0.4644 0.5023 0.5801 0.5197 0.5271 0.4224 0.5192 0.4848 1.0000 0.5148 0.5100 0.4893 0.5356 0.4742 0.4833 0.4965 0.4705 0.5106 0.4674 0.6129 0.5508 0.4827 0.5457 0.4613 0.5083 
0.5418 0.4975 0.4775 0.5283 0.5044 0.5709 0.5054 0.5630 0.5297 0.5051 0.4862 0.5279 0.4925 0.4175 0.5786 0.4827 0.5350 0.5415 0.5136 0.4374 0.4816 0.5145 0.5087 0.4851 0.5250 0.4755 0.5015 0.5368 0.5158 0.4688 0.4658 0.5298 0.5148 1.0000 0.4933 0.5627 0.4655 0.5221 0.4310 0.4559 0.5824 0.5359 0.5772 0.5190 0.5661 0.5980 0.4914 0.5516 0.5528 
0.4605 0.4674 0.4727 0.4985 0.4637 0.5678 0.5695 0.5064 0.5238 0.4395 0.5571 0.5010 0.4439 0.5137 0.5365 0.5636 0.4617 0.5259 0.4773 0.4502 0.4654 0.4868 0.5097 0.5381 0.4486 0.4426 0.5266 0.5460 0.5366 0.4678 0.4956 0.4824 0.5100 0.4933 1.0000 0.4905 0.5478 0.4932 0.3942 0.5391 0.4815 0.4814 0.5041 0.5098 0.5080 0.5080 0.5449 0.5025 0.4543 
0.4998 0.4598 0.4688 0.5128 0.4572 0.5235 0.5326 0.5277 0.5232 0.4234 0.4852 0.5085 0.4594 0.4010 0.5446 0.4886 0.4915 0.5011 0.4648 0.4139 0.5022 0.4619 0.4366 0.4729 0.4462 0.4469 0.4786 0.5437 0.4440 0.4305 0.4270 0.4761 0.4893 0.5627 0.4905 1.0000 0.5276 0.4877 0.4263 0.4647 0.5008 0.5547 0.5552 0.5177 0.4708 0.5199 0.4850 0.4513 0.5115 
0.5270 0.5203 0.5524 0.5000 0.4797 0.5034 0.5601 0.5242 0.5709 0.4377 0.5917 0.5918 0.4269 0.5047 0.6093 0.5319 0.4571 0.5565 0.5176 0.4723 0.5408 0.5467 0.5170 0.5603 0.4443 0.4843 0.5451 0.5337 0.4835 0.4748 0.5909 0.5157 0.5356 0.4655 0.5478 0.5276 1.0000 0.5305 0.4204 0.5453 0.4951 0.5369 0.5391 0.5262 0.5020 0.5120 0.4989 0.4910 0.4755 
0.4922 0.4706 0.5538 0.5141 0.4899 0.4783 0.5252 0.5029 0.5063 0.4074 0.4962 0.5262 0.5294 0.4434 0.6235 0.4744 0.4536 0.6140 0.4862 0.4572 0.4499 0.5041 0.4896 0.5419 0.4656 0.4974 0.5338 0.4766 0.4697 0.4488 0.5053 0.5114 0.4742 0.5221 0.4932 0.4877 0.5305 1.0000 0.4186 0.5650 0.5021 0.5225 0.5619 0.4913 0.5660 0.5536 0.4627 0.4901 0.4628 
0.4601 0.4589 0.3905 0.3911 0.4943 0.4284 0.4076 0.4047 0.4429 0.4307 0.3681 0.4460 0.4656 0.3586 0.4179 0.4508 0.4928 0.4587 0.5271 0.4722 0.3896 0.4721 0.4000 0.4446 0.4290 0.5361 0.4083 0.4005 0.4459 0.3643 0.4527 0.4480 0.4833 0.4310 0.3942 0.4263 0.4204 0.4186 1.0000 0.3556 0.4232 0.4170 0.4160 0.4674 0.5111 0.4179 0.4462 0.4583 0.5029 
0.4398 0.4754 0.5241 0.5024 0.4136 0.4564 0.5083 0.5224 0.5026 0.3869 0.5652 0.4853 0.4510 0.5049 0.5412 0.5141 0.4174 0.5725 0.4519 0.4306 0.4862 0.4917 0.5186 0.5008 0.4036 0.4531 0.5358 0.5340 0.4600 0.4258 0.4671 0.4841 0.4965 0.4559 0.5391 0.4647 0.5453 0.5650 0.3556 1.0000 0.4833 0.4897 0.4689 0.4917 0.4846 0.4883 0.4438 0.4442 0.4367 
0.5211 0.4889 0.4463 0.5692 0.4604 0.5004 0.4598 0.5134 0.5295 0.4799 0.4910 0.5245 0.4675 0.4440 0.5260 0.5232 0.4946 0.4898 0.4964 0.4142 0.4304 0.5126 0.5527 0.4775 0.4931 0.4425 0.4680 0.5783 0.4690 0.4530 0.4835 0.5013 0.4705 0.5824 0.4815 0.5008 0.4951 0.5021 0.4232 0.4833 1.0000 0.4473 0.5703 0.4823 0.5623 0.4950 0.4318 0.5514 0.4962 
0.5106 0.4648 0.4950 0.4956 0.4510 0.5090 0.4812 0.5815 0.5115 0.4017 0.5033 0.5402 0.4504 0.4301 0.5702 0.4864 0.4489 0.5382 0.4644 0.4264 0.4818 0.4790 0.4589 0.5040 0.4311 0.4526 0.4675 0.4844 0.4620 0.4622 0.4596 0.4883 0.5106 0.5359 0.4814 0.5547 0.5369 0.5225 0.4170 0.4897 0.4473 1.0000 0.5055 0.5071 0.4878 0.5234 0.4612 0.4727 0.5072 
0.5891 0.5873 0.5065 0.5114 0.5131 0.5427 0.4766 0.5099 0.5171 0.4506 0.5021 0.5865 0.5022 0.4592 0.5524 0.5180 0.4962 0.5198 0.5305 0.4557 0.4784 0.5576 0.5447 0.4991 0.5327 0.4541 0.4673 0.5317 0.4840 0.4866 0.5084 0.4977 0.4674 0.5772 0.5041 0.5552 0.5391 0.5619 0.4160 0.4689 0.5703 0.5055 1.0000 0.4867 0.5224 0.5580 0.4619 0.5238 0.5450 
0.4523 0.4775 0.4660 0.4648 0.5121 0.5352 0.4826 0.5363 0.5884 0.4631 0.5194 0.5099 0.4177 0.4190 0.5271 0.5166 0.5825 0.5827 0.5345 0.4649 0.4932 0.5054 0.4969 0.5252 0.5281 0.5063 0.5710 0.4968 0.5574 0.4418 0.4799 0.4870 0.6129 0.5190 0.5098 0.5177 0.5262 0.4913 0.4674 0.4917 0.4823 0.5071 0.4867 1.0000 0.5150 0.5225 0.5272 0.4876 0.4804 
0.5128 0.4933 0.4767 0.5527 0.5443 0.4931 0.4657 0.5107 0.5729 0.4782 0.4965 0.5313 0.4930 0.4311 0.5550 0.5147 0.5695 0.5960 0.5331 0.4565 0.4310 0.5378 0.5065 0.5730 0.5288 0.5424 0.5320 0.5202 0.5428 0.4632 0.4945 0.5051 0.5508 0.5661 0.5080 0.4708 0.5020 0.5660 0.5111 0.4846 0.5623 0.4878 0.5224 0.5150 1.0000 0.5360 0.4914 0.5199 0.5038 
0.5394 0.5084 0.5441 0.5470 0.5143 0.5521 0.5304 0.5385 0.4954 0.4230 0.5339 0.6171 0.5602 0.4471 0.6032 0.4762 0.5250 0.5550 0.5256 0.4267 0.4824 0.5252 0.4836 0.5175 0.5314 0.4920 0.5127 0.5276 0.5096 0.5041 0.4762 0.5694 0.4827 0.5980 0.5080 0.5199 0.5120 0.5536 0.4179 0.4883 0.4950 0.5234 0.5580 0.5225 0.5360 1.0000 0.4569 0.5244 0.5435 
0.4202 0.4360 0.4704 0.4181 0.4599 0.5853 0.5062 0.4654 0.5290 0.4543 0.4669 0.4519 0.3935 0.4141 0.4853 0.5095 0.4778 0.5322 0.4764 0.4488 0.4997 0.4527 0.4470 0.5236 0.4414 0.4514 0.5264 0.4919 0.5167 0.4014 0.4603 0.4742 0.5457 0.4914 0.5449 0.4850 0.4989 0.4627 0.4462 0.4438 0.4318 0.4612 0.4619 0.5272 0.4914 0.4569 1.0000 0.4362 0.4384 
0.5718 0.5899 0.4714 0.4990 0.5637 0.5041 0.4627 0.5541 0.5169 0.5739 0.5028 0.5723 0.4930 0.4609 0.5662 0.4791 0.4973 0.5375 0.6002 0.5081 0.4833 0.5769 0.6147 0.4731 0.5022 0.5590 0.5450 0.4794 0.4914 0.4513 0.5226 0.5963 0.4613 0.5516 0.5025 0.4513 0.4910 0.4901 0.4583 0.4442 0.5514 0.4727 0.5238 0.4876 0.5199 0.5244 0.4362 1.0000 0.5714 
0.6502 0.5830 0.4562 0.4984 0.5409 0.5052 0.4504 0.5257 0.4950 0.4772 0.4826 0.5298 0.5254 0.4248 0.5205 0.4698 0.5333 0.5186 0.5981 0.5015 0.4449 0.5819 0.4808 0.4802 0.4812 0.5858 0.4784 0.4826 0.4587 0.4165 0.5157 0.5390 0.5083 0.5528 0.4543 0.5115 0.4755 0.4628 0.5029 0.4367 0.4962 0.5072 0.5450 0.4804 0.5038 0.5435 0.4384 0.5714 1.0000 
