1:	0.0000 1.0000 0.0000 0.0000 0.0000 0.0000 	1
2:	0.5000 0.0000 0.0382 0.0000 0.0000 0.4618 	2
3:	0.7449 0.0000 0.0507 0.1457 0.0210 0.0377 	6
4:	0.9273 0.0000 0.0000 0.0000 0.0589 0.0138 	4
5:	0.4385 0.0000 0.1370 0.2599 0.0912 0.0734 	15
6:	0.2324 0.4847 0.1250 0.0000 0.1283 0.0296 	8
7:	0.3845 0.1000 0.1524 0.0500 0.2167 0.0963 	20
8:	0.4131 0.1905 0.2381 0.0476 0.1107 0.0000 	21
9:	0.3423 0.0774 0.3571 0.0074 0.1520 0.0638 	14
10:	0.1486 0.0000 0.3567 0.0000 0.0000 0.4947 	1
11:	0.0863 0.0820 0.0000 0.4378 0.0000 0.3939 	3
12:	0.0000 0.2000 0.0000 0.8000 0.0000 0.0000 	5
13:	0.0000 0.5000 0.0000 0.5000 0.0000 0.0000 	2
14:	0.0000 0.5512 0.1837 0.0055 0.2245 0.0351 	5
15:	0.1429 0.5580 0.1031 0.0423 0.0000 0.1538 	7
