1:	0.2824 0.0000 0.0019 0.1807 0.0019 0.1946 0.0000 0.1664 0.0946 0.0776 	13
2:	0.1820 0.0000 0.0643 0.1872 0.0000 0.1559 0.0714 0.0023 0.2093 0.1276 	14
3:	0.0451 0.0799 0.1961 0.0702 0.1909 0.1117 0.1181 0.0185 0.1464 0.0230 	18
4:	0.2649 0.1818 0.0610 0.0741 0.0000 0.0488 0.0000 0.0036 0.0600 0.3058 	11
5:	0.0591 0.3389 0.0000 0.1048 0.0000 0.1161 0.1667 0.0081 0.1570 0.0495 	6
6:	0.0129 0.4723 0.0531 0.0072 0.3491 0.0251 0.0024 0.0011 0.0594 0.0175 	17
7:	0.0000 0.0000 0.0000 0.5000 0.0000 0.3333 0.0000 0.0000 0.1667 0.0000 	1
8:	0.0000 0.0000 0.0082 0.0000 0.0000 0.2116 0.0000 0.0000 0.0000 0.7802 	1
9:	0.0000 0.0000 1.0000 0.0000 0.0000 0.0000 0.0000 0.0000 0.0000 0.0000 	1
10:	0.0453 0.0000 0.0611 0.0834 0.0000 0.0780 0.0000 0.0082 0.0500 0.6740 	1
11:	0.2668 0.0000 0.2266 0.4086 0.0000 0.0450 0.0000 0.0000 0.0529 0.0000 	2
12:	0.2973 0.0000 0.0821 0.0758 0.1250 0.1601 0.0000 0.0646 0.0998 0.0953 	8
13:	0.1189 0.0000 0.0000 0.5029 0.0000 0.1616 0.0000 0.0000 0.0500 0.1667 	1
