1:	0.0000 1.0000 0.0000 0.0000 0.0000 0.0000 0.0000 0.0000 	1
2:	0.1759 0.0000 0.0945 0.0000 0.0000 0.4054 0.0000 0.3241 	2
3:	0.3094 0.0000 0.0434 0.1402 0.0180 0.0273 0.0007 0.4610 	6
4:	0.3771 0.0000 0.0000 0.0000 0.0000 0.0046 0.1326 0.4858 	4
5:	0.2266 0.0000 0.1333 0.2583 0.0000 0.0751 0.2020 0.1048 	15
6:	0.0395 0.4829 0.1250 0.0000 0.1250 0.0212 0.0247 0.1816 	8
7:	0.1940 0.1000 0.1500 0.0500 0.1500 0.0894 0.1516 0.1149 	20
8:	0.2948 0.1905 0.2381 0.0476 0.0952 0.0000 0.0373 0.0965 	21
9:	0.2185 0.0714 0.3571 0.0000 0.1429 0.0758 0.0233 0.1110 	14
10:	0.0322 0.0000 0.3579 0.0000 0.0000 0.4469 0.0018 0.1612 	1
11:	0.0176 0.0840 0.0000 0.3962 0.0000 0.4209 0.0010 0.0804 	3
12:	0.0000 0.2000 0.0000 0.8000 0.0000 0.0000 0.0000 0.0000 	5
13:	0.0000 0.5000 0.0000 0.5000 0.0000 0.0000 0.0000 0.0000 	2
14:	0.0000 0.5516 0.1860 0.0059 0.2261 0.0304 0.0000 0.0000 	5
15:	0.0585 0.5579 0.1047 0.0434 0.0000 0.1511 0.0000 0.0843 	7
