1:	0.0909 0.1361 0.0156 0.0045 0.1707 0.1112 0.0939 0.0370 0.1452 0.1948 	9
2:	0.3333 0.0000 0.0000 0.0000 0.0712 0.0000 0.0000 0.0138 0.4972 0.0845 	3
3:	0.0526 0.0000 0.2510 0.2500 0.0833 0.0000 0.1114 0.0036 0.1647 0.0833 	4
4:	0.0401 0.0000 0.2879 0.2007 0.0000 0.2580 0.1756 0.0086 0.0037 0.0254 	2
5:	0.0844 0.0906 0.1213 0.0050 0.1610 0.1537 0.1515 0.0643 0.1005 0.0676 	17
6:	0.0840 0.0010 0.0862 0.0065 0.0170 0.4065 0.2339 0.0807 0.0204 0.0638 	12
7:	0.3262 0.0999 0.0000 0.0011 0.0289 0.1276 0.2787 0.0130 0.0249 0.0997 	3
8:	0.6378 0.0000 0.1056 0.0000 0.0000 0.0827 0.0995 0.0000 0.0000 0.0744 	2
9:	0.5214 0.0000 0.0000 0.0017 0.0000 0.0000 0.4769 0.0000 0.0000 0.0000 	1
10:	0.0417 0.0000 0.2500 0.0000 0.0000 0.0833 0.3750 0.0000 0.2500 0.0000 	4
11:	0.2856 0.1563 0.2477 0.0007 0.0177 0.0326 0.1477 0.0003 0.0350 0.0764 	14
12:	0.1610 0.3556 0.0288 0.0000 0.0828 0.0808 0.0801 0.0218 0.0958 0.0933 	9
13:	0.0277 0.2229 0.1033 0.0012 0.1345 0.0225 0.0820 0.0205 0.2367 0.1486 	14
14:	0.0788 0.0833 0.0000 0.0017 0.0614 0.0000 0.3673 0.0833 0.2167 0.1075 	2
15:	0.0527 0.0000 0.1111 0.3963 0.0454 0.2000 0.1833 0.0009 0.0103 0.0000 	9
