
Using the parameter settings in the file: 
''1763151118/clumpp.paramfile''

Parameter settings
----------------------- Main parameters -------------------------
DATATYPE = 0
INDFILE = 1763151118/ClumppIndFile
POPFILE = 
OUTFILE = 1763151118/ClumppIndFile.output
MISCFILE = 1763151118/ClumppIndFile.misc
K = 13
C = 105
R = 50
M = 3
W = 0
S = 2
- Additional options for the Greedy and LargeKGreedy algorithms -
GREEDY_OPTION = 2
REPEATS = 2000
PERMUTATIONFILE = 
----------------------- Optional outputs ------------------------
PRINT_PERMUTED_DATA = 0
PERMUTED_DATAFILE = 
PRINT_EVERY_PERM = 0
EVERY_PERMFILE = 
PRINT_RANDOM_INPUTORDER = 0
RANDOM_INPUTORDERFILE = 
----------------------- Advanced options ------------------------
OVERRIDE_WARNINGS = 0
ORDER_BY_RUN = 1


In total, 2000 configurations of runs and clusters will be tested.

Results
------------------------------
The highest value of H' is: 0.35341528863998

The list of permutations of the clusters that produces that
H' value is (runs are listed sequentially on separate rows)

1 2 3 4 5 6 7 8 9 10 11 12 13 
12 10 1 4 6 8 3 9 2 7 11 13 5 
9 7 8 13 3 4 5 11 2 1 10 6 12 
12 4 8 10 9 13 11 5 3 1 7 2 6 
8 6 13 9 4 10 12 7 3 2 11 1 5 
11 9 8 1 6 5 3 4 12 10 7 13 2 
8 2 1 11 4 12 5 7 3 10 6 13 9 
9 5 12 3 4 8 6 13 7 1 10 2 11 
2 11 1 4 5 6 7 9 8 13 3 10 12 
3 7 6 4 11 2 12 5 10 13 9 8 1 
8 1 12 9 6 11 13 4 5 3 10 2 7 
1 4 10 9 13 5 2 3 12 7 6 8 11 
3 9 10 8 1 6 7 2 13 4 11 12 5 
5 13 1 3 4 9 8 11 12 7 6 10 2 
12 3 6 8 5 7 9 1 10 13 2 11 4 
10 3 7 11 5 13 8 1 2 6 12 4 9 
3 13 2 9 10 11 4 5 1 6 12 8 7 
5 11 2 7 3 4 8 1 9 10 12 6 13 
1 2 13 3 10 4 8 11 7 6 9 12 5 
3 7 9 4 6 13 12 10 8 1 2 5 11 
10 12 11 6 4 7 13 3 8 5 9 1 2 
8 5 6 4 9 13 10 12 11 2 3 7 1 
13 7 10 6 9 11 4 1 8 3 5 2 12 
12 13 7 4 1 2 9 6 8 5 11 3 10 
12 13 10 7 6 9 11 1 3 2 4 5 8 
2 8 13 9 12 10 5 4 3 6 7 11 1 
9 10 4 8 6 3 13 5 7 12 1 2 11 
9 1 8 10 11 12 6 7 13 3 2 4 5 
12 3 11 10 13 6 7 4 8 5 1 9 2 
4 9 12 10 1 8 7 11 5 2 13 3 6 
5 6 11 8 1 10 12 3 7 13 9 4 2 
13 4 9 6 7 5 2 1 10 11 3 8 12 
3 5 13 6 8 2 9 12 4 1 11 7 10 
2 11 5 9 8 4 7 12 10 6 1 3 13 
2 3 4 7 9 13 10 6 12 5 1 11 8 
3 11 4 1 9 2 7 12 8 10 6 5 13 
8 5 13 11 3 9 6 2 10 7 4 1 12 
12 7 13 8 10 3 2 1 4 5 11 6 9 
2 13 7 1 11 5 8 12 3 4 6 10 9 
4 13 11 9 7 8 1 6 12 3 10 2 5 
9 6 11 8 12 1 13 7 10 5 4 2 3 
3 1 5 11 7 9 4 6 13 8 10 2 12 
9 3 7 10 2 6 8 11 13 5 4 1 12 
8 12 4 9 13 1 7 3 2 11 6 10 5 
2 3 1 7 4 12 11 6 13 5 10 9 8 
2 8 3 5 11 1 4 12 7 10 9 13 6 
5 8 13 3 11 10 12 2 1 6 7 4 9 
8 3 2 7 13 12 10 11 1 9 5 4 6 
6 2 12 5 1 10 8 4 7 9 11 13 3 
4 12 3 1 9 2 7 10 6 5 13 8 11 

The pairwise G' values for each pair of runs where the clusters
of each run are permuted according to the list of permutations above

1.0000 0.3234 0.3693 0.3559 0.3835 0.3804 0.3041 0.3360 0.3501 0.3363 0.3278 0.3663 0.4032 0.3500 0.4062 0.2804 0.3266 0.3540 0.3094 0.3879 0.2687 0.3965 0.2975 0.2808 0.3341 0.3374 0.3500 0.3617 0.3490 0.3571 0.3887 0.3809 0.3403 0.3425 0.3894 0.3212 0.3466 0.3417 0.3069 0.3789 0.3073 0.3787 0.3280 0.3054 0.3545 0.3032 0.4056 0.3157 0.3602 0.3445 
0.3234 1.0000 0.3270 0.3390 0.3520 0.3847 0.3226 0.3641 0.3830 0.3986 0.3526 0.3678 0.3803 0.3462 0.3241 0.3451 0.3417 0.3707 0.3412 0.4160 0.3768 0.3313 0.3432 0.3427 0.3751 0.3636 0.3641 0.3664 0.4267 0.3926 0.3630 0.3689 0.4038 0.3573 0.3245 0.3580 0.3346 0.3325 0.3268 0.3101 0.3610 0.3510 0.3579 0.3178 0.3141 0.3699 0.3501 0.3502 0.3762 0.3585 
0.3693 0.3270 1.0000 0.3738 0.3498 0.3596 0.3390 0.3275 0.3222 0.3529 0.3205 0.3684 0.3598 0.3264 0.3432 0.3068 0.3522 0.3441 0.3223 0.3602 0.3535 0.3850 0.3546 0.3122 0.3470 0.3487 0.3433 0.3308 0.3724 0.3640 0.3568 0.3294 0.3501 0.3907 0.3489 0.3057 0.3396 0.3024 0.3298 0.3278 0.2715 0.2917 0.3297 0.2826 0.3389 0.3429 0.3446 0.3301 0.3361 0.3226 
0.3559 0.3390 0.3738 1.0000 0.4012 0.3940 0.3297 0.3547 0.3186 0.3428 0.3377 0.3306 0.4224 0.3263 0.3578 0.3619 0.3060 0.3529 0.3468 0.3563 0.3734 0.3444 0.3124 0.3792 0.3383 0.3270 0.3957 0.3582 0.3440 0.3463 0.3228 0.4023 0.3446 0.3391 0.3899 0.3675 0.3647 0.3383 0.3229 0.3824 0.3110 0.3416 0.3298 0.3223 0.3098 0.3740 0.4517 0.3830 0.3251 0.3423 
0.3835 0.3520 0.3498 0.4012 1.0000 0.4338 0.3371 0.3583 0.3524 0.3473 0.3406 0.3971 0.3931 0.3369 0.3582 0.3383 0.3514 0.3925 0.3366 0.4232 0.3106 0.3629 0.3101 0.3562 0.3512 0.3443 0.4178 0.3673 0.4088 0.3498 0.3792 0.3918 0.3725 0.3970 0.3997 0.3749 0.3748 0.3716 0.3461 0.3810 0.3672 0.3583 0.3917 0.3140 0.3223 0.3668 0.3864 0.3720 0.3598 0.3510 
0.3804 0.3847 0.3596 0.3940 0.4338 1.0000 0.3732 0.3868 0.4037 0.3691 0.3605 0.3593 0.4377 0.3293 0.3703 0.3742 0.4311 0.3731 0.3738 0.4162 0.3612 0.4026 0.3503 0.3996 0.4173 0.4186 0.4445 0.4391 0.3954 0.3938 0.3722 0.4088 0.4029 0.4326 0.4020 0.4055 0.3862 0.3731 0.3609 0.3542 0.3740 0.4359 0.4257 0.3596 0.3688 0.3863 0.3707 0.3914 0.3675 0.3856 
0.3041 0.3226 0.3390 0.3297 0.3371 0.3732 1.0000 0.3412 0.3592 0.3715 0.3460 0.3538 0.3223 0.3091 0.3277 0.3533 0.3330 0.3576 0.3215 0.3065 0.3894 0.3551 0.3647 0.3761 0.3650 0.3448 0.3846 0.4247 0.3754 0.3072 0.3553 0.3793 0.3481 0.3947 0.3191 0.3734 0.3094 0.4060 0.3313 0.2907 0.3492 0.3790 0.3293 0.2865 0.3317 0.3203 0.3231 0.3601 0.3219 0.3457 
0.3360 0.3641 0.3275 0.3547 0.3583 0.3868 0.3412 1.0000 0.3571 0.3571 0.3973 0.3651 0.3485 0.3868 0.3724 0.3312 0.3019 0.2998 0.4422 0.3373 0.3704 0.3184 0.3346 0.3631 0.3472 0.3385 0.3620 0.3709 0.3291 0.3806 0.3792 0.3732 0.3507 0.3655 0.3528 0.3322 0.3638 0.3718 0.3339 0.3242 0.3539 0.3666 0.3360 0.3238 0.3441 0.3529 0.3883 0.3696 0.3512 0.3477 
0.3501 0.3830 0.3222 0.3186 0.3524 0.4037 0.3592 0.3571 1.0000 0.3435 0.3278 0.3444 0.3382 0.3878 0.3468 0.3681 0.4056 0.3648 0.3259 0.3834 0.3232 0.3466 0.2968 0.3350 0.3365 0.3363 0.3623 0.3828 0.3732 0.3324 0.4010 0.3492 0.3605 0.3574 0.3359 0.3773 0.3323 0.3568 0.2928 0.2907 0.3312 0.3470 0.3619 0.3185 0.3977 0.3723 0.3460 0.3338 0.3268 0.3832 
0.3363 0.3986 0.3529 0.3428 0.3473 0.3691 0.3715 0.3571 0.3435 1.0000 0.3144 0.3911 0.3524 0.3280 0.3624 0.3481 0.3373 0.3970 0.4235 0.3336 0.4064 0.3859 0.4414 0.3285 0.3306 0.3915 0.3663 0.3607 0.4226 0.4070 0.3762 0.3451 0.4297 0.3984 0.3153 0.3820 0.3425 0.3601 0.3150 0.3177 0.3930 0.3673 0.3340 0.3888 0.3266 0.3887 0.3303 0.4083 0.3845 0.3272 
0.3278 0.3526 0.3205 0.3377 0.3406 0.3605 0.3460 0.3973 0.3278 0.3144 1.0000 0.3209 0.3301 0.3598 0.3509 0.2947 0.2989 0.3284 0.3437 0.3575 0.3082 0.3179 0.3761 0.3559 0.3354 0.3508 0.3477 0.3600 0.3863 0.3395 0.3459 0.3602 0.3227 0.3787 0.2937 0.3090 0.3385 0.3150 0.3407 0.3029 0.3161 0.3476 0.3519 0.2980 0.3412 0.3570 0.3357 0.3759 0.3464 0.3178 
0.3663 0.3678 0.3684 0.3306 0.3971 0.3593 0.3538 0.3651 0.3444 0.3911 0.3209 1.0000 0.3465 0.3685 0.3502 0.3179 0.3262 0.3929 0.3203 0.3812 0.3541 0.3551 0.3609 0.3731 0.3118 0.3668 0.3782 0.3292 0.4201 0.4030 0.3774 0.3588 0.3541 0.3900 0.3281 0.3394 0.3395 0.3491 0.3238 0.3271 0.3493 0.3390 0.3350 0.3540 0.3363 0.3367 0.3223 0.3536 0.3678 0.3371 
0.4032 0.3803 0.3598 0.4224 0.3931 0.4377 0.3223 0.3485 0.3382 0.3524 0.3301 0.3465 1.0000 0.3190 0.3539 0.3269 0.3796 0.3234 0.3358 0.3948 0.3525 0.3869 0.3065 0.3398 0.4173 0.3356 0.3804 0.3677 0.3990 0.3764 0.3879 0.3849 0.3767 0.3926 0.3943 0.3757 0.3593 0.3333 0.3145 0.3803 0.3552 0.4108 0.4004 0.3313 0.3420 0.3584 0.3959 0.3474 0.3137 0.3617 
0.3500 0.3462 0.3264 0.3263 0.3369 0.3293 0.3091 0.3868 0.3878 0.3280 0.3598 0.3685 0.3190 1.0000 0.3775 0.3508 0.3270 0.3032 0.3405 0.3198 0.3444 0.3166 0.3089 0.4230 0.3032 0.3216 0.3593 0.3847 0.3608 0.3624 0.3406 0.3809 0.3117 0.3780 0.3220 0.3414 0.3612 0.3436 0.2841 0.3120 0.3380 0.3524 0.3235 0.3342 0.3483 0.3776 0.3692 0.3577 0.3524 0.2961 
0.4062 0.3241 0.3432 0.3578 0.3582 0.3703 0.3277 0.3724 0.3468 0.3624 0.3509 0.3502 0.3539 0.3775 1.0000 0.3246 0.3478 0.3370 0.3291 0.3495 0.3269 0.4083 0.3242 0.3528 0.3521 0.3389 0.3443 0.3473 0.3630 0.4040 0.3417 0.3475 0.3286 0.3806 0.4027 0.3361 0.3707 0.3459 0.3170 0.3079 0.3585 0.3567 0.3395 0.3277 0.3468 0.3384 0.3624 0.3317 0.3606 0.3760 
0.2804 0.3451 0.3068 0.3619 0.3383 0.3742 0.3533 0.3312 0.3681 0.3481 0.2947 0.3179 0.3269 0.3508 0.3246 1.0000 0.3343 0.3300 0.3222 0.3028 0.3945 0.3286 0.2933 0.3732 0.3477 0.2919 0.3743 0.3862 0.3311 0.3430 0.3087 0.3801 0.3501 0.3582 0.3519 0.3397 0.3508 0.3167 0.3089 0.3284 0.3900 0.3220 0.3697 0.3447 0.3705 0.3660 0.3436 0.3477 0.3139 0.3158 
0.3266 0.3417 0.3522 0.3060 0.3514 0.4311 0.3330 0.3019 0.4056 0.3373 0.2989 0.3262 0.3796 0.3270 0.3478 0.3343 1.0000 0.3592 0.3640 0.3775 0.3029 0.3316 0.3130 0.3226 0.3695 0.3164 0.3962 0.3921 0.3175 0.3578 0.3341 0.3681 0.3225 0.3569 0.3445 0.3782 0.3137 0.3378 0.3200 0.3220 0.3388 0.3659 0.3834 0.2883 0.3460 0.3061 0.3495 0.3419 0.3319 0.3737 
0.3540 0.3707 0.3441 0.3529 0.3925 0.3731 0.3576 0.2998 0.3648 0.3970 0.3284 0.3929 0.3234 0.3032 0.3370 0.3300 0.3592 1.0000 0.3090 0.4048 0.3575 0.3431 0.3759 0.3091 0.3174 0.3633 0.4192 0.3428 0.3804 0.3502 0.3687 0.3832 0.4225 0.3759 0.3138 0.3714 0.3339 0.4012 0.3320 0.3136 0.3237 0.3225 0.3277 0.3626 0.3355 0.2913 0.3242 0.3561 0.3545 0.3067 
0.3094 0.3412 0.3223 0.3468 0.3366 0.3738 0.3215 0.4422 0.3259 0.4235 0.3437 0.3203 0.3358 0.3405 0.3291 0.3222 0.3640 0.3090 1.0000 0.3261 0.3382 0.3123 0.3203 0.3502 0.3342 0.2962 0.3724 0.3390 0.3176 0.3585 0.3226 0.3306 0.3093 0.3475 0.3225 0.3784 0.2895 0.3313 0.3357 0.3386 0.3701 0.3657 0.3087 0.3118 0.3381 0.3797 0.3382 0.3574 0.3234 0.3512 
0.3879 0.4160 0.3602 0.3563 0.4232 0.4162 0.3065 0.3373 0.3834 0.3336 0.3575 0.3812 0.3948 0.3198 0.3495 0.3028 0.3775 0.4048 0.3261 1.0000 0.3224 0.3631 0.3072 0.3715 0.3637 0.3845 0.4023 0.3448 0.4155 0.3278 0.3772 0.3768 0.3710 0.3532 0.3279 0.3322 0.3359 0.3630 0.3369 0.3293 0.3530 0.3662 0.3895 0.3038 0.3106 0.3213 0.3408 0.3272 0.3805 0.3487 
0.2687 0.3768 0.3535 0.3734 0.3106 0.3612 0.3894 0.3704 0.3232 0.4064 0.3082 0.3541 0.3525 0.3444 0.3269 0.3945 0.3029 0.3575 0.3382 0.3224 1.0000 0.3730 0.3701 0.3855 0.3792 0.3559 0.3739 0.3644 0.3406 0.3539 0.3516 0.3823 0.3844 0.3706 0.3379 0.3289 0.3782 0.3593 0.3425 0.3034 0.3255 0.3219 0.3638 0.3507 0.3369 0.3509 0.3876 0.3493 0.3400 0.3021 
0.3965 0.3313 0.3850 0.3444 0.3629 0.4026 0.3551 0.3184 0.3466 0.3859 0.3179 0.3551 0.3869 0.3166 0.4083 0.3286 0.3316 0.3431 0.3123 0.3631 0.3730 1.0000 0.3561 0.3206 0.3684 0.3448 0.3186 0.3648 0.3773 0.3507 0.3668 0.3018 0.3717 0.3808 0.3594 0.3124 0.3277 0.3598 0.3712 0.3253 0.3347 0.4155 0.3460 0.3009 0.3354 0.3245 0.3492 0.3468 0.3125 0.3309 
0.2975 0.3432 0.3546 0.3124 0.3101 0.3503 0.3647 0.3346 0.2968 0.4414 0.3761 0.3609 0.3065 0.3089 0.3242 0.2933 0.3130 0.3759 0.3203 0.3072 0.3701 0.3561 1.0000 0.3132 0.2905 0.3718 0.3519 0.3313 0.3822 0.3512 0.3624 0.3066 0.3401 0.3890 0.2952 0.3454 0.3149 0.3523 0.3363 0.2834 0.3024 0.3167 0.3064 0.3214 0.2786 0.3333 0.2866 0.3941 0.3207 0.3437 
0.2808 0.3427 0.3122 0.3792 0.3562 0.3996 0.3761 0.3631 0.3350 0.3285 0.3559 0.3731 0.3398 0.4230 0.3528 0.3732 0.3226 0.3091 0.3502 0.3715 0.3855 0.3206 0.3132 1.0000 0.3454 0.3509 0.4026 0.3614 0.4129 0.3318 0.3257 0.3941 0.3240 0.3839 0.3619 0.3697 0.3897 0.3292 0.3540 0.3310 0.3615 0.3359 0.3645 0.3008 0.3399 0.4152 0.3889 0.3700 0.3515 0.3145 
0.3341 0.3751 0.3470 0.3383 0.3512 0.4173 0.3650 0.3472 0.3365 0.3306 0.3354 0.3118 0.4173 0.3032 0.3521 0.3477 0.3695 0.3174 0.3342 0.3637 0.3792 0.3684 0.2905 0.3454 1.0000 0.3591 0.3748 0.3979 0.3445 0.3597 0.3743 0.4001 0.3636 0.3764 0.4048 0.3878 0.4028 0.3293 0.3330 0.3296 0.3443 0.3871 0.3572 0.3154 0.3648 0.3723 0.4503 0.3539 0.3397 0.3537 
0.3374 0.3636 0.3487 0.3270 0.3443 0.4186 0.3448 0.3385 0.3363 0.3915 0.3508 0.3668 0.3356 0.3216 0.3389 0.2919 0.3164 0.3633 0.2962 0.3845 0.3559 0.3448 0.3718 0.3509 0.3591 1.0000 0.3907 0.3631 0.3915 0.3605 0.3780 0.3490 0.3894 0.3805 0.3346 0.3451 0.3612 0.3463 0.3049 0.2828 0.3329 0.3542 0.3808 0.3077 0.3044 0.3471 0.3331 0.3454 0.3568 0.3352 
0.3500 0.3641 0.3433 0.3957 0.4178 0.4445 0.3846 0.3620 0.3623 0.3663 0.3477 0.3782 0.3804 0.3593 0.3443 0.3743 0.3962 0.4192 0.3724 0.4023 0.3739 0.3186 0.3519 0.4026 0.3748 0.3907 1.0000 0.4320 0.3877 0.3590 0.3589 0.4826 0.3660 0.3820 0.3968 0.4308 0.4050 0.4078 0.3407 0.3844 0.4053 0.3762 0.3660 0.3339 0.3627 0.3627 0.3786 0.4203 0.3605 0.3559 
0.3617 0.3664 0.3308 0.3582 0.3673 0.4391 0.4247 0.3709 0.3828 0.3607 0.3600 0.3292 0.3677 0.3847 0.3473 0.3862 0.3921 0.3428 0.3390 0.3448 0.3644 0.3648 0.3313 0.3614 0.3979 0.3631 0.4320 1.0000 0.3645 0.3888 0.3410 0.4955 0.3794 0.3861 0.3606 0.3747 0.4089 0.3856 0.3209 0.3627 0.3923 0.4175 0.3862 0.3391 0.3342 0.3904 0.3960 0.3725 0.3312 0.3521 
0.3490 0.4267 0.3724 0.3440 0.4088 0.3954 0.3754 0.3291 0.3732 0.4226 0.3863 0.4201 0.3990 0.3608 0.3630 0.3311 0.3175 0.3804 0.3176 0.4155 0.3406 0.3773 0.3822 0.4129 0.3445 0.3915 0.3877 0.3645 1.0000 0.3547 0.3890 0.3834 0.3577 0.4028 0.3235 0.3732 0.3853 0.3469 0.3745 0.2959 0.3450 0.3675 0.3794 0.3580 0.3543 0.3869 0.3324 0.4258 0.3208 0.3213 
0.3571 0.3926 0.3640 0.3463 0.3498 0.3938 0.3072 0.3806 0.3324 0.4070 0.3395 0.4030 0.3764 0.3624 0.4040 0.3430 0.3578 0.3502 0.3585 0.3278 0.3539 0.3507 0.3512 0.3318 0.3597 0.3605 0.3590 0.3888 0.3547 1.0000 0.3334 0.3636 0.3866 0.3776 0.3587 0.3318 0.3863 0.3364 0.3134 0.3722 0.3569 0.3423 0.3745 0.3645 0.3359 0.3727 0.3603 0.3573 0.4218 0.3542 
0.3887 0.3630 0.3568 0.3228 0.3792 0.3722 0.3553 0.3792 0.4010 0.3762 0.3459 0.3774 0.3879 0.3406 0.3417 0.3087 0.3341 0.3687 0.3226 0.3772 0.3516 0.3668 0.3624 0.3257 0.3743 0.3780 0.3589 0.3410 0.3890 0.3334 1.0000 0.3649 0.3621 0.4039 0.3436 0.3841 0.3566 0.3699 0.3444 0.3550 0.3348 0.3655 0.3533 0.3208 0.3937 0.3243 0.3838 0.3512 0.3505 0.3441 
0.3809 0.3689 0.3294 0.4023 0.3918 0.4088 0.3793 0.3732 0.3492 0.3451 0.3602 0.3588 0.3849 0.3809 0.3475 0.3801 0.3681 0.3832 0.3306 0.3768 0.3823 0.3018 0.3066 0.3941 0.4001 0.3490 0.4826 0.4955 0.3834 0.3636 0.3649 1.0000 0.3588 0.3923 0.3709 0.3735 0.4001 0.3410 0.2943 0.4104 0.3435 0.3613 0.3578 0.3792 0.3880 0.3847 0.4401 0.4048 0.3681 0.3534 
0.3403 0.4038 0.3501 0.3446 0.3725 0.4029 0.3481 0.3507 0.3605 0.4297 0.3227 0.3541 0.3767 0.3117 0.3286 0.3501 0.3225 0.4225 0.3093 0.3710 0.3844 0.3717 0.3401 0.3240 0.3636 0.3894 0.3660 0.3794 0.3577 0.3866 0.3621 0.3588 1.0000 0.3935 0.3163 0.3771 0.3676 0.3698 0.3007 0.3456 0.3136 0.3580 0.3990 0.3618 0.3570 0.3549 0.3667 0.3717 0.4110 0.3870 
0.3425 0.3573 0.3907 0.3391 0.3970 0.4326 0.3947 0.3655 0.3574 0.3984 0.3787 0.3900 0.3926 0.3780 0.3806 0.3582 0.3569 0.3759 0.3475 0.3532 0.3706 0.3808 0.3890 0.3839 0.3764 0.3805 0.3820 0.3861 0.4028 0.3776 0.4039 0.3923 0.3935 1.0000 0.3741 0.3980 0.3891 0.3717 0.3381 0.3588 0.3758 0.3697 0.3942 0.3996 0.3756 0.4142 0.3926 0.4337 0.3586 0.3802 
0.3894 0.3245 0.3489 0.3899 0.3997 0.4020 0.3191 0.3528 0.3359 0.3153 0.2937 0.3281 0.3943 0.3220 0.4027 0.3519 0.3445 0.3138 0.3225 0.3279 0.3379 0.3594 0.2952 0.3619 0.4048 0.3346 0.3968 0.3606 0.3235 0.3587 0.3436 0.3709 0.3163 0.3741 1.0000 0.3664 0.3849 0.3448 0.2955 0.3858 0.3161 0.3154 0.3372 0.2768 0.3430 0.3701 0.4418 0.3364 0.3311 0.3498 
0.3212 0.3580 0.3057 0.3675 0.3749 0.4055 0.3734 0.3322 0.3773 0.3820 0.3090 0.3394 0.3757 0.3414 0.3361 0.3397 0.3782 0.3714 0.3784 0.3322 0.3289 0.3124 0.3454 0.3697 0.3878 0.3451 0.4308 0.3747 0.3732 0.3318 0.3841 0.3735 0.3771 0.3980 0.3664 1.0000 0.3521 0.3709 0.3013 0.3642 0.3838 0.3625 0.3358 0.3157 0.3493 0.3711 0.3776 0.3535 0.3212 0.3574 
0.3466 0.3346 0.3396 0.3647 0.3748 0.3862 0.3094 0.3638 0.3323 0.3425 0.3385 0.3395 0.3593 0.3612 0.3707 0.3508 0.3137 0.3339 0.2895 0.3359 0.3782 0.3277 0.3149 0.3897 0.4028 0.3612 0.4050 0.4089 0.3853 0.3863 0.3566 0.4001 0.3676 0.3891 0.3849 0.3521 1.0000 0.3547 0.3299 0.3325 0.3506 0.3368 0.3609 0.3501 0.3505 0.3677 0.4081 0.3562 0.3661 0.3151 
0.3417 0.3325 0.3024 0.3383 0.3716 0.3731 0.4060 0.3718 0.3568 0.3601 0.3150 0.3491 0.3333 0.3436 0.3459 0.3167 0.3378 0.4012 0.3313 0.3630 0.3593 0.3598 0.3523 0.3292 0.3293 0.3463 0.4078 0.3856 0.3469 0.3364 0.3699 0.3410 0.3698 0.3717 0.3448 0.3709 0.3547 1.0000 0.3029 0.3364 0.3552 0.3784 0.3364 0.3485 0.3205 0.2878 0.3515 0.3332 0.3252 0.3406 
0.3069 0.3268 0.3298 0.3229 0.3461 0.3609 0.3313 0.3339 0.2928 0.3150 0.3407 0.3238 0.3145 0.2841 0.3170 0.3089 0.3200 0.3320 0.3357 0.3369 0.3425 0.3712 0.3363 0.3540 0.3330 0.3049 0.3407 0.3209 0.3745 0.3134 0.3444 0.2943 0.3007 0.3381 0.2955 0.3013 0.3299 0.3029 1.0000 0.2740 0.3033 0.3447 0.3453 0.2570 0.3202 0.2995 0.3037 0.3502 0.3224 0.3060 
0.3789 0.3101 0.3278 0.3824 0.3810 0.3542 0.2907 0.3242 0.2907 0.3177 0.3029 0.3271 0.3803 0.3120 0.3079 0.3284 0.3220 0.3136 0.3386 0.3293 0.3034 0.3253 0.2834 0.3310 0.3296 0.2828 0.3844 0.3627 0.2959 0.3722 0.3550 0.4104 0.3456 0.3588 0.3858 0.3642 0.3325 0.3364 0.2740 1.0000 0.3033 0.3545 0.3785 0.3111 0.3135 0.3502 0.4070 0.3555 0.3195 0.3150 
0.3073 0.3610 0.2715 0.3110 0.3672 0.3740 0.3492 0.3539 0.3312 0.3930 0.3161 0.3493 0.3552 0.3380 0.3585 0.3900 0.3388 0.3237 0.3701 0.3530 0.3255 0.3347 0.3024 0.3615 0.3443 0.3329 0.4053 0.3923 0.3450 0.3569 0.3348 0.3435 0.3136 0.3758 0.3161 0.3838 0.3506 0.3552 0.3033 0.3033 1.0000 0.3783 0.3611 0.3157 0.3192 0.3293 0.3298 0.3106 0.3143 0.3378 
0.3787 0.3510 0.2917 0.3416 0.3583 0.4359 0.3790 0.3666 0.3470 0.3673 0.3476 0.3390 0.4108 0.3524 0.3567 0.3220 0.3659 0.3225 0.3657 0.3662 0.3219 0.4155 0.3167 0.3359 0.3871 0.3542 0.3762 0.4175 0.3675 0.3423 0.3655 0.3613 0.3580 0.3697 0.3154 0.3625 0.3368 0.3784 0.3447 0.3545 0.3783 1.0000 0.3549 0.3293 0.3473 0.3485 0.3883 0.3555 0.3220 0.3486 
0.3280 0.3579 0.3297 0.3298 0.3917 0.4257 0.3293 0.3360 0.3619 0.3340 0.3519 0.3350 0.4004 0.3235 0.3395 0.3697 0.3834 0.3277 0.3087 0.3895 0.3638 0.3460 0.3064 0.3645 0.3572 0.3808 0.3660 0.3862 0.3794 0.3745 0.3533 0.3578 0.3990 0.3942 0.3372 0.3358 0.3609 0.3364 0.3453 0.3785 0.3611 0.3549 1.0000 0.3071 0.3476 0.3905 0.3199 0.3937 0.3363 0.3942 
0.3054 0.3178 0.2826 0.3223 0.3140 0.3596 0.2865 0.3238 0.3185 0.3888 0.2980 0.3540 0.3313 0.3342 0.3277 0.3447 0.2883 0.3626 0.3118 0.3038 0.3507 0.3009 0.3214 0.3008 0.3154 0.3077 0.3339 0.3391 0.3580 0.3645 0.3208 0.3792 0.3618 0.3996 0.2768 0.3157 0.3501 0.3485 0.2570 0.3111 0.3157 0.3293 0.3071 1.0000 0.3542 0.3346 0.3363 0.3488 0.3405 0.2964 
0.3545 0.3141 0.3389 0.3098 0.3223 0.3688 0.3317 0.3441 0.3977 0.3266 0.3412 0.3363 0.3420 0.3483 0.3468 0.3705 0.3460 0.3355 0.3381 0.3106 0.3369 0.3354 0.2786 0.3399 0.3648 0.3044 0.3627 0.3342 0.3543 0.3359 0.3937 0.3880 0.3570 0.3756 0.3430 0.3493 0.3505 0.3205 0.3202 0.3135 0.3192 0.3473 0.3476 0.3542 1.0000 0.3490 0.3645 0.3468 0.3590 0.3544 
0.3032 0.3699 0.3429 0.3740 0.3668 0.3863 0.3203 0.3529 0.3723 0.3887 0.3570 0.3367 0.3584 0.3776 0.3384 0.3660 0.3061 0.2913 0.3797 0.3213 0.3509 0.3245 0.3333 0.4152 0.3723 0.3471 0.3627 0.3904 0.3869 0.3727 0.3243 0.3847 0.3549 0.4142 0.3701 0.3711 0.3677 0.2878 0.2995 0.3502 0.3293 0.3485 0.3905 0.3346 0.3490 1.0000 0.3792 0.4210 0.3169 0.3819 
0.4056 0.3501 0.3446 0.4517 0.3864 0.3707 0.3231 0.3883 0.3460 0.3303 0.3357 0.3223 0.3959 0.3692 0.3624 0.3436 0.3495 0.3242 0.3382 0.3408 0.3876 0.3492 0.2866 0.3889 0.4503 0.3331 0.3786 0.3960 0.3324 0.3603 0.3838 0.4401 0.3667 0.3926 0.4418 0.3776 0.4081 0.3515 0.3037 0.4070 0.3298 0.3883 0.3199 0.3363 0.3645 0.3792 1.0000 0.3571 0.3637 0.3520 
0.3157 0.3502 0.3301 0.3830 0.3720 0.3914 0.3601 0.3696 0.3338 0.4083 0.3759 0.3536 0.3474 0.3577 0.3317 0.3477 0.3419 0.3561 0.3574 0.3272 0.3493 0.3468 0.3941 0.3700 0.3539 0.3454 0.4203 0.3725 0.4258 0.3573 0.3512 0.4048 0.3717 0.4337 0.3364 0.3535 0.3562 0.3332 0.3502 0.3555 0.3106 0.3555 0.3937 0.3488 0.3468 0.4210 0.3571 1.0000 0.3412 0.3578 
0.3602 0.3762 0.3361 0.3251 0.3598 0.3675 0.3219 0.3512 0.3268 0.3845 0.3464 0.3678 0.3137 0.3524 0.3606 0.3139 0.3319 0.3545 0.3234 0.3805 0.3400 0.3125 0.3207 0.3515 0.3397 0.3568 0.3605 0.3312 0.3208 0.4218 0.3505 0.3681 0.4110 0.3586 0.3311 0.3212 0.3661 0.3252 0.3224 0.3195 0.3143 0.3220 0.3363 0.3405 0.3590 0.3169 0.3637 0.3412 1.0000 0.3725 
0.3445 0.3585 0.3226 0.3423 0.3510 0.3856 0.3457 0.3477 0.3832 0.3272 0.3178 0.3371 0.3617 0.2961 0.3760 0.3158 0.3737 0.3067 0.3512 0.3487 0.3021 0.3309 0.3437 0.3145 0.3537 0.3352 0.3559 0.3521 0.3213 0.3542 0.3441 0.3534 0.3870 0.3802 0.3498 0.3574 0.3151 0.3406 0.3060 0.3150 0.3378 0.3486 0.3942 0.2964 0.3544 0.3819 0.3520 0.3578 0.3725 1.0000 
