0.838709	-0.072889	0.051160	0.062587	0.050139	-0.011985	0.048757	-0.100482	-0.108367	-0.096377	0.042954	0.049502	0.043672	0.054697	0.042136	0.040167	0.044875	-0.098039	-0.091532	-0.105199	-0.093969	0.045756	0.046134	0.023947	0.039327	0.034864	0.054080	0.043071	0.055813	0.042021	0.049065	0.044457	0.046109	0.041483	-0.039218	0.040010	0.035284	-0.008835	0.043671	0.061838	-0.077202	0.034945	0.038581	-0.097845	0.053187	0.042881	0.043480	0.056905	-0.009901	-0.101242	0.023621	-0.102468	0.036089	-0.106651	-0.102670	-0.101989	-0.088404	-0.126278	-0.112919	-0.104841	-0.100170	0.027601	0.046946	0.038897	-0.098831	-0.109072	0.042582	0.030777	0.037258	0.041709	0.035540	0.047129	0.036480	-0.153497	0.037665	-0.115249	0.056836	-0.219734	-0.057186	-0.085042	0.040037	-0.100670	-0.099264	-0.098665	0.046905	-0.224111	-0.197735	0.047394	0.050514	-0.079606	-0.097425	0.047689	0.051893	-0.182208	
-0.072889	1.084407	-0.087855	-0.087397	-0.076949	-0.028905	-0.075949	0.128630	0.143423	0.133580	-0.077583	-0.085118	-0.075943	-0.081622	-0.067235	-0.075721	-0.077608	0.132692	0.130220	0.118287	0.132601	-0.083728	-0.108375	-0.070935	-0.082986	-0.099216	-0.090913	-0.076851	-0.093011	-0.085771	-0.082693	-0.091546	-0.080326	-0.098349	-0.134704	-0.074925	-0.075905	-0.101297	-0.085245	-0.079100	0.248220	-0.072538	-0.071942	0.131043	-0.072889	-0.087038	-0.075436	-0.083761	-0.116948	0.107058	-0.061534	0.129219	-0.075500	0.135837	0.128566	0.115049	0.129324	0.104298	0.100354	0.095971	0.133847	-0.086041	-0.083625	-0.081666	0.143967	0.147363	-0.078959	-0.083761	-0.081163	-0.083961	-0.079430	-0.089231	-0.073772	-0.122084	-0.083976	0.136491	-0.088353	-0.248828	-0.105440	0.285340	-0.086021	0.150398	0.137193	0.146835	-0.076621	-0.105733	-0.157147	-0.085431	-0.088231	0.266117	0.150877	-0.070051	-0.081613	-0.148362	
0.051160	-0.087855	0.839175	0.043105	0.049925	-0.006869	0.044282	-0.093916	-0.109513	-0.094642	0.051598	0.039743	0.036697	0.056140	0.037460	0.030943	0.045242	-0.104863	-0.086193	-0.099815	-0.094311	0.049381	-0.052422	0.021226	0.044567	0.025359	0.046531	0.046433	0.039134	0.051617	0.050304	0.036033	0.031792	0.032291	-0.037124	0.053679	0.053609	-0.014891	0.050503	0.049555	-0.080696	0.041378	0.041977	-0.091795	0.048634	0.042924	0.040914	0.051973	-0.015936	-0.091060	0.014592	-0.099755	0.059639	-0.109644	-0.094255	-0.109757	-0.094410	-0.107148	-0.105337	-0.123380	-0.096973	0.029396	0.035391	0.036406	-0.112060	-0.095417	0.053541	0.041956	0.030604	0.028154	0.051022	0.047346	0.048998	-0.111888	0.052503	-0.111894	0.050280	-0.220278	-0.053550	-0.087470	0.057265	-0.099869	-0.093791	-0.093579	0.052210	-0.212769	-0.179752	0.048049	0.045738	-0.082159	-0.096357	0.031839	0.055865	-0.178616	
0.062587	-0.087397	0.043105	0.822966	0.049282	-0.012978	0.034515	-0.092605	-0.104769	-0.097154	0.041329	0.045233	0.049732	0.046743	0.038448	0.038122	0.041219	-0.095488	-0.080961	-0.087436	-0.086424	0.025972	-0.031804	0.028230	0.035765	0.059592	0.048814	0.046876	0.045853	0.040730	0.047619	0.045991	0.063547	0.034148	0.009739	0.048454	0.036698	-0.024090	0.043916	0.033236	-0.081011	0.031267	0.049187	-0.090004	0.059675	0.052473	0.040672	0.031936	-0.005625	-0.088679	0.033281	-0.096022	0.042747	-0.101176	-0.105392	-0.101416	-0.100289	-0.102718	-0.099938	-0.116232	-0.102386	0.049484	0.037079	0.048835	-0.098344	-0.097170	0.042056	0.029118	0.034086	0.045504	0.034324	0.046582	0.023590	-0.149081	0.041305	-0.090748	0.047700	-0.253946	-0.065250	-0.078830	0.035454	-0.097966	-0.092047	-0.094143	0.041446	-0.239579	-0.191912	0.036634	0.050212	-0.075116	-0.089210	0.042466	0.044129	-0.176778	
0.050139	-0.076949	0.049925	0.049282	0.834963	-0.013890	0.038977	-0.088556	-0.098261	-0.095343	0.048986	0.041614	0.048749	0.044639	0.049676	0.048086	0.041991	-0.105971	-0.084932	-0.091544	-0.100271	0.044323	-0.056079	0.023044	0.038190	0.033478	0.049333	0.030880	0.041229	0.048522	0.047868	0.044304	0.039258	0.049494	-0.033002	0.042586	0.042862	-0.040490	0.049538	0.041682	-0.067707	0.046525	0.036094	-0.102610	0.043327	0.048124	0.055781	0.043003	-0.016741	-0.097419	0.040198	-0.107710	0.037856	-0.103873	-0.090909	-0.103831	-0.104543	-0.117763	-0.101533	-0.112127	-0.095711	0.034206	0.048948	0.041566	-0.093555	-0.111265	0.053740	0.034286	0.050505	0.046602	0.047707	0.047511	0.049850	-0.148266	0.045377	-0.099818	0.044879	-0.191522	-0.069042	-0.092085	0.039388	-0.087140	-0.095485	-0.093631	0.047930	-0.231235	-0.185881	0.036704	0.041767	-0.090942	-0.092370	0.030112	0.047094	-0.189709	
-0.011985	-0.028905	-0.006869	-0.012978	-0.013890	1.054837	0.000825	0.001985	-0.011941	0.006065	-0.015336	-0.007876	-0.013494	-0.013042	-0.007720	-0.004059	0.001047	-0.035330	-0.030568	-0.035870	-0.022341	-0.025291	0.018311	0.002938	-0.013170	0.002855	-0.016757	-0.025713	-0.012148	-0.018435	-0.023551	-0.007271	-0.018884	-0.004953	-0.025600	-0.010969	0.004250	-0.028565	-0.005874	-0.006529	-0.019083	0.240327	-0.015954	-0.023225	-0.003682	-0.019504	-0.008516	-0.010773	0.000363	-0.033747	-0.016003	-0.028485	-0.018625	-0.027080	-0.050571	-0.041895	-0.018228	-0.027983	-0.018204	-0.023665	-0.026968	-0.011276	-0.013234	-0.012403	-0.022631	-0.048933	-0.010224	-0.010318	-0.021453	-0.021850	-0.014182	-0.008431	-0.032090	-0.022039	-0.015662	-0.030236	-0.013251	0.023715	-0.003496	-0.006586	-0.006819	-0.009871	-0.010670	-0.035402	-0.023014	0.039455	0.005943	-0.003588	-0.023220	-0.035678	-0.030841	-0.011718	-0.015928	0.017442	
0.048757	-0.075949	0.044282	0.034515	0.038977	0.000825	0.818657	-0.096987	-0.097237	-0.090655	0.028514	0.038170	0.034766	0.049687	0.045918	0.021706	0.048369	-0.096104	-0.074970	-0.089691	-0.085323	0.043250	-0.041665	0.023296	0.047932	0.033634	0.047031	0.039020	0.043341	0.044000	0.047019	0.051470	0.047236	0.045454	-0.057176	0.042515	0.033913	-0.017333	0.047494	0.036185	-0.075266	0.034924	0.045546	-0.089138	0.039378	0.036069	0.042670	0.042141	0.000663	-0.101296	0.031804	-0.092209	0.033952	-0.091476	-0.093673	-0.094569	-0.093741	-0.088648	-0.098659	-0.120005	-0.088262	0.032515	0.047723	0.018501	-0.096392	-0.088324	0.056583	0.036603	0.046070	0.039676	0.029656	0.054426	0.033665	-0.137726	0.041440	-0.106590	0.041783	-0.226195	-0.043713	-0.080832	0.050028	-0.094222	-0.090289	-0.091644	0.035607	-0.217746	-0.175887	0.022190	0.044953	-0.076740	-0.085458	0.039269	0.042322	-0.171266	
-0.100482	0.128630	-0.093916	-0.092605	-0.088556	0.001985	-0.096987	1.126047	0.172223	0.254304	-0.099536	-0.100845	-0.099390	-0.097881	-0.096652	-0.088343	-0.093537	0.178048	0.126128	0.164469	0.147197	-0.094984	-0.124359	-0.096746	-0.093945	-0.115458	-0.114723	-0.085910	-0.096732	-0.102344	-0.100647	-0.111931	-0.095509	-0.107219	-0.131288	-0.095995	-0.090903	-0.106738	-0.104458	-0.099260	0.116769	-0.094729	-0.094950	0.222531	-0.100914	-0.097332	-0.095147	-0.102684	-0.141666	0.153049	-0.068260	0.176249	-0.090631	0.175035	0.240030	0.147303	0.224697	0.132852	0.131072	0.182186	0.232949	-0.105461	-0.101714	-0.099545	0.163349	0.172891	-0.092277	-0.090628	-0.089021	-0.089046	-0.100140	-0.102136	-0.102754	-0.165472	-0.100414	0.174553	-0.099491	-0.264555	-0.127795	0.148884	-0.093007	0.245014	0.206465	0.227883	-0.093263	-0.105152	-0.188307	-0.104820	-0.099877	0.149622	0.195283	-0.092432	-0.094097	-0.181961	
-0.108367	0.143423	-0.109513	-0.104769	-0.098261	-0.011941	-0.097237	0.172223	1.102130	0.161400	-0.089205	-0.103719	-0.103839	-0.091740	-0.091701	-0.078263	-0.102765	0.236655	0.205785	0.225247	0.221758	-0.091813	-0.117567	-0.084284	-0.090558	-0.108994	-0.109110	-0.096628	-0.101145	-0.104878	-0.103996	-0.101745	-0.101763	-0.112269	-0.126303	-0.100031	-0.094253	-0.101104	-0.104411	-0.097804	0.114706	-0.091865	-0.102526	0.144419	-0.102738	-0.105709	-0.094458	-0.097387	-0.140217	0.201729	-0.072264	0.222106	-0.096726	0.235126	0.152559	0.190707	0.148557	0.187101	0.182190	0.109978	0.145586	-0.106995	-0.102298	-0.097187	0.239346	0.227963	-0.091206	-0.086581	-0.097526	-0.104365	-0.102770	-0.094620	-0.097549	-0.143959	-0.105249	0.223187	-0.084337	-0.256643	-0.136223	0.156357	-0.087515	0.164211	0.176918	0.172959	-0.090788	-0.104049	-0.180764	-0.091008	-0.111439	0.132903	0.160056	-0.091471	-0.094182	-0.197428	
-0.096377	0.133580	-0.094642	-0.097154	-0.095343	0.006065	-0.090655	0.254304	0.161400	1.105068	-0.101272	-0.098179	-0.104395	-0.094398	-0.101479	-0.076001	-0.078771	0.164555	0.116726	0.150880	0.145908	-0.082112	-0.119759	-0.092369	-0.089565	-0.106997	-0.097841	-0.081402	-0.100341	-0.101219	-0.101991	-0.089792	-0.093223	-0.101817	-0.112295	-0.097253	-0.093668	-0.108202	-0.102440	-0.101541	0.115491	-0.102106	-0.092198	0.206203	-0.093666	-0.098531	-0.089490	-0.095796	-0.134842	0.151366	-0.064914	0.147319	-0.085296	0.164017	0.230390	0.120542	0.220525	0.123977	0.126302	0.183145	0.230913	-0.101111	-0.098225	-0.099251	0.144455	0.162456	-0.095183	-0.086055	-0.096867	-0.090924	-0.087447	-0.094188	-0.098238	-0.148640	-0.088907	0.158262	-0.084161	-0.234632	-0.135934	0.152945	-0.089162	0.214858	0.194642	0.246040	-0.089670	-0.068732	-0.168560	-0.099144	-0.100002	0.137939	0.187821	-0.082645	-0.103800	-0.168248	
0.042954	-0.077583	0.051598	0.041329	0.048986	-0.015336	0.028514	-0.099536	-0.089205	-0.101272	0.841277	0.053500	0.047878	0.050156	0.027274	0.038101	0.030017	-0.101611	-0.070684	-0.090445	-0.083675	0.038137	-0.046549	0.023951	0.050314	0.029545	0.051491	0.051385	0.058852	0.040506	0.036099	0.031114	0.051128	0.039895	-0.036724	0.049241	0.048541	-0.041789	0.039759	0.030703	-0.078177	0.041785	0.039630	-0.097703	0.040826	0.038149	0.045608	0.037983	0.000488	-0.104004	0.024244	-0.100157	0.034259	-0.091242	-0.100277	-0.100212	-0.099860	-0.100246	-0.106415	-0.120096	-0.089163	0.041171	0.061353	0.036114	-0.100538	-0.094677	0.040181	0.056776	0.047334	0.029735	0.034565	0.048860	0.035320	-0.151525	0.041809	-0.099305	0.032635	-0.227255	-0.063887	-0.080560	0.038010	-0.087651	-0.078637	-0.088700	0.040254	-0.214515	-0.147676	0.038159	0.034754	-0.076793	-0.093837	0.041921	0.043414	-0.198565	
0.049502	-0.085118	0.039743	0.045233	0.041614	-0.007876	0.038170	-0.100845	-0.103719	-0.098179	0.053500	0.822151	0.058047	0.051543	0.037213	0.030603	0.044435	-0.098144	-0.080636	-0.090429	-0.087571	0.062208	-0.033132	0.030624	0.031684	0.027762	0.052773	0.049625	0.059939	0.045777	0.046108	0.044662	0.046779	0.039952	-0.042815	0.045529	0.053063	-0.004754	0.050590	0.048675	-0.097019	0.048582	0.039581	-0.093362	0.039101	0.049939	0.045535	0.055505	-0.009967	-0.111848	0.039297	-0.108539	0.039733	-0.100456	-0.109974	-0.107105	-0.096982	-0.102255	-0.103114	-0.111852	-0.100756	0.033578	0.062909	0.020246	-0.097818	-0.105008	0.044226	0.037085	0.036565	0.049527	0.038949	0.042353	0.044263	-0.148337	0.036252	-0.103714	0.046098	-0.226198	-0.053802	-0.096704	0.040004	-0.095481	-0.094057	-0.091817	0.045454	-0.234431	-0.190667	0.047805	0.040207	-0.082665	-0.093431	0.047445	0.045016	-0.175201	
0.043672	-0.075943	0.036697	0.049732	0.048749	-0.013494	0.034766	-0.099390	-0.103839	-0.104395	0.047878	0.058047	0.821172	0.046202	0.052952	0.046309	0.046083	-0.107828	-0.081592	-0.105748	-0.096480	0.054511	-0.071094	0.027181	0.047610	0.021562	0.051695	0.033356	0.057095	0.063289	0.055749	0.058476	0.053418	0.043760	-0.041379	0.045323	0.056060	-0.022773	0.045153	0.047988	-0.080832	0.045271	0.050929	-0.095134	0.045156	0.047233	0.047945	0.045484	-0.010256	-0.100477	0.023675	-0.102661	0.026221	-0.101178	-0.110010	-0.108733	-0.106514	-0.107144	-0.120106	-0.126634	-0.101520	0.044007	0.056981	0.025776	-0.107082	-0.103769	0.039816	0.034922	0.053161	0.040834	0.048968	0.056484	0.048835	-0.144395	0.046296	-0.105661	0.038748	-0.225449	-0.051246	-0.090035	0.037490	-0.093942	-0.098611	-0.103139	0.050420	-0.214687	-0.174931	0.048889	0.049554	-0.083435	-0.098673	0.041135	0.043123	-0.174169	
0.054697	-0.081622	0.056140	0.046743	0.044639	-0.013042	0.049687	-0.097881	-0.091740	-0.094398	0.050156	0.051543	0.046202	0.851313	0.048175	0.045176	0.049105	-0.099432	-0.075674	-0.093270	-0.088421	0.046679	-0.058704	0.017704	0.042012	0.023090	0.053615	0.050091	0.044380	0.043336	0.040001	0.045689	0.035971	0.040295	-0.039271	0.041719	0.044782	-0.031074	0.046235	0.035245	-0.078677	0.040991	0.032549	-0.094590	0.041017	0.043884	0.056471	0.041899	-0.006741	-0.099547	0.028539	-0.085292	0.056059	-0.104766	-0.093276	-0.099085	-0.104347	-0.104265	-0.104102	-0.122564	-0.093654	0.019822	0.034924	0.030869	-0.088317	-0.098824	0.033817	0.032138	0.024360	0.033324	0.038008	0.037677	0.036598	-0.118618	0.033074	-0.098826	0.034738	-0.222226	-0.050551	-0.081778	0.037930	-0.086388	-0.094734	-0.093851	0.044281	-0.205420	-0.155121	0.045544	0.030806	-0.087967	-0.083477	0.033721	0.039200	-0.166598	
0.042136	-0.067235	0.037460	0.038448	0.049676	-0.007720	0.045918	-0.096652	-0.091701	-0.101479	0.027274	0.037213	0.052952	0.048175	0.842023	0.027195	0.043892	-0.091735	-0.068199	-0.094650	-0.087693	0.045246	-0.037416	0.029540	0.036902	0.028823	0.050916	0.041353	0.031462	0.038202	0.054386	0.034740	0.044440	0.026807	-0.025274	0.036031	0.037906	-0.013438	0.040816	0.035812	-0.075363	0.040622	0.036720	-0.078777	0.038791	0.045903	0.038550	0.055683	-0.013546	-0.087949	0.026010	-0.104758	0.039567	-0.092426	-0.097088	-0.101883	-0.093520	-0.093780	-0.102167	-0.101838	-0.096715	0.045909	0.046653	0.024249	-0.094638	-0.102084	0.035756	0.039237	0.042661	0.035828	0.048875	0.035772	0.024085	-0.136512	0.043245	-0.097506	0.042360	-0.209883	-0.054958	-0.079352	0.040039	-0.085508	-0.095275	-0.097956	0.040049	-0.212397	-0.179974	0.049916	0.042536	-0.077571	-0.083667	0.038148	0.048628	-0.187611	
0.040167	-0.075721	0.030943	0.038122	0.048086	-0.004059	0.021706	-0.088343	-0.078263	-0.076001	0.038101	0.030603	0.046309	0.045176	0.027195	0.836754	0.041115	-0.085517	-0.061808	-0.094123	-0.080877	0.037178	-0.029817	0.029423	0.037575	0.040359	0.030249	0.020624	0.040531	0.038339	0.042022	0.042414	0.037761	0.040792	-0.017567	0.042600	0.040848	-0.014782	0.041672	0.043242	-0.074927	0.036297	0.040776	-0.092467	0.044989	0.044852	0.043728	0.031805	0.001062	-0.087302	0.021072	-0.087478	0.021849	-0.083022	-0.088418	-0.087891	-0.091613	-0.083977	-0.086147	-0.100482	-0.083947	0.032576	0.040945	0.017398	-0.080005	-0.093261	0.035539	0.040598	0.020111	0.026918	0.033202	0.044107	0.034555	-0.103878	0.035054	-0.096110	0.038229	-0.197282	-0.045523	-0.079155	0.023851	-0.086380	-0.094099	-0.097494	0.038228	-0.199522	-0.134819	0.047813	0.023184	-0.079087	-0.083463	0.020076	0.034884	-0.151254	
0.044875	-0.077608	0.045242	0.041219	0.041991	0.001047	0.048369	-0.093537	-0.102765	-0.078771	0.030017	0.044435	0.046083	0.049105	0.043892	0.041115	0.827943	-0.105952	-0.072295	-0.096411	-0.097147	0.041820	-0.035984	0.038570	0.031427	0.027408	0.046676	0.036057	0.044790	0.037274	0.050053	0.042378	0.049542	0.029292	-0.034088	0.039000	0.033177	0.005807	0.041802	0.038310	-0.077318	0.040852	0.041849	-0.096328	0.053378	0.056613	0.046048	0.037926	0.000140	-0.100450	0.033808	-0.100310	0.031124	-0.107941	-0.092196	-0.108480	-0.093914	-0.096060	-0.088458	-0.112539	-0.089358	0.030334	0.048663	0.034551	-0.101133	-0.105587	0.034215	0.028103	0.048513	0.043897	0.050984	0.039458	0.036822	-0.157903	0.039594	-0.105155	0.040112	-0.219345	-0.045390	-0.078356	0.053838	-0.091260	-0.101580	-0.089545	0.042222	-0.202430	-0.161287	0.046944	0.052356	-0.070088	-0.094410	0.018674	0.042689	-0.173117	
-0.098039	0.132692	-0.104863	-0.095488	-0.105971	-0.035330	-0.096104	0.178048	0.236655	0.164555	-0.101611	-0.098144	-0.107828	-0.099432	-0.091735	-0.085517	-0.105952	1.130666	0.209910	0.228184	0.190380	-0.089101	-0.138172	-0.099564	-0.097962	-0.110923	-0.104548	-0.084730	-0.105584	-0.101945	-0.106892	-0.099240	-0.106215	-0.107777	-0.108507	-0.094506	-0.107479	-0.079604	-0.102365	-0.098158	0.101242	-0.100985	-0.093354	0.140993	-0.102763	-0.097709	-0.095022	-0.092297	-0.136224	0.211256	-0.062906	0.238143	-0.082475	0.247485	0.142110	0.222620	0.140901	0.197336	0.187488	0.111267	0.148337	-0.106733	-0.101567	-0.111816	0.241720	0.237563	-0.099128	-0.088196	-0.102167	-0.101059	-0.097601	-0.107076	-0.100966	-0.132072	-0.101735	0.240770	-0.102845	-0.232078	-0.127578	0.135677	-0.094282	0.153166	0.179085	0.164055	-0.101753	-0.091485	-0.174473	-0.104053	-0.103415	0.130612	0.168156	-0.087195	-0.105764	-0.200191	
-0.091532	0.130220	-0.086193	-0.080961	-0.084932	-0.030568	-0.074970	0.126128	0.205785	0.116726	-0.070684	-0.080636	-0.081592	-0.075674	-0.068199	-0.061808	-0.072295	0.209910	1.090931	0.183353	0.189032	-0.069934	-0.106211	-0.081933	-0.080823	-0.101030	-0.091986	-0.074726	-0.090759	-0.076652	-0.085724	-0.094688	-0.081422	-0.089118	-0.118911	-0.079704	-0.080063	-0.077878	-0.082718	-0.082660	0.109059	-0.077988	-0.076609	0.128441	-0.089165	-0.083439	-0.079309	-0.080223	-0.124177	0.151987	-0.067701	0.177261	-0.068455	0.194737	0.115494	0.151558	0.107637	0.145162	0.147388	0.098663	0.114269	-0.093845	-0.083156	-0.091738	0.181858	0.186253	-0.085459	-0.080839	-0.074008	-0.083715	-0.083060	-0.091144	-0.074810	-0.169283	-0.087910	0.205384	-0.091692	-0.241546	-0.138462	0.116618	-0.072108	0.120954	0.136047	0.132794	-0.070606	-0.122727	-0.179612	-0.084898	-0.078317	0.103313	0.122819	-0.080509	-0.065695	-0.169811	
-0.105199	0.118287	-0.099815	-0.087436	-0.091544	-0.035870	-0.089691	0.164469	0.225247	0.150880	-0.090445	-0.090429	-0.105748	-0.093270	-0.094650	-0.094123	-0.096411	0.228184	0.183353	1.096499	0.209617	-0.081796	-0.137527	-0.101486	-0.093185	-0.112141	-0.095384	-0.092759	-0.101382	-0.100279	-0.089368	-0.104531	-0.097742	-0.107060	-0.108348	-0.096957	-0.104862	-0.102406	-0.105392	-0.102580	0.092319	-0.084313	-0.100507	0.142330	-0.098870	-0.088782	-0.089621	-0.101963	-0.133689	0.202362	-0.072147	0.258195	-0.093157	0.241472	0.137220	0.207517	0.137733	0.178251	0.199800	0.102593	0.151966	-0.102309	-0.094095	-0.097465	0.237053	0.228119	-0.095206	-0.087382	-0.098070	-0.095654	-0.090472	-0.098981	-0.090403	-0.156524	-0.092349	0.221260	-0.093051	-0.248452	-0.124289	0.133307	-0.084998	0.147184	0.173031	0.145678	-0.091338	-0.100072	-0.177694	-0.098024	-0.094103	0.143221	0.153961	-0.094087	-0.097506	-0.181177	
-0.093969	0.132601	-0.094311	-0.086424	-0.100271	-0.022341	-0.085323	0.147197	0.221758	0.145908	-0.083675	-0.087571	-0.096480	-0.088421	-0.087693	-0.080877	-0.097147	0.190380	0.189032	0.209617	1.089092	-0.083365	-0.082773	-0.083710	-0.077827	-0.104766	-0.091971	-0.087663	-0.097822	-0.097125	-0.089683	-0.093115	-0.093166	-0.101668	-0.100305	-0.092808	-0.098837	-0.084988	-0.098192	-0.078213	0.116118	-0.085213	-0.094697	0.118895	-0.096610	-0.094332	-0.085825	-0.093270	-0.130113	0.182172	-0.053170	0.210133	-0.088268	0.206971	0.135582	0.191309	0.122703	0.172010	0.174065	0.109523	0.148052	-0.100076	-0.102544	-0.091039	0.201382	0.207305	-0.090867	-0.086133	-0.098516	-0.089782	-0.090717	-0.088572	-0.095382	-0.121354	-0.088194	0.193914	-0.091554	-0.192570	-0.112472	0.133714	-0.094718	0.123105	0.166367	0.147064	-0.086239	-0.065151	-0.160467	-0.085617	-0.092855	0.114039	0.117189	-0.084977	-0.091387	-0.149155	
0.045756	-0.083728	0.049381	0.025972	0.044323	-0.025291	0.043250	-0.094984	-0.091813	-0.082112	0.038137	0.062208	0.054511	0.046679	0.045246	0.037178	0.041820	-0.089101	-0.069934	-0.081796	-0.083365	0.805733	-0.054705	0.013552	0.042422	0.032908	0.048873	0.041359	0.040784	0.044677	0.046455	0.040854	0.047196	0.036905	-0.060101	0.032255	0.034781	-0.027314	0.043583	0.040802	-0.080370	0.033552	0.041854	-0.089842	0.036212	0.050342	0.038799	0.044806	-0.012336	-0.098362	0.025944	-0.101020	0.045369	-0.094783	-0.096905	-0.088535	-0.093577	-0.118917	-0.098901	-0.103585	-0.086556	0.032868	0.058978	0.039892	-0.091773	-0.089734	0.037180	0.023803	0.046132	0.034030	0.037453	0.033633	0.048902	-0.139464	0.034045	-0.105148	0.042411	-0.226637	-0.063536	-0.072807	0.047483	-0.089854	-0.090502	-0.092044	0.031752	-0.207733	-0.178410	0.039359	0.048713	-0.067013	-0.082547	0.035433	0.039212	-0.180662	
0.046134	-0.108375	-0.052422	-0.031804	-0.056079	0.018311	-0.041665	-0.124359	-0.117567	-0.119759	-0.046549	-0.033132	-0.071094	-0.058704	-0.037416	-0.029817	-0.035984	-0.138172	-0.106211	-0.137527	-0.082773	-0.054705	1.504066	0.042905	-0.017252	0.069001	0.025667	-0.059420	-0.047061	-0.028214	-0.024889	-0.023780	-0.050818	-0.000593	0.274445	-0.027226	-0.057590	0.211030	-0.039184	0.018355	-0.033907	-0.050153	-0.042488	-0.108125	-0.054591	-0.049815	-0.046370	-0.041893	0.182444	-0.072930	-0.049095	-0.118751	-0.042854	-0.080545	0.024356	0.076210	-0.044880	-0.029091	-0.042580	0.091036	-0.077180	0.001240	-0.055407	-0.008572	-0.135004	-0.133325	-0.049932	-0.049203	-0.018830	-0.016160	-0.006513	-0.052350	-0.040947	0.672831	-0.041169	-0.117910	-0.031416	1.027106	0.288963	-0.118117	-0.048443	-0.127352	-0.130023	-0.118893	-0.067045	0.732596	0.734830	-0.033592	-0.021666	-0.106396	-0.101959	-0.058317	-0.048936	0.767843	
0.023947	-0.070935	0.021226	0.028230	0.023044	0.002938	0.023296	-0.096746	-0.084284	-0.092369	0.023951	0.030624	0.027181	0.017704	0.029540	0.029423	0.038570	-0.099564	-0.081933	-0.101486	-0.083710	0.013552	0.042905	0.932153	0.014593	0.042673	0.030755	0.024248	0.035488	0.029702	0.024203	0.028806	0.039186	0.039207	0.009483	0.037146	0.032777	0.012821	0.033414	0.018583	-0.063181	0.022605	0.038866	-0.089995	0.036667	0.023282	0.034649	0.020438	0.024364	-0.085375	0.007401	-0.089969	0.023313	-0.093877	-0.081448	-0.080966	-0.078686	-0.097614	-0.078951	-0.091005	-0.092159	0.036522	0.032072	0.022306	-0.102750	-0.099306	0.020571	0.016485	0.018124	0.019954	0.010426	0.026331	0.024696	0.021310	0.025439	-0.097286	0.014399	0.025393	0.020238	-0.081116	0.040487	-0.092627	-0.094423	-0.096798	0.025710	-0.025429	0.007893	0.035720	0.034300	-0.075260	-0.078373	0.017038	0.022515	-0.007295	
0.039327	-0.082986	0.044567	0.035765	0.038190	-0.013170	0.047932	-0.093945	-0.090558	-0.089565	0.050314	0.031684	0.047610	0.042012	0.036902	0.037575	0.031427	-0.097962	-0.080823	-0.093185	-0.077827	0.042422	-0.017252	0.014593	0.845460	0.027147	0.039765	0.028085	0.039072	0.042017	0.049318	0.038455	0.041171	0.025462	-0.044236	0.030328	0.044650	0.002296	0.057982	0.028444	-0.068920	0.031173	0.039757	-0.073774	0.038058	0.048301	0.050453	0.040489	0.004943	-0.086272	0.025010	-0.095480	0.036535	-0.097552	-0.100278	-0.099124	-0.087399	-0.100272	-0.080541	-0.105262	-0.093301	0.032744	0.031466	0.023373	-0.096470	-0.097236	0.041385	0.037341	0.033675	0.033289	0.031729	0.037288	0.032697	-0.095271	0.048147	-0.099920	0.039070	-0.171184	-0.037062	-0.076349	0.032622	-0.093593	-0.087222	-0.093273	0.046039	-0.182078	-0.149088	0.043307	0.035629	-0.077440	-0.095635	0.030890	0.030837	-0.160870	
0.034864	-0.099216	0.025359	0.059592	0.033478	0.002855	0.033634	-0.115458	-0.108994	-0.106997	0.029545	0.027762	0.021562	0.023090	0.028823	0.040359	0.027408	-0.110923	-0.101030	-0.112141	-0.104766	0.032908	0.069001	0.042673	0.027147	0.926781	0.069294	0.024654	0.041780	0.037742	0.035029	0.033282	0.038208	0.031049	0.029847	0.039558	0.030506	0.015191	0.028478	0.029466	-0.091512	0.027198	0.018447	-0.112589	0.040541	0.040780	0.032275	0.032556	0.058574	-0.103169	0.011277	-0.116024	0.029743	-0.110716	-0.102048	-0.094752	-0.093225	-0.091773	-0.097138	-0.071474	-0.109814	0.029688	0.030977	0.028277	-0.119209	-0.107510	0.028222	0.039354	0.024523	0.038697	0.030221	0.037323	0.022324	0.060471	0.037944	-0.121915	0.031343	0.110417	0.045208	-0.097332	0.038348	-0.111240	-0.117057	-0.107727	0.017387	0.021766	0.063017	0.028117	0.030579	-0.100637	-0.105722	0.029262	0.024215	0.050471	
0.054080	-0.090913	0.046531	0.048814	0.049333	-0.016757	0.047031	-0.114723	-0.109110	-0.097841	0.051491	0.052773	0.051695	0.053615	0.050916	0.030249	0.046676	-0.104548	-0.091986	-0.095384	-0.091971	0.048873	0.025667	0.030755	0.039765	0.069294	0.824662	0.044378	0.043031	0.050686	0.047681	0.037725	0.039284	0.046875	-0.042845	0.047130	0.046867	-0.021470	0.039167	0.057020	-0.088243	0.036384	0.041991	-0.094972	0.044043	0.051074	0.043125	0.054572	0.001343	-0.102574	0.039915	-0.106825	0.053840	-0.112143	-0.101994	-0.112194	-0.101137	-0.107743	-0.106648	-0.120891	-0.103653	0.053576	0.052925	0.029127	-0.107261	-0.109431	0.057092	0.034158	0.038801	0.046531	0.031294	0.038170	0.052936	-0.130547	0.057036	-0.101328	0.039706	-0.208836	-0.049119	-0.084953	0.036335	-0.099996	-0.098074	-0.110833	0.048315	-0.226878	-0.175137	0.041708	0.044326	-0.089755	-0.098576	0.035197	0.040183	-0.192982	
0.043071	-0.076851	0.046433	0.046876	0.030880	-0.025713	0.039020	-0.085910	-0.096628	-0.081402	0.051385	0.049625	0.033356	0.050091	0.041353	0.020624	0.036057	-0.084730	-0.074726	-0.092759	-0.087663	0.041359	-0.059420	0.024248	0.028085	0.024654	0.044378	0.834266	0.046565	0.055393	0.042375	0.042421	0.029285	0.043326	-0.070845	0.040198	0.052140	-0.027759	0.033022	0.031904	-0.071652	0.030110	0.036166	-0.080181	0.047981	0.050573	0.039652	0.044267	-0.009617	-0.094526	0.030892	-0.084687	0.041720	-0.090214	-0.093252	-0.096541	-0.100305	-0.103196	-0.101019	-0.106189	-0.091788	0.031307	0.038606	0.040863	-0.091811	-0.092817	0.043938	0.045909	0.029800	0.031642	0.036115	0.037070	0.042683	-0.143878	0.045647	-0.083334	0.022996	-0.244088	-0.056600	-0.076427	0.033641	-0.081933	-0.078298	-0.092935	0.050103	-0.240566	-0.190320	0.028877	0.055654	-0.066902	-0.076062	0.042998	0.041974	-0.198979	
0.055813	-0.093011	0.039134	0.045853	0.041229	-0.012148	0.043341	-0.096732	-0.101145	-0.100341	0.058852	0.059939	0.057095	0.044380	0.031462	0.040531	0.044790	-0.105584	-0.090759	-0.101382	-0.097822	0.040784	-0.047061	0.035488	0.039072	0.041780	0.043031	0.046565	0.811369	0.045749	0.050956	0.043644	0.045420	0.041781	-0.071955	0.056351	0.045617	-0.020670	0.053034	0.038259	-0.089291	0.043602	0.039279	-0.093699	0.043750	0.051617	0.051828	0.045891	-0.006883	-0.108472	0.031961	-0.107189	0.052740	-0.101668	-0.107212	-0.116851	-0.103909	-0.112609	-0.105915	-0.111813	-0.107395	0.043381	0.050927	0.045331	-0.087736	-0.103230	0.046800	0.039873	0.047669	0.042198	0.025252	0.045569	0.053311	-0.157960	0.045858	-0.107390	0.054544	-0.215380	-0.031926	-0.085863	0.046600	-0.106699	-0.091409	-0.099690	0.040418	-0.221983	-0.162925	0.041053	0.051553	-0.076207	-0.098673	0.046156	0.048018	-0.177874	
0.042021	-0.085771	0.051617	0.040730	0.048522	-0.018435	0.044000	-0.102344	-0.104878	-0.101219	0.040506	0.045777	0.063289	0.043336	0.038202	0.038339	0.037274	-0.101945	-0.076652	-0.100279	-0.097125	0.044677	-0.028214	0.029702	0.042017	0.037742	0.050686	0.055393	0.045749	0.839785	0.036678	0.058720	0.031294	0.043677	-0.047770	0.053385	0.041211	-0.005538	0.040420	0.031454	-0.089260	0.043261	0.040402	-0.092783	0.061896	0.044591	0.045256	0.051967	0.002996	-0.095672	0.027681	-0.102706	0.053989	-0.102640	-0.101748	-0.107822	-0.090423	-0.113580	-0.114368	-0.110404	-0.089420	0.040313	0.035137	0.027803	-0.095458	-0.104718	0.041962	0.030051	0.034559	0.053214	0.041330	0.041486	0.027890	-0.126434	0.031814	-0.113764	0.028907	-0.202398	-0.024299	-0.088007	0.041075	-0.095700	-0.098827	-0.099509	0.051858	-0.204116	-0.166850	0.061412	0.054251	-0.084554	-0.103827	0.037441	0.054719	-0.167232	
0.049065	-0.082693	0.050304	0.047619	0.047868	-0.023551	0.047019	-0.100647	-0.103996	-0.101991	0.036099	0.046108	0.055749	0.040001	0.054386	0.042022	0.050053	-0.106892	-0.085724	-0.089368	-0.089683	0.046455	-0.024889	0.024203	0.049318	0.035029	0.047681	0.042375	0.050956	0.036678	0.841698	0.039263	0.043312	0.041230	-0.043791	0.027433	0.047751	-0.009042	0.037402	0.031875	-0.083788	0.031776	0.040983	-0.088718	0.051816	0.057772	0.054313	0.053266	0.009697	-0.103232	0.014931	-0.103144	0.053240	-0.108726	-0.098826	-0.111283	-0.100241	-0.114896	-0.096746	-0.117406	-0.107200	0.049689	0.047154	0.029581	-0.107010	-0.105659	0.040814	0.032504	0.032936	0.046056	0.046368	0.051930	0.048183	-0.113710	0.031308	-0.111253	0.033783	-0.205907	-0.039806	-0.086667	0.046680	-0.094063	-0.100805	-0.102345	0.054357	-0.215376	-0.173683	0.049554	0.039660	-0.079531	-0.094697	0.048894	0.044584	-0.171467	
0.044457	-0.091546	0.036033	0.045991	0.044304	-0.007271	0.051470	-0.111931	-0.101745	-0.089792	0.031114	0.044662	0.058476	0.045689	0.034740	0.042414	0.042378	-0.099240	-0.094688	-0.104531	-0.093115	0.040854	-0.023780	0.028806	0.038455	0.033282	0.037725	0.042421	0.043644	0.058720	0.039263	0.840449	0.058171	0.053618	-0.006513	0.043645	0.044340	-0.026202	0.037095	0.036511	-0.093227	0.038249	0.034185	-0.082674	0.040810	0.036270	0.048882	0.056789	0.003481	-0.093158	0.023574	-0.107131	0.053795	-0.105676	-0.098083	-0.109032	-0.096455	-0.112728	-0.107978	-0.110846	-0.091925	0.049179	0.051873	0.039045	-0.100883	-0.102100	0.024508	0.046624	0.025291	0.037611	0.040196	0.034612	0.046973	-0.104458	0.049953	-0.099283	0.044837	-0.143251	-0.032967	-0.100498	0.036759	-0.097540	-0.103055	-0.109389	0.043305	-0.176537	-0.112343	0.035843	0.041800	-0.094532	-0.090448	0.031492	0.034143	-0.112597	
0.046109	-0.080326	0.031792	0.063547	0.039258	-0.018884	0.047236	-0.095509	-0.101763	-0.093223	0.051128	0.046779	0.053418	0.035971	0.044440	0.037761	0.049542	-0.106215	-0.081422	-0.097742	-0.093166	0.047196	-0.050818	0.039186	0.041171	0.038208	0.039284	0.029285	0.045420	0.031294	0.043312	0.058171	0.837391	0.045424	0.049140	0.057674	0.045969	-0.031891	0.039069	0.034695	-0.074935	0.045733	0.033496	-0.091781	0.041112	0.051327	0.041009	0.038137	-0.000611	-0.106986	0.028488	-0.096814	0.042591	-0.097612	-0.101304	-0.100177	-0.091222	-0.115219	-0.100244	-0.105254	-0.097801	0.035044	0.033448	0.035205	-0.097144	-0.104136	0.034450	0.041600	0.047757	0.033481	0.045615	0.033907	0.047504	-0.158427	0.029603	-0.102659	0.043990	-0.221271	-0.055718	-0.081774	0.038548	-0.092412	-0.093763	-0.092667	0.034174	-0.220231	-0.182005	0.047433	0.037106	-0.078796	-0.085948	0.040942	0.061964	-0.174550	
0.041483	-0.098349	0.032291	0.034148	0.049494	-0.004953	0.045454	-0.107219	-0.112269	-0.101817	0.039895	0.039952	0.043760	0.040295	0.026807	0.040792	0.029292	-0.107777	-0.089118	-0.107060	-0.101668	0.036905	-0.000593	0.039207	0.025462	0.031049	0.046875	0.043326	0.041781	0.043677	0.041230	0.053618	0.045424	0.856864	0.027195	0.054666	0.051815	0.012446	0.043100	0.028886	-0.075097	0.030450	0.042852	-0.093366	0.028392	0.051927	0.040738	0.031835	0.028652	-0.095425	0.018810	-0.104272	0.026620	-0.117078	-0.093139	-0.108416	-0.102669	-0.099564	-0.103828	-0.103726	-0.110652	0.043617	0.032991	0.043015	-0.109169	-0.109967	0.020601	0.035508	0.046563	0.037474	0.027481	0.049394	0.044721	-0.048724	0.029632	-0.111244	0.040197	-0.045882	0.021093	-0.099602	0.034964	-0.103215	-0.107633	-0.108840	0.030655	-0.083147	-0.054430	0.042778	0.044090	-0.095460	-0.103154	0.032119	0.038994	-0.035766	
-0.039218	-0.134704	-0.037124	0.009739	-0.033002	-0.025600	-0.057176	-0.131288	-0.126303	-0.112295	-0.036724	-0.042815	-0.041379	-0.039271	-0.025274	-0.017567	-0.034088	-0.108507	-0.118911	-0.108348	-0.100305	-0.060101	0.274445	0.009483	-0.044236	0.029847	-0.042845	-0.070845	-0.071955	-0.047770	-0.043791	-0.006513	0.049140	0.027195	1.435320	0.048941	-0.042026	0.226331	-0.035615	0.021592	-0.075206	-0.037431	-0.019266	-0.102987	-0.031550	-0.040725	-0.051712	-0.039129	0.208752	-0.077639	-0.034629	-0.088098	-0.040845	-0.120507	-0.067372	-0.024625	-0.057319	-0.031899	-0.058942	0.034682	-0.115228	-0.018509	-0.036343	0.010417	-0.128195	-0.146004	-0.038861	-0.035051	-0.027935	-0.027040	-0.023242	-0.043374	-0.034482	0.601133	-0.031500	-0.111024	-0.019715	1.095148	0.378692	-0.110053	-0.027942	-0.137324	-0.099572	-0.124272	-0.039267	0.814591	0.841774	-0.049956	-0.046547	-0.140749	-0.121112	-0.029540	-0.014372	0.915842	
0.040010	-0.074925	0.053679	0.048454	0.042586	-0.010969	0.042515	-0.095995	-0.100031	-0.097253	0.049241	0.045529	0.045323	0.041719	0.036031	0.042600	0.039000	-0.094506	-0.079704	-0.096957	-0.092808	0.032255	-0.027226	0.037146	0.030328	0.039558	0.047130	0.040198	0.056351	0.053385	0.027433	0.043645	0.057674	0.054666	0.048941	0.822100	0.060909	-0.033957	0.044751	0.050706	-0.093011	0.041256	0.042428	-0.090693	0.036402	0.047869	0.038551	0.047227	-0.017283	-0.104834	0.022494	-0.086686	0.049162	-0.102230	-0.103813	-0.100753	-0.099192	-0.099996	-0.105604	-0.115415	-0.094704	0.034343	0.039276	0.034480	-0.099126	-0.105765	0.042417	0.041347	0.033888	0.038512	0.037318	0.052172	0.047650	-0.133191	0.043914	-0.106386	0.044341	-0.218202	-0.047922	-0.094253	0.041664	-0.092259	-0.087600	-0.103528	0.031283	-0.225533	-0.163201	0.039399	0.050697	-0.080163	-0.090471	0.027698	0.045621	-0.178834	
0.035284	-0.075905	0.053609	0.036698	0.042862	0.004250	0.033913	-0.090903	-0.094253	-0.093668	0.048541	0.053063	0.056060	0.044782	0.037906	0.040848	0.033177	-0.107479	-0.080063	-0.104862	-0.098837	0.034781	-0.057590	0.032777	0.044650	0.030506	0.046867	0.052140	0.045617	0.041211	0.047751	0.044340	0.045969	0.051815	-0.042026	0.060909	0.827352	-0.008797	0.052396	0.027398	-0.080430	0.040467	0.027790	-0.088082	0.041866	0.050981	0.037488	0.047043	-0.010938	-0.098600	0.022770	-0.089716	0.028553	-0.097253	-0.098775	-0.111100	-0.105825	-0.104782	-0.098065	-0.125243	-0.098068	0.038495	0.053556	0.037515	-0.092518	-0.098850	0.036822	0.040603	0.043946	0.039006	0.033904	0.044163	0.055911	-0.150776	0.042631	-0.108087	0.034631	-0.198963	-0.047016	-0.080577	0.040065	-0.092733	-0.096678	-0.089433	0.037345	-0.201877	-0.171067	0.045504	0.044670	-0.083734	-0.090133	0.033747	0.048027	-0.163321	
-0.008835	-0.101297	-0.014891	-0.024090	-0.040490	-0.028565	-0.017333	-0.106738	-0.101104	-0.108202	-0.041789	-0.004754	-0.022773	-0.031074	-0.013438	-0.014782	0.005807	-0.079604	-0.077878	-0.102406	-0.084988	-0.027314	0.211030	0.012821	0.002296	0.015191	-0.021470	-0.027759	-0.020670	-0.005538	-0.009042	-0.026202	-0.031891	0.012446	0.226331	-0.033957	-0.008797	1.259397	0.009301	0.007759	-0.074796	-0.017565	-0.018161	-0.086136	-0.023335	-0.025718	-0.034488	-0.004353	0.124957	-0.083309	-0.042567	-0.063462	-0.030551	-0.111717	-0.090578	-0.040014	-0.076769	-0.040051	-0.032794	0.001291	-0.096633	-0.002364	0.007655	0.014197	-0.106191	-0.108061	-0.021462	-0.032117	-0.019668	0.002737	-0.007012	-0.013347	-0.016912	0.446856	-0.008874	-0.098116	-0.013794	0.801282	0.301055	-0.090485	-0.030192	-0.111055	-0.110737	-0.100186	-0.017534	0.577491	0.635260	-0.020182	-0.019040	-0.088720	-0.091859	-0.012429	-0.008431	0.592613	
0.043671	-0.085245	0.050503	0.043916	0.049538	-0.005874	0.047494	-0.104458	-0.104411	-0.102440	0.039759	0.050590	0.045153	0.046235	0.040816	0.041672	0.041802	-0.102365	-0.082718	-0.105392	-0.098192	0.043583	-0.039184	0.033414	0.057982	0.028478	0.039167	0.033022	0.053034	0.040420	0.037402	0.037095	0.039069	0.043100	-0.035615	0.044751	0.052396	0.009301	0.827455	0.039534	-0.086996	0.050013	0.050414	-0.088788	0.046320	0.039682	0.047244	0.052637	0.012252	-0.102879	0.025401	-0.104374	0.039176	-0.108426	-0.099116	-0.111641	-0.101859	-0.118084	-0.110970	-0.114693	-0.105248	0.038166	0.037637	0.034772	-0.104741	-0.108703	0.041671	0.040969	0.034205	0.040742	0.044131	0.052589	0.047674	-0.108217	0.059666	-0.112034	0.047104	-0.216618	-0.033904	-0.091599	0.044560	-0.106790	-0.094146	-0.103678	0.051748	-0.206616	-0.164105	0.048575	0.037226	-0.074616	-0.088643	0.043655	0.057581	-0.156673	
0.061838	-0.079100	0.049555	0.033236	0.041682	-0.006529	0.036185	-0.099260	-0.097804	-0.101541	0.030703	0.048675	0.047988	0.035245	0.035812	0.043242	0.038310	-0.098158	-0.082660	-0.102580	-0.078213	0.040802	0.018355	0.018583	0.028444	0.029466	0.057020	0.031904	0.038259	0.031454	0.031875	0.036511	0.034695	0.028886	0.021592	0.050706	0.027398	0.007759	0.039534	0.860816	-0.070749	0.037939	0.025856	-0.083877	0.023692	0.037375	0.018792	0.040975	0.003270	-0.088940	0.023503	-0.095625	0.044034	-0.098229	-0.092466	-0.082745	-0.086556	-0.094163	-0.089197	-0.091195	-0.099780	0.046214	0.053091	0.035412	-0.100181	-0.099553	0.022726	0.028503	0.021585	0.038400	0.031861	0.025617	0.040378	-0.038808	0.029550	-0.102595	0.023816	-0.120614	-0.024823	-0.095356	0.055105	-0.091478	-0.096163	-0.096094	0.039056	-0.150823	-0.115213	0.028023	0.023960	-0.083053	-0.088600	0.035003	0.037707	-0.096416	
-0.077202	0.248220	-0.080696	-0.081011	-0.067707	-0.019083	-0.075266	0.116769	0.114706	0.115491	-0.078177	-0.097019	-0.080832	-0.078677	-0.075363	-0.074927	-0.077318	0.101242	0.109059	0.092319	0.116118	-0.080370	-0.033907	-0.063181	-0.068920	-0.091512	-0.088243	-0.071652	-0.089291	-0.089260	-0.083788	-0.093227	-0.074935	-0.075097	-0.075206	-0.093011	-0.080430	-0.074796	-0.086996	-0.070749	1.110684	-0.077005	-0.068763	0.110691	-0.066679	-0.087985	-0.071909	-0.080427	-0.098296	0.108169	-0.040740	0.114243	-0.079536	0.118092	0.111032	0.109903	0.101645	0.087608	0.120720	0.101179	0.129899	-0.084646	-0.079583	-0.071349	0.102566	0.126921	-0.076283	-0.079803	-0.075433	-0.076086	-0.067000	-0.084007	-0.076824	-0.051564	-0.078875	0.109413	-0.083313	-0.087610	-0.076946	0.254643	-0.076153	0.118738	0.105291	0.130612	-0.078666	-0.016422	-0.070732	-0.085356	-0.085588	0.229001	0.113793	-0.066999	-0.080233	-0.043442	
0.034945	-0.072538	0.041378	0.031267	0.046525	0.240327	0.034924	-0.094729	-0.091865	-0.102106	0.041785	0.048582	0.045271	0.040991	0.040622	0.036297	0.040852	-0.100985	-0.077988	-0.084313	-0.085213	0.033552	-0.050153	0.022605	0.031173	0.027198	0.036384	0.030110	0.043602	0.043261	0.031776	0.038249	0.045733	0.030450	-0.037431	0.041256	0.040467	-0.017565	0.050013	0.037939	-0.077005	0.844002	0.041919	-0.083185	0.045318	0.044003	0.036217	0.040852	-0.017180	-0.099548	0.020758	-0.100628	0.030587	-0.093244	-0.103431	-0.105248	-0.093813	-0.091595	-0.099294	-0.106829	-0.096060	0.027410	0.038524	0.028011	-0.100453	-0.089908	0.038547	0.037886	0.035443	0.042475	0.032602	0.029840	0.027099	-0.121092	0.043651	-0.093002	0.027894	-0.217465	-0.059718	-0.077299	0.041041	-0.080907	-0.095863	-0.098570	0.036238	-0.201354	-0.175508	0.038591	0.037702	-0.080099	-0.078346	0.029641	0.021244	-0.175893	
0.038581	-0.071942	0.041977	0.049187	0.036094	-0.015954	0.045546	-0.094950	-0.102526	-0.092198	0.039630	0.039581	0.050929	0.032549	0.036720	0.040776	0.041849	-0.093354	-0.076609	-0.100507	-0.094697	0.041854	-0.042488	0.038866	0.039757	0.018447	0.041991	0.036166	0.039279	0.040402	0.040983	0.034185	0.033496	0.042852	-0.019266	0.042428	0.027790	-0.018161	0.050414	0.025856	-0.068763	0.041919	0.828669	-0.080991	0.043573	0.050185	0.043434	0.041220	-0.000333	-0.101189	0.027037	-0.098291	0.042309	-0.104345	-0.098531	-0.100775	-0.094205	-0.089563	-0.114754	-0.105373	-0.089631	0.048711	0.036729	0.038649	-0.096073	-0.094164	0.052928	0.054038	0.035230	0.031245	0.043687	0.054524	0.046838	-0.131585	0.044131	-0.102462	0.030429	-0.203361	-0.046519	-0.079445	0.045860	-0.088126	-0.090932	-0.100519	0.031364	-0.214909	-0.160497	0.037552	0.050925	-0.072845	-0.089498	0.037362	0.041560	-0.169425	
-0.097845	0.131043	-0.091795	-0.090004	-0.102610	-0.023225	-0.089138	0.222531	0.144419	0.206203	-0.097703	-0.093362	-0.095134	-0.094590	-0.078777	-0.092467	-0.096328	0.140993	0.128441	0.142330	0.118895	-0.089842	-0.108125	-0.089995	-0.073774	-0.112589	-0.094972	-0.080181	-0.093699	-0.092783	-0.088718	-0.082674	-0.091781	-0.093366	-0.102987	-0.090693	-0.088082	-0.086136	-0.088788	-0.083877	0.110691	-0.083185	-0.080991	1.072413	-0.093219	-0.086452	-0.079167	-0.092334	-0.109768	0.128686	-0.066499	0.151573	-0.092694	0.163053	0.214080	0.120475	0.211568	0.101837	0.120975	0.186021	0.206244	-0.097472	-0.094997	-0.095198	0.142019	0.149573	-0.094657	-0.098660	-0.088642	-0.091818	-0.091367	-0.102282	-0.091697	-0.117985	-0.083078	0.154882	-0.091921	-0.168420	-0.095825	0.128179	-0.084319	0.198458	0.189383	0.227501	-0.079221	-0.029573	-0.129602	-0.087095	-0.094657	0.115114	0.173293	-0.091156	-0.075702	-0.113191	
