1.0000 0.5556 0.5619 0.6725 0.7423 0.8025 0.6824 0.6441 0.6513 0.5900 0.6730 0.7665 0.7321 0.6825 0.5468 0.7543 0.5897 0.7035 0.7247 0.5446 0.6754 0.7985 0.6507 0.7870 0.6778 0.6796 0.8039 0.7648 0.7410 0.5971 0.7677 0.5832 0.7394 0.7190 0.6459 0.8498 0.6555 0.6853 0.6925 0.5942 0.5959 0.7479 0.7240 0.7633 0.6630 0.6006 0.6953 0.7146 0.6873 0.6839
0.5556 1.0000 0.6094 0.5470 0.5201 0.5606 0.6614 0.5687 0.5842 0.6482 0.5373 0.6036 0.6011 0.5625 0.5786 0.5652 0.5661 0.6208 0.5850 0.5737 0.5141 0.5919 0.4928 0.5486 0.5446 0.5972 0.5638 0.6169 0.5257 0.5142 0.5937 0.6229 0.6382 0.5419 0.5752 0.5738 0.5147 0.5315 0.5457 0.5897 0.5124 0.5604 0.5825 0.5414 0.6666 0.5426 0.4994 0.6724 0.5182 0.6406
0.5619 0.6094 1.0000 0.5827 0.5854 0.5879 0.6007 0.5828 0.5486 0.5313 0.5896 0.5268 0.5886 0.5802 0.6995 0.5853 0.6609 0.6500 0.6264 0.6362 0.4976 0.5577 0.5326 0.5616 0.5580 0.5413 0.5997 0.5476 0.5331 0.5837 0.5907 0.4892 0.5482 0.5500 0.5595 0.5969 0.6226 0.5796 0.5524 0.5135 0.5070 0.6043 0.5330 0.5386 0.6455 0.4972 0.5199 0.5900 0.4935 0.6242
0.6725 0.5470 0.5827 1.0000 0.6330 0.6601 0.6212 0.6440 0.6166 0.5524 0.7647 0.6142 0.6387 0.7297 0.5503 0.6260 0.6594 0.6395 0.6237 0.5713 0.6442 0.6530 0.6445 0.6379 0.7102 0.6328 0.6506 0.6464 0.5967 0.5726 0.6483 0.5090 0.6415 0.6442 0.5949 0.6906 0.6791 0.7421 0.6253 0.6834 0.5175 0.6152 0.6237 0.6197 0.5805 0.5793 0.5816 0.6876 0.5918 0.6291
0.7423 0.5201 0.5854 0.6330 1.0000 0.6758 0.6680 0.6996 0.6265 0.5295 0.6129 0.6803 0.6909 0.6713 0.5704 0.7284 0.6175 0.6876 0.7424 0.5516 0.6601 0.6770 0.6753 0.7091 0.6510 0.6679 0.7645 0.6627 0.6954 0.6452 0.6752 0.5351 0.6481 0.6645 0.6302 0.7064 0.6523 0.6508 0.7046 0.5537 0.5308 0.7300 0.6945 0.6930 0.6644 0.5347 0.6466 0.6365 0.6153 0.6714
0.8025 0.5606 0.5879 0.6601 0.6758 1.0000 0.6935 0.6361 0.6721 0.5713 0.6895 0.6991 0.7470 0.6755 0.5713 0.7487 0.6003 0.7300 0.7279 0.5696 0.6539 0.8048 0.6083 0.7800 0.6830 0.6505 0.7810 0.7489 0.7175 0.6147 0.7752 0.5592 0.7236 0.6929 0.6482 0.8609 0.6677 0.6933 0.6554 0.6101 0.5886 0.7385 0.7247 0.7403 0.6718 0.6054 0.6767 0.7219 0.6693 0.7011
0.6824 0.6614 0.6007 0.6212 0.6680 0.6935 1.0000 0.6783 0.7032 0.5372 0.6297 0.7300 0.7195 0.7251 0.5573 0.7059 0.5951 0.7735 0.7235 0.5410 0.6770 0.7452 0.6267 0.6860 0.6701 0.6952 0.7255 0.7713 0.6786 0.6051 0.7257 0.6002 0.7492 0.6485 0.7016 0.7041 0.5947 0.6740 0.6896 0.6449 0.5339 0.7326 0.7337 0.6611 0.7249 0.5963 0.6254 0.7659 0.6026 0.8256
0.6441 0.5687 0.5828 0.6440 0.6996 0.6361 0.6783 1.0000 0.6265 0.5901 0.6067 0.6889 0.6627 0.6247 0.5684 0.6613 0.6152 0.6704 0.6391 0.5495 0.6356 0.6689 0.5560 0.6752 0.6291 0.6594 0.6635 0.7002 0.6049 0.6244 0.6674 0.5394 0.6944 0.6404 0.6027 0.6629 0.6498 0.6305 0.6159 0.6265 0.5367 0.6530 0.6877 0.6345 0.6002 0.5755 0.5817 0.6950 0.5929 0.6393
0.6513 0.5842 0.5486 0.6166 0.6265 0.6721 0.7032 0.6265 1.0000 0.5298 0.5878 0.6766 0.6647 0.6397 0.5218 0.6721 0.5615 0.7045 0.6560 0.5039 0.6048 0.6902 0.5769 0.6445 0.6417 0.6747 0.6612 0.6930 0.6081 0.5748 0.6905 0.5660 0.6989 0.6736 0.7065 0.6690 0.5776 0.6206 0.7165 0.6277 0.5172 0.6312 0.6719 0.6394 0.6448 0.5789 0.5888 0.6961 0.5897 0.6935
0.5900 0.6482 0.5313 0.5524 0.5295 0.5713 0.5372 0.5901 0.5298 1.0000 0.5325 0.5963 0.6133 0.5015 0.5263 0.5823 0.5541 0.5645 0.5448 0.5784 0.5495 0.5946 0.4787 0.6038 0.5431 0.5552 0.5549 0.5977 0.5067 0.5012 0.5960 0.5718 0.5997 0.5694 0.5197 0.5916 0.5246 0.5265 0.5246 0.5326 0.5874 0.5408 0.5598 0.6013 0.5674 0.5311 0.5089 0.6131 0.5577 0.5319
0.6730 0.5373 0.5896 0.7647 0.6129 0.6895 0.6297 0.6067 0.5878 0.5325 1.0000 0.5939 0.6456 0.7224 0.5436 0.6335 0.6482 0.6291 0.6383 0.5804 0.6577 0.6520 0.6854 0.6568 0.7204 0.5849 0.6554 0.6198 0.5986 0.5672 0.6402 0.5135 0.6063 0.6194 0.6372 0.6922 0.6660 0.7599 0.5947 0.6310 0.5380 0.6292 0.6329 0.6237 0.5821 0.5496 0.5785 0.6494 0.5725 0.6330
0.7665 0.6036 0.5268 0.6142 0.6803 0.6991 0.7300 0.6889 0.6766 0.5963 0.5939 1.0000 0.6942 0.6501 0.5142 0.7175 0.5514 0.7004 0.6744 0.5096 0.6794 0.7781 0.5860 0.7039 0.6670 0.7046 0.7330 0.8444 0.6924 0.5620 0.7689 0.6241 0.8323 0.6717 0.6470 0.7373 0.6108 0.6144 0.6606 0.6562 0.5523 0.6865 0.7396 0.6943 0.6493 0.6118 0.6317 0.7335 0.6534 0.6826
0.7321 0.6011 0.5886 0.6387 0.6909 0.7470 0.7195 0.6627 0.6647 0.6133 0.6456 0.6942 1.0000 0.6470 0.5759 0.7821 0.5820 0.7655 0.7954 0.5718 0.6876 0.7594 0.6172 0.8073 0.6955 0.6970 0.7424 0.7290 0.6697 0.6488 0.7567 0.5707 0.7248 0.7500 0.6919 0.7570 0.6289 0.6517 0.6935 0.6048 0.5864 0.7365 0.7222 0.7919 0.7228 0.6145 0.6542 0.7480 0.6858 0.7307
0.6825 0.5625 0.5802 0.7297 0.6713 0.6755 0.7251 0.6247 0.6397 0.5015 0.7224 0.6501 0.6470 1.0000 0.5354 0.6874 0.6564 0.6915 0.6937 0.5560 0.7374 0.7032 0.7261 0.6662 0.7719 0.6540 0.7289 0.6874 0.6598 0.5777 0.6788 0.5322 0.6719 0.6250 0.6482 0.7095 0.6568 0.8416 0.6683 0.6678 0.5123 0.6827 0.6823 0.6478 0.6549 0.5504 0.6304 0.6674 0.5890 0.7217
0.5468 0.5786 0.6995 0.5503 0.5704 0.5713 0.5573 0.5684 0.5218 0.5263 0.5436 0.5142 0.5759 0.5354 1.0000 0.5735 0.6273 0.6323 0.6079 0.5968 0.4864 0.5439 0.4927 0.5502 0.5445 0.5293 0.5846 0.5344 0.5186 0.5799 0.5726 0.4531 0.5359 0.5388 0.5192 0.5802 0.6018 0.5351 0.5267 0.4996 0.5267 0.5881 0.5212 0.5283 0.6504 0.5009 0.5278 0.5743 0.5002 0.5772
0.7543 0.5652 0.5853 0.6260 0.7284 0.7487 0.7059 0.6613 0.6721 0.5823 0.6335 0.7175 0.7821 0.6874 0.5735 1.0000 0.6144 0.7690 0.7898 0.5665 0.7147 0.8092 0.6414 0.8374 0.7477 0.6974 0.8506 0.7599 0.7204 0.6459 0.8123 0.5511 0.7497 0.7247 0.7035 0.7986 0.6855 0.6876 0.7507 0.5921 0.5780 0.7787 0.7389 0.8539 0.7257 0.5974 0.7214 0.6982 0.6781 0.7284
0.5897 0.5661 0.6609 0.6594 0.6175 0.6003 0.5951 0.6152 0.5615 0.5541 0.6482 0.5514 0.5820 0.6564 0.6273 0.6144 1.0000 0.6145 0.6193 0.7106 0.5589 0.5842 0.5831 0.5898 0.6293 0.5697 0.6306 0.5733 0.5579 0.5800 0.5960 0.4614 0.5738 0.5795 0.5725 0.6274 0.7778 0.6557 0.5820 0.5604 0.5154 0.5990 0.5608 0.5645 0.5995 0.5039 0.5462 0.5839 0.5188 0.6175
0.7035 0.6208 0.6500 0.6395 0.6876 0.7300 0.7735 0.6704 0.7045 0.5645 0.6291 0.7004 0.7655 0.6915 0.6323 0.7690 0.6145 1.0000 0.7625 0.5832 0.6547 0.7743 0.6131 0.7187 0.7298 0.6899 0.7428 0.7525 0.6722 0.6555 0.8139 0.5744 0.7385 0.6950 0.6894 0.7521 0.6478 0.6762 0.7007 0.6358 0.5834 0.7335 0.7371 0.7167 0.7966 0.6262 0.6451 0.7783 0.6206 0.7908
0.7247 0.5850 0.6264 0.6237 0.7424 0.7279 0.7235 0.6391 0.6560 0.5448 0.6383 0.6744 0.7954 0.6937 0.6079 0.7898 0.6193 0.7625 1.0000 0.6081 0.6808 0.7233 0.6605 0.7388 0.6956 0.6912 0.8265 0.7005 0.7128 0.6611 0.7201 0.5434 0.6994 0.6967 0.6915 0.7513 0.6716 0.6714 0.7159 0.5923 0.5416 0.8243 0.7010 0.7376 0.7538 0.5869 0.6985 0.7029 0.6355 0.7476
0.5446 0.5737 0.6362 0.5713 0.5516 0.5696 0.5410 0.5495 0.5039 0.5784 0.5804 0.5096 0.5718 0.5560 0.5968 0.5665 0.7106 0.5832 0.6081 1.0000 0.5264 0.5395 0.5114 0.5445 0.5756 0.5106 0.5810 0.5297 0.5179 0.5529 0.5471 0.4708 0.5302 0.5296 0.5145 0.5782 0.7030 0.5555 0.5060 0.5175 0.4990 0.5890 0.5147 0.5216 0.5794 0.4718 0.5043 0.5581 0.4786 0.5604
0.6754 0.5141 0.4976 0.6442 0.6601 0.6539 0.6770 0.6356 0.6048 0.5495 0.6577 0.6794 0.6876 0.7374 0.4864 0.7147 0.5589 0.6547 0.6808 0.5264 1.0000 0.6986 0.6989 0.7190 0.7462 0.6366 0.7165 0.6924 0.6534 0.5585 0.6806 0.5300 0.6678 0.6244 0.6175 0.6763 0.6042 0.7312 0.6586 0.6395 0.5308 0.7011 0.6732 0.7136 0.6308 0.5458 0.6350 0.6411 0.6099 0.6467
0.7985 0.5919 0.5577 0.6530 0.6770 0.8048 0.7452 0.6689 0.6902 0.5946 0.6520 0.7781 0.7594 0.7032 0.5439 0.8092 0.5842 0.7743 0.7233 0.5395 0.6986 1.0000 0.6007 0.8132 0.7400 0.7033 0.8037 0.8592 0.7363 0.6007 0.8655 0.5902 0.8152 0.7127 0.6785 0.8553 0.6491 0.6939 0.6963 0.6290 0.5962 0.7281 0.8195 0.7959 0.6985 0.6360 0.6914 0.7724 0.6858 0.7352
0.6507 0.4928 0.5326 0.6445 0.6753 0.6083 0.6267 0.5560 0.5769 0.4787 0.6854 0.5860 0.6172 0.7261 0.4927 0.6414 0.5831 0.6131 0.6605 0.5114 0.6989 0.6007 1.0000 0.6248 0.6593 0.5760 0.6605 0.5793 0.5931 0.5480 0.5921 0.5155 0.5638 0.5746 0.6089 0.6172 0.5822 0.7312 0.6460 0.6033 0.4747 0.6675 0.5757 0.6359 0.5968 0.4890 0.5884 0.5804 0.5395 0.6703
0.7870 0.5486 0.5616 0.6379 0.7091 0.7800 0.6860 0.6752 0.6445 0.6038 0.6568 0.7039 0.8073 0.6662 0.5502 0.8374 0.5898 0.7187 0.7388 0.5445 0.7190 0.8132 0.6248 1.0000 0.6987 0.6802 0.8056 0.7448 0.7124 0.6280 0.7815 0.5546 0.7242 0.7194 0.6680 0.8151 0.6558 0.6917 0.7115 0.5777 0.6059 0.7465 0.7316 0.8664 0.6867 0.5923 0.7032 0.7011 0.7137 0.6914
0.6778 0.5446 0.5580 0.7102 0.6510 0.6830 0.6701 0.6291 0.6417 0.5431 0.7204 0.6670 0.6955 0.7719 0.5445 0.7477 0.6293 0.7298 0.6956 0.5756 0.7462 0.7400 0.6593 0.6987 1.0000 0.6469 0.7186 0.7136 0.6464 0.5928 0.7371 0.5194 0.7034 0.6778 0.6710 0.7249 0.6845 0.7560 0.6644 0.6754 0.5544 0.6676 0.7318 0.6982 0.6591 0.5838 0.6291 0.6777 0.6037 0.6892
0.6796 0.5972 0.5413 0.6328 0.6679 0.6505 0.6952 0.6594 0.6747 0.5552 0.5849 0.7046 0.6970 0.6540 0.5293 0.6974 0.5697 0.6899 0.6912 0.5106 0.6366 0.7033 0.5760 0.6802 0.6469 1.0000 0.7112 0.7232 0.6513 0.6058 0.7029 0.5534 0.7508 0.6927 0.6828 0.6922 0.6013 0.6085 0.6895 0.6418 0.5184 0.6551 0.7015 0.6796 0.6670 0.6018 0.6246 0.7231 0.6423 0.6816
0.8039 0.5638 0.5997 0.6506 0.7645 0.7810 0.7255 0.6635 0.6612 0.5549 0.6554 0.7330 0.7424 0.7289 0.5846 0.8506 0.6306 0.7428 0.8265 0.5810 0.7165 0.8037 0.6605 0.8056 0.7186 0.7112 1.0000 0.7717 0.7907 0.6371 0.7825 0.5523 0.7520 0.7010 0.6886 0.8395 0.7055 0.7045 0.7345 0.5986 0.5649 0.8420 0.7424 0.7899 0.7247 0.5949 0.7541 0.7004 0.6770 0.7322
0.7648 0.6169 0.5476 0.6464 0.6627 0.7489 0.7713 0.7002 0.6930 0.5977 0.6198 0.8444 0.7290 0.6874 0.5344 0.7599 0.5733 0.7525 0.7005 0.5297 0.6924 0.8592 0.5793 0.7448 0.7136 0.7232 0.7717 1.0000 0.7304 0.5822 0.8302 0.6080 0.8976 0.7042 0.6800 0.8008 0.6362 0.6555 0.6725 0.6729 0.5683 0.7218 0.7899 0.7353 0.6782 0.6487 0.6695 0.7810 0.6732 0.7301
0.7410 0.5257 0.5331 0.5967 0.6954 0.7175 0.6786 0.6049 0.6081 0.5067 0.5986 0.6924 0.6697 0.6598 0.5186 0.7204 0.5579 0.6722 0.7128 0.5179 0.6534 0.7363 0.5931 0.7124 0.6464 0.6513 0.7907 0.7304 1.0000 0.5781 0.7104 0.5273 0.6964 0.6401 0.6280 0.7636 0.6197 0.6336 0.6568 0.5646 0.5147 0.7369 0.7080 0.6992 0.6575 0.5736 0.6808 0.6560 0.6254 0.6773
0.5971 0.5142 0.5837 0.5726 0.6452 0.6147 0.6051 0.6244 0.5748 0.5012 0.5672 0.5620 0.6488 0.5777 0.5799 0.6459 0.5800 0.6555 0.6611 0.5529 0.5585 0.6007 0.5480 0.6280 0.5928 0.6058 0.6371 0.5822 0.5781 1.0000 0.6039 0.4678 0.5801 0.6053 0.5855 0.6251 0.6106 0.5853 0.6057 0.5232 0.5520 0.6403 0.5924 0.6098 0.6171 0.5321 0.6239 0.6142 0.6131 0.6234
0.7677 0.5937 0.5907 0.6483 0.6752 0.7752 0.7257 0.6674 0.6905 0.5960 0.6402 0.7689 0.7567 0.6788 0.5726 0.8123 0.5960 0.8139 0.7201 0.5471 0.6806 0.8655 0.5921 0.7815 0.7371 0.7029 0.7825 0.8302 0.7104 0.6039 1.0000 0.5788 0.8151 0.7173 0.6812 0.8228 0.6614 0.6698 0.6920 0.6281 0.6067 0.7143 0.7804 0.7792 0.7215 0.6375 0.6704 0.7481 0.6707 0.7242
0.5832 0.6229 0.4892 0.5090 0.5351 0.5592 0.6002 0.5394 0.5660 0.5718 0.5135 0.6241 0.5707 0.5322 0.4531 0.5511 0.4614 0.5744 0.5434 0.4708 0.5300 0.5902 0.5155 0.5546 0.5194 0.5534 0.5523 0.6080 0.5273 0.4678 0.5788 1.0000 0.6025 0.5211 0.5429 0.5686 0.4626 0.5205 0.5388 0.5329 0.4849 0.5396 0.5657 0.5542 0.5567 0.4975 0.4901 0.6057 0.5126 0.5737
0.7394 0.6382 0.5482 0.6415 0.6481 0.7236 0.7492 0.6944 0.6989 0.5997 0.6063 0.8323 0.7248 0.6719 0.5359 0.7497 0.5738 0.7385 0.6994 0.5302 0.6678 0.8152 0.5638 0.7242 0.7034 0.7508 0.7520 0.8976 0.6964 0.5801 0.8151 0.6025 1.0000 0.7050 0.6847 0.7735 0.6367 0.6318 0.6704 0.6904 0.5575 0.6931 0.7761 0.7182 0.6805 0.6532 0.6549 0.7769 0.6752 0.7192
0.7190 0.5419 0.5500 0.6442 0.6645 0.6929 0.6485 0.6404 0.6736 0.5694 0.6194 0.6717 0.7500 0.6250 0.5388 0.7247 0.5795 0.6950 0.6967 0.5296 0.6244 0.7127 0.5746 0.7194 0.6778 0.6927 0.7010 0.7042 0.6401 0.6053 0.7173 0.5211 0.7050 1.0000 0.6785 0.7324 0.6310 0.6283 0.7172 0.5879 0.5723 0.6605 0.6788 0.7073 0.6383 0.5954 0.6371 0.6888 0.6418 0.6657
0.6459 0.5752 0.5595 0.5949 0.6302 0.6482 0.7016 0.6027 0.7065 0.5197 0.6372 0.6470 0.6919 0.6482 0.5192 0.7035 0.5725 0.6894 0.6915 0.5145 0.6175 0.6785 0.6089 0.6680 0.6710 0.6828 0.6886 0.6800 0.6280 0.5855 0.6812 0.5429 0.6847 0.6785 1.0000 0.6703 0.5888 0.6211 0.7094 0.5920 0.5302 0.6634 0.6834 0.6691 0.6547 0.5813 0.6230 0.6698 0.6132 0.7133
0.8498 0.5738 0.5969 0.6906 0.7064 0.8609 0.7041 0.6629 0.6690 0.5916 0.6922 0.7373 0.7570 0.7095 0.5802 0.7986 0.6274 0.7521 0.7513 0.5782 0.6763 0.8553 0.6172 0.8151 0.7249 0.6922 0.8395 0.8008 0.7636 0.6251 0.8228 0.5686 0.7735 0.7324 0.6703 1.0000 0.7015 0.7208 0.6904 0.6115 0.5996 0.7594 0.7581 0.7892 0.6888 0.6238 0.7161 0.7420 0.6980 0.7194
0.6555 0.5147 0.6226 0.6791 0.6523 0.6677 0.5947 0.6498 0.5776 0.5246 0.6660 0.6108 0.6289 0.6568 0.6018 0.6855 0.7778 0.6478 0.6716 0.7030 0.6042 0.6491 0.5822 0.6558 0.6845 0.6013 0.7055 0.6362 0.6197 0.6106 0.6614 0.4626 0.6367 0.6310 0.5888 0.7015 1.0000 0.6562 0.5996 0.5888 0.5078 0.6645 0.6066 0.6260 0.5972 0.5374 0.6053 0.6144 0.5742 0.6167
0.6853 0.5315 0.5796 0.7421 0.6508 0.6933 0.6740 0.6305 0.6206 0.5265 0.7599 0.6144 0.6517 0.8416 0.5351 0.6876 0.6557 0.6762 0.6714 0.5555 0.7312 0.6939 0.7312 0.6917 0.7560 0.6085 0.7045 0.6555 0.6336 0.5853 0.6698 0.5205 0.6318 0.6283 0.6211 0.7208 0.6562 1.0000 0.6563 0.6291 0.5367 0.6763 0.6522 0.6743 0.6180 0.5418 0.6325 0.6535 0.5853 0.6820
0.6925 0.5457 0.5524 0.6253 0.7046 0.6554 0.6896 0.6159 0.7165 0.5246 0.5947 0.6606 0.6935 0.6683 0.5267 0.7507 0.5820 0.7007 0.7159 0.5060 0.6586 0.6963 0.6460 0.7115 0.6644 0.6895 0.7345 0.6725 0.6568 0.6057 0.6920 0.5388 0.6704 0.7172 0.7094 0.6904 0.5996 0.6563 1.0000 0.5771 0.5437 0.6901 0.6767 0.7182 0.6812 0.5613 0.6640 0.6629 0.6186 0.7062
0.5942 0.5897 0.5135 0.6834 0.5537 0.6101 0.6449 0.6265 0.6277 0.5326 0.6310 0.6562 0.6048 0.6678 0.4996 0.5921 0.5604 0.6358 0.5923 0.5175 0.6395 0.6290 0.6033 0.5777 0.6754 0.6418 0.5986 0.6729 0.5646 0.5232 0.6281 0.5329 0.6904 0.5879 0.5920 0.6115 0.5888 0.6291 0.5771 1.0000 0.4737 0.5734 0.6224 0.5693 0.5920 0.5991 0.5380 0.7159 0.5573 0.6597
0.5959 0.5124 0.5070 0.5175 0.5308 0.5886 0.5339 0.5367 0.5172 0.5874 0.5380 0.5523 0.5864 0.5123 0.5267 0.5780 0.5154 0.5834 0.5416 0.4990 0.5308 0.5962 0.4747 0.6059 0.5544 0.5184 0.5649 0.5683 0.5147 0.5520 0.6067 0.4849 0.5575 0.5723 0.5302 0.5996 0.5078 0.5367 0.5437 0.4737 1.0000 0.5410 0.5769 0.5812 0.5911 0.5133 0.5910 0.5632 0.5894 0.5315
0.7479 0.5604 0.6043 0.6152 0.7300 0.7385 0.7326 0.6530 0.6312 0.5408 0.6292 0.6865 0.7365 0.6827 0.5881 0.7787 0.5990 0.7335 0.8243 0.5890 0.7011 0.7281 0.6675 0.7465 0.6676 0.6551 0.8420 0.7218 0.7369 0.6403 0.7143 0.5396 0.6931 0.6605 0.6634 0.7594 0.6645 0.6763 0.6901 0.5734 0.5410 1.0000 0.6747 0.7442 0.7114 0.5729 0.7209 0.6873 0.6308 0.7279
0.7240 0.5825 0.5330 0.6237 0.6945 0.7247 0.7337 0.6877 0.6719 0.5598 0.6329 0.7396 0.7222 0.6823 0.5212 0.7389 0.5608 0.7371 0.7010 0.5147 0.6732 0.8195 0.5757 0.7316 0.7318 0.7015 0.7424 0.7899 0.7080 0.5924 0.7804 0.5657 0.7761 0.6788 0.6834 0.7581 0.6066 0.6522 0.6767 0.6224 0.5769 0.6747 1.0000 0.7126 0.6818 0.6138 0.6456 0.7377 0.6390 0.7140
0.7633 0.5414 0.5386 0.6197 0.6930 0.7403 0.6611 0.6345 0.6394 0.6013 0.6237 0.6943 0.7919 0.6478 0.5283 0.8539 0.5645 0.7167 0.7376 0.5216 0.7136 0.7959 0.6359 0.8664 0.6982 0.6796 0.7899 0.7353 0.6992 0.6098 0.7792 0.5542 0.7182 0.7073 0.6691 0.7892 0.6260 0.6743 0.7182 0.5693 0.5812 0.7442 0.7126 1.0000 0.6786 0.5969 0.7040 0.6918 0.6983 0.6838
0.6630 0.6666 0.6455 0.5805 0.6644 0.6718 0.7249 0.6002 0.6448 0.5674 0.5821 0.6493 0.7228 0.6549 0.6504 0.7257 0.5995 0.7966 0.7538 0.5794 0.6308 0.6985 0.5968 0.6867 0.6591 0.6670 0.7247 0.6782 0.6575 0.6171 0.7215 0.5567 0.6805 0.6383 0.6547 0.6888 0.5972 0.6180 0.6812 0.5920 0.5911 0.7114 0.6818 0.6786 1.0000 0.5777 0.6287 0.7051 0.5973 0.7433
0.6006 0.5426 0.4972 0.5793 0.5347 0.6054 0.5963 0.5755 0.5789 0.5311 0.5496 0.6118 0.6145 0.5504 0.5009 0.5974 0.5039 0.6262 0.5869 0.4718 0.5458 0.6360 0.4890 0.5923 0.5838 0.6018 0.5949 0.6487 0.5736 0.5321 0.6375 0.4975 0.6532 0.5954 0.5813 0.6238 0.5374 0.5418 0.5613 0.5991 0.5133 0.5729 0.6138 0.5969 0.5777 1.0000 0.5766 0.6829 0.5923 0.5949
0.6953 0.4994 0.5199 0.5816 0.6466 0.6767 0.6254 0.5817 0.5888 0.5089 0.5785 0.6317 0.6542 0.6304 0.5278 0.7214 0.5462 0.6451 0.6985 0.5043 0.6350 0.6914 0.5884 0.7032 0.6291 0.6246 0.7541 0.6695 0.6808 0.6239 0.6704 0.4901 0.6549 0.6371 0.6230 0.7161 0.6053 0.6325 0.6640 0.5380 0.5910 0.7209 0.6456 0.7040 0.6287 0.5766 1.0000 0.6263 0.7003 0.6352
0.7146 0.6724 0.5900 0.6876 0.6365 0.7219 0.7659 0.6950 0.6961 0.6131 0.6494 0.7335 0.7480 0.6674 0.5743 0.6982 0.5839 0.7783 0.7029 0.5581 0.6411 0.7724 0.5804 0.7011 0.6777 0.7231 0.7004 0.7810 0.6560 0.6142 0.7481 0.6057 0.7769 0.6888 0.6698 0.7420 0.6144 0.6535 0.6629 0.7159 0.5632 0.6873 0.7377 0.6918 0.7051 0.6829 0.6263 1.0000 0.6483 0.7453
0.6873 0.5182 0.4935 0.5918 0.6153 0.6693 0.6026 0.5929 0.5897 0.5577 0.5725 0.6534 0.6858 0.5890 0.5002 0.6781 0.5188 0.6206 0.6355 0.4786 0.6099 0.6858 0.5395 0.7137 0.6037 0.6423 0.6770 0.6732 0.6254 0.6131 0.6707 0.5126 0.6752 0.6418 0.6132 0.6980 0.5742 0.5853 0.6186 0.5573 0.5894 0.6308 0.6390 0.6983 0.5973 0.5923 0.7003 0.6483 1.0000 0.6033
0.6839 0.6406 0.6242 0.6291 0.6714 0.7011 0.8256 0.6393 0.6935 0.5319 0.6330 0.6826 0.7307 0.7217 0.5772 0.7284 0.6175 0.7908 0.7476 0.5604 0.6467 0.7352 0.6703 0.6914 0.6892 0.6816 0.7322 0.7301 0.6773 0.6234 0.7242 0.5737 0.7192 0.6657 0.7133 0.7194 0.6167 0.6820 0.7062 0.6597 0.5315 0.7279 0.7140 0.6838 0.7433 0.5949 0.6352 0.7453 0.6033 1.0000
