1.0000	0.2498	0.3232	0.3081	0.2922	0.2686	0.3240	0.4329	0.3178	0.3728	0.3574	0.4255	0.2875	0.3988	0.3308	0.3236	0.3217	0.2989	0.3214	0.3689	0.3182	0.3431	0.3244	0.3540	0.3846	0.3297	0.3377	0.3620	0.3740	0.3105	0.2713	0.3136	0.2887	0.3180	0.2770	0.3442	0.3253	0.2722	0.3507	0.3295	0.3877	0.3359	0.3055	0.3094	0.2852	0.3273	0.3016	0.3444	0.3385	0.3252
0.2498	1.0000	0.3235	0.2704	0.2595	0.3333	0.2465	0.2751	0.3249	0.2894	0.3255	0.3001	0.3007	0.3181	0.2921	0.2589	0.2717	0.2616	0.2241	0.2549	0.3136	0.3175	0.2713	0.2325	0.3299	0.2595	0.2843	0.3157	0.2804	0.2969	0.2529	0.3198	0.2619	0.3444	0.2843	0.3209	0.2916	0.2389	0.2982	0.2556	0.2635	0.2913	0.3063	0.3465	0.3035	0.2542	0.3515	0.2908	0.3122	0.2833
0.3232	0.3235	1.0000	0.2999	0.3743	0.3561	0.3441	0.4124	0.3611	0.3725	0.3674	0.3372	0.3411	0.3506	0.3069	0.3213	0.3906	0.3995	0.2897	0.3385	0.3839	0.4100	0.3917	0.3237	0.3297	0.3148	0.3632	0.3674	0.3251	0.3072	0.3617	0.3331	0.2868	0.2999	0.3075	0.4137	0.3110	0.2902	0.3468	0.3385	0.3220	0.3240	0.4013	0.3727	0.3538	0.3380	0.3957	0.3602	0.3351	0.3184
0.3081	0.2704	0.2999	1.0000	0.2779	0.3260	0.2691	0.3270	0.3433	0.3230	0.2450	0.3082	0.3195	0.2642	0.3276	0.2625	0.2917	0.2932	0.3075	0.3882	0.3326	0.2797	0.2868	0.2960	0.3360	0.2676	0.2792	0.2995	0.2280	0.2673	0.2998	0.3080	0.2810	0.2761	0.2766	0.2926	0.2804	0.2639	0.2984	0.2981	0.2814	0.2630	0.3052	0.2793	0.3055	0.3109	0.3431	0.3121	0.2863	0.2446
0.2922	0.2595	0.3743	0.2779	1.0000	0.3235	0.3017	0.3515	0.3651	0.3517	0.2956	0.3075	0.3173	0.2695	0.3105	0.2986	0.2948	0.3410	0.2579	0.3021	0.3456	0.3348	0.3280	0.3019	0.2936	0.3052	0.3277	0.3905	0.3289	0.2616	0.3538	0.3621	0.2983	0.3007	0.3396	0.3587	0.2984	0.2938	0.3539	0.2783	0.2925	0.3671	0.3227	0.2885	0.2985	0.3041	0.2901	0.3296	0.3250	0.2800
0.2686	0.3333	0.3561	0.3260	0.3235	1.0000	0.2599	0.3320	0.3794	0.3269	0.2975	0.3022	0.3261	0.2767	0.2896	0.2839	0.2795	0.3645	0.2531	0.3499	0.3439	0.3446	0.3233	0.3205	0.3151	0.3204	0.3447	0.3629	0.3224	0.3886	0.4365	0.4010	0.2678	0.2878	0.2756	0.3852	0.3311	0.2566	0.2928	0.3617	0.2937	0.2919	0.3382	0.3911	0.2968	0.2995	0.3431	0.3107	0.2990	0.3163
0.3240	0.2465	0.3441	0.2691	0.3017	0.2599	1.0000	0.3764	0.2905	0.3917	0.3051	0.3442	0.3419	0.3238	0.3510	0.3500	0.3867	0.3144	0.2864	0.3480	0.2752	0.3357	0.2930	0.3128	0.3382	0.3189	0.3309	0.3694	0.3132	0.3001	0.2788	0.2833	0.2656	0.2740	0.2743	0.3275	0.3386	0.3149	0.3137	0.3665	0.3425	0.3166	0.3787	0.2975	0.2800	0.2981	0.3079	0.2936	0.3328	0.3238
0.4329	0.2751	0.4124	0.3270	0.3515	0.3320	0.3764	1.0000	0.3693	0.4021	0.3459	0.3829	0.3851	0.3800	0.3268	0.3628	0.3801	0.3609	0.3090	0.3784	0.3787	0.4591	0.3091	0.3801	0.3376	0.3044	0.3929	0.4025	0.3145	0.3483	0.3523	0.3277	0.2945	0.3437	0.3618	0.4447	0.3312	0.3275	0.3890	0.3288	0.3561	0.3185	0.3729	0.3335	0.3918	0.3385	0.3557	0.3814	0.3767	0.3843
0.3178	0.3249	0.3611	0.3433	0.3651	0.3794	0.2905	0.3693	1.0000	0.3509	0.2978	0.3490	0.3874	0.3210	0.3678	0.3192	0.3248	0.3978	0.2891	0.3474	0.4189	0.3196	0.3586	0.3589	0.3376	0.3054	0.3539	0.3395	0.3225	0.3505	0.3378	0.3875	0.3076	0.2647	0.3515	0.3955	0.3627	0.2993	0.3347	0.3412	0.3734	0.2986	0.3593	0.3732	0.3429	0.3334	0.3956	0.3138	0.3431	0.3509
0.3728	0.2894	0.3725	0.3230	0.3517	0.3269	0.3917	0.4021	0.3509	1.0000	0.3606	0.4150	0.3719	0.3783	0.3106	0.3244	0.3305	0.3276	0.3065	0.3247	0.3969	0.3385	0.3559	0.3057	0.3520	0.3009	0.3825	0.4151	0.3580	0.3210	0.3332	0.3433	0.3041	0.3169	0.3885	0.4207	0.3698	0.2864	0.3827	0.3393	0.3326	0.3378	0.3653	0.3205	0.3252	0.3417	0.3122	0.3370	0.3703	0.3315
0.3574	0.3255	0.3674	0.2450	0.2956	0.2975	0.3051	0.3459	0.2978	0.3606	1.0000	0.3605	0.2758	0.3703	0.2799	0.3429	0.3807	0.2710	0.2702	0.2846	0.3004	0.2909	0.3304	0.2758	0.2935	0.2673	0.3386	0.3633	0.3340	0.3049	0.2582	0.2914	0.2826	0.3286	0.2816	0.3547	0.2966	0.2600	0.2862	0.2994	0.3553	0.3005	0.2814	0.3229	0.2953	0.3062	0.2979	0.2966	0.3504	0.2996
0.4255	0.3001	0.3372	0.3082	0.3075	0.3022	0.3442	0.3829	0.3490	0.4150	0.3605	1.0000	0.3296	0.4209	0.3574	0.3499	0.3530	0.3307	0.2784	0.3485	0.3236	0.3518	0.3197	0.3000	0.3945	0.3471	0.3166	0.3794	0.3944	0.3206	0.3826	0.3759	0.3101	0.3598	0.3130	0.3339	0.3456	0.2900	0.3587	0.3444	0.3776	0.3062	0.3784	0.3166	0.2883	0.3305	0.3050	0.3311	0.3358	0.3198
0.2875	0.3007	0.3411	0.3195	0.3173	0.3261	0.3419	0.3851	0.3874	0.3719	0.2758	0.3296	1.0000	0.3471	0.3009	0.3154	0.3269	0.3486	0.2486	0.3195	0.3604	0.3849	0.3196	0.3068	0.3222	0.2928	0.3278	0.3655	0.3160	0.2972	0.3234	0.3173	0.3094	0.3131	0.2908	0.3354	0.3514	0.2773	0.3176	0.3316	0.3201	0.2974	0.3963	0.2882	0.3354	0.3396	0.3389	0.2867	0.3214	0.3097
0.3988	0.3181	0.3506	0.2642	0.2695	0.2767	0.3238	0.3800	0.3210	0.3783	0.3703	0.4209	0.3471	1.0000	0.4097	0.3219	0.3255	0.3286	0.3165	0.3285	0.3186	0.3500	0.3514	0.2755	0.3364	0.2659	0.3151	0.3611	0.3544	0.3068	0.3409	0.3113	0.2799	0.3618	0.3110	0.3735	0.3239	0.2953	0.3257	0.3350	0.3245	0.2791	0.3249	0.3235	0.3308	0.2821	0.3568	0.3161	0.3347	0.3705
0.3308	0.2921	0.3069	0.3276	0.3105	0.2896	0.3510	0.3268	0.3678	0.3106	0.2799	0.3574	0.3009	0.4097	1.0000	0.2995	0.3047	0.3415	0.3474	0.2959	0.2797	0.2994	0.3303	0.3216	0.3775	0.2944	0.3086	0.3434	0.3271	0.3106	0.3322	0.3258	0.2474	0.3045	0.3170	0.3171	0.3088	0.3132	0.2889	0.2728	0.3225	0.3066	0.3453	0.3313	0.3075	0.2547	0.3871	0.2998	0.3141	0.3211
0.3236	0.2589	0.3213	0.2625	0.2986	0.2839	0.3500	0.3628	0.3192	0.3244	0.3429	0.3499	0.3154	0.3219	0.2995	1.0000	0.3492	0.3159	0.2729	0.3379	0.2873	0.3376	0.3075	0.2775	0.3091	0.2668	0.3025	0.3580	0.3356	0.2751	0.3064	0.2774	0.2734	0.2935	0.3262	0.2926	0.4011	0.2871	0.3220	0.3420	0.3620	0.2281	0.3762	0.2708	0.3551	0.3154	0.3095	0.3026	0.3244	0.3165
0.3217	0.2717	0.3906	0.2917	0.2948	0.2795	0.3867	0.3801	0.3248	0.3305	0.3807	0.3530	0.3269	0.3255	0.3047	0.3492	1.0000	0.3438	0.2794	0.3740	0.2798	0.3409	0.3438	0.3263	0.3065	0.3143	0.3139	0.3453	0.2923	0.3113	0.3090	0.2950	0.3082	0.2775	0.2457	0.3304	0.3319	0.3204	0.2784	0.3325	0.3338	0.2851	0.3291	0.3443	0.3005	0.2942	0.3103	0.3138	0.3092	0.3279
0.2989	0.2616	0.3995	0.2932	0.3410	0.3645	0.3144	0.3609	0.3978	0.3276	0.2710	0.3307	0.3486	0.3286	0.3415	0.3159	0.3438	1.0000	0.3121	0.3883	0.3144	0.3650	0.3398	0.3278	0.3397	0.3509	0.3351	0.3450	0.2893	0.3281	0.3518	0.4185	0.2843	0.2982	0.3285	0.3526	0.3459	0.3583	0.3225	0.3240	0.3335	0.2862	0.3507	0.3765	0.3642	0.3533	0.3608	0.3142	0.3044	0.3361
0.3214	0.2241	0.2897	0.3075	0.2579	0.2531	0.2864	0.3090	0.2891	0.3065	0.2702	0.2784	0.2486	0.3165	0.3474	0.2729	0.2794	0.3121	1.0000	0.2593	0.2810	0.2870	0.2678	0.2609	0.3409	0.2754	0.2913	0.2869	0.2370	0.2441	0.2394	0.2685	0.2660	0.2598	0.3332	0.3258	0.2564	0.3028	0.2959	0.2454	0.3254	0.3208	0.3016	0.2861	0.3047	0.2988	0.3156	0.2767	0.2946	0.3126
0.3689	0.2549	0.3385	0.3882	0.3021	0.3499	0.3480	0.3784	0.3474	0.3247	0.2846	0.3485	0.3195	0.3285	0.2959	0.3379	0.3740	0.3883	0.2593	1.0000	0.3781	0.3159	0.3173	0.3298	0.3705	0.3164	0.3562	0.3380	0.3340	0.3090	0.3272	0.3755	0.3476	0.3149	0.2805	0.3426	0.3286	0.3216	0.3590	0.3597	0.3326	0.2824	0.3287	0.3723	0.3305	0.3483	0.3034	0.3432	0.3351	0.3133
0.3182	0.3136	0.3839	0.3326	0.3456	0.3439	0.2752	0.3787	0.4189	0.3969	0.3004	0.3236	0.3604	0.3186	0.2797	0.2873	0.2798	0.3144	0.2810	0.3781	1.0000	0.3088	0.3105	0.2739	0.3308	0.2929	0.3792	0.3460	0.3157	0.2878	0.2968	0.3439	0.3098	0.3236	0.3647	0.3976	0.3424	0.2681	0.3569	0.2867	0.3139	0.2966	0.3520	0.3204	0.3451	0.3559	0.3226	0.3491	0.3453	0.3298
0.3431	0.3175	0.4100	0.2797	0.3348	0.3446	0.3357	0.4591	0.3196	0.3385	0.2909	0.3518	0.3849	0.3500	0.2994	0.3376	0.3409	0.3650	0.2870	0.3159	0.3088	1.0000	0.3453	0.2868	0.3315	0.2943	0.3235	0.3635	0.3037	0.2888	0.3491	0.3017	0.2625	0.3573	0.3231	0.3985	0.3168	0.3146	0.3603	0.3087	0.3326	0.3209	0.3283	0.3156	0.3812	0.3018	0.3841	0.3145	0.3047	0.3407
0.3244	0.2713	0.3917	0.2868	0.3280	0.3233	0.2930	0.3091	0.3586	0.3559	0.3304	0.3197	0.3196	0.3514	0.3303	0.3075	0.3438	0.3398	0.2678	0.3173	0.3105	0.3453	1.0000	0.3086	0.3304	0.2865	0.3278	0.3523	0.3331	0.3382	0.3228	0.3389	0.2602	0.2824	0.2776	0.4132	0.3120	0.3036	0.3056	0.3385	0.3592	0.3363	0.3048	0.3457	0.2763	0.2994	0.3260	0.3275	0.3326	0.2966
0.3540	0.2325	0.3237	0.2960	0.3019	0.3205	0.3128	0.3801	0.3589	0.3057	0.2758	0.3000	0.3068	0.2755	0.3216	0.2775	0.3263	0.3278	0.2609	0.3298	0.2739	0.2868	0.3086	1.0000	0.3086	0.2975	0.3080	0.3445	0.2643	0.3405	0.3232	0.3586	0.2589	0.2055	0.2431	0.3119	0.3137	0.2797	0.2595	0.3076	0.3212	0.2767	0.3319	0.3501	0.2552	0.2908	0.2698	0.2996	0.3233	0.3050
0.3846	0.3299	0.3297	0.3360	0.2936	0.3151	0.3382	0.3376	0.3376	0.3520	0.2935	0.3945	0.3222	0.3364	0.3775	0.3091	0.3065	0.3397	0.3409	0.3705	0.3308	0.3315	0.3304	0.3086	1.0000	0.3545	0.3159	0.3708	0.3875	0.2858	0.3132	0.3771	0.3346	0.3280	0.3254	0.3185	0.3469	0.2870	0.3293	0.3311	0.3350	0.3228	0.3781	0.3546	0.3154	0.3053	0.3489	0.3520	0.3706	0.3095
0.3297	0.2595	0.3148	0.2676	0.3052	0.3204	0.3189	0.3044	0.3054	0.3009	0.2673	0.3471	0.2928	0.2659	0.2944	0.2668	0.3143	0.3509	0.2754	0.3164	0.2929	0.2943	0.2865	0.2975	0.3545	1.0000	0.3677	0.3162	0.2972	0.2816	0.3164	0.3271	0.3228	0.3102	0.2754	0.3069	0.2942	0.3131	0.2795	0.3056	0.2975	0.3024	0.3615	0.3028	0.2740	0.3716	0.3028	0.3114	0.2814	0.2667
0.3377	0.2843	0.3632	0.2792	0.3277	0.3447	0.3309	0.3929	0.3539	0.3825	0.3386	0.3166	0.3278	0.3151	0.3086	0.3025	0.3139	0.3351	0.2913	0.3562	0.3792	0.3235	0.3278	0.3080	0.3159	0.3677	1.0000	0.3930	0.3042	0.3664	0.3319	0.3286	0.3282	0.3062	0.3609	0.4140	0.3744	0.3112	0.3675	0.3200	0.3232	0.2964	0.3596	0.3199	0.3038	0.3968	0.3084	0.3397	0.3643	0.3481
0.3620	0.3157	0.3674	0.2995	0.3905	0.3629	0.3694	0.4025	0.3395	0.4151	0.3633	0.3794	0.3655	0.3611	0.3434	0.3580	0.3453	0.3450	0.2869	0.3380	0.3460	0.3635	0.3523	0.3445	0.3708	0.3162	0.3930	1.0000	0.3633	0.3526	0.3669	0.3621	0.2911	0.3505	0.3668	0.4009	0.3839	0.2730	0.3594	0.3716	0.3490	0.3695	0.4521	0.3533	0.3188	0.3286	0.3407	0.4058	0.3953	0.4032
0.3740	0.2804	0.3251	0.2280	0.3289	0.3224	0.3132	0.3145	0.3225	0.3580	0.3340	0.3944	0.3160	0.3544	0.3271	0.3356	0.2923	0.2893	0.2370	0.3340	0.3157	0.3037	0.3331	0.2643	0.3875	0.2972	0.3042	0.3633	1.0000	0.2881	0.3357	0.3094	0.2643	0.3455	0.2607	0.3083	0.3131	0.2388	0.3203	0.3272	0.3281	0.3160	0.3060	0.2948	0.2663	0.2886	0.3448	0.2482	0.3460	0.3166
0.3105	0.2969	0.3072	0.2673	0.2616	0.3886	0.3001	0.3483	0.3505	0.3210	0.3049	0.3206	0.2972	0.3068	0.3106	0.2751	0.3113	0.3281	0.2441	0.3090	0.2878	0.2888	0.3382	0.3405	0.2858	0.2816	0.3664	0.3526	0.2881	1.0000	0.3059	0.3390	0.2545	0.2529	0.2376	0.3696	0.3608	0.2649	0.2785	0.3440	0.3346	0.3005	0.3331	0.3397	0.2557	0.3022	0.2837	0.2915	0.3069	0.3238
0.2713	0.2529	0.3617	0.2998	0.3538	0.4365	0.2788	0.3523	0.3378	0.3332	0.2582	0.3826	0.3234	0.3409	0.3322	0.3064	0.3090	0.3518	0.2394	0.3272	0.2968	0.3491	0.3228	0.3232	0.3132	0.3164	0.3319	0.3669	0.3357	0.3059	1.0000	0.3829	0.3094	0.3010	0.2704	0.3144	0.3407	0.2526	0.3030	0.3746	0.2855	0.2737	0.3830	0.2997	0.3277	0.3103	0.3299	0.2908	0.3064	0.3222
0.3136	0.3198	0.3331	0.3080	0.3621	0.4010	0.2833	0.3277	0.3875	0.3433	0.2914	0.3759	0.3173	0.3113	0.3258	0.2774	0.2950	0.4185	0.2685	0.3755	0.3439	0.3017	0.3389	0.3586	0.3771	0.3271	0.3286	0.3621	0.3094	0.3390	0.3829	1.0000	0.2962	0.2871	0.3009	0.3589	0.3295	0.3331	0.3498	0.3200	0.3159	0.3167	0.4198	0.3705	0.2922	0.3086	0.3635	0.3166	0.3002	0.2822
0.2887	0.2619	0.2868	0.2810	0.2983	0.2678	0.2656	0.2945	0.3076	0.3041	0.2826	0.3101	0.3094	0.2799	0.2474	0.2734	0.3082	0.2843	0.2660	0.3476	0.3098	0.2625	0.2602	0.2589	0.3346	0.3228	0.3282	0.2911	0.2643	0.2545	0.3094	0.2962	1.0000	0.3087	0.3028	0.2738	0.2748	0.2715	0.3255	0.2903	0.2688	0.2947	0.3236	0.3186	0.3153	0.3778	0.2701	0.3107	0.2852	0.2811
0.3180	0.3444	0.2999	0.2761	0.3007	0.2878	0.2740	0.3437	0.2647	0.3169	0.3286	0.3598	0.3131	0.3618	0.3045	0.2935	0.2775	0.2982	0.2598	0.3149	0.3236	0.3573	0.2824	0.2055	0.3280	0.3102	0.3062	0.3505	0.3455	0.2529	0.3010	0.2871	0.3087	1.0000	0.2911	0.3003	0.2715	0.3082	0.3199	0.2401	0.2680	0.3553	0.3261	0.2724	0.2974	0.3541	0.2928	0.3099	0.2813	0.3025
0.2770	0.2843	0.3075	0.2766	0.3396	0.2756	0.2743	0.3618	0.3515	0.3885	0.2816	0.3130	0.2908	0.3110	0.3170	0.3262	0.2457	0.3285	0.3332	0.2805	0.3647	0.3231	0.2776	0.2431	0.3254	0.2754	0.3609	0.3668	0.2607	0.2376	0.2704	0.3009	0.3028	0.2911	1.0000	0.3522	0.3111	0.3049	0.3644	0.2749	0.2870	0.3147	0.3284	0.2821	0.3335	0.3034	0.3081	0.3310	0.3178	0.3451
0.3442	0.3209	0.4137	0.2926	0.3587	0.3852	0.3275	0.4447	0.3955	0.4207	0.3547	0.3339	0.3354	0.3735	0.3171	0.2926	0.3304	0.3526	0.3258	0.3426	0.3976	0.3985	0.4132	0.3119	0.3185	0.3069	0.4140	0.4009	0.3083	0.3696	0.3144	0.3589	0.2738	0.3003	0.3522	1.0000	0.3009	0.3047	0.3762	0.3575	0.3372	0.3453	0.3266	0.3776	0.3014	0.2968	0.3378	0.3465	0.3918	0.3557
0.3253	0.2916	0.3110	0.2804	0.2984	0.3311	0.3386	0.3312	0.3627	0.3698	0.2966	0.3456	0.3514	0.3239	0.3088	0.4011	0.3319	0.3459	0.2564	0.3286	0.3424	0.3168	0.3120	0.3137	0.3469	0.2942	0.3744	0.3839	0.3131	0.3608	0.3407	0.3295	0.2748	0.2715	0.3111	0.3009	1.0000	0.2918	0.3040	0.3633	0.3665	0.2620	0.3848	0.2704	0.3013	0.3228	0.3079	0.3036	0.3146	0.3499
0.2722	0.2389	0.2902	0.2639	0.2938	0.2566	0.3149	0.3275	0.2993	0.2864	0.2600	0.2900	0.2773	0.2953	0.3132	0.2871	0.3204	0.3583	0.3028	0.3216	0.2681	0.3146	0.3036	0.2797	0.2870	0.3131	0.3112	0.2730	0.2388	0.2649	0.2526	0.3331	0.2715	0.3082	0.3049	0.3047	0.2918	1.0000	0.2877	0.3041	0.2747	0.3198	0.2985	0.3052	0.2963	0.3677	0.2906	0.2914	0.2834	0.2781
0.3507	0.2982	0.3468	0.2984	0.3539	0.2928	0.3137	0.3890	0.3347	0.3827	0.2862	0.3587	0.3176	0.3257	0.2889	0.3220	0.2784	0.3225	0.2959	0.3590	0.3569	0.3603	0.3056	0.2595	0.3293	0.2795	0.3675	0.3594	0.3203	0.2785	0.3030	0.3498	0.3255	0.3199	0.3644	0.3762	0.3040	0.2877	1.0000	0.3001	0.3202	0.3073	0.3284	0.3019	0.3564	0.3093	0.3208	0.3405	0.3721	0.3327
0.3295	0.2556	0.3385	0.2981	0.2783	0.3617	0.3665	0.3288	0.3412	0.3393	0.2994	0.3444	0.3316	0.3350	0.2728	0.3420	0.3325	0.3240	0.2454	0.3597	0.2867	0.3087	0.3385	0.3076	0.3311	0.3056	0.3200	0.3716	0.3272	0.3440	0.3746	0.3200	0.2903	0.2401	0.2749	0.3575	0.3633	0.3041	0.3001	1.0000	0.3500	0.2525	0.3235	0.2890	0.2917	0.3189	0.3122	0.3184	0.3551	0.3155
0.3877	0.2635	0.3220	0.2814	0.2925	0.2937	0.3425	0.3561	0.3734	0.3326	0.3553	0.3776	0.3201	0.3245	0.3225	0.3620	0.3338	0.3335	0.3254	0.3326	0.3139	0.3326	0.3592	0.3212	0.3350	0.2975	0.3232	0.3490	0.3281	0.3346	0.2855	0.3159	0.2688	0.2680	0.2870	0.3372	0.3665	0.2747	0.3202	0.3500	1.0000	0.2877	0.3153	0.3301	0.3090	0.3386	0.2994	0.3382	0.3765	0.3167
0.3359	0.2913	0.3240	0.2630	0.3671	0.2919	0.3166	0.3185	0.2986	0.3378	0.3005	0.3062	0.2974	0.2791	0.3066	0.2281	0.2851	0.2862	0.3208	0.2824	0.2966	0.3209	0.3363	0.2767	0.3228	0.3024	0.2964	0.3695	0.3160	0.3005	0.2737	0.3167	0.2947	0.3553	0.3147	0.3453	0.2620	0.3198	0.3073	0.2525	0.2877	1.0000	0.2897	0.3349	0.2606	0.2944	0.2770	0.3079	0.2920	0.3158
0.3055	0.3063	0.4013	0.3052	0.3227	0.3382	0.3787	0.3729	0.3593	0.3653	0.2814	0.3784	0.3963	0.3249	0.3453	0.3762	0.3291	0.3507	0.3016	0.3287	0.3520	0.3283	0.3048	0.3319	0.3781	0.3615	0.3596	0.4521	0.3060	0.3331	0.3830	0.4198	0.3236	0.3261	0.3284	0.3266	0.3848	0.2985	0.3284	0.3235	0.3153	0.2897	1.0000	0.3284	0.3393	0.3364	0.3739	0.3549	0.3172	0.3234
0.3094	0.3465	0.3727	0.2793	0.2885	0.3911	0.2975	0.3335	0.3732	0.3205	0.3229	0.3166	0.2882	0.3235	0.3313	0.2708	0.3443	0.3765	0.2861	0.3723	0.3204	0.3156	0.3457	0.3501	0.3546	0.3028	0.3199	0.3533	0.2948	0.3397	0.2997	0.3705	0.3186	0.2724	0.2821	0.3776	0.2704	0.3052	0.3019	0.2890	0.3301	0.3349	0.3284	1.0000	0.2934	0.2873	0.3298	0.3464	0.3110	0.3329
0.2852	0.3035	0.3538	0.3055	0.2985	0.2968	0.2800	0.3918	0.3429	0.3252	0.2953	0.2883	0.3354	0.3308	0.3075	0.3551	0.3005	0.3642	0.3047	0.3305	0.3451	0.3812	0.2763	0.2552	0.3154	0.2740	0.3038	0.3188	0.2663	0.2557	0.3277	0.2922	0.3153	0.2974	0.3335	0.3014	0.3013	0.2963	0.3564	0.2917	0.3090	0.2606	0.3393	0.2934	1.0000	0.3538	0.3389	0.3208	0.3211	0.2958
0.3273	0.2542	0.3380	0.3109	0.3041	0.2995	0.2981	0.3385	0.3334	0.3417	0.3062	0.3305	0.3396	0.2821	0.2547	0.3154	0.2942	0.3533	0.2988	0.3483	0.3559	0.3018	0.2994	0.2908	0.3053	0.3716	0.3968	0.3286	0.2886	0.3022	0.3103	0.3086	0.3778	0.3541	0.3034	0.2968	0.3228	0.3677	0.3093	0.3189	0.3386	0.2944	0.3364	0.2873	0.3538	1.0000	0.2995	0.3544	0.3433	0.2718
0.3016	0.3515	0.3957	0.3431	0.2901	0.3431	0.3079	0.3557	0.3956	0.3122	0.2979	0.3050	0.3389	0.3568	0.3871	0.3095	0.3103	0.3608	0.3156	0.3034	0.3226	0.3841	0.3260	0.2698	0.3489	0.3028	0.3084	0.3407	0.3448	0.2837	0.3299	0.3635	0.2701	0.2928	0.3081	0.3378	0.3079	0.2906	0.3208	0.3122	0.2994	0.2770	0.3739	0.3298	0.3389	0.2995	1.0000	0.3010	0.3100	0.3286
0.3444	0.2908	0.3602	0.3121	0.3296	0.3107	0.2936	0.3814	0.3138	0.3370	0.2966	0.3311	0.2867	0.3161	0.2998	0.3026	0.3138	0.3142	0.2767	0.3432	0.3491	0.3145	0.3275	0.2996	0.3520	0.3114	0.3397	0.4058	0.2482	0.2915	0.2908	0.3166	0.3107	0.3099	0.3310	0.3465	0.3036	0.2914	0.3405	0.3184	0.3382	0.3079	0.3549	0.3464	0.3208	0.3544	0.3010	1.0000	0.3828	0.2995
0.3385	0.3122	0.3351	0.2863	0.3250	0.2990	0.3328	0.3767	0.3431	0.3703	0.3504	0.3358	0.3214	0.3347	0.3141	0.3244	0.3092	0.3044	0.2946	0.3351	0.3453	0.3047	0.3326	0.3233	0.3706	0.2814	0.3643	0.3953	0.3460	0.3069	0.3064	0.3002	0.2852	0.2813	0.3178	0.3918	0.3146	0.2834	0.3721	0.3551	0.3765	0.2920	0.3172	0.3110	0.3211	0.3433	0.3100	0.3828	1.0000	0.3298
0.3252	0.2833	0.3184	0.2446	0.2800	0.3163	0.3238	0.3843	0.3509	0.3315	0.2996	0.3198	0.3097	0.3705	0.3211	0.3165	0.3279	0.3361	0.3126	0.3133	0.3298	0.3407	0.2966	0.3050	0.3095	0.2667	0.3481	0.4032	0.3166	0.3238	0.3222	0.2822	0.2811	0.3025	0.3451	0.3557	0.3499	0.2781	0.3327	0.3155	0.3167	0.3158	0.3234	0.3329	0.2958	0.2718	0.3286	0.2995	0.3298	1.0000
