1:	0.3153 0.4667 0.0167 0.0089 0.1925 	9
2:	0.3230 0.4073 0.0000 0.0055 0.2641 	3
3:	0.2323 0.1281 0.2584 0.2543 0.1270 	4
4:	0.4540 0.0044 0.2978 0.2263 0.0177 	2
5:	0.3964 0.2768 0.1238 0.0262 0.1768 	17
6:	0.7533 0.0482 0.0882 0.0369 0.0736 	12
7:	0.7736 0.1360 0.0000 0.0072 0.0832 	3
8:	0.8701 0.0000 0.1259 0.0000 0.0040 	2
9:	0.9588 0.0000 0.0000 0.0355 0.0057 	1
10:	0.4915 0.1344 0.2500 0.0085 0.1156 	4
11:	0.4955 0.1734 0.2623 0.0025 0.0663 	14
12:	0.3406 0.4239 0.0344 0.0015 0.1995 	9
13:	0.1364 0.4742 0.1082 0.0041 0.2772 	14
14:	0.4705 0.3350 0.0000 0.0181 0.1764 	2
15:	0.4225 0.0404 0.1111 0.4034 0.0225 	9
