
Using the parameter settings in the file: 
''1763151118/clumpp.paramfile''

Parameter settings
----------------------- Main parameters -------------------------
DATATYPE = 0
INDFILE = 1763151118/ClumppIndFile
POPFILE = 
OUTFILE = 1763151118/ClumppIndFile.output
MISCFILE = 1763151118/ClumppIndFile.misc
K = 5
C = 105
R = 29
M = 3
W = 0
S = 2
- Additional options for the Greedy and LargeKGreedy algorithms -
GREEDY_OPTION = 2
REPEATS = 2000
PERMUTATIONFILE = 
----------------------- Optional outputs ------------------------
PRINT_PERMUTED_DATA = 0
PERMUTED_DATAFILE = 
PRINT_EVERY_PERM = 0
EVERY_PERMFILE = 
PRINT_RANDOM_INPUTORDER = 0
RANDOM_INPUTORDERFILE = 
----------------------- Advanced options ------------------------
OVERRIDE_WARNINGS = 0
ORDER_BY_RUN = 1


In total, 2000 configurations of runs and clusters will be tested.

Results
------------------------------
The highest value of H' is: 0.72058688974897

The list of permutations of the clusters that produces that
H' value is (runs are listed sequentially on separate rows)

1 2 3 4 5 
3 2 1 4 5 
2 3 1 5 4 
3 1 2 4 5 
4 5 2 3 1 
2 4 5 1 3 
5 4 1 3 2 
5 2 1 3 4 
1 2 5 4 3 
3 5 2 4 1 
3 5 2 4 1 
2 4 3 5 1 
2 4 5 1 3 
1 3 5 4 2 
5 4 1 2 3 
4 3 5 2 1 
2 3 5 1 4 
1 2 5 3 4 
3 5 4 2 1 
1 4 2 5 3 
4 3 1 2 5 
3 2 1 4 5 
2 5 4 3 1 
4 5 2 1 3 
2 5 1 4 3 
3 2 1 4 5 
1 4 2 5 3 
5 1 2 3 4 
3 2 5 4 1 

The pairwise G' values for each pair of runs where the clusters
of each run are permuted according to the list of permutations above

1.0000 0.6349 0.6495 0.7348 0.6558 0.6763 0.7294 0.9965 0.6447 0.6235 0.6336 0.6734 0.9971 0.9957 0.6700 0.6239 0.6422 0.9967 0.6693 0.9965 0.6715 0.6503 0.7028 0.7157 0.7523 0.6881 0.9994 0.9956 0.7209 
0.6349 1.0000 0.8160 0.7278 0.6682 0.7633 0.7858 0.6345 0.7331 0.7006 0.7322 0.7263 0.6342 0.6339 0.6920 0.7768 0.7597 0.6341 0.6655 0.6345 0.7969 0.6893 0.6741 0.7451 0.6719 0.6692 0.6349 0.6339 0.7426 
0.6495 0.8160 1.0000 0.7032 0.6993 0.7149 0.7907 0.6488 0.7074 0.7116 0.6954 0.7322 0.6488 0.6480 0.7062 0.7052 0.7690 0.6487 0.6711 0.6487 0.7451 0.6799 0.6920 0.6961 0.6288 0.6684 0.6495 0.6480 0.7074 
0.7348 0.7278 0.7032 1.0000 0.7170 0.7730 0.7585 0.7345 0.7740 0.7733 0.7319 0.6880 0.7338 0.7336 0.7544 0.7268 0.6920 0.7337 0.7248 0.7345 0.8241 0.7202 0.6624 0.8653 0.8112 0.7399 0.7348 0.7336 0.8441 
0.6558 0.6682 0.6993 0.7170 1.0000 0.6695 0.6977 0.6550 0.7401 0.7468 0.7431 0.7178 0.6557 0.6550 0.7215 0.6205 0.7057 0.6557 0.7655 0.6550 0.7135 0.7509 0.6995 0.6954 0.6625 0.6946 0.6558 0.6550 0.7112 
0.6763 0.7633 0.7149 0.7730 0.6695 1.0000 0.7549 0.6765 0.6941 0.7362 0.7128 0.7127 0.6754 0.6757 0.6776 0.7374 0.6551 0.6754 0.6866 0.6765 0.7943 0.6720 0.6445 0.7607 0.7724 0.7524 0.6762 0.6757 0.8129 
0.7294 0.7858 0.7907 0.7585 0.6977 0.7549 1.0000 0.7291 0.7378 0.7014 0.7123 0.7799 0.7285 0.7282 0.7422 0.7466 0.6986 0.7284 0.6565 0.7291 0.7727 0.7018 0.7092 0.7819 0.7163 0.7131 0.7294 0.7282 0.7847 
0.9965 0.6345 0.6488 0.7345 0.6550 0.6765 0.7291 1.0000 0.6442 0.6232 0.6332 0.6725 0.9955 0.9974 0.6692 0.6236 0.6413 0.9953 0.6694 0.9997 0.6713 0.6498 0.7018 0.7155 0.7526 0.6881 0.9964 0.9973 0.7205 
0.6447 0.7331 0.7074 0.7740 0.7401 0.6941 0.7378 0.6442 1.0000 0.7803 0.7575 0.6794 0.6439 0.6435 0.7813 0.7191 0.7367 0.6438 0.7270 0.6442 0.7633 0.7841 0.6725 0.8003 0.6993 0.6748 0.6446 0.6435 0.7298 
0.6235 0.7006 0.7116 0.7733 0.7468 0.7362 0.7014 0.6232 0.7803 1.0000 0.6888 0.6577 0.6227 0.6225 0.7797 0.6806 0.6941 0.6227 0.7507 0.6232 0.7568 0.7366 0.6465 0.7378 0.6966 0.7685 0.6235 0.6225 0.7483 
0.6336 0.7322 0.6954 0.7319 0.7431 0.7128 0.7123 0.6332 0.7575 0.6888 1.0000 0.7610 0.6335 0.6332 0.6952 0.7202 0.7425 0.6334 0.7351 0.6332 0.7805 0.7636 0.6694 0.7503 0.6809 0.6189 0.6335 0.6332 0.7291 
0.6734 0.7263 0.7322 0.6880 0.7178 0.7127 0.7799 0.6725 0.6794 0.6577 0.7610 1.0000 0.6733 0.6725 0.6962 0.7084 0.6776 0.6733 0.6655 0.6725 0.7152 0.7313 0.7348 0.6961 0.6638 0.6604 0.6734 0.6725 0.7401 
0.9971 0.6342 0.6488 0.7338 0.6557 0.6754 0.7285 0.9955 0.6439 0.6227 0.6335 0.6733 1.0000 0.9965 0.6691 0.6232 0.6421 0.9988 0.6692 0.9955 0.6707 0.6501 0.7027 0.7147 0.7513 0.6872 0.9973 0.9965 0.7198 
0.9957 0.6339 0.6480 0.7336 0.6550 0.6757 0.7282 0.9974 0.6435 0.6225 0.6332 0.6725 0.9965 1.0000 0.6684 0.6229 0.6413 0.9963 0.6694 0.9973 0.6705 0.6498 0.7018 0.7146 0.7516 0.6873 0.9957 0.9996 0.7196 
0.6700 0.6920 0.7062 0.7544 0.7215 0.6776 0.7422 0.6692 0.7813 0.7797 0.6952 0.6962 0.6691 0.6684 1.0000 0.7323 0.7127 0.6691 0.6866 0.6692 0.7468 0.7719 0.7110 0.7512 0.7192 0.7386 0.6700 0.6685 0.7367 
0.6239 0.7768 0.7052 0.7268 0.6205 0.7374 0.7466 0.6236 0.7191 0.6806 0.7202 0.7084 0.6232 0.6229 0.7323 1.0000 0.7222 0.6231 0.6152 0.6236 0.7625 0.7207 0.7163 0.7526 0.7120 0.6649 0.6239 0.6229 0.7295 
0.6422 0.7597 0.7690 0.6920 0.7057 0.6551 0.6986 0.6413 0.7367 0.6941 0.7425 0.6776 0.6421 0.6413 0.7127 0.7222 1.0000 0.6420 0.7053 0.6413 0.7346 0.7264 0.7140 0.6956 0.6111 0.6294 0.6421 0.6413 0.6647 
0.9967 0.6341 0.6487 0.7337 0.6557 0.6754 0.7284 0.9953 0.6438 0.6227 0.6334 0.6733 0.9988 0.9963 0.6691 0.6231 0.6420 1.0000 0.6692 0.9953 0.6706 0.6501 0.7027 0.7147 0.7512 0.6872 0.9969 0.9963 0.7198 
0.6693 0.6655 0.6711 0.7248 0.7655 0.6866 0.6565 0.6694 0.7270 0.7507 0.7351 0.6655 0.6692 0.6694 0.6866 0.6152 0.7053 0.6692 1.0000 0.6694 0.7171 0.7429 0.6567 0.7000 0.6711 0.6776 0.6693 0.6694 0.6891 
0.9965 0.6345 0.6487 0.7345 0.6550 0.6765 0.7291 0.9997 0.6442 0.6232 0.6332 0.6725 0.9955 0.9973 0.6692 0.6236 0.6413 0.9953 0.6694 1.0000 0.6713 0.6498 0.7018 0.7155 0.7525 0.6881 0.9965 0.9973 0.7205 
0.6715 0.7969 0.7451 0.8241 0.7135 0.7943 0.7727 0.6713 0.7633 0.7568 0.7805 0.7152 0.6707 0.6705 0.7468 0.7625 0.7346 0.6706 0.7171 0.6713 1.0000 0.6956 0.6459 0.8073 0.7411 0.7040 0.6715 0.6705 0.8370 
0.6503 0.6893 0.6799 0.7202 0.7509 0.6720 0.7018 0.6498 0.7841 0.7366 0.7636 0.7313 0.6501 0.6498 0.7719 0.7207 0.7264 0.6501 0.7429 0.6498 0.6956 1.0000 0.7509 0.7464 0.7093 0.6734 0.6502 0.6498 0.6819 
0.7028 0.6741 0.6920 0.6624 0.6995 0.6445 0.7092 0.7018 0.6725 0.6465 0.6694 0.7348 0.7027 0.7018 0.7110 0.7163 0.7140 0.7027 0.6567 0.7018 0.6459 0.7509 1.0000 0.6670 0.6745 0.7019 0.7027 0.7018 0.6603 
0.7157 0.7451 0.6961 0.8653 0.6954 0.7607 0.7819 0.7155 0.8003 0.7378 0.7503 0.6961 0.7147 0.7146 0.7512 0.7526 0.6956 0.7147 0.7000 0.7155 0.8073 0.7464 0.6670 1.0000 0.7999 0.6961 0.7156 0.7147 0.7971 
0.7523 0.6719 0.6288 0.8112 0.6625 0.7724 0.7163 0.7526 0.6993 0.6966 0.6809 0.6638 0.7513 0.7516 0.7192 0.7120 0.6111 0.7512 0.6711 0.7525 0.7411 0.7093 0.6745 0.7999 1.0000 0.7351 0.7523 0.7517 0.7903 
0.6881 0.6692 0.6684 0.7399 0.6946 0.7524 0.7131 0.6881 0.6748 0.7685 0.6189 0.6604 0.6872 0.6873 0.7386 0.6649 0.6294 0.6872 0.6776 0.6881 0.7040 0.6734 0.7019 0.6961 0.7351 1.0000 0.6881 0.6873 0.7627 
0.9994 0.6349 0.6495 0.7348 0.6558 0.6762 0.7294 0.9964 0.6446 0.6235 0.6335 0.6734 0.9973 0.9957 0.6700 0.6239 0.6421 0.9969 0.6693 0.9965 0.6715 0.6502 0.7027 0.7156 0.7523 0.6881 1.0000 0.9957 0.7208 
0.9956 0.6339 0.6480 0.7336 0.6550 0.6757 0.7282 0.9973 0.6435 0.6225 0.6332 0.6725 0.9965 0.9996 0.6685 0.6229 0.6413 0.9963 0.6694 0.9973 0.6705 0.6498 0.7018 0.7147 0.7517 0.6873 0.9957 1.0000 0.7196 
0.7209 0.7426 0.7074 0.8441 0.7112 0.8129 0.7847 0.7205 0.7298 0.7483 0.7291 0.7401 0.7198 0.7196 0.7367 0.7295 0.6647 0.7198 0.6891 0.7205 0.8370 0.6819 0.6603 0.7971 0.7903 0.7627 0.7208 0.7196 1.0000 
