1:	0.0000 0.4067 0.0000 0.0000 0.0000 0.0000 0.0000 0.0000 0.0000 0.0000 0.0000 0.0000 0.4822 0.0000 0.0000 0.0000 0.1111 	1
2:	0.0895 0.0000 0.0000 0.0000 0.0000 0.3852 0.0000 0.0000 0.0110 0.0000 0.0000 0.0454 0.0000 0.3540 0.0556 0.0556 0.0037 	2
3:	0.0597 0.0000 0.0000 0.1052 0.0038 0.0236 0.0003 0.0000 0.4616 0.0001 0.0076 0.0694 0.0000 0.1865 0.0497 0.0093 0.0231 	6
4:	0.1248 0.0000 0.0000 0.0000 0.0000 0.0000 0.1322 0.0000 0.2151 0.0000 0.0000 0.1588 0.0000 0.3541 0.0150 0.0000 0.0000 	4
5:	0.0221 0.0000 0.0393 0.2381 0.0000 0.0667 0.2001 0.0000 0.0000 0.0138 0.0718 0.1634 0.0000 0.1382 0.0242 0.0000 0.0222 	15
6:	0.0249 0.3141 0.0693 0.0000 0.0920 0.0000 0.0208 0.1250 0.1095 0.0000 0.0505 0.0000 0.0193 0.0766 0.0344 0.0308 0.0328 	8
7:	0.0750 0.0552 0.1032 0.0471 0.1182 0.1000 0.1501 0.0020 0.0222 0.0000 0.0357 0.0915 0.0259 0.0969 0.0435 0.0143 0.0192 	20
8:	0.0963 0.0167 0.0800 0.0414 0.0746 0.0000 0.0367 0.0005 0.0529 0.0000 0.1224 0.1657 0.1544 0.0554 0.0378 0.0212 0.0440 	21
9:	0.0484 0.0041 0.1437 0.0000 0.0952 0.0000 0.0225 0.0000 0.0781 0.0638 0.1740 0.0483 0.0555 0.1349 0.0644 0.0276 0.0394 	14
10:	0.0000 0.0000 0.1595 0.0000 0.0000 0.4243 0.0000 0.0000 0.0000 0.0000 0.0430 0.0000 0.0000 0.0132 0.1714 0.1886 0.0000 	1
11:	0.0000 0.0000 0.0000 0.2127 0.0000 0.2652 0.0000 0.0000 0.0000 0.3803 0.0000 0.0000 0.0145 0.0073 0.0741 0.0000 0.0459 	3
12:	0.0000 0.2000 0.0000 0.7988 0.0000 0.0000 0.0000 0.0000 0.0000 0.0000 0.0000 0.0000 0.0000 0.0000 0.0000 0.0000 0.0012 	5
13:	0.0556 0.0000 0.0000 0.4219 0.0000 0.0000 0.0000 0.0000 0.0000 0.0000 0.0000 0.0000 0.5000 0.0000 0.0225 0.0000 0.0000 	2
14:	0.0000 0.0529 0.0157 0.0000 0.1353 0.0329 0.0000 0.2000 0.0000 0.0000 0.0570 0.0000 0.2793 0.0000 0.0717 0.1319 0.0233 	5
15:	0.0510 0.3088 0.0109 0.0043 0.0000 0.1458 0.0000 0.1851 0.0159 0.0000 0.0177 0.0456 0.0056 0.0145 0.0253 0.1153 0.0542 	7
