1:	0.0000 0.4412 0.0234 0.4532 0.0000 0.0000 0.0000 0.0822 	6
2:	0.0025 0.3433 0.0226 0.4544 0.0012 0.0038 0.0026 0.1695 	7
3:	0.2495 0.0000 0.0868 0.0000 0.1446 0.2276 0.2602 0.0312 	12
4:	0.2271 0.1900 0.0000 0.0015 0.1152 0.2266 0.1765 0.0630 	14
5:	0.1466 0.2314 0.0000 0.0000 0.1688 0.1540 0.2133 0.0859 	13
6:	0.1327 0.2202 0.2886 0.0090 0.1068 0.1003 0.1154 0.0270 	11
7:	0.0000 0.9134 0.0097 0.0172 0.0000 0.0000 0.0000 0.0597 	4
8:	0.2257 0.0047 0.2191 0.0000 0.2002 0.1373 0.1760 0.0370 	6
9:	0.0054 0.7066 0.0995 0.0316 0.0057 0.0132 0.0061 0.1318 	2
10:	0.0000 0.8677 0.0000 0.0000 0.0000 0.0000 0.0000 0.1323 	1
11:	0.0000 0.8159 0.0000 0.0000 0.0000 0.0000 0.0000 0.1841 	1
12:	0.0000 0.8384 0.0000 0.0000 0.0000 0.0000 0.0000 0.1616 	1
13:	0.2597 0.0000 0.2965 0.0000 0.2138 0.0773 0.1269 0.0257 	2
