
Using the parameter settings in the file: 
''1763151071/clumpp.paramfile''

Parameter settings
----------------------- Main parameters -------------------------
DATATYPE = 0
INDFILE = 1763151071/ClumppIndFile
POPFILE = 
OUTFILE = 1763151071/ClumppIndFile.output
MISCFILE = 1763151071/ClumppIndFile.misc
K = 15
C = 114
R = 30
M = 3
W = 0
S = 2
- Additional options for the Greedy and LargeKGreedy algorithms -
GREEDY_OPTION = 2
REPEATS = 2000
PERMUTATIONFILE = 
----------------------- Optional outputs ------------------------
PRINT_PERMUTED_DATA = 0
PERMUTED_DATAFILE = 
PRINT_EVERY_PERM = 0
EVERY_PERMFILE = 
PRINT_RANDOM_INPUTORDER = 0
RANDOM_INPUTORDERFILE = 
----------------------- Advanced options ------------------------
OVERRIDE_WARNINGS = 0
ORDER_BY_RUN = 1


In total, 2000 configurations of runs and clusters will be tested.

Results
------------------------------
The highest value of H' is: 0.49237600959052

The list of permutations of the clusters that produces that
H' value is (runs are listed sequentially on separate rows)

1 2 3 4 5 6 7 8 9 10 11 12 13 14 15 
11 2 1 8 15 3 5 4 6 10 9 14 7 12 13 
15 1 3 9 11 14 4 12 10 2 6 5 13 8 7 
1 8 4 13 5 10 3 9 14 6 12 2 11 15 7 
1 10 5 6 13 12 11 3 2 8 4 7 14 9 15 
2 12 14 9 5 15 7 10 1 8 6 4 13 11 3 
5 3 15 13 9 14 1 10 7 11 12 6 2 4 8 
7 5 1 15 10 4 9 14 3 8 13 12 2 11 6 
15 14 1 5 6 10 3 7 8 13 4 11 9 2 12 
11 2 1 8 15 9 6 4 13 3 5 10 14 12 7 
9 1 12 15 5 10 2 11 6 7 3 13 14 8 4 
3 13 6 7 15 14 5 10 2 12 9 11 4 8 1 
9 6 1 2 11 13 5 7 4 15 8 10 12 3 14 
4 9 5 3 7 12 11 15 14 1 2 13 6 10 8 
5 12 6 11 9 2 4 13 14 8 10 1 15 3 7 
11 15 5 1 14 6 4 3 7 9 10 13 12 2 8 
9 3 5 8 4 6 10 2 13 1 14 11 7 12 15 
12 5 8 9 13 6 2 3 14 7 1 10 15 11 4 
14 7 9 6 5 8 1 12 3 10 13 15 2 4 11 
13 8 3 12 15 7 1 6 11 10 14 2 5 4 9 
1 7 3 9 13 6 10 2 12 5 14 15 4 8 11 
4 12 6 14 1 13 15 9 5 11 2 10 8 7 3 
12 3 15 6 11 10 1 9 14 8 7 4 5 2 13 
10 6 4 5 7 8 9 12 15 2 11 13 1 14 3 
14 6 1 2 9 4 7 10 5 3 13 12 8 15 11 
7 3 6 13 4 9 10 5 15 2 1 14 12 8 11 
3 13 14 15 7 6 10 5 1 4 2 9 12 8 11 
11 14 7 1 5 12 2 6 3 13 10 4 9 15 8 
7 10 6 5 1 15 2 11 14 8 12 3 9 13 4 
14 13 7 2 4 1 9 8 12 10 3 6 15 11 5 

The pairwise G' values for each pair of runs where the clusters
of each run are permuted according to the list of permutations above

1.0000 0.4508 0.5262 0.4484 0.4831 0.4835 0.5506 0.4786 0.4728 0.4551 0.4904 0.4487 0.4900 0.4848 0.4973 0.4781 0.5047 0.5156 0.5320 0.4742 0.4719 0.5369 0.4099 0.4787 0.4390 0.4833 0.4127 0.4766 0.4580 0.4574 
0.4508 1.0000 0.4370 0.4626 0.4840 0.4286 0.4339 0.5038 0.4725 0.5086 0.4413 0.4809 0.5011 0.4222 0.5110 0.5173 0.4898 0.4696 0.5146 0.4503 0.4219 0.4289 0.4419 0.4514 0.3924 0.4917 0.4705 0.4573 0.4725 0.4439 
0.5262 0.4370 1.0000 0.5118 0.5359 0.5200 0.5671 0.5442 0.5043 0.5304 0.5469 0.4576 0.4961 0.5104 0.6174 0.5049 0.5486 0.5476 0.4993 0.5151 0.5487 0.5540 0.5024 0.5187 0.4834 0.5028 0.4781 0.5445 0.4776 0.4987 
0.4484 0.4626 0.5118 1.0000 0.5606 0.4826 0.5390 0.5173 0.4954 0.5083 0.4269 0.4389 0.6080 0.4710 0.4890 0.5153 0.4946 0.5016 0.5215 0.4845 0.4800 0.4568 0.5346 0.4626 0.4685 0.5180 0.4900 0.4915 0.5119 0.4849 
0.4831 0.4840 0.5359 0.5606 1.0000 0.5187 0.6234 0.5609 0.5521 0.5735 0.5043 0.4963 0.5340 0.4882 0.5855 0.5431 0.4949 0.5500 0.5328 0.4817 0.5303 0.4560 0.5330 0.4573 0.4502 0.5548 0.4711 0.5670 0.5277 0.4553 
0.4835 0.4286 0.5200 0.4826 0.5187 1.0000 0.5413 0.5127 0.4932 0.5184 0.5324 0.5423 0.5317 0.5240 0.5170 0.4917 0.5237 0.5078 0.4581 0.4575 0.4802 0.4324 0.4727 0.5055 0.4579 0.4973 0.4859 0.5006 0.5033 0.4680 
0.5506 0.4339 0.5671 0.5390 0.6234 0.5413 1.0000 0.5570 0.5546 0.5320 0.5108 0.5031 0.5130 0.4686 0.5649 0.4744 0.5497 0.5471 0.5169 0.4915 0.5502 0.5034 0.4900 0.4890 0.4766 0.4937 0.4741 0.5241 0.4670 0.4739 
0.4786 0.5038 0.5442 0.5173 0.5609 0.5127 0.5570 1.0000 0.5251 0.5435 0.5090 0.5049 0.5340 0.4469 0.5521 0.4809 0.5230 0.5212 0.4993 0.5052 0.4889 0.4732 0.4929 0.4631 0.4363 0.5310 0.5161 0.5773 0.5255 0.5135 
0.4728 0.4725 0.5043 0.4954 0.5521 0.4932 0.5546 0.5251 1.0000 0.5154 0.4721 0.4481 0.5303 0.4288 0.5319 0.4877 0.5188 0.4755 0.5302 0.4716 0.4727 0.4285 0.5116 0.4580 0.4192 0.5395 0.4409 0.4865 0.4613 0.4793 
0.4551 0.5086 0.5304 0.5083 0.5735 0.5184 0.5320 0.5435 0.5154 1.0000 0.5352 0.5043 0.5379 0.4791 0.5662 0.5361 0.5209 0.5420 0.5173 0.4623 0.4629 0.4653 0.4834 0.4931 0.4003 0.5363 0.5548 0.5543 0.5041 0.4700 
0.4904 0.4413 0.5469 0.4269 0.5043 0.5324 0.5108 0.5090 0.4721 0.5352 1.0000 0.4538 0.4723 0.5440 0.5758 0.5550 0.5227 0.5580 0.4812 0.4627 0.4711 0.4879 0.4442 0.5097 0.4347 0.4920 0.4421 0.5157 0.5187 0.4834 
0.4487 0.4809 0.4576 0.4389 0.4963 0.5423 0.5031 0.5049 0.4481 0.5043 0.4538 1.0000 0.4667 0.4445 0.4985 0.4389 0.4769 0.5259 0.4367 0.4545 0.4494 0.4436 0.3771 0.4771 0.4368 0.4473 0.4804 0.4523 0.4429 0.4443 
0.4900 0.5011 0.4961 0.6080 0.5340 0.5317 0.5130 0.5340 0.5303 0.5379 0.4723 0.4667 1.0000 0.4710 0.5040 0.5502 0.5427 0.5289 0.5691 0.4923 0.4726 0.4581 0.4868 0.4689 0.4336 0.5837 0.4847 0.5048 0.5363 0.4890 
0.4848 0.4222 0.5104 0.4710 0.4882 0.5240 0.4686 0.4469 0.4288 0.4791 0.5440 0.4445 0.4710 1.0000 0.5138 0.5356 0.5350 0.5403 0.4884 0.4807 0.4618 0.4910 0.4321 0.4681 0.4268 0.4577 0.4050 0.4545 0.4346 0.4371 
0.4973 0.5110 0.6174 0.4890 0.5855 0.5170 0.5649 0.5521 0.5319 0.5662 0.5758 0.4985 0.5040 0.5138 1.0000 0.5567 0.5491 0.5483 0.4972 0.4852 0.5140 0.5072 0.4798 0.4897 0.4552 0.5529 0.4562 0.5411 0.5122 0.4637 
0.4781 0.5173 0.5049 0.5153 0.5431 0.4917 0.4744 0.4809 0.4877 0.5361 0.5550 0.4389 0.5502 0.5356 0.5567 1.0000 0.5357 0.5170 0.5415 0.4891 0.4478 0.4896 0.5267 0.5189 0.4003 0.5887 0.4511 0.5112 0.5430 0.4725 
0.5047 0.4898 0.5486 0.4946 0.4949 0.5237 0.5497 0.5230 0.5188 0.5209 0.5227 0.4769 0.5427 0.5350 0.5491 0.5357 1.0000 0.5607 0.5955 0.5869 0.5227 0.5497 0.4708 0.4931 0.4706 0.5161 0.4691 0.4713 0.4735 0.5260 
0.5156 0.4696 0.5476 0.5016 0.5500 0.5078 0.5471 0.5212 0.4755 0.5420 0.5580 0.5259 0.5289 0.5403 0.5483 0.5170 0.5607 1.0000 0.5076 0.5700 0.5280 0.5293 0.4194 0.5362 0.4823 0.4905 0.4839 0.4795 0.5122 0.4646 
0.5320 0.5146 0.4993 0.5215 0.5328 0.4581 0.5169 0.4993 0.5302 0.5173 0.4812 0.4367 0.5691 0.4884 0.4972 0.5415 0.5955 0.5076 1.0000 0.5352 0.4545 0.5073 0.4748 0.4762 0.4385 0.5400 0.4587 0.4898 0.5000 0.5191 
0.4742 0.4503 0.5151 0.4845 0.4817 0.4575 0.4915 0.5052 0.4716 0.4623 0.4627 0.4545 0.4923 0.4807 0.4852 0.4891 0.5869 0.5700 0.5352 1.0000 0.5550 0.5592 0.4213 0.4523 0.5123 0.4784 0.4906 0.4557 0.4500 0.4981 
0.4719 0.4219 0.5487 0.4800 0.5303 0.4802 0.5502 0.4889 0.4727 0.4629 0.4711 0.4494 0.4726 0.4618 0.5140 0.4478 0.5227 0.5280 0.4545 0.5550 1.0000 0.5049 0.4576 0.4744 0.5154 0.4422 0.4861 0.4843 0.4509 0.4208 
0.5369 0.4289 0.5540 0.4568 0.4560 0.4324 0.5034 0.4732 0.4285 0.4653 0.4879 0.4436 0.4581 0.4910 0.5072 0.4896 0.5497 0.5293 0.5073 0.5592 0.5049 1.0000 0.4110 0.4538 0.5173 0.4572 0.4219 0.4390 0.4248 0.4212 
0.4099 0.4419 0.5024 0.5346 0.5330 0.4727 0.4900 0.4929 0.5116 0.4834 0.4442 0.3771 0.4868 0.4321 0.4798 0.5267 0.4708 0.4194 0.4748 0.4213 0.4576 0.4110 1.0000 0.4122 0.3837 0.5281 0.4540 0.5188 0.4692 0.4850 
0.4787 0.4514 0.5187 0.4626 0.4573 0.5055 0.4890 0.4631 0.4580 0.4931 0.5097 0.4771 0.4689 0.4681 0.4897 0.5189 0.4931 0.5362 0.4762 0.4523 0.4744 0.4538 0.4122 1.0000 0.4410 0.4667 0.4475 0.4366 0.4737 0.4852 
0.4390 0.3924 0.4834 0.4685 0.4502 0.4579 0.4766 0.4363 0.4192 0.4003 0.4347 0.4368 0.4336 0.4268 0.4552 0.4003 0.4706 0.4823 0.4385 0.5123 0.5154 0.5173 0.3837 0.4410 1.0000 0.4110 0.4405 0.4234 0.4105 0.4036 
0.4833 0.4917 0.5028 0.5180 0.5548 0.4973 0.4937 0.5310 0.5395 0.5363 0.4920 0.4473 0.5837 0.4577 0.5529 0.5887 0.5161 0.4905 0.5400 0.4784 0.4422 0.4572 0.5281 0.4667 0.4110 1.0000 0.4654 0.5220 0.5114 0.4904 
0.4127 0.4705 0.4781 0.4900 0.4711 0.4859 0.4741 0.5161 0.4409 0.5548 0.4421 0.4804 0.4847 0.4050 0.4562 0.4511 0.4691 0.4839 0.4587 0.4906 0.4861 0.4219 0.4540 0.4475 0.4405 0.4654 1.0000 0.5389 0.5058 0.4699 
0.4766 0.4573 0.5445 0.4915 0.5670 0.5006 0.5241 0.5773 0.4865 0.5543 0.5157 0.4523 0.5048 0.4545 0.5411 0.5112 0.4713 0.4795 0.4898 0.4557 0.4843 0.4390 0.5188 0.4366 0.4234 0.5220 0.5389 1.0000 0.5011 0.4289 
0.4580 0.4725 0.4776 0.5119 0.5277 0.5033 0.4670 0.5255 0.4613 0.5041 0.5187 0.4429 0.5363 0.4346 0.5122 0.5430 0.4735 0.5122 0.5000 0.4500 0.4509 0.4248 0.4692 0.4737 0.4105 0.5114 0.5058 0.5011 1.0000 0.4694 
0.4574 0.4439 0.4987 0.4849 0.4553 0.4680 0.4739 0.5135 0.4793 0.4700 0.4834 0.4443 0.4890 0.4371 0.4637 0.4725 0.5260 0.4646 0.5191 0.4981 0.4208 0.4212 0.4850 0.4852 0.4036 0.4904 0.4699 0.4289 0.4694 1.0000 
