1:	0.0000 1.0000 0.0000 0.0000 0.0000 0.0000 0.0000 0.0000 0.0000 0.0000 0.0000 0.0000 0.0000 0.0000 0.0000 	1
2:	0.3155 0.0000 0.0000 0.0000 0.0000 0.4000 0.0000 0.0000 0.0167 0.0167 0.0167 0.1021 0.0500 0.0392 0.0432 	2
3:	0.1361 0.0000 0.0030 0.0993 0.0036 0.0162 0.0000 0.0000 0.4855 0.0001 0.0126 0.0630 0.0539 0.0945 0.0321 	6
4:	0.2964 0.0000 0.0000 0.0000 0.0000 0.0004 0.1014 0.0000 0.1606 0.0000 0.0083 0.2044 0.0112 0.1658 0.0514 	4
5:	0.0950 0.0000 0.0875 0.2315 0.0000 0.0600 0.1783 0.0000 0.0324 0.0103 0.0408 0.1583 0.0288 0.0468 0.0302 	15
6:	0.1263 0.3750 0.1032 0.0000 0.0881 0.0007 0.0157 0.1167 0.0581 0.0049 0.0273 0.0033 0.0073 0.0307 0.0428 	8
7:	0.1032 0.0978 0.1266 0.0423 0.1364 0.0933 0.1335 0.0008 0.0256 0.0005 0.0275 0.1223 0.0089 0.0418 0.0394 	20
8:	0.0591 0.1872 0.1605 0.0389 0.0830 0.0000 0.0340 0.0030 0.0744 0.0000 0.0647 0.1860 0.0129 0.0619 0.0343 	21
9:	0.0784 0.0714 0.2363 0.0000 0.1214 0.0030 0.0187 0.0000 0.0426 0.0555 0.1020 0.1189 0.0158 0.1013 0.0347 	14
10:	0.0278 0.0000 0.1831 0.0000 0.0000 0.4508 0.0000 0.0000 0.0000 0.0171 0.1578 0.0000 0.1157 0.0144 0.0333 	1
11:	0.0105 0.0104 0.0000 0.1741 0.0000 0.1813 0.0000 0.0000 0.0000 0.3458 0.0222 0.0000 0.2335 0.0135 0.0087 	3
12:	0.0000 0.2000 0.0000 0.7981 0.0000 0.0000 0.0000 0.0000 0.0000 0.0000 0.0000 0.0000 0.0019 0.0000 0.0000 	5
13:	0.0000 0.4976 0.0000 0.3734 0.0000 0.0000 0.0000 0.0000 0.0000 0.0000 0.0000 0.0000 0.1266 0.0000 0.0024 	2
14:	0.0000 0.3418 0.0665 0.0002 0.1825 0.0458 0.0000 0.2006 0.0000 0.0021 0.0873 0.0000 0.0183 0.0032 0.0517 	5
15:	0.0766 0.3534 0.0412 0.0108 0.0000 0.1444 0.0000 0.2145 0.0203 0.0008 0.0379 0.0258 0.0292 0.0288 0.0163 	7
