1:	0.1436 0.1220 0.0165 0.0027 0.2090 0.0395 0.1465 0.3203 	9
2:	0.1667 0.0556 0.0000 0.0000 0.5556 0.0379 0.1288 0.0556 	3
3:	0.0833 0.0297 0.2509 0.2500 0.2083 0.0825 0.0833 0.0120 	4
4:	0.0233 0.0010 0.2915 0.2109 0.0027 0.2852 0.1853 0.0000 	2
5:	0.1797 0.2085 0.1226 0.0250 0.0891 0.1360 0.0938 0.1453 	17
6:	0.1987 0.0274 0.0857 0.0378 0.0401 0.2094 0.3749 0.0260 	12
7:	0.0487 0.1578 0.0000 0.0002 0.0211 0.2221 0.5272 0.0228 	3
8:	0.5705 0.0000 0.1172 0.0000 0.0000 0.0276 0.2848 0.0000 	2
9:	0.6823 0.0000 0.0000 0.0068 0.0000 0.1817 0.1292 0.0000 	1
10:	0.0605 0.0000 0.2500 0.0000 0.2500 0.2737 0.1658 0.0000 	4
11:	0.2613 0.0791 0.2512 0.0004 0.0335 0.1382 0.1114 0.1248 	14
12:	0.2278 0.4287 0.0300 0.0000 0.0605 0.0387 0.0874 0.1269 	9
13:	0.0577 0.2990 0.1053 0.0015 0.2977 0.0533 0.0295 0.1561 	14
14:	0.2019 0.0000 0.0000 0.0026 0.5010 0.2144 0.0801 0.0000 	2
15:	0.0667 0.0445 0.1111 0.3931 0.0088 0.2439 0.1319 0.0000 	9
