1.0000 0.6062 0.6226 0.4910 0.5895 0.6033 0.5950 0.4650 0.6001 0.4750 0.5488 0.5249 0.5288 0.5322 0.5893 0.5648 0.4983 0.4831 0.5053 0.5370 0.5874 0.5812 0.5464 0.5754 0.5615 0.4488 0.5468 0.4952 0.5375 0.5406 0.6017 0.4630 0.5242 0.4859 0.4714 0.4963 0.5826 0.5852 0.5324 0.5046 0.5523 0.5675 0.5402 0.5928 0.5734 0.5197 0.5793 0.5673 0.5731 0.6238
0.6062 1.0000 0.5447 0.4900 0.5555 0.5531 0.5451 0.4602 0.6304 0.5133 0.4831 0.5229 0.5274 0.5102 0.5334 0.6201 0.4949 0.4509 0.5248 0.5354 0.5013 0.5682 0.5296 0.5523 0.5291 0.4738 0.5254 0.4682 0.4693 0.4998 0.5117 0.4981 0.5133 0.4605 0.5054 0.4537 0.5291 0.5374 0.5557 0.4809 0.5069 0.5456 0.5231 0.5808 0.5276 0.4966 0.4922 0.5349 0.5467 0.5522
0.6226 0.5447 1.0000 0.5161 0.6724 0.6702 0.6552 0.4758 0.6126 0.4711 0.6015 0.5343 0.6565 0.6640 0.7111 0.5920 0.5697 0.4577 0.5516 0.5321 0.6858 0.6286 0.6055 0.6020 0.5214 0.5835 0.5385 0.5406 0.5988 0.6229 0.6919 0.5176 0.5888 0.5421 0.4598 0.5725 0.5480 0.6218 0.5765 0.5402 0.5987 0.5769 0.6064 0.5712 0.5542 0.5140 0.5763 0.6684 0.6706 0.7051
0.4910 0.4900 0.5161 1.0000 0.5457 0.5473 0.5517 0.4608 0.5644 0.4665 0.4637 0.5102 0.5313 0.5338 0.5531 0.5157 0.5013 0.4192 0.5302 0.4841 0.5289 0.5631 0.4610 0.5174 0.4329 0.5514 0.5051 0.5702 0.5110 0.5376 0.5438 0.4547 0.5104 0.5631 0.4610 0.5156 0.4641 0.5024 0.5473 0.4774 0.5363 0.5239 0.5133 0.5776 0.4988 0.4714 0.5958 0.5285 0.5555 0.5466
0.5895 0.5555 0.6724 0.5457 1.0000 0.7464 0.7371 0.4980 0.6065 0.4933 0.5900 0.6123 0.6785 0.6894 0.7310 0.6216 0.5924 0.5091 0.6114 0.5559 0.6967 0.7013 0.5791 0.6306 0.5301 0.5907 0.5951 0.5563 0.5994 0.6607 0.6903 0.5293 0.5974 0.5281 0.5130 0.5730 0.5635 0.6160 0.6424 0.5588 0.6638 0.6211 0.6321 0.5832 0.6271 0.5525 0.5967 0.6662 0.7280 0.6692
0.6033 0.5531 0.6702 0.5473 0.7464 1.0000 0.7370 0.5019 0.6256 0.4968 0.5856 0.5941 0.7099 0.7318 0.7951 0.6183 0.5986 0.5169 0.5880 0.5572 0.6892 0.6942 0.5976 0.6358 0.5416 0.5736 0.6509 0.5481 0.5961 0.6576 0.6914 0.5491 0.5809 0.5256 0.5250 0.5691 0.5727 0.6553 0.6455 0.5546 0.6627 0.6238 0.6353 0.5853 0.7083 0.5763 0.6189 0.6634 0.7206 0.6575
0.5950 0.5451 0.6552 0.5517 0.7371 0.7370 1.0000 0.4973 0.6141 0.4914 0.5766 0.6056 0.6478 0.6565 0.7237 0.6076 0.5797 0.5054 0.5805 0.5633 0.6764 0.6877 0.5765 0.6250 0.5216 0.5526 0.5960 0.5467 0.6000 0.6682 0.6843 0.5275 0.5850 0.5244 0.5212 0.5852 0.5610 0.6305 0.6466 0.5647 0.7423 0.6459 0.6107 0.5883 0.6262 0.5588 0.6033 0.6656 0.7307 0.6495
0.4650 0.4602 0.4758 0.4608 0.4980 0.5019 0.4973 1.0000 0.5161 0.5127 0.5096 0.4449 0.4903 0.4901 0.4867 0.4857 0.5274 0.5337 0.5074 0.5858 0.4865 0.5246 0.4951 0.4831 0.5350 0.4671 0.5328 0.4366 0.4494 0.4788 0.5026 0.4863 0.4921 0.4078 0.4924 0.4803 0.5200 0.4883 0.4966 0.4856 0.4930 0.4516 0.4715 0.5036 0.4725 0.5585 0.4084 0.4785 0.5108 0.5320
0.6001 0.6304 0.6126 0.5644 0.6065 0.6256 0.6141 0.5161 1.0000 0.5299 0.5447 0.5628 0.6216 0.5826 0.6180 0.6347 0.5629 0.4756 0.5639 0.6118 0.5719 0.6715 0.5203 0.6126 0.5501 0.5044 0.5969 0.5217 0.5233 0.5475 0.6166 0.5659 0.5314 0.5015 0.5365 0.5228 0.5391 0.5836 0.6509 0.5013 0.5685 0.6041 0.5397 0.6604 0.5993 0.5452 0.5391 0.5823 0.6048 0.6639
0.4750 0.5133 0.4711 0.4665 0.4933 0.4968 0.4914 0.5127 0.5299 1.0000 0.5419 0.4654 0.4820 0.4893 0.4743 0.6180 0.5219 0.4899 0.5112 0.4703 0.4908 0.5544 0.4990 0.5109 0.5566 0.4747 0.5012 0.4209 0.4459 0.4781 0.5102 0.5246 0.4589 0.4027 0.4685 0.4899 0.4765 0.5317 0.5407 0.4831 0.4886 0.4507 0.4700 0.5478 0.4676 0.5147 0.4077 0.5106 0.4926 0.5046
0.5488 0.4831 0.6015 0.4637 0.5900 0.5856 0.5766 0.5096 0.5447 0.5419 1.0000 0.4963 0.5478 0.5613 0.5902 0.5743 0.5837 0.5302 0.4980 0.4736 0.6366 0.6074 0.5383 0.5870 0.5373 0.4733 0.5033 0.5150 0.4881 0.5515 0.6248 0.5422 0.5394 0.4849 0.4472 0.5781 0.5198 0.5691 0.5254 0.5277 0.5227 0.5246 0.4943 0.5286 0.5193 0.5107 0.5082 0.6050 0.5937 0.6454
0.5249 0.5229 0.5343 0.5102 0.6123 0.5941 0.6056 0.4449 0.5628 0.4654 0.4963 1.0000 0.5728 0.5270 0.5787 0.5103 0.5055 0.4847 0.5276 0.5078 0.5379 0.5907 0.4670 0.5650 0.4676 0.4972 0.5264 0.5053 0.4882 0.5170 0.5571 0.4559 0.5576 0.4636 0.4898 0.5079 0.4995 0.5287 0.5912 0.5113 0.5789 0.5893 0.5146 0.5208 0.5802 0.4851 0.5092 0.5297 0.6089 0.5638
0.5288 0.5274 0.6565 0.5313 0.6785 0.7099 0.6478 0.4903 0.6216 0.4820 0.5478 0.5728 1.0000 0.6933 0.7260 0.6141 0.5798 0.4665 0.6024 0.5801 0.6434 0.7138 0.5411 0.5804 0.4863 0.5900 0.6013 0.5574 0.5563 0.5926 0.6663 0.5323 0.5580 0.4977 0.5206 0.5532 0.5607 0.5788 0.6460 0.5359 0.5974 0.5852 0.5853 0.5738 0.6104 0.5172 0.5456 0.6331 0.6660 0.6168
0.5322 0.5102 0.6640 0.5338 0.6894 0.7318 0.6565 0.4901 0.5826 0.4893 0.5613 0.5270 0.6933 1.0000 0.7923 0.6203 0.6074 0.4943 0.6165 0.5300 0.7055 0.6544 0.6190 0.5837 0.5372 0.6548 0.6018 0.5392 0.6144 0.6572 0.6586 0.5892 0.6247 0.5381 0.4869 0.6024 0.5256 0.5568 0.6070 0.5792 0.5825 0.5899 0.6845 0.5527 0.5933 0.5351 0.5646 0.6811 0.6914 0.6480
0.5893 0.5334 0.7111 0.5531 0.7310 0.7951 0.7237 0.4867 0.6180 0.4743 0.5902 0.5787 0.7260 0.7923 1.0000 0.6089 0.6182 0.5032 0.5989 0.5625 0.7348 0.6856 0.6145 0.6320 0.5248 0.6120 0.6254 0.5648 0.6650 0.6592 0.7105 0.5709 0.6246 0.5864 0.5158 0.5945 0.5602 0.6148 0.6298 0.5915 0.6326 0.6278 0.6676 0.5850 0.6521 0.5474 0.6276 0.7558 0.7140 0.6763
0.5648 0.6201 0.5920 0.5157 0.6216 0.6183 0.6076 0.4857 0.6347 0.6180 0.5743 0.5103 0.6141 0.6203 0.6089 1.0000 0.5607 0.4748 0.5824 0.5483 0.6280 0.7332 0.6256 0.5598 0.5116 0.5363 0.5725 0.5170 0.5299 0.5715 0.6420 0.5513 0.5353 0.5022 0.5535 0.5135 0.5609 0.6143 0.6455 0.4963 0.5507 0.5468 0.5614 0.6071 0.5367 0.5665 0.5017 0.6663 0.6139 0.6039
0.4983 0.4949 0.5697 0.5013 0.5924 0.5986 0.5797 0.5274 0.5629 0.5219 0.5837 0.5055 0.5798 0.6074 0.6182 0.5607 1.0000 0.5202 0.5582 0.5232 0.6068 0.6217 0.5218 0.5313 0.5207 0.5347 0.5361 0.4793 0.5344 0.5921 0.5805 0.6103 0.5323 0.4735 0.4746 0.6019 0.4892 0.4957 0.5694 0.5847 0.5307 0.5240 0.5634 0.5380 0.5280 0.4898 0.5105 0.5876 0.5861 0.5788
0.4831 0.4509 0.4577 0.4192 0.5091 0.5169 0.5054 0.5337 0.4756 0.4899 0.5302 0.4847 0.4665 0.4943 0.5032 0.4748 0.5202 1.0000 0.4653 0.5328 0.4981 0.4984 0.4935 0.5406 0.5714 0.4221 0.5853 0.4514 0.4280 0.4724 0.5142 0.5009 0.5012 0.4172 0.5826 0.4718 0.5201 0.5123 0.5143 0.5076 0.4840 0.4591 0.4560 0.4579 0.5333 0.6283 0.4161 0.4993 0.5384 0.5245
0.5053 0.5248 0.5516 0.5302 0.6114 0.5880 0.5805 0.5074 0.5639 0.5112 0.4980 0.5276 0.6024 0.6165 0.5989 0.5824 0.5582 0.4653 1.0000 0.5314 0.5866 0.6678 0.5145 0.5220 0.5006 0.6090 0.5661 0.4722 0.5734 0.5806 0.5830 0.5099 0.5415 0.4509 0.5203 0.4978 0.4960 0.4986 0.6029 0.5302 0.5330 0.5146 0.5883 0.5314 0.5123 0.5147 0.4798 0.5759 0.6003 0.5623
0.5370 0.5354 0.5321 0.4841 0.5559 0.5572 0.5633 0.5858 0.6118 0.4703 0.4736 0.5078 0.5801 0.5300 0.5625 0.5483 0.5232 0.5328 0.5314 1.0000 0.5205 0.6006 0.5238 0.5356 0.5134 0.4703 0.6452 0.4740 0.4964 0.5238 0.5491 0.5113 0.5011 0.4593 0.5966 0.4507 0.5851 0.5395 0.5887 0.4970 0.5384 0.5124 0.5288 0.5591 0.5479 0.6265 0.4879 0.5420 0.5555 0.5566
0.5874 0.5013 0.6858 0.5289 0.6967 0.6892 0.6764 0.4865 0.5719 0.4908 0.6366 0.5379 0.6434 0.7055 0.7348 0.6280 0.6068 0.4981 0.5866 0.5205 1.0000 0.7074 0.5971 0.6031 0.5072 0.5994 0.5711 0.5681 0.6312 0.6833 0.7422 0.5356 0.6160 0.5427 0.4870 0.6183 0.5734 0.5903 0.6052 0.5404 0.6213 0.5840 0.6143 0.5684 0.5776 0.5573 0.5867 0.7338 0.6979 0.6767
0.5812 0.5682 0.6286 0.5631 0.7013 0.6942 0.6877 0.5246 0.6715 0.5544 0.6074 0.5907 0.7138 0.6544 0.6856 0.7332 0.6217 0.4984 0.6678 0.6006 0.7074 1.0000 0.5700 0.6058 0.5087 0.5808 0.6248 0.5575 0.5673 0.6280 0.7224 0.5562 0.5603 0.5091 0.5850 0.5558 0.5788 0.6129 0.7192 0.5416 0.6193 0.6004 0.5887 0.6077 0.6038 0.5850 0.5574 0.6842 0.6837 0.6585
0.5464 0.5296 0.6055 0.4610 0.5791 0.5976 0.5765 0.4951 0.5203 0.4990 0.5383 0.4670 0.5411 0.6190 0.6145 0.6256 0.5218 0.4935 0.5145 0.5238 0.5971 0.5700 1.0000 0.5388 0.5062 0.5287 0.5286 0.4704 0.5443 0.5533 0.5992 0.5639 0.5763 0.5218 0.5080 0.4833 0.6145 0.6719 0.5055 0.5306 0.5234 0.5136 0.5990 0.5281 0.5040 0.5890 0.5032 0.6663 0.5855 0.5618
0.5754 0.5523 0.6020 0.5174 0.6306 0.6358 0.6250 0.4831 0.6126 0.5109 0.5870 0.5650 0.5804 0.5837 0.6320 0.5598 0.5313 0.5406 0.5220 0.5356 0.6031 0.6058 0.5388 1.0000 0.5474 0.4909 0.5537 0.5498 0.5182 0.5595 0.6212 0.5466 0.5624 0.5140 0.4929 0.5252 0.5596 0.6215 0.5870 0.5442 0.5738 0.5809 0.5495 0.5643 0.5995 0.5584 0.5383 0.6143 0.6329 0.6627
0.5615 0.5291 0.5214 0.4329 0.5301 0.5416 0.5216 0.5350 0.5501 0.5566 0.5373 0.4676 0.4863 0.5372 0.5248 0.5116 0.5207 0.5714 0.5006 0.5134 0.5072 0.5087 0.5062 0.5474 1.0000 0.4775 0.5594 0.4450 0.4807 0.4944 0.5333 0.5392 0.5118 0.4322 0.4754 0.4952 0.5006 0.5104 0.5303 0.5273 0.4935 0.4871 0.5063 0.4937 0.5388 0.5347 0.4344 0.5007 0.5479 0.5673
0.4488 0.4738 0.5835 0.5514 0.5907 0.5736 0.5526 0.4671 0.5044 0.4747 0.4733 0.4972 0.5900 0.6548 0.6120 0.5363 0.5347 0.4221 0.6090 0.4703 0.5994 0.5808 0.5287 0.4909 0.4775 1.0000 0.4977 0.5106 0.5528 0.5796 0.5567 0.5126 0.5814 0.5219 0.4643 0.5163 0.4678 0.4971 0.5308 0.5034 0.5141 0.4985 0.5897 0.4940 0.4803 0.4746 0.5311 0.5854 0.6001 0.5441
0.5468 0.5254 0.5385 0.5051 0.5951 0.6509 0.5960 0.5328 0.5969 0.5012 0.5033 0.5264 0.6013 0.6018 0.6254 0.5725 0.5361 0.5853 0.5661 0.6452 0.5711 0.6248 0.5286 0.5537 0.5594 0.4977 1.0000 0.4838 0.5074 0.5625 0.5957 0.5159 0.5282 0.4484 0.5992 0.4676 0.5890 0.5594 0.6351 0.5288 0.5767 0.5324 0.5725 0.5593 0.6817 0.6576 0.4937 0.5662 0.6161 0.5742
0.4952 0.4682 0.5406 0.5702 0.5563 0.5481 0.5467 0.4366 0.5217 0.4209 0.5150 0.5053 0.5574 0.5392 0.5648 0.5170 0.4793 0.4514 0.4722 0.4740 0.5681 0.5575 0.4704 0.5498 0.4450 0.5106 0.4838 1.0000 0.4613 0.4986 0.5779 0.4238 0.5399 0.6608 0.4313 0.4871 0.4597 0.4897 0.5078 0.4496 0.4944 0.5313 0.4711 0.4989 0.5113 0.4598 0.5846 0.5540 0.5695 0.6147
0.5375 0.4693 0.5988 0.5110 0.5994 0.5961 0.6000 0.4494 0.5233 0.4459 0.4881 0.4882 0.5563 0.6144 0.6650 0.5299 0.5344 0.4280 0.5734 0.4964 0.6312 0.5673 0.5443 0.5182 0.4807 0.5528 0.5074 0.4613 1.0000 0.5829 0.5831 0.5031 0.5501 0.5071 0.4561 0.5248 0.5128 0.5203 0.5577 0.5286 0.5511 0.5320 0.5962 0.5854 0.5055 0.4751 0.5506 0.6499 0.5922 0.5526
0.5406 0.4998 0.6229 0.5376 0.6607 0.6576 0.6682 0.4788 0.5475 0.4781 0.5515 0.5170 0.5926 0.6572 0.6592 0.5715 0.5921 0.4724 0.5806 0.5238 0.6833 0.6280 0.5533 0.5595 0.4944 0.5796 0.5625 0.4986 0.5829 1.0000 0.6288 0.5129 0.5759 0.4871 0.4830 0.5895 0.5370 0.5503 0.5764 0.5199 0.6370 0.5503 0.6066 0.5519 0.5508 0.5289 0.5654 0.6179 0.6663 0.6095
0.6017 0.5117 0.6919 0.5438 0.6903 0.6914 0.6843 0.5026 0.6166 0.5102 0.6248 0.5571 0.6663 0.6586 0.7105 0.6420 0.5805 0.5142 0.5830 0.5491 0.7422 0.7224 0.5992 0.6212 0.5333 0.5567 0.5957 0.5779 0.5831 0.6288 1.0000 0.5216 0.5918 0.5362 0.5098 0.5725 0.5768 0.6453 0.6351 0.5229 0.6340 0.5887 0.5935 0.5796 0.6016 0.5902 0.5667 0.7109 0.7033 0.7027
0.4630 0.4981 0.5176 0.4547 0.5293 0.5491 0.5275 0.4863 0.5659 0.5246 0.5422 0.4559 0.5323 0.5892 0.5709 0.5513 0.6103 0.5009 0.5099 0.5113 0.5356 0.5562 0.5639 0.5466 0.5392 0.5126 0.5159 0.4238 0.5031 0.5129 0.5216 1.0000 0.5305 0.4518 0.4690 0.5219 0.5063 0.5196 0.5316 0.5857 0.4767 0.5058 0.5668 0.5450 0.4841 0.4978 0.4646 0.5603 0.5336 0.5148
0.5242 0.5133 0.5888 0.5104 0.5974 0.5809 0.5850 0.4921 0.5314 0.4589 0.5394 0.5576 0.5580 0.6247 0.6246 0.5353 0.5323 0.5012 0.5415 0.5011 0.6160 0.5603 0.5763 0.5624 0.5118 0.5814 0.5282 0.5399 0.5501 0.5759 0.5918 0.5305 1.0000 0.5769 0.4806 0.5552 0.5202 0.5419 0.5233 0.5617 0.5631 0.5560 0.6020 0.5452 0.5213 0.5233 0.5109 0.6085 0.6584 0.6260
0.4859 0.4605 0.5421 0.5631 0.5281 0.5256 0.5244 0.4078 0.5015 0.4027 0.4849 0.4636 0.4977 0.5381 0.5864 0.5022 0.4735 0.4172 0.4509 0.4593 0.5427 0.5091 0.5218 0.5140 0.4322 0.5219 0.4484 0.6608 0.5071 0.4871 0.5362 0.4518 0.5769 1.0000 0.4267 0.4700 0.4459 0.4999 0.4630 0.4645 0.4611 0.5091 0.4994 0.4955 0.4615 0.4473 0.6032 0.5949 0.5208 0.5704
0.4714 0.5054 0.4598 0.4610 0.5130 0.5250 0.5212 0.4924 0.5365 0.4685 0.4472 0.4898 0.5206 0.4869 0.5158 0.5535 0.4746 0.5826 0.5203 0.5966 0.4870 0.5850 0.5080 0.4929 0.4754 0.4643 0.5992 0.4313 0.4561 0.4830 0.5098 0.4690 0.4806 0.4267 1.0000 0.4126 0.5222 0.5466 0.5990 0.4475 0.4968 0.4781 0.4706 0.5054 0.5105 0.6355 0.4358 0.5360 0.5231 0.4927
0.4963 0.4537 0.5725 0.5156 0.5730 0.5691 0.5852 0.4803 0.5228 0.4899 0.5781 0.5079 0.5532 0.6024 0.5945 0.5135 0.6019 0.4718 0.4978 0.4507 0.6183 0.5558 0.4833 0.5252 0.4952 0.5163 0.4676 0.4871 0.5248 0.5895 0.5725 0.5219 0.5552 0.4700 0.4126 1.0000 0.4701 0.4803 0.5298 0.5292 0.5737 0.5543 0.5222 0.5289 0.4888 0.4420 0.5370 0.5517 0.6013 0.5775
0.5826 0.5291 0.5480 0.4641 0.5635 0.5727 0.5610 0.5200 0.5391 0.4765 0.5198 0.4995 0.5607 0.5256 0.5602 0.5609 0.4892 0.5201 0.4960 0.5851 0.5734 0.5788 0.6145 0.5596 0.5006 0.4678 0.5890 0.4597 0.5128 0.5370 0.5768 0.5063 0.5202 0.4459 0.5222 0.4701 1.0000 0.6511 0.5502 0.4872 0.5557 0.5098 0.5247 0.5542 0.5524 0.6043 0.5136 0.5741 0.5717 0.5328
0.5852 0.5374 0.6218 0.5024 0.6160 0.6553 0.6305 0.4883 0.5836 0.5317 0.5691 0.5287 0.5788 0.5568 0.6148 0.6143 0.4957 0.5123 0.4986 0.5395 0.5903 0.6129 0.6719 0.6215 0.5104 0.4971 0.5594 0.4897 0.5203 0.5503 0.6453 0.5196 0.5419 0.4999 0.5466 0.4803 0.6511 1.0000 0.5737 0.4943 0.5916 0.5516 0.5243 0.5784 0.5781 0.6336 0.5221 0.6461 0.6218 0.5980
0.5324 0.5557 0.5765 0.5473 0.6424 0.6455 0.6466 0.4966 0.6509 0.5407 0.5254 0.5912 0.6460 0.6070 0.6298 0.6455 0.5694 0.5143 0.6029 0.5887 0.6052 0.7192 0.5055 0.5870 0.5303 0.5308 0.6351 0.5078 0.5577 0.5764 0.6351 0.5316 0.5233 0.4630 0.5990 0.5298 0.5502 0.5737 1.0000 0.5200 0.6152 0.5773 0.5593 0.5883 0.6072 0.5789 0.5180 0.6064 0.6439 0.5959
0.5046 0.4809 0.5402 0.4774 0.5588 0.5546 0.5647 0.4856 0.5013 0.4831 0.5277 0.5113 0.5359 0.5792 0.5915 0.4963 0.5847 0.5076 0.5302 0.4970 0.5404 0.5416 0.5306 0.5442 0.5273 0.5034 0.5288 0.4496 0.5286 0.5199 0.5229 0.5857 0.5617 0.4645 0.4475 0.5292 0.4872 0.4943 0.5200 1.0000 0.5005 0.5610 0.6192 0.5018 0.4989 0.4748 0.4829 0.5610 0.5913 0.5322
0.5523 0.5069 0.5987 0.5363 0.6638 0.6627 0.7423 0.4930 0.5685 0.4886 0.5227 0.5789 0.5974 0.5825 0.6326 0.5507 0.5307 0.4840 0.5330 0.5384 0.6213 0.6193 0.5234 0.5738 0.4935 0.5141 0.5767 0.4944 0.5511 0.6370 0.6340 0.4767 0.5631 0.4611 0.4968 0.5737 0.5557 0.5916 0.6152 0.5005 1.0000 0.5773 0.5507 0.5586 0.6163 0.5468 0.5506 0.5917 0.6765 0.5833
0.5675 0.5456 0.5769 0.5239 0.6211 0.6238 0.6459 0.4516 0.6041 0.4507 0.5246 0.5893 0.5852 0.5899 0.6278 0.5468 0.5240 0.4591 0.5146 0.5124 0.5840 0.6004 0.5136 0.5809 0.4871 0.4985 0.5324 0.5313 0.5320 0.5503 0.5887 0.5058 0.5560 0.5091 0.4781 0.5543 0.5098 0.5516 0.5773 0.5610 0.5773 1.0000 0.5614 0.5807 0.5842 0.4815 0.5967 0.5776 0.6255 0.6042
0.5402 0.5231 0.6064 0.5133 0.6321 0.6353 0.6107 0.4715 0.5397 0.4700 0.4943 0.5146 0.5853 0.6845 0.6676 0.5614 0.5634 0.4560 0.5883 0.5288 0.6143 0.5887 0.5990 0.5495 0.5063 0.5897 0.5725 0.4711 0.5962 0.6066 0.5935 0.5668 0.6020 0.4994 0.4706 0.5222 0.5247 0.5243 0.5593 0.6192 0.5507 0.5614 1.0000 0.5569 0.5325 0.5081 0.5586 0.6268 0.6241 0.5670
0.5928 0.5808 0.5712 0.5776 0.5832 0.5853 0.5883 0.5036 0.6604 0.5478 0.5286 0.5208 0.5738 0.5527 0.5850 0.6071 0.5380 0.4579 0.5314 0.5591 0.5684 0.6077 0.5281 0.5643 0.4937 0.4940 0.5593 0.4989 0.5854 0.5519 0.5796 0.5450 0.5452 0.4955 0.5054 0.5289 0.5542 0.5784 0.5883 0.5018 0.5586 0.5807 0.5569 1.0000 0.5431 0.5241 0.5523 0.5676 0.5793 0.6140
0.5734 0.5276 0.5542 0.4988 0.6271 0.7083 0.6262 0.4725 0.5993 0.4676 0.5193 0.5802 0.6104 0.5933 0.6521 0.5367 0.5280 0.5333 0.5123 0.5479 0.5776 0.6038 0.5040 0.5995 0.5388 0.4803 0.6817 0.5113 0.5055 0.5508 0.6016 0.4841 0.5213 0.4615 0.5105 0.4888 0.5524 0.5781 0.6072 0.4989 0.6163 0.5842 0.5325 0.5431 1.0000 0.5625 0.5281 0.5554 0.6311 0.5891
0.5197 0.4966 0.5140 0.4714 0.5525 0.5763 0.5588 0.5585 0.5452 0.5147 0.5107 0.4851 0.5172 0.5351 0.5474 0.5665 0.4898 0.6283 0.5147 0.6265 0.5573 0.5850 0.5890 0.5584 0.5347 0.4746 0.6576 0.4598 0.4751 0.5289 0.5902 0.4978 0.5233 0.4473 0.6355 0.4420 0.6043 0.6336 0.5789 0.4748 0.5468 0.4815 0.5081 0.5241 0.5625 1.0000 0.4510 0.5831 0.5773 0.5514
0.5793 0.4922 0.5763 0.5958 0.5967 0.6189 0.6033 0.4084 0.5391 0.4077 0.5082 0.5092 0.5456 0.5646 0.6276 0.5017 0.5105 0.4161 0.4798 0.4879 0.5867 0.5574 0.5032 0.5383 0.4344 0.5311 0.4937 0.5846 0.5506 0.5654 0.5667 0.4646 0.5109 0.6032 0.4358 0.5370 0.5136 0.5221 0.5180 0.4829 0.5506 0.5967 0.5586 0.5523 0.5281 0.4510 1.0000 0.5680 0.5774 0.5608
0.5673 0.5349 0.6684 0.5285 0.6662 0.6634 0.6656 0.4785 0.5823 0.5106 0.6050 0.5297 0.6331 0.6811 0.7558 0.6663 0.5876 0.4993 0.5759 0.5420 0.7338 0.6842 0.6663 0.6143 0.5007 0.5854 0.5662 0.5540 0.6499 0.6179 0.7109 0.5603 0.6085 0.5949 0.5360 0.5517 0.5741 0.6461 0.6064 0.5610 0.5917 0.5776 0.6268 0.5676 0.5554 0.5831 0.5680 1.0000 0.6563 0.6446
0.5731 0.5467 0.6706 0.5555 0.7280 0.7206 0.7307 0.5108 0.6048 0.4926 0.5937 0.6089 0.6660 0.6914 0.7140 0.6139 0.5861 0.5384 0.6003 0.5555 0.6979 0.6837 0.5855 0.6329 0.5479 0.6001 0.6161 0.5695 0.5922 0.6663 0.7033 0.5336 0.6584 0.5208 0.5231 0.6013 0.5717 0.6218 0.6439 0.5913 0.6765 0.6255 0.6241 0.5793 0.6311 0.5773 0.5774 0.6563 1.0000 0.6750
0.6238 0.5522 0.7051 0.5466 0.6692 0.6575 0.6495 0.5320 0.6639 0.5046 0.6454 0.5638 0.6168 0.6480 0.6763 0.6039 0.5788 0.5245 0.5623 0.5566 0.6767 0.6585 0.5618 0.6627 0.5673 0.5441 0.5742 0.6147 0.5526 0.6095 0.7027 0.5148 0.6260 0.5704 0.4927 0.5775 0.5328 0.5980 0.5959 0.5322 0.5833 0.6042 0.5670 0.6140 0.5891 0.5514 0.5608 0.6446 0.6750 1.0000
