1:	0.0000 0.5778 0.0000 0.0000 0.0000 0.0000 0.0000 0.0000 0.0000 0.0000 0.0000 0.0000 0.4222 0.0000 0.0000 0.0000 	1
2:	0.1880 0.0000 0.0000 0.0000 0.0000 0.5000 0.0000 0.0000 0.0000 0.0000 0.0000 0.1598 0.0000 0.1280 0.0000 0.0242 	2
3:	0.0823 0.0000 0.0054 0.0925 0.0035 0.0151 0.0000 0.0000 0.4788 0.0262 0.0026 0.0451 0.0019 0.1914 0.0080 0.0474 	6
4:	0.2805 0.0000 0.0000 0.0000 0.0000 0.0000 0.1262 0.0000 0.1225 0.0000 0.0042 0.1067 0.0000 0.2121 0.0045 0.1434 	4
5:	0.0973 0.0000 0.0921 0.2386 0.0000 0.0667 0.1913 0.0000 0.0271 0.0208 0.0412 0.1466 0.0000 0.0512 0.0025 0.0246 	15
6:	0.0575 0.3453 0.0956 0.0000 0.0960 0.0000 0.0171 0.1161 0.0653 0.0003 0.0307 0.0089 0.0386 0.0819 0.0465 0.0000 	8
7:	0.0545 0.0642 0.1091 0.0449 0.1428 0.0929 0.1503 0.0022 0.0268 0.0020 0.0392 0.1167 0.0347 0.0810 0.0154 0.0233 	20
8:	0.0594 0.0515 0.1476 0.0409 0.0844 0.0000 0.0375 0.0007 0.0719 0.0050 0.0760 0.1434 0.1450 0.0972 0.0115 0.0281 	21
9:	0.0488 0.0167 0.1915 0.0000 0.1224 0.0000 0.0207 0.0000 0.0343 0.0416 0.1554 0.0948 0.0598 0.1339 0.0603 0.0197 	14
10:	0.0276 0.0000 0.2897 0.0000 0.0000 0.5278 0.0000 0.0000 0.0001 0.0000 0.0714 0.0000 0.0000 0.0000 0.0000 0.0835 	1
11:	0.0000 0.0000 0.0000 0.2157 0.0000 0.2543 0.0000 0.0000 0.0000 0.3196 0.0238 0.0000 0.0228 0.0047 0.1039 0.0552 	3
12:	0.0000 0.2000 0.0000 0.7857 0.0000 0.0000 0.0000 0.0000 0.0000 0.0000 0.0000 0.0000 0.0000 0.0000 0.0000 0.0143 	5
13:	0.0000 0.1071 0.0000 0.3714 0.0000 0.0000 0.0000 0.0000 0.0000 0.0572 0.0000 0.0000 0.3572 0.0000 0.0000 0.1071 	2
14:	0.0000 0.1204 0.0961 0.0000 0.1443 0.0288 0.0000 0.2000 0.0000 0.0041 0.0582 0.0000 0.2410 0.0000 0.0597 0.0473 	5
15:	0.0561 0.3369 0.0572 0.0108 0.0000 0.1292 0.0000 0.2104 0.0000 0.0071 0.0193 0.0312 0.0268 0.0249 0.0408 0.0492 	7
