
Using the parameter settings in the file: 
''1763240293/clumpp.paramfile''

Parameter settings
----------------------- Main parameters -------------------------
DATATYPE = 0
INDFILE = 1763240293/ClumppIndFile
POPFILE = 
OUTFILE = 1763240293/ClumppIndFile.output
MISCFILE = 1763240293/ClumppIndFile.misc
K = 7
C = 164
R = 50
M = 3
W = 0
S = 2
- Additional options for the Greedy and LargeKGreedy algorithms -
GREEDY_OPTION = 2
REPEATS = 2000
PERMUTATIONFILE = 
----------------------- Optional outputs ------------------------
PRINT_PERMUTED_DATA = 0
PERMUTED_DATAFILE = 
PRINT_EVERY_PERM = 0
EVERY_PERMFILE = 
PRINT_RANDOM_INPUTORDER = 0
RANDOM_INPUTORDERFILE = 
----------------------- Advanced options ------------------------
OVERRIDE_WARNINGS = 0
ORDER_BY_RUN = 1


In total, 2000 configurations of runs and clusters will be tested.

Results
------------------------------
The highest value of H' is: 0.73605299707404

The list of permutations of the clusters that produces that
H' value is (runs are listed sequentially on separate rows)

1 2 3 4 5 6 7 
2 7 1 4 6 3 5 
6 3 4 5 1 7 2 
4 1 5 7 2 6 3 
6 5 3 2 4 7 1 
3 5 2 1 6 4 7 
4 7 5 6 2 1 3 
4 6 2 1 3 5 7 
1 7 5 4 6 3 2 
1 3 4 7 5 6 2 
3 5 2 7 6 1 4 
5 4 3 6 1 2 7 
7 3 4 6 2 1 5 
2 6 3 7 4 1 5 
6 1 7 3 4 5 2 
3 5 6 2 1 4 7 
3 2 5 6 4 1 7 
6 5 4 1 7 3 2 
7 6 2 3 1 4 5 
3 1 2 6 5 7 4 
6 2 5 1 4 3 7 
2 7 3 4 5 1 6 
1 3 5 6 4 2 7 
3 1 5 7 2 4 6 
2 5 4 3 7 1 6 
1 5 6 2 3 7 4 
5 7 4 2 3 6 1 
4 3 1 5 6 2 7 
6 4 1 3 5 7 2 
6 4 1 5 7 3 2 
2 6 5 3 1 4 7 
5 2 1 4 3 6 7 
7 1 5 2 4 3 6 
1 3 5 2 6 4 7 
1 3 4 7 2 6 5 
7 5 4 3 6 2 1 
6 5 3 7 2 1 4 
4 7 6 2 3 1 5 
6 1 7 3 5 4 2 
6 1 2 7 5 4 3 
4 3 5 1 7 2 6 
6 7 3 1 4 2 5 
3 7 6 5 4 2 1 
6 3 4 5 2 7 1 
6 4 3 5 7 1 2 
3 6 2 4 1 7 5 
5 7 3 1 6 4 2 
3 5 1 6 4 2 7 
1 4 2 6 5 3 7 
4 5 3 7 1 2 6 

The pairwise G' values for each pair of runs where the clusters
of each run are permuted according to the list of permutations above

1.0000 0.7157 0.6936 0.7396 0.7171 0.7166 0.6766 0.7186 0.6280 0.7670 0.6506 0.6285 0.6348 0.6211 0.6972 0.6534 0.7390 0.5879 0.7388 0.5898 0.7703 0.7166 0.6879 0.7433 0.7162 0.6056 0.6465 0.7173 0.7384 0.7394 0.7416 0.7669 0.7192 0.6324 0.7171 0.7173 0.7165 0.7121 0.7669 0.6421 0.7171 0.5740 0.7166 0.6955 0.6569 0.7193 0.7392 0.7165 0.7437 0.6402 
0.7157 1.0000 0.8372 0.8329 0.7730 0.8017 0.6891 0.7698 0.6508 0.8009 0.6402 0.6140 0.6812 0.6809 0.8405 0.6418 0.8368 0.6439 0.7694 0.6211 0.7375 0.8870 0.7007 0.7718 0.7990 0.6384 0.6612 0.7730 0.7691 0.7981 0.7368 0.8008 0.8016 0.6587 0.8374 0.7730 0.8016 0.8312 0.8008 0.7023 0.8375 0.5987 0.8017 0.8014 0.6722 0.8017 0.8019 0.8869 0.8013 0.7228 
0.6936 0.8372 1.0000 0.8405 0.8406 0.8862 0.6923 0.7460 0.6930 0.8055 0.6433 0.6357 0.6815 0.7056 0.8379 0.6817 0.8405 0.6660 0.7721 0.6363 0.7408 0.8874 0.7039 0.8400 0.8053 0.6541 0.6639 0.8406 0.7721 0.8045 0.7179 0.8054 0.8404 0.7019 0.8414 0.8406 0.8862 0.8410 0.8054 0.7527 0.8413 0.5938 0.8862 0.8870 0.6750 0.8404 0.8056 0.8874 0.7759 0.7526 
0.7396 0.8329 0.8405 1.0000 0.8084 0.8041 0.6918 0.7221 0.6555 0.8870 0.6609 0.6551 0.6806 0.7054 0.7722 0.6653 0.8387 0.6663 0.7715 0.6578 0.7660 0.8839 0.7034 0.8446 0.8420 0.6768 0.6633 0.8084 0.7715 0.8882 0.7174 0.8870 0.8048 0.6635 0.8409 0.8084 0.8041 0.8852 0.8870 0.7299 0.8409 0.5921 0.8041 0.8064 0.6744 0.8048 0.8394 0.8839 0.8062 0.7526 
0.7171 0.7730 0.8406 0.8084 1.0000 0.8863 0.6970 0.7233 0.6754 0.8452 0.6851 0.6372 0.6475 0.7293 0.7997 0.7280 0.8444 0.6864 0.7490 0.6358 0.7717 0.8077 0.7088 0.8863 0.8439 0.6535 0.6684 0.9982 0.7491 0.8070 0.7709 0.8453 0.8425 0.6836 0.8080 0.9982 0.8863 0.8463 0.8453 0.7790 0.8080 0.5804 0.8863 0.8395 0.6796 0.8424 0.8938 0.8078 0.8073 0.7540 
0.7166 0.8017 0.8862 0.8041 0.8863 1.0000 0.7164 0.7465 0.6947 0.8412 0.6633 0.6356 0.6642 0.7055 0.8371 0.7045 0.8878 0.6652 0.7730 0.6357 0.7690 0.8406 0.7291 0.8857 0.8035 0.6534 0.6859 0.8863 0.7730 0.8031 0.7436 0.8412 0.8879 0.7037 0.8405 0.8863 0.9976 0.8047 0.8412 0.7520 0.8405 0.5958 0.9997 0.8852 0.6978 0.8879 0.8413 0.8406 0.8055 0.7278 
0.6766 0.6891 0.6923 0.6918 0.6970 0.7164 1.0000 0.7008 0.6881 0.7163 0.7588 0.6444 0.8277 0.6064 0.6704 0.7054 0.7393 0.6166 0.7468 0.5841 0.7489 0.7141 0.8682 0.6962 0.6918 0.5895 0.7811 0.6970 0.7468 0.6915 0.7042 0.7163 0.7169 0.8019 0.7143 0.6970 0.7165 0.6924 0.7163 0.6221 0.7142 0.7207 0.7164 0.6921 0.7996 0.7169 0.7164 0.7141 0.6742 0.6221 
0.7186 0.7698 0.7460 0.7221 0.7233 0.7465 0.7008 1.0000 0.6880 0.7237 0.6576 0.6897 0.6743 0.6625 0.7714 0.6779 0.7468 0.6265 0.8429 0.6054 0.7742 0.7484 0.7132 0.7235 0.7223 0.6218 0.6671 0.7233 0.8426 0.7218 0.8013 0.7237 0.7734 0.6904 0.7475 0.7234 0.7465 0.7207 0.7236 0.6640 0.7474 0.6128 0.7465 0.7462 0.6783 0.7734 0.7238 0.7484 0.7718 0.6816 
0.6280 0.6508 0.6930 0.6555 0.6754 0.6947 0.6881 0.6880 1.0000 0.6571 0.7219 0.6104 0.6677 0.6077 0.6902 0.8239 0.6745 0.6335 0.7092 0.6217 0.6897 0.6733 0.6646 0.6760 0.6742 0.6372 0.7659 0.6754 0.7092 0.6739 0.6702 0.6571 0.6755 0.7288 0.6938 0.6755 0.6948 0.6550 0.6571 0.6403 0.6938 0.6682 0.6947 0.7146 0.7814 0.6755 0.6566 0.6733 0.6385 0.6067 
0.7670 0.8009 0.8055 0.8870 0.8452 0.8412 0.7163 0.7237 0.6571 1.0000 0.6825 0.6548 0.6642 0.7059 0.7731 0.6870 0.8866 0.6657 0.7733 0.6558 0.7981 0.8400 0.7289 0.8920 0.8404 0.6746 0.6856 0.8452 0.7733 0.8858 0.7441 0.9977 0.8417 0.6652 0.8411 0.8452 0.8412 0.8403 0.9977 0.7295 0.8411 0.5949 0.8412 0.8059 0.6975 0.8416 0.8871 0.8400 0.8426 0.7287 
0.6506 0.6402 0.6433 0.6609 0.6851 0.6633 0.7588 0.6576 0.7219 0.6825 1.0000 0.6091 0.7427 0.5972 0.6239 0.7848 0.6820 0.6302 0.6964 0.5828 0.7196 0.6613 0.7181 0.6646 0.6800 0.5897 0.7559 0.6851 0.6964 0.6603 0.7001 0.6825 0.6635 0.7194 0.6614 0.6852 0.6633 0.6809 0.6825 0.6123 0.6614 0.7195 0.6633 0.6429 0.8027 0.6635 0.7033 0.6613 0.6452 0.6125 
0.6285 0.6140 0.6357 0.6551 0.6372 0.6356 0.6444 0.6897 0.6104 0.6548 0.6091 1.0000 0.6286 0.5894 0.6158 0.6208 0.6355 0.6102 0.6906 0.5987 0.6697 0.6353 0.6493 0.6557 0.6373 0.6066 0.6055 0.6373 0.6907 0.6550 0.6503 0.6548 0.6540 0.6344 0.6366 0.6373 0.6356 0.6364 0.6548 0.5911 0.6365 0.5822 0.6356 0.6366 0.6106 0.6540 0.6361 0.6353 0.6540 0.6059 
0.6348 0.6812 0.6815 0.6806 0.6475 0.6642 0.8277 0.6743 0.6677 0.6642 0.7427 0.6286 1.0000 0.5821 0.6447 0.6667 0.6834 0.5970 0.7134 0.5630 0.6936 0.7028 0.7970 0.6470 0.6618 0.5704 0.7046 0.6476 0.7134 0.6615 0.6577 0.6642 0.6647 0.8228 0.6824 0.6476 0.6643 0.6805 0.6642 0.5970 0.6823 0.7477 0.6642 0.6622 0.7338 0.6648 0.6642 0.7028 0.6297 0.6126 
0.6211 0.6809 0.7056 0.7054 0.7293 0.7055 0.6064 0.6625 0.6077 0.7059 0.5972 0.5894 0.5821 1.0000 0.7018 0.6154 0.7053 0.6900 0.6635 0.6436 0.6610 0.7047 0.6155 0.7066 0.7515 0.6618 0.5839 0.7293 0.6636 0.7268 0.6611 0.7058 0.7269 0.6145 0.7272 0.7293 0.7055 0.7276 0.7058 0.8394 0.7272 0.5672 0.7055 0.7276 0.5929 0.7269 0.7281 0.7048 0.7056 0.8382 
0.6972 0.8405 0.8379 0.7722 0.7997 0.8371 0.6704 0.7714 0.6902 0.7731 0.6239 0.6158 0.6447 0.7018 1.0000 0.6581 0.8024 0.6628 0.7448 0.6415 0.7160 0.8057 0.6812 0.8009 0.8011 0.6598 0.6436 0.7997 0.7445 0.8008 0.7379 0.7730 0.8029 0.6992 0.8389 0.7997 0.8369 0.7696 0.7730 0.7494 0.8390 0.5987 0.8371 0.8829 0.6540 0.8030 0.7730 0.8057 0.8032 0.7018 
0.6534 0.6418 0.6817 0.6653 0.7280 0.7045 0.7054 0.6779 0.8239 0.6870 0.7848 0.6208 0.6667 0.6154 0.6581 1.0000 0.6860 0.6417 0.7006 0.6045 0.7248 0.6647 0.6805 0.7051 0.6844 0.6203 0.7780 0.7280 0.7007 0.6645 0.7240 0.6871 0.6855 0.7014 0.6650 0.7280 0.7045 0.6857 0.6871 0.6472 0.6650 0.6472 0.7045 0.6812 0.7958 0.6855 0.7080 0.6647 0.6653 0.6315 
0.7390 0.8368 0.8405 0.8387 0.8444 0.8878 0.7393 0.7468 0.6745 0.8866 0.6820 0.6355 0.6834 0.7053 0.8024 0.6860 1.0000 0.6648 0.8030 0.6351 0.7974 0.8868 0.7531 0.8425 0.8381 0.6529 0.7062 0.8444 0.8030 0.8376 0.7433 0.8866 0.8876 0.6831 0.8865 0.8444 0.8878 0.8396 0.8866 0.7280 0.8864 0.6117 0.8878 0.8397 0.7189 0.8876 0.8871 0.8868 0.8051 0.7278 
0.5879 0.6439 0.6660 0.6663 0.6864 0.6652 0.6166 0.6265 0.6335 0.6657 0.6302 0.6102 0.5970 0.6900 0.6628 0.6417 0.6648 1.0000 0.6270 0.8189 0.6244 0.6648 0.6027 0.6667 0.7062 0.7958 0.6156 0.6864 0.6270 0.6848 0.6244 0.6657 0.6839 0.6278 0.6846 0.6864 0.6652 0.6856 0.6657 0.6509 0.6846 0.6077 0.6652 0.6854 0.6307 0.6839 0.6848 0.6648 0.6655 0.6497 
0.7388 0.7694 0.7721 0.7715 0.7490 0.7730 0.7468 0.8429 0.7092 0.7733 0.6964 0.6906 0.7134 0.6635 0.7448 0.7006 0.8030 0.6270 1.0000 0.6011 0.8379 0.8025 0.7616 0.7484 0.7715 0.6172 0.7078 0.7491 0.9987 0.7711 0.7747 0.7733 0.7738 0.7116 0.8027 0.7491 0.7731 0.7714 0.7733 0.6832 0.8025 0.6422 0.7730 0.7719 0.7206 0.7738 0.7732 0.8025 0.7238 0.6830 
0.5898 0.6211 0.6363 0.6578 0.6358 0.6357 0.5841 0.6054 0.6217 0.6558 0.5828 0.5987 0.5630 0.6436 0.6415 0.6045 0.6351 0.8189 0.6011 1.0000 0.5984 0.6361 0.5734 0.6575 0.6573 0.8849 0.6001 0.6358 0.6009 0.6765 0.5851 0.6556 0.6546 0.5960 0.6558 0.6358 0.6356 0.6341 0.6556 0.6101 0.6560 0.5746 0.6357 0.6575 0.6086 0.6547 0.6351 0.6361 0.6599 0.6056 
0.7703 0.7375 0.7408 0.7660 0.7717 0.7690 0.7489 0.7742 0.6897 0.7981 0.7196 0.6697 0.6936 0.6610 0.7160 0.7248 0.7974 0.6244 0.8379 0.5984 1.0000 0.7666 0.7636 0.7710 0.7659 0.6144 0.7096 0.7717 0.8379 0.7654 0.8079 0.7981 0.7697 0.6921 0.7671 0.7718 0.7690 0.7662 0.7981 0.6796 0.7670 0.6248 0.7689 0.7408 0.7225 0.7697 0.7979 0.7666 0.7439 0.6793 
0.7166 0.8870 0.8874 0.8839 0.8077 0.8406 0.7141 0.7484 0.6733 0.8400 0.6613 0.6353 0.7028 0.7047 0.8057 0.6647 0.8868 0.6648 0.8025 0.6361 0.7666 1.0000 0.7266 0.8063 0.8388 0.6539 0.6836 0.8077 0.8025 0.8381 0.7196 0.8400 0.8405 0.6818 0.8873 0.8077 0.8406 0.8838 0.8400 0.7280 0.8873 0.6113 0.8406 0.8404 0.6954 0.8405 0.8402 0.9998 0.7767 0.7517 
0.6879 0.7007 0.7039 0.7034 0.7088 0.7291 0.8682 0.7132 0.6646 0.7289 0.7181 0.6493 0.7970 0.6155 0.6812 0.6805 0.7531 0.6027 0.7616 0.5734 0.7636 0.7266 1.0000 0.7079 0.7034 0.5828 0.7418 0.7088 0.7616 0.7030 0.7165 0.7290 0.7296 0.7818 0.7268 0.7088 0.7292 0.7039 0.7289 0.6315 0.7267 0.6589 0.7291 0.7037 0.7478 0.7296 0.7290 0.7266 0.6852 0.6315 
0.7433 0.7718 0.8400 0.8446 0.8863 0.8857 0.6962 0.7235 0.6760 0.8920 0.6646 0.6557 0.6470 0.7066 0.8009 0.7051 0.8425 0.6667 0.7484 0.6575 0.7710 0.8063 0.7079 1.0000 0.8078 0.6765 0.6674 0.8863 0.7485 0.8437 0.7441 0.8920 0.8424 0.6844 0.8076 0.8863 0.8858 0.8075 0.8921 0.7536 0.8076 0.5801 0.8857 0.8409 0.6786 0.8424 0.8432 0.8064 0.8431 0.7294 
0.7162 0.7990 0.8053 0.8420 0.8439 0.8035 0.6918 0.7223 0.6742 0.8404 0.6800 0.6373 0.6618 0.7515 0.8011 0.6844 0.8381 0.7062 0.7715 0.6573 0.7659 0.8388 0.7034 0.8078 1.0000 0.6763 0.6633 0.8439 0.7715 0.8872 0.7409 0.8404 0.8043 0.6826 0.8863 0.8439 0.8035 0.8864 0.8404 0.7806 0.8863 0.6077 0.8035 0.8415 0.6744 0.8043 0.8844 0.8388 0.7762 0.7527 
0.6056 0.6384 0.6541 0.6768 0.6535 0.6534 0.5895 0.6218 0.6372 0.6746 0.5897 0.6066 0.5704 0.6618 0.6598 0.6203 0.6529 0.7958 0.6172 0.8849 0.6144 0.6539 0.5828 0.6765 0.6763 1.0000 0.6051 0.6535 0.6171 0.6967 0.6006 0.6745 0.6735 0.6017 0.6747 0.6535 0.6534 0.6517 0.6745 0.6267 0.6749 0.5790 0.6534 0.6765 0.6134 0.6736 0.6528 0.6539 0.6791 0.6219 
0.6465 0.6612 0.6639 0.6633 0.6684 0.6859 0.7811 0.6671 0.7659 0.6856 0.7559 0.6055 0.7046 0.5839 0.6436 0.7780 0.7062 0.6156 0.7078 0.6001 0.7096 0.6836 0.7418 0.6674 0.6633 0.6051 1.0000 0.6684 0.7078 0.6628 0.6699 0.6856 0.6861 0.7065 0.6835 0.6684 0.6859 0.6639 0.6856 0.5985 0.6835 0.6614 0.6859 0.6636 0.9099 0.6860 0.6859 0.6836 0.6470 0.5985 
0.7173 0.7730 0.8406 0.8084 0.9982 0.8863 0.6970 0.7233 0.6754 0.8452 0.6851 0.6373 0.6476 0.7293 0.7997 0.7280 0.8444 0.6864 0.7491 0.6358 0.7717 0.8077 0.7088 0.8863 0.8439 0.6535 0.6684 1.0000 0.7492 0.8070 0.7709 0.8453 0.8425 0.6836 0.8080 0.9998 0.8863 0.8463 0.8453 0.7790 0.8080 0.5804 0.8863 0.8395 0.6797 0.8424 0.8938 0.8078 0.8073 0.7540 
0.7384 0.7691 0.7721 0.7715 0.7491 0.7730 0.7468 0.8426 0.7092 0.7733 0.6964 0.6907 0.7134 0.6636 0.7445 0.7007 0.8030 0.6270 0.9987 0.6009 0.8379 0.8025 0.7616 0.7485 0.7715 0.6171 0.7078 0.7492 1.0000 0.7711 0.7745 0.7733 0.7738 0.7117 0.8027 0.7492 0.7731 0.7715 0.7733 0.6832 0.8025 0.6420 0.7730 0.7719 0.7206 0.7738 0.7732 0.8025 0.7237 0.6830 
0.7394 0.7981 0.8045 0.8882 0.8070 0.8031 0.6915 0.7218 0.6739 0.8858 0.6603 0.6550 0.6615 0.7268 0.8008 0.6645 0.8376 0.6848 0.7711 0.6765 0.7654 0.8381 0.7030 0.8437 0.8872 0.6967 0.6628 0.8070 0.7711 1.0000 0.7168 0.8858 0.8039 0.6825 0.8859 0.8070 0.8032 0.8392 0.8858 0.7538 0.8859 0.6073 0.8031 0.8413 0.6739 0.8039 0.8380 0.8381 0.8055 0.7282 
0.7416 0.7368 0.7179 0.7174 0.7709 0.7436 0.7042 0.8013 0.6702 0.7441 0.7001 0.6503 0.6577 0.6611 0.7379 0.7240 0.7433 0.6244 0.7747 0.5851 0.8079 0.7196 0.7165 0.7441 0.7409 0.6006 0.6699 0.7709 0.7745 0.7168 1.0000 0.7442 0.7441 0.6728 0.7188 0.7710 0.7436 0.7406 0.7441 0.6796 0.7187 0.5975 0.7436 0.7176 0.6812 0.7442 0.7710 0.7196 0.7676 0.6789 
0.7669 0.8008 0.8054 0.8870 0.8453 0.8412 0.7163 0.7237 0.6571 0.9977 0.6825 0.6548 0.6642 0.7058 0.7730 0.6871 0.8866 0.6657 0.7733 0.6556 0.7981 0.8400 0.7290 0.8920 0.8404 0.6745 0.6856 0.8453 0.7733 0.8858 0.7442 1.0000 0.8417 0.6652 0.8411 0.8453 0.8412 0.8404 0.9995 0.7295 0.8411 0.5949 0.8412 0.8058 0.6975 0.8417 0.8871 0.8400 0.8425 0.7287 
0.7192 0.8016 0.8404 0.8048 0.8425 0.8879 0.7169 0.7734 0.6755 0.8417 0.6635 0.6540 0.6647 0.7269 0.8029 0.6855 0.8876 0.6839 0.7738 0.6546 0.7697 0.8405 0.7296 0.8424 0.8043 0.6735 0.6861 0.8425 0.7738 0.8039 0.7441 0.8417 1.0000 0.6841 0.8410 0.8425 0.8880 0.8044 0.8417 0.7287 0.8410 0.5959 0.8879 0.8405 0.6980 0.9995 0.8411 0.8405 0.8411 0.7519 
0.6324 0.6587 0.7019 0.6635 0.6836 0.7037 0.8019 0.6904 0.7288 0.6652 0.7194 0.6344 0.8228 0.6145 0.6992 0.7014 0.6831 0.6278 0.7116 0.5960 0.6921 0.6818 0.7818 0.6844 0.6826 0.6017 0.7065 0.6836 0.7117 0.6825 0.6728 0.6652 0.6841 1.0000 0.7030 0.6837 0.7037 0.6629 0.6652 0.6480 0.7030 0.7277 0.7037 0.7242 0.7303 0.6841 0.6645 0.6819 0.6464 0.6137 
0.7171 0.8374 0.8414 0.8409 0.8080 0.8405 0.7143 0.7475 0.6938 0.8411 0.6614 0.6366 0.6824 0.7272 0.8389 0.6650 0.8865 0.6846 0.8027 0.6558 0.7671 0.8873 0.7268 0.8076 0.8863 0.6747 0.6835 0.8080 0.8027 0.8859 0.7188 0.8411 0.8410 0.7030 1.0000 0.8080 0.8405 0.8398 0.8411 0.7532 0.9977 0.6267 0.8405 0.8878 0.6953 0.8411 0.8403 0.8873 0.7763 0.7283 
0.7173 0.7730 0.8406 0.8084 0.9982 0.8863 0.6970 0.7234 0.6755 0.8452 0.6852 0.6373 0.6476 0.7293 0.7997 0.7280 0.8444 0.6864 0.7491 0.6358 0.7718 0.8077 0.7088 0.8863 0.8439 0.6535 0.6684 0.9998 0.7492 0.8070 0.7710 0.8453 0.8425 0.6837 0.8080 1.0000 0.8863 0.8463 0.8453 0.7790 0.8080 0.5805 0.8863 0.8395 0.6797 0.8425 0.8938 0.8078 0.8073 0.7540 
0.7165 0.8016 0.8862 0.8041 0.8863 0.9976 0.7165 0.7465 0.6948 0.8412 0.6633 0.6356 0.6643 0.7055 0.8369 0.7045 0.8878 0.6652 0.7731 0.6356 0.7690 0.8406 0.7292 0.8858 0.8035 0.6534 0.6859 0.8863 0.7731 0.8032 0.7436 0.8412 0.8880 0.7037 0.8405 0.8863 1.0000 0.8047 0.8412 0.7520 0.8404 0.5958 0.9977 0.8852 0.6978 0.8879 0.8413 0.8406 0.8055 0.7278 
0.7121 0.8312 0.8410 0.8852 0.8463 0.8047 0.6924 0.7207 0.6550 0.8403 0.6809 0.6364 0.6805 0.7276 0.7696 0.6857 0.8396 0.6856 0.7714 0.6341 0.7662 0.8838 0.7039 0.8075 0.8864 0.6517 0.6639 0.8463 0.7715 0.8392 0.7406 0.8404 0.8044 0.6629 0.8398 0.8463 0.8047 1.0000 0.8404 0.7527 0.8397 0.5916 0.8047 0.8050 0.6750 0.8043 0.8869 0.8839 0.7749 0.7794 
0.7669 0.8008 0.8054 0.8870 0.8453 0.8412 0.7163 0.7236 0.6571 0.9977 0.6825 0.6548 0.6642 0.7058 0.7730 0.6871 0.8866 0.6657 0.7733 0.6556 0.7981 0.8400 0.7289 0.8921 0.8404 0.6745 0.6856 0.8453 0.7733 0.8858 0.7441 0.9995 0.8417 0.6652 0.8411 0.8453 0.8412 0.8404 1.0000 0.7295 0.8410 0.5948 0.8412 0.8058 0.6975 0.8417 0.8871 0.8400 0.8425 0.7287 
0.6421 0.7023 0.7527 0.7299 0.7790 0.7520 0.6221 0.6640 0.6403 0.7295 0.6123 0.5911 0.5970 0.8394 0.7494 0.6472 0.7280 0.6509 0.6832 0.6101 0.6796 0.7280 0.6315 0.7536 0.7806 0.6267 0.5985 0.7790 0.6832 0.7538 0.6796 0.7295 0.7287 0.6480 0.7532 0.7790 0.7520 0.7527 0.7295 1.0000 0.7532 0.5506 0.7520 0.7804 0.6077 0.7287 0.7526 0.7280 0.7080 0.8412 
0.7171 0.8375 0.8413 0.8409 0.8080 0.8405 0.7142 0.7474 0.6938 0.8411 0.6614 0.6365 0.6823 0.7272 0.8390 0.6650 0.8864 0.6846 0.8025 0.6560 0.7670 0.8873 0.7267 0.8076 0.8863 0.6749 0.6835 0.8080 0.8025 0.8859 0.7187 0.8411 0.8410 0.7030 0.9977 0.8080 0.8404 0.8397 0.8410 0.7532 1.0000 0.6267 0.8405 0.8878 0.6953 0.8410 0.8403 0.8873 0.7763 0.7283 
0.5740 0.5987 0.5938 0.5921 0.5804 0.5958 0.7207 0.6128 0.6682 0.5949 0.7195 0.5822 0.7477 0.5672 0.5987 0.6472 0.6117 0.6077 0.6422 0.5746 0.6248 0.6113 0.6589 0.5801 0.6077 0.5790 0.6614 0.5804 0.6420 0.6073 0.5975 0.5949 0.5959 0.7277 0.6267 0.5805 0.5958 0.5916 0.5948 0.5506 0.6267 1.0000 0.5958 0.6091 0.6992 0.5960 0.5952 0.6113 0.5678 0.5361 
0.7166 0.8017 0.8862 0.8041 0.8863 0.9997 0.7164 0.7465 0.6947 0.8412 0.6633 0.6356 0.6642 0.7055 0.8371 0.7045 0.8878 0.6652 0.7730 0.6357 0.7689 0.8406 0.7291 0.8857 0.8035 0.6534 0.6859 0.8863 0.7730 0.8031 0.7436 0.8412 0.8879 0.7037 0.8405 0.8863 0.9977 0.8047 0.8412 0.7520 0.8405 0.5958 1.0000 0.8852 0.6978 0.8879 0.8413 0.8406 0.8055 0.7278 
0.6955 0.8014 0.8870 0.8064 0.8395 0.8852 0.6921 0.7462 0.7146 0.8059 0.6429 0.6366 0.6622 0.7276 0.8829 0.6812 0.8397 0.6854 0.7719 0.6575 0.7408 0.8404 0.7037 0.8409 0.8415 0.6765 0.6636 0.8395 0.7719 0.8413 0.7176 0.8058 0.8405 0.7242 0.8878 0.8395 0.8852 0.8050 0.8058 0.7804 0.8878 0.6091 0.8852 1.0000 0.6747 0.8405 0.8048 0.8404 0.7764 0.7285 
0.6569 0.6722 0.6750 0.6744 0.6796 0.6978 0.7996 0.6783 0.7814 0.6975 0.8027 0.6106 0.7338 0.5929 0.6540 0.7958 0.7189 0.6307 0.7206 0.6086 0.7225 0.6954 0.7478 0.6786 0.6744 0.6134 0.9099 0.6797 0.7206 0.6739 0.6812 0.6975 0.6980 0.7303 0.6953 0.6797 0.6978 0.6750 0.6975 0.6077 0.6953 0.6992 0.6978 0.6747 1.0000 0.6980 0.6978 0.6954 0.6575 0.6077 
0.7193 0.8017 0.8404 0.8048 0.8424 0.8879 0.7169 0.7734 0.6755 0.8416 0.6635 0.6540 0.6648 0.7269 0.8030 0.6855 0.8876 0.6839 0.7738 0.6547 0.7697 0.8405 0.7296 0.8424 0.8043 0.6736 0.6860 0.8424 0.7738 0.8039 0.7442 0.8417 0.9995 0.6841 0.8411 0.8425 0.8879 0.8043 0.8417 0.7287 0.8410 0.5960 0.8879 0.8405 0.6980 1.0000 0.8411 0.8405 0.8412 0.7519 
0.7392 0.8019 0.8056 0.8394 0.8938 0.8413 0.7164 0.7238 0.6566 0.8871 0.7033 0.6361 0.6642 0.7281 0.7730 0.7080 0.8871 0.6848 0.7732 0.6351 0.7979 0.8402 0.7290 0.8432 0.8844 0.6528 0.6859 0.8938 0.7732 0.8380 0.7710 0.8871 0.8411 0.6645 0.8403 0.8938 0.8413 0.8869 0.8871 0.7526 0.8403 0.5952 0.8413 0.8048 0.6978 0.8411 1.0000 0.8403 0.8070 0.7526 
0.7165 0.8869 0.8874 0.8839 0.8078 0.8406 0.7141 0.7484 0.6733 0.8400 0.6613 0.6353 0.7028 0.7048 0.8057 0.6647 0.8868 0.6648 0.8025 0.6361 0.7666 0.9998 0.7266 0.8064 0.8388 0.6539 0.6836 0.8078 0.8025 0.8381 0.7196 0.8400 0.8405 0.6819 0.8873 0.8078 0.8406 0.8839 0.8400 0.7280 0.8873 0.6113 0.8406 0.8404 0.6954 0.8405 0.8403 1.0000 0.7767 0.7517 
0.7437 0.8013 0.7759 0.8062 0.8073 0.8055 0.6742 0.7718 0.6385 0.8426 0.6452 0.6540 0.6297 0.7056 0.8032 0.6653 0.8051 0.6655 0.7238 0.6599 0.7439 0.7767 0.6852 0.8431 0.7762 0.6791 0.6470 0.8073 0.7237 0.8055 0.7676 0.8425 0.8411 0.6464 0.7763 0.8073 0.8055 0.7749 0.8425 0.7080 0.7763 0.5678 0.8055 0.7764 0.6575 0.8412 0.8070 0.7767 1.0000 0.7282 
0.6402 0.7228 0.7526 0.7526 0.7540 0.7278 0.6221 0.6816 0.6067 0.7287 0.6125 0.6059 0.6126 0.8382 0.7018 0.6315 0.7278 0.6497 0.6830 0.6056 0.6793 0.7517 0.6315 0.7294 0.7527 0.6219 0.5985 0.7540 0.6830 0.7282 0.6789 0.7287 0.7519 0.6137 0.7283 0.7540 0.7278 0.7794 0.7287 0.8412 0.7283 0.5361 0.7278 0.7285 0.6077 0.7519 0.7526 0.7517 0.7282 1.0000 
