
Using the parameter settings in the file: 
''1763151095/clumpp.paramfile''

Parameter settings
----------------------- Main parameters -------------------------
DATATYPE = 0
INDFILE = 1763151095/ClumppIndFile
POPFILE = 
OUTFILE = 1763151095/ClumppIndFile.output
MISCFILE = 1763151095/ClumppIndFile.misc
K = 3
C = 76
R = 39
M = 3
W = 0
S = 2
- Additional options for the Greedy and LargeKGreedy algorithms -
GREEDY_OPTION = 2
REPEATS = 2000
PERMUTATIONFILE = 
----------------------- Optional outputs ------------------------
PRINT_PERMUTED_DATA = 0
PERMUTED_DATAFILE = 
PRINT_EVERY_PERM = 0
EVERY_PERMFILE = 
PRINT_RANDOM_INPUTORDER = 0
RANDOM_INPUTORDERFILE = 
----------------------- Advanced options ------------------------
OVERRIDE_WARNINGS = 0
ORDER_BY_RUN = 1


In total, 2000 configurations of runs and clusters will be tested.

Results
------------------------------
The highest value of H' is: 0.69197262812070

The list of permutations of the clusters that produces that
H' value is (runs are listed sequentially on separate rows)

1 2 3 
1 2 3 
2 1 3 
2 3 1 
2 3 1 
2 3 1 
3 2 1 
3 2 1 
3 1 2 
1 2 3 
1 2 3 
3 1 2 
1 3 2 
2 1 3 
2 3 1 
3 2 1 
1 3 2 
2 1 3 
3 1 2 
3 2 1 
1 2 3 
2 3 1 
2 1 3 
1 3 2 
2 3 1 
1 3 2 
1 3 2 
1 3 2 
1 2 3 
1 2 3 
3 2 1 
2 1 3 
1 3 2 
1 3 2 
2 1 3 
3 2 1 
1 3 2 
1 3 2 
3 1 2 

The pairwise G' values for each pair of runs where the clusters
of each run are permuted according to the list of permutations above

1.0000 0.6554 0.6581 0.7578 0.7005 0.6488 0.6600 0.7624 0.6085 0.6729 0.6602 0.5969 0.6116 0.7942 0.7407 0.6387 0.6719 0.6902 0.6474 0.6862 0.6897 0.5359 0.7674 0.6600 0.6549 0.7120 0.6847 0.6860 0.6858 0.6721 0.6107 0.6703 0.6843 0.6610 0.6125 0.7595 0.5964 0.7471 0.6649 
0.6554 1.0000 0.7265 0.6632 0.7867 0.7214 0.7652 0.6755 0.6321 0.7342 0.7653 0.6070 0.7060 0.7097 0.6616 0.6213 0.7183 0.7750 0.7186 0.6640 0.8349 0.5048 0.6495 0.7652 0.6568 0.7371 0.8489 0.8496 0.8495 0.9036 0.6489 0.7347 0.6875 0.7617 0.6092 0.7536 0.6587 0.7271 0.6244 
0.6581 0.7265 1.0000 0.6926 0.7161 0.7717 0.7832 0.6919 0.6817 0.7508 0.7833 0.6806 0.6980 0.7135 0.7241 0.7187 0.6592 0.7638 0.7900 0.7170 0.7407 0.5383 0.6783 0.7832 0.6704 0.6675 0.7507 0.7514 0.7513 0.7376 0.6901 0.8229 0.7177 0.7699 0.6986 0.6790 0.6606 0.7343 0.6907 
0.7578 0.6632 0.6926 1.0000 0.6674 0.6957 0.6966 0.7355 0.6341 0.6798 0.6968 0.6212 0.6715 0.7386 0.7155 0.6904 0.6179 0.7468 0.6681 0.7226 0.6766 0.5883 0.6724 0.6966 0.6794 0.6599 0.6788 0.6799 0.6798 0.6739 0.6195 0.7138 0.7408 0.6976 0.6234 0.6843 0.6364 0.7020 0.6431 
0.7005 0.7867 0.7161 0.6674 1.0000 0.6598 0.7523 0.6975 0.6223 0.7266 0.7524 0.5988 0.6538 0.7065 0.6671 0.6207 0.7286 0.7266 0.7106 0.6814 0.8261 0.4740 0.6811 0.7523 0.6402 0.7951 0.8311 0.8322 0.8321 0.8135 0.6485 0.7324 0.6892 0.7342 0.6179 0.7595 0.6249 0.7334 0.6900 
0.6488 0.7214 0.7717 0.6957 0.6598 1.0000 0.7156 0.6811 0.6716 0.7090 0.7157 0.7288 0.6987 0.7263 0.7174 0.7071 0.6305 0.7388 0.7490 0.6713 0.6914 0.6067 0.6478 0.7156 0.6468 0.6482 0.6988 0.6995 0.6994 0.7014 0.6728 0.7675 0.6976 0.7323 0.6972 0.6587 0.6811 0.6926 0.6341 
0.6600 0.7652 0.7832 0.6966 0.7523 0.7156 1.0000 0.6803 0.6260 0.8360 0.9998 0.6061 0.6913 0.7224 0.6942 0.6190 0.6571 0.7908 0.7395 0.6819 0.7965 0.4784 0.6985 0.9997 0.6794 0.6738 0.8396 0.8392 0.8392 0.8001 0.6582 0.8334 0.7329 0.8279 0.6225 0.7086 0.6352 0.8111 0.6591 
0.7624 0.6755 0.6919 0.7355 0.6975 0.6811 0.6803 1.0000 0.6107 0.6522 0.6804 0.6220 0.6512 0.8034 0.8019 0.6319 0.6096 0.7279 0.6686 0.7691 0.6983 0.5230 0.7324 0.6803 0.6290 0.6914 0.6893 0.6906 0.6904 0.6868 0.6373 0.6944 0.6648 0.6920 0.6194 0.7661 0.6303 0.7802 0.6504 
0.6085 0.6321 0.6817 0.6341 0.6223 0.6716 0.6260 0.6107 1.0000 0.6796 0.6261 0.6993 0.7554 0.6285 0.6285 0.7570 0.6757 0.6699 0.6229 0.6321 0.6341 0.6511 0.6592 0.6260 0.7104 0.6191 0.6168 0.6180 0.6178 0.6307 0.7800 0.6492 0.6937 0.6858 0.7513 0.5828 0.8045 0.6008 0.6985 
0.6729 0.7342 0.7508 0.6798 0.7266 0.7090 0.8360 0.6522 0.6796 1.0000 0.8361 0.6147 0.7394 0.6996 0.6695 0.6623 0.6942 0.7540 0.7089 0.6563 0.7599 0.5388 0.7102 0.8360 0.6893 0.6702 0.7821 0.7822 0.7822 0.7609 0.7017 0.7769 0.7216 0.7936 0.6497 0.6769 0.6900 0.7504 0.7075 
0.6602 0.7653 0.7833 0.6968 0.7524 0.7157 0.9998 0.6804 0.6261 0.8361 1.0000 0.6062 0.6914 0.7225 0.6944 0.6192 0.6572 0.7909 0.7396 0.6820 0.7966 0.4785 0.6986 0.9996 0.6795 0.6739 0.8397 0.8392 0.8393 0.8002 0.6584 0.8335 0.7330 0.8280 0.6227 0.7087 0.6353 0.8111 0.6593 
0.5969 0.6070 0.6806 0.6212 0.5988 0.7288 0.6061 0.6220 0.6993 0.6147 0.6062 1.0000 0.6438 0.6141 0.6486 0.6793 0.5862 0.6421 0.6495 0.6251 0.5918 0.5851 0.6160 0.6060 0.6244 0.5891 0.5947 0.5958 0.5956 0.6024 0.7118 0.6660 0.7207 0.6369 0.7516 0.5694 0.6819 0.5922 0.6525 
0.6116 0.7060 0.6980 0.6715 0.6538 0.6987 0.6913 0.6512 0.7554 0.7394 0.6914 0.6438 1.0000 0.6664 0.6612 0.6825 0.6581 0.7357 0.6522 0.6614 0.7032 0.6395 0.6341 0.6913 0.6920 0.6209 0.6721 0.6731 0.6729 0.7043 0.7371 0.6887 0.6793 0.7283 0.6730 0.6350 0.8203 0.6599 0.6792 
0.7942 0.7097 0.7135 0.7386 0.7065 0.7263 0.7224 0.8034 0.6285 0.6996 0.7225 0.6141 0.6664 1.0000 0.7925 0.6508 0.6524 0.7658 0.6891 0.7184 0.7326 0.5391 0.7596 0.7224 0.6659 0.7007 0.7333 0.7342 0.7341 0.7275 0.6353 0.7243 0.6668 0.7194 0.6107 0.8039 0.6508 0.8299 0.6502 
0.7407 0.6616 0.7241 0.7155 0.6671 0.7174 0.6942 0.8019 0.6285 0.6695 0.6944 0.6486 0.6612 0.7925 1.0000 0.6538 0.6030 0.7183 0.7004 0.6938 0.6760 0.5502 0.7419 0.6942 0.6619 0.6410 0.6755 0.6765 0.6764 0.6750 0.6606 0.7331 0.6716 0.6954 0.6683 0.7218 0.6357 0.7903 0.6385 
0.6387 0.6213 0.7187 0.6904 0.6207 0.7071 0.6190 0.6319 0.7570 0.6623 0.6192 0.6793 0.6825 0.6508 0.6538 1.0000 0.6517 0.6752 0.6447 0.6667 0.6229 0.6526 0.6481 0.6190 0.6855 0.6377 0.6112 0.6125 0.6123 0.6207 0.6997 0.6717 0.6746 0.6626 0.7256 0.5900 0.7133 0.6029 0.7014 
0.6719 0.7183 0.6592 0.6179 0.7286 0.6305 0.6571 0.6096 0.6757 0.6942 0.6572 0.5862 0.6581 0.6524 0.6030 0.6517 1.0000 0.6627 0.6429 0.6116 0.7421 0.5473 0.6450 0.6571 0.7219 0.7374 0.7251 0.7263 0.7261 0.7248 0.6619 0.6463 0.6514 0.6830 0.6473 0.6749 0.6481 0.6346 0.6688 
0.6902 0.7750 0.7638 0.7468 0.7266 0.7388 0.7908 0.7279 0.6699 0.7540 0.7909 0.6421 0.7357 0.7658 0.7183 0.6752 0.6627 1.0000 0.7196 0.7304 0.7512 0.5506 0.6906 0.7908 0.6883 0.6823 0.7638 0.7644 0.7643 0.7947 0.6669 0.7809 0.7117 0.7754 0.6446 0.7076 0.6871 0.7534 0.6517 
0.6474 0.7186 0.7900 0.6681 0.7106 0.7490 0.7395 0.6686 0.6229 0.7089 0.7396 0.6495 0.6522 0.6891 0.7004 0.6447 0.6429 0.7196 1.0000 0.6420 0.7318 0.5263 0.6465 0.7395 0.6267 0.6550 0.7480 0.7485 0.7484 0.7348 0.6363 0.7753 0.6792 0.7216 0.6669 0.6797 0.6068 0.7077 0.6204 
0.6862 0.6640 0.7170 0.7226 0.6814 0.6713 0.6819 0.7691 0.6321 0.6563 0.6820 0.6251 0.6614 0.7184 0.6938 0.6667 0.6116 0.7304 0.6420 1.0000 0.6790 0.5348 0.6689 0.6819 0.6277 0.6821 0.6721 0.6732 0.6731 0.6698 0.6620 0.6920 0.6644 0.6951 0.6168 0.6747 0.6566 0.6934 0.7023 
0.6897 0.8349 0.7407 0.6766 0.8261 0.6914 0.7965 0.6983 0.6341 0.7599 0.7966 0.5918 0.7032 0.7326 0.6760 0.6229 0.7421 0.7512 0.7318 0.6790 1.0000 0.4925 0.6760 0.7964 0.6718 0.7547 0.8951 0.8960 0.8958 0.8615 0.6552 0.7571 0.6896 0.7792 0.6177 0.7779 0.6429 0.7627 0.6575 
0.5359 0.5048 0.5383 0.5883 0.4740 0.6067 0.4784 0.5230 0.6511 0.5388 0.4785 0.5851 0.6395 0.5391 0.5502 0.6526 0.5473 0.5506 0.5263 0.5348 0.4925 1.0000 0.5117 0.4784 0.5886 0.4943 0.4784 0.4796 0.4794 0.4963 0.5804 0.5261 0.5495 0.5341 0.6215 0.4801 0.6543 0.4727 0.5439 
0.7674 0.6495 0.6783 0.6724 0.6811 0.6478 0.6985 0.7324 0.6592 0.7102 0.6986 0.6160 0.6341 0.7596 0.7419 0.6481 0.6450 0.6906 0.6465 0.6689 0.6760 0.5117 1.0000 0.6985 0.6817 0.6913 0.6803 0.6811 0.6809 0.6743 0.6656 0.6864 0.7030 0.6881 0.6539 0.7215 0.6451 0.7831 0.6827 
0.6600 0.7652 0.7832 0.6966 0.7523 0.7156 0.9997 0.6803 0.6260 0.8360 0.9996 0.6060 0.6913 0.7224 0.6942 0.6190 0.6571 0.7908 0.7395 0.6819 0.7964 0.4784 0.6985 1.0000 0.6794 0.6738 0.8396 0.8391 0.8392 0.8001 0.6582 0.8334 0.7329 0.8279 0.6225 0.7086 0.6352 0.8110 0.6591 
0.6549 0.6568 0.6704 0.6794 0.6402 0.6468 0.6794 0.6290 0.7104 0.6893 0.6795 0.6244 0.6920 0.6659 0.6619 0.6855 0.7219 0.6883 0.6267 0.6277 0.6718 0.5886 0.6817 0.6794 1.0000 0.6210 0.6634 0.6642 0.6641 0.6635 0.7020 0.6620 0.7121 0.6947 0.6921 0.6365 0.7011 0.6644 0.6720 
0.7120 0.7371 0.6675 0.6599 0.7951 0.6482 0.6738 0.6914 0.6191 0.6702 0.6739 0.5891 0.6209 0.7007 0.6410 0.6377 0.7374 0.6823 0.6550 0.6821 0.7547 0.4943 0.6913 0.6738 0.6210 1.0000 0.7481 0.7494 0.7491 0.7414 0.6307 0.6722 0.6640 0.7171 0.5996 0.7339 0.6143 0.6845 0.6757 
0.6847 0.8489 0.7507 0.6788 0.8311 0.6988 0.8396 0.6893 0.6168 0.7821 0.8397 0.5947 0.6721 0.7333 0.6755 0.6112 0.7251 0.7638 0.7480 0.6721 0.8951 0.4784 0.6803 0.8396 0.6634 0.7481 1.0000 0.9975 0.9979 0.8941 0.6429 0.7843 0.7051 0.7911 0.6096 0.7836 0.6237 0.7818 0.6448 
0.6860 0.8496 0.7514 0.6799 0.8322 0.6995 0.8392 0.6906 0.6180 0.7822 0.8392 0.5958 0.6731 0.7342 0.6765 0.6125 0.7263 0.7644 0.7485 0.6732 0.8960 0.4796 0.6811 0.8391 0.6642 0.7494 0.9975 1.0000 0.9997 0.8947 0.6441 0.7846 0.7059 0.7915 0.6107 0.7844 0.6248 0.7821 0.6461 
0.6858 0.8495 0.7513 0.6798 0.8321 0.6994 0.8392 0.6904 0.6178 0.7822 0.8393 0.5956 0.6729 0.7341 0.6764 0.6123 0.7261 0.7643 0.7484 0.6731 0.8958 0.4794 0.6809 0.8392 0.6641 0.7491 0.9979 0.9997 1.0000 0.8947 0.6439 0.7846 0.7058 0.7915 0.6106 0.7843 0.6247 0.7821 0.6459 
0.6721 0.9036 0.7376 0.6739 0.8135 0.7014 0.8001 0.6868 0.6307 0.7609 0.8002 0.6024 0.7043 0.7275 0.6750 0.6207 0.7248 0.7947 0.7348 0.6698 0.8615 0.4963 0.6743 0.8001 0.6635 0.7414 0.8941 0.8947 0.8947 1.0000 0.6487 0.7602 0.6968 0.7753 0.6149 0.7741 0.6540 0.7595 0.6420 
0.6107 0.6489 0.6901 0.6195 0.6485 0.6728 0.6582 0.6373 0.7800 0.7017 0.6584 0.7118 0.7371 0.6353 0.6606 0.6997 0.6619 0.6669 0.6363 0.6620 0.6552 0.5804 0.6656 0.6582 0.7020 0.6307 0.6429 0.6441 0.6439 0.6487 1.0000 0.6670 0.7194 0.6790 0.7720 0.5971 0.7764 0.6323 0.7529 
0.6703 0.7347 0.8229 0.7138 0.7324 0.7675 0.8334 0.6944 0.6492 0.7769 0.8335 0.6660 0.6887 0.7243 0.7331 0.6717 0.6463 0.7809 0.7753 0.6920 0.7571 0.5261 0.6864 0.8334 0.6620 0.6722 0.7843 0.7846 0.7846 0.7602 0.6670 1.0000 0.7315 0.7905 0.6710 0.6933 0.6405 0.7661 0.6602 
0.6843 0.6875 0.7177 0.7408 0.6892 0.6976 0.7329 0.6648 0.6937 0.7216 0.7330 0.7207 0.6793 0.6668 0.6716 0.6746 0.6514 0.7117 0.6792 0.6644 0.6896 0.5495 0.7030 0.7329 0.7121 0.6640 0.7051 0.7059 0.7058 0.6968 0.7194 0.7315 1.0000 0.7305 0.7138 0.6485 0.6900 0.6899 0.6881 
0.6610 0.7617 0.7699 0.6976 0.7342 0.7323 0.8279 0.6920 0.6858 0.7936 0.8280 0.6369 0.7283 0.7194 0.6954 0.6626 0.6830 0.7754 0.7216 0.6951 0.7792 0.5341 0.6881 0.8279 0.6947 0.7171 0.7911 0.7915 0.7915 0.7753 0.6790 0.7905 0.7305 1.0000 0.6503 0.7001 0.6941 0.7595 0.6769 
0.6125 0.6092 0.6986 0.6234 0.6179 0.6972 0.6225 0.6194 0.7513 0.6497 0.6227 0.7516 0.6730 0.6107 0.6683 0.7256 0.6473 0.6446 0.6669 0.6168 0.6177 0.6215 0.6539 0.6225 0.6921 0.5996 0.6096 0.6107 0.6106 0.6149 0.7720 0.6710 0.7138 0.6503 1.0000 0.5746 0.7003 0.6031 0.6961 
0.7595 0.7536 0.6790 0.6843 0.7595 0.6587 0.7086 0.7661 0.5828 0.6769 0.7087 0.5694 0.6350 0.8039 0.7218 0.5900 0.6749 0.7076 0.6797 0.6747 0.7779 0.4801 0.7215 0.7086 0.6365 0.7339 0.7836 0.7844 0.7843 0.7741 0.5971 0.6933 0.6485 0.7001 0.5746 1.0000 0.5939 0.8103 0.6224 
0.5964 0.6587 0.6606 0.6364 0.6249 0.6811 0.6352 0.6303 0.8045 0.6900 0.6353 0.6819 0.8203 0.6508 0.6357 0.7133 0.6481 0.6871 0.6068 0.6566 0.6429 0.6543 0.6451 0.6352 0.7011 0.6143 0.6237 0.6248 0.6247 0.6540 0.7764 0.6405 0.6900 0.6941 0.7003 0.5939 1.0000 0.6157 0.7145 
0.7471 0.7271 0.7343 0.7020 0.7334 0.6926 0.8111 0.7802 0.6008 0.7504 0.8111 0.5922 0.6599 0.8299 0.7903 0.6029 0.6346 0.7534 0.7077 0.6934 0.7627 0.4727 0.7831 0.8110 0.6644 0.6845 0.7818 0.7821 0.7821 0.7595 0.6323 0.7661 0.6899 0.7595 0.6031 0.8103 0.6157 1.0000 0.6496 
0.6649 0.6244 0.6907 0.6431 0.6900 0.6341 0.6591 0.6504 0.6985 0.7075 0.6593 0.6525 0.6792 0.6502 0.6385 0.7014 0.6688 0.6517 0.6204 0.7023 0.6575 0.5439 0.6827 0.6591 0.6720 0.6757 0.6448 0.6461 0.6459 0.6420 0.7529 0.6602 0.6881 0.6769 0.6961 0.6224 0.7145 0.6496 1.0000 
