1.0000 0.4989 0.5812 0.6831 0.5116 0.5182 0.5542 0.6336 0.4834 0.6300 0.5961 0.5232 0.5753 0.6186 0.5564 0.5630 0.6128 0.5944 0.5756 0.5923 0.6540 0.5460 0.5286 0.5124 0.5469 0.5205 0.6597 0.6457 0.5578 0.5435 0.5187 0.6070 0.5469 0.5164 0.5449 0.5671 0.5618 0.6258 0.5376 0.6201 0.4360 0.5901 0.5652 0.5751 0.6358 0.5404 0.6238 0.6212 0.5915 0.5397
0.4989 1.0000 0.4423 0.4692 0.4899 0.6777 0.6070 0.4606 0.4971 0.4736 0.4033 0.4250 0.4728 0.5982 0.4505 0.4658 0.5838 0.4577 0.5489 0.5459 0.4483 0.5588 0.4532 0.5570 0.4636 0.4586 0.5056 0.5126 0.4570 0.5493 0.4510 0.4905 0.4432 0.5193 0.5921 0.5664 0.5316 0.5436 0.5043 0.5185 0.6775 0.4594 0.4888 0.5835 0.5323 0.4369 0.5387 0.6173 0.4314 0.4433
0.5812 0.4423 1.0000 0.6389 0.5002 0.4559 0.5184 0.6437 0.6021 0.5814 0.5988 0.4955 0.5619 0.5312 0.6197 0.6308 0.5942 0.6052 0.5851 0.5267 0.6852 0.5786 0.5304 0.5083 0.6083 0.5908 0.5781 0.5746 0.5733 0.5506 0.6406 0.5900 0.5554 0.5174 0.4972 0.5290 0.5448 0.5640 0.5342 0.6159 0.4096 0.6075 0.6314 0.4672 0.5210 0.5798 0.5286 0.5331 0.6841 0.6403
0.6831 0.4692 0.6389 1.0000 0.4796 0.4864 0.5275 0.7278 0.5160 0.6248 0.6077 0.5181 0.5417 0.5616 0.6302 0.5629 0.6367 0.6392 0.6125 0.5918 0.7939 0.5850 0.5331 0.4611 0.5747 0.5552 0.5867 0.6053 0.5621 0.5150 0.5209 0.6481 0.5702 0.4491 0.4857 0.5592 0.5357 0.6494 0.5456 0.6126 0.4246 0.6579 0.5845 0.4842 0.5538 0.6133 0.5497 0.5782 0.5843 0.5385
0.5116 0.4899 0.5002 0.4796 1.0000 0.5055 0.6247 0.5081 0.4757 0.4598 0.4828 0.4434 0.5900 0.5950 0.5217 0.5050 0.5266 0.4808 0.5740 0.5137 0.5087 0.5219 0.4572 0.5076 0.5800 0.5320 0.5308 0.5020 0.4478 0.5727 0.4833 0.4456 0.4871 0.5073 0.5705 0.5954 0.6949 0.4968 0.4758 0.5819 0.4284 0.5191 0.5439 0.5710 0.5426 0.4826 0.5782 0.5874 0.4941 0.5323
0.5182 0.6777 0.4559 0.4864 0.5055 1.0000 0.6211 0.4791 0.4919 0.5038 0.4297 0.4523 0.5024 0.6377 0.4949 0.4673 0.6202 0.4868 0.5850 0.5801 0.4718 0.5900 0.4803 0.5388 0.4815 0.4731 0.5380 0.5259 0.4623 0.5631 0.4575 0.4669 0.4730 0.5325 0.6113 0.6016 0.5410 0.5646 0.4960 0.5542 0.5801 0.4856 0.5186 0.6061 0.5644 0.4648 0.5716 0.6604 0.4436 0.4544
0.5542 0.6070 0.5184 0.5275 0.6247 0.6211 1.0000 0.5074 0.5091 0.5285 0.4673 0.4851 0.5943 0.6596 0.5253 0.5639 0.6216 0.5252 0.5798 0.6235 0.5176 0.5708 0.4995 0.5804 0.5718 0.5416 0.5594 0.5826 0.5048 0.6971 0.4745 0.5269 0.5407 0.5722 0.6818 0.6653 0.6832 0.5836 0.5610 0.6433 0.5218 0.5364 0.5506 0.6465 0.6378 0.5008 0.6555 0.6841 0.4979 0.5484
0.6336 0.4606 0.6437 0.7278 0.5081 0.4791 0.5074 1.0000 0.5322 0.5943 0.6426 0.5395 0.5874 0.5546 0.6838 0.5431 0.5998 0.6145 0.6138 0.5390 0.7541 0.5936 0.5323 0.4604 0.5981 0.5367 0.6137 0.5765 0.5535 0.4797 0.5594 0.5553 0.5454 0.4467 0.4856 0.5513 0.5620 0.5966 0.5045 0.6214 0.4034 0.6416 0.6886 0.4853 0.5168 0.6335 0.5372 0.5621 0.5957 0.5486
0.4834 0.4971 0.6021 0.5160 0.4757 0.4919 0.5091 0.5322 1.0000 0.4774 0.5583 0.4896 0.4871 0.4561 0.5455 0.5231 0.5775 0.5671 0.5358 0.4512 0.5441 0.7167 0.5384 0.5410 0.5170 0.4619 0.4938 0.5100 0.5589 0.5250 0.6430 0.4848 0.4898 0.5488 0.4663 0.4607 0.5141 0.5294 0.5065 0.5459 0.4995 0.5681 0.5537 0.4280 0.4438 0.5600 0.4746 0.4722 0.6189 0.6498
0.6300 0.4736 0.5814 0.6248 0.4598 0.5038 0.5285 0.5943 0.4774 1.0000 0.5862 0.5149 0.5314 0.6241 0.5489 0.5487 0.6074 0.6145 0.5397 0.6195 0.6507 0.5296 0.5160 0.4871 0.5585 0.5473 0.6792 0.5915 0.5147 0.5107 0.5023 0.5837 0.5272 0.5248 0.5393 0.5788 0.5050 0.5703 0.5739 0.5856 0.4398 0.6035 0.5448 0.5420 0.5971 0.5578 0.6181 0.6417 0.5628 0.5152
0.5961 0.4033 0.5988 0.6077 0.4828 0.4297 0.4673 0.6426 0.5583 0.5862 1.0000 0.5593 0.5559 0.5391 0.5792 0.5099 0.5590 0.6828 0.5716 0.5095 0.6825 0.6163 0.5635 0.4773 0.5769 0.5186 0.6232 0.5437 0.5801 0.4533 0.5420 0.5328 0.5014 0.4973 0.4534 0.5253 0.5407 0.5151 0.5637 0.5793 0.4250 0.7226 0.5654 0.4706 0.4968 0.6540 0.5087 0.5394 0.6566 0.5995
0.5232 0.4250 0.4955 0.5181 0.4434 0.4523 0.4851 0.5395 0.4896 0.5149 0.5593 1.0000 0.5146 0.5235 0.4944 0.4869 0.5583 0.5891 0.4864 0.5425 0.5346 0.5873 0.5747 0.4903 0.4869 0.4634 0.5547 0.5199 0.6055 0.4732 0.4499 0.5072 0.4703 0.5126 0.4678 0.4873 0.5036 0.5223 0.5224 0.5380 0.4507 0.5936 0.5209 0.4856 0.5087 0.5828 0.5221 0.5339 0.5383 0.5624
0.5753 0.4728 0.5619 0.5417 0.5900 0.5024 0.5943 0.5874 0.4871 0.5314 0.5559 0.5146 1.0000 0.6008 0.5547 0.5560 0.6016 0.5477 0.5635 0.5560 0.5792 0.5711 0.5158 0.5160 0.6274 0.5315 0.6236 0.6001 0.5132 0.5405 0.5296 0.4963 0.5645 0.5189 0.5757 0.5948 0.6628 0.5720 0.4887 0.6703 0.4175 0.5859 0.5979 0.5870 0.5856 0.5326 0.6219 0.6020 0.5589 0.5884
0.6186 0.5982 0.5312 0.5616 0.5950 0.6377 0.6596 0.5546 0.4561 0.6241 0.5391 0.5235 0.6008 1.0000 0.5192 0.5564 0.6064 0.5738 0.6457 0.7027 0.5684 0.5434 0.5223 0.5895 0.5606 0.5756 0.6842 0.5851 0.5100 0.5745 0.4563 0.5475 0.5154 0.6135 0.6749 0.7250 0.6190 0.5677 0.6020 0.6138 0.5250 0.6055 0.5488 0.7062 0.6909 0.5433 0.6765 0.8214 0.5510 0.5278
0.5564 0.4505 0.6197 0.6302 0.5217 0.4949 0.5253 0.6838 0.5455 0.5489 0.5792 0.4944 0.5547 0.5192 1.0000 0.5159 0.5953 0.5702 0.6210 0.5106 0.6770 0.5896 0.5073 0.4433 0.6007 0.5152 0.5648 0.5369 0.5244 0.5025 0.5415 0.5275 0.5550 0.4414 0.4593 0.5252 0.5597 0.5805 0.4718 0.6103 0.4100 0.5888 0.6467 0.4589 0.4896 0.5956 0.5118 0.5327 0.5633 0.5256
0.5630 0.4658 0.6308 0.5629 0.5050 0.4673 0.5639 0.5431 0.5231 0.5487 0.5099 0.4869 0.5560 0.5564 0.5159 1.0000 0.6083 0.5380 0.4914 0.5428 0.5603 0.5392 0.5105 0.5471 0.5846 0.5877 0.5352 0.5931 0.5647 0.5615 0.5766 0.5979 0.5468 0.5470 0.5714 0.5280 0.5401 0.5804 0.5455 0.6042 0.4459 0.5582 0.5434 0.5174 0.5674 0.4984 0.5750 0.5595 0.5871 0.6133
0.6128 0.5838 0.5942 0.6367 0.5266 0.6202 0.6216 0.5998 0.5775 0.6074 0.5590 0.5583 0.6016 0.6064 0.5953 0.6083 1.0000 0.5991 0.5840 0.6027 0.6190 0.6932 0.5804 0.5365 0.6483 0.5518 0.6049 0.6460 0.5932 0.6125 0.5824 0.5936 0.6109 0.5305 0.5847 0.5837 0.5939 0.7266 0.5496 0.6743 0.5612 0.6092 0.6073 0.5695 0.5934 0.5633 0.6670 0.6309 0.5544 0.5750
0.5944 0.4577 0.6052 0.6392 0.4808 0.4868 0.5252 0.6145 0.5671 0.6145 0.6828 0.5891 0.5477 0.5738 0.5702 0.5380 0.5991 1.0000 0.5796 0.5833 0.6602 0.6454 0.6625 0.5111 0.5614 0.5579 0.5911 0.5765 0.5900 0.4956 0.5049 0.5703 0.5399 0.5160 0.4970 0.5940 0.5301 0.5620 0.6170 0.6036 0.4756 0.7097 0.5674 0.4878 0.5651 0.6765 0.5441 0.5951 0.6280 0.6011
0.5756 0.5489 0.5851 0.6125 0.5740 0.5850 0.5798 0.6138 0.5358 0.5397 0.5716 0.4864 0.5635 0.6457 0.6210 0.4914 0.5840 0.5796 1.0000 0.6055 0.6361 0.6031 0.5293 0.5055 0.5788 0.5344 0.6242 0.5618 0.5092 0.5209 0.4984 0.5426 0.5043 0.5106 0.5299 0.6351 0.6053 0.5253 0.5021 0.5993 0.4807 0.6002 0.6007 0.5770 0.5751 0.5799 0.5533 0.6511 0.5466 0.5035
0.5923 0.5459 0.5267 0.5918 0.5137 0.5801 0.6235 0.5390 0.4512 0.6195 0.5095 0.5425 0.5560 0.7027 0.5106 0.5428 0.6027 0.5833 0.6055 1.0000 0.5820 0.5323 0.5197 0.5397 0.5496 0.5894 0.6021 0.6120 0.5180 0.5711 0.4400 0.5884 0.5233 0.5374 0.6159 0.6929 0.5529 0.5637 0.5738 0.6332 0.4820 0.5492 0.5373 0.6198 0.7286 0.5417 0.6260 0.7474 0.4973 0.5065
0.6540 0.4483 0.6852 0.7939 0.5087 0.4718 0.5176 0.7541 0.5441 0.6507 0.6825 0.5346 0.5792 0.5684 0.6770 0.5603 0.6190 0.6602 0.6361 0.5820 1.0000 0.5971 0.5445 0.4567 0.6236 0.5779 0.6273 0.5913 0.5653 0.5030 0.5723 0.6114 0.5702 0.4553 0.4797 0.5710 0.5610 0.6089 0.5411 0.6342 0.4038 0.6735 0.6243 0.4810 0.5477 0.6497 0.5475 0.5786 0.6258 0.5603
0.5460 0.5588 0.5786 0.5850 0.5219 0.5900 0.5708 0.5936 0.7167 0.5296 0.6163 0.5873 0.5711 0.5434 0.5896 0.5392 0.6932 0.6454 0.6031 0.5323 0.5971 1.0000 0.6272 0.5481 0.5742 0.5028 0.5645 0.5813 0.6263 0.5565 0.5940 0.5342 0.5596 0.5507 0.5284 0.5377 0.5957 0.6201 0.5594 0.6253 0.5849 0.6788 0.6102 0.5214 0.5176 0.6351 0.5580 0.5585 0.5923 0.6344
0.5286 0.4532 0.5304 0.5331 0.4572 0.4803 0.4995 0.5323 0.5384 0.5160 0.5635 0.5747 0.5158 0.5223 0.5073 0.5105 0.5804 0.6625 0.5293 0.5197 0.5445 0.6272 1.0000 0.4912 0.5187 0.5114 0.5266 0.5375 0.5312 0.4705 0.4634 0.4889 0.4964 0.5017 0.4787 0.5458 0.5004 0.5256 0.5224 0.5576 0.4781 0.5955 0.5525 0.4769 0.5658 0.6009 0.5253 0.5270 0.5370 0.5538
0.5124 0.5570 0.5083 0.4611 0.5076 0.5388 0.5804 0.4604 0.5410 0.4871 0.4773 0.4903 0.5160 0.5895 0.4433 0.5471 0.5365 0.5111 0.5055 0.5397 0.4567 0.5481 0.4912 1.0000 0.5215 0.5277 0.5099 0.5277 0.5025 0.6071 0.4926 0.4680 0.4555 0.7236 0.6338 0.5864 0.5401 0.5174 0.5658 0.5223 0.5419 0.5238 0.4584 0.6089 0.5595 0.4806 0.5456 0.6050 0.5928 0.6250
0.5469 0.4636 0.6083 0.5747 0.5800 0.4815 0.5718 0.5981 0.5170 0.5585 0.5769 0.4869 0.6274 0.5606 0.6007 0.5846 0.6483 0.5614 0.5788 0.5496 0.6236 0.5742 0.5187 0.5215 1.0000 0.6156 0.5785 0.5854 0.5374 0.5407 0.5723 0.5153 0.5633 0.5263 0.5434 0.5860 0.6396 0.5746 0.5204 0.6342 0.4364 0.5819 0.6000 0.5386 0.5629 0.5434 0.5692 0.5755 0.5601 0.5774
0.5205 0.4586 0.5908 0.5552 0.5320 0.4731 0.5416 0.5367 0.4619 0.5473 0.5186 0.4634 0.5315 0.5756 0.5152 0.5877 0.5518 0.5579 0.5344 0.5894 0.5779 0.5028 0.5114 0.5277 0.6156 1.0000 0.5458 0.5184 0.4946 0.5751 0.5017 0.5349 0.4905 0.5000 0.5193 0.6418 0.5580 0.5311 0.5946 0.5541 0.4317 0.5494 0.5151 0.5040 0.5593 0.5227 0.5157 0.6027 0.5380 0.5358
0.6597 0.5056 0.5781 0.5867 0.5308 0.5380 0.5594 0.6137 0.4938 0.6792 0.6232 0.5547 0.6236 0.6842 0.5648 0.5352 0.6049 0.5911 0.6242 0.6021 0.6273 0.5645 0.5266 0.5099 0.5785 0.5458 1.0000 0.5997 0.5526 0.5274 0.5373 0.5537 0.5052 0.5672 0.5625 0.6028 0.6171 0.5620 0.5433 0.6130 0.4435 0.6493 0.5871 0.6161 0.6040 0.5786 0.6260 0.6782 0.6024 0.5352
0.6457 0.5126 0.5746 0.6053 0.5020 0.5259 0.5826 0.5765 0.5100 0.5915 0.5437 0.5199 0.6001 0.5851 0.5369 0.5931 0.6460 0.5765 0.5618 0.6120 0.5913 0.5813 0.5375 0.5277 0.5854 0.5184 0.5997 1.0000 0.5653 0.5333 0.5347 0.5569 0.5971 0.5189 0.5827 0.5655 0.5506 0.6242 0.5078 0.6909 0.4456 0.5476 0.5915 0.5823 0.6254 0.5167 0.6640 0.6073 0.5249 0.5946
0.5578 0.4570 0.5733 0.5621 0.4478 0.4623 0.5048 0.5535 0.5589 0.5147 0.5801 0.6055 0.5132 0.5100 0.5244 0.5647 0.5932 0.5900 0.5092 0.5180 0.5653 0.6263 0.5312 0.5025 0.5374 0.4946 0.5526 0.5653 1.0000 0.5116 0.5242 0.5674 0.4971 0.5227 0.4777 0.4664 0.5283 0.5587 0.5937 0.5662 0.4975 0.6198 0.5403 0.4880 0.5021 0.5634 0.5392 0.5199 0.5607 0.5785
0.5435 0.5493 0.5506 0.5150 0.5727 0.5631 0.6971 0.4797 0.5250 0.5107 0.4533 0.4732 0.5405 0.5745 0.5025 0.5615 0.6125 0.4956 0.5209 0.5711 0.5030 0.5565 0.4705 0.6071 0.5407 0.5751 0.5274 0.5333 0.5116 1.0000 0.5217 0.5189 0.5067 0.5774 0.6130 0.5728 0.6429 0.5774 0.5440 0.5801 0.4995 0.4978 0.4889 0.6044 0.5616 0.4677 0.5904 0.6043 0.5233 0.5642
0.5187 0.4510 0.6406 0.5209 0.4833 0.4575 0.4745 0.5594 0.6430 0.5023 0.5420 0.4499 0.5296 0.4563 0.5415 0.5766 0.5824 0.5049 0.4984 0.4400 0.5723 0.5940 0.4634 0.4926 0.5723 0.5017 0.5373 0.5347 0.5242 0.5217 1.0000 0.4854 0.4986 0.5191 0.5003 0.4551 0.5322 0.5505 0.4479 0.5614 0.4083 0.5249 0.5613 0.4584 0.4471 0.4888 0.4799 0.4658 0.5942 0.5964
0.6070 0.4905 0.5900 0.6481 0.4456 0.4669 0.5269 0.5553 0.4848 0.5837 0.5328 0.5072 0.4963 0.5475 0.5275 0.5979 0.5936 0.5703 0.5426 0.5884 0.6114 0.5342 0.4889 0.4680 0.5153 0.5349 0.5537 0.5569 0.5674 0.5189 0.4854 1.0000 0.5181 0.4793 0.4897 0.5154 0.5053 0.5700 0.6216 0.5645 0.4642 0.5813 0.4970 0.4995 0.5511 0.5147 0.5341 0.5617 0.5481 0.5281
0.5469 0.4432 0.5554 0.5702 0.4871 0.4730 0.5407 0.5454 0.4898 0.5272 0.5014 0.4703 0.5645 0.5154 0.5550 0.5468 0.6109 0.5399 0.5043 0.5233 0.5702 0.5596 0.4964 0.4555 0.5633 0.4905 0.5052 0.5971 0.4971 0.5067 0.4986 0.5181 1.0000 0.4499 0.5009 0.5096 0.5288 0.6038 0.4670 0.6484 0.4081 0.5267 0.5524 0.4848 0.5326 0.4968 0.5624 0.5291 0.5003 0.5432
0.5164 0.5193 0.5174 0.4491 0.5073 0.5325 0.5722 0.4467 0.5488 0.5248 0.4973 0.5126 0.5189 0.6135 0.4414 0.5470 0.5305 0.5160 0.5106 0.5374 0.4553 0.5507 0.5017 0.7236 0.5263 0.5000 0.5672 0.5189 0.5227 0.5774 0.5191 0.4793 0.4499 1.0000 0.6218 0.5503 0.5410 0.4917 0.5666 0.5157 0.5310 0.5473 0.4670 0.6524 0.5609 0.4915 0.5641 0.5968 0.5997 0.6278
0.5449 0.5921 0.4972 0.4857 0.5705 0.6113 0.6818 0.4856 0.4663 0.5393 0.4534 0.4678 0.5757 0.6749 0.4593 0.5714 0.5847 0.4970 0.5299 0.6159 0.4797 0.5284 0.4787 0.6338 0.5434 0.5193 0.5625 0.5827 0.4777 0.6130 0.5003 0.4897 0.5009 0.6218 1.0000 0.6408 0.5965 0.5544 0.5349 0.6012 0.5145 0.5098 0.5139 0.7054 0.6420 0.4601 0.6372 0.6932 0.5101 0.5582
0.5671 0.5664 0.5290 0.5592 0.5954 0.6016 0.6653 0.5513 0.4607 0.5788 0.5253 0.4873 0.5948 0.7250 0.5252 0.5280 0.5837 0.5940 0.6351 0.6929 0.5710 0.5377 0.5458 0.5864 0.5860 0.6418 0.6028 0.5655 0.4664 0.5728 0.4551 0.5154 0.5096 0.5503 0.6408 1.0000 0.6151 0.5521 0.5776 0.6121 0.4993 0.5732 0.5611 0.6288 0.6953 0.5471 0.6133 0.7650 0.5134 0.5179
0.5618 0.5316 0.5448 0.5357 0.6949 0.5410 0.6832 0.5620 0.5141 0.5050 0.5407 0.5036 0.6628 0.6190 0.5597 0.5401 0.5939 0.5301 0.6053 0.5529 0.5610 0.5957 0.5004 0.5401 0.6396 0.5580 0.6171 0.5506 0.5283 0.6429 0.5322 0.5053 0.5288 0.5410 0.5965 0.6151 1.0000 0.5585 0.5142 0.6399 0.4614 0.5921 0.5842 0.6426 0.5693 0.5289 0.6179 0.6242 0.5363 0.5768
0.6258 0.5436 0.5640 0.6494 0.4968 0.5646 0.5836 0.5966 0.5294 0.5703 0.5151 0.5223 0.5720 0.5677 0.5805 0.5804 0.7266 0.5620 0.5253 0.5637 0.6089 0.6201 0.5256 0.5174 0.5746 0.5311 0.5620 0.6242 0.5587 0.5774 0.5505 0.5700 0.6038 0.4917 0.5544 0.5521 0.5585 1.0000 0.5263 0.7266 0.4979 0.5654 0.5647 0.5333 0.5604 0.5196 0.6084 0.5940 0.5356 0.5484
0.5376 0.5043 0.5342 0.5456 0.4758 0.4960 0.5610 0.5045 0.5065 0.5739 0.5637 0.5224 0.4887 0.6020 0.4718 0.5455 0.5496 0.6170 0.5021 0.5738 0.5411 0.5594 0.5224 0.5658 0.5204 0.5946 0.5433 0.5078 0.5937 0.5440 0.4479 0.6216 0.4670 0.5666 0.5349 0.5776 0.5142 0.5263 1.0000 0.5322 0.5452 0.6364 0.4665 0.5269 0.5540 0.5546 0.5357 0.6182 0.5793 0.5722
0.6201 0.5185 0.6159 0.6126 0.5819 0.5542 0.6433 0.6214 0.5459 0.5856 0.5793 0.5380 0.6703 0.6138 0.6103 0.6042 0.6743 0.6036 0.5993 0.6332 0.6342 0.6253 0.5576 0.5223 0.6342 0.5541 0.6130 0.6909 0.5662 0.5801 0.5614 0.5645 0.6484 0.5157 0.6012 0.6121 0.6399 0.7266 0.5322 1.0000 0.4587 0.5898 0.6442 0.5908 0.6348 0.5632 0.6755 0.6346 0.5651 0.6165
0.4360 0.6775 0.4096 0.4246 0.4284 0.5801 0.5218 0.4034 0.4995 0.4398 0.4250 0.4507 0.4175 0.5250 0.4100 0.4459 0.5612 0.4756 0.4807 0.4820 0.4038 0.5849 0.4781 0.5419 0.4364 0.4317 0.4435 0.4456 0.4975 0.4995 0.4083 0.4642 0.4081 0.5310 0.5145 0.4993 0.4614 0.4979 0.5452 0.4587 1.0000 0.4926 0.4316 0.5048 0.4713 0.4523 0.4925 0.5411 0.4404 0.4635
0.5901 0.4594 0.6075 0.6579 0.5191 0.4856 0.5364 0.6416 0.5681 0.6035 0.7226 0.5936 0.5859 0.6055 0.5888 0.5582 0.6092 0.7097 0.6002 0.5492 0.6735 0.6788 0.5955 0.5238 0.5819 0.5494 0.6493 0.5476 0.6198 0.4978 0.5249 0.5813 0.5267 0.5473 0.5098 0.5732 0.5921 0.5654 0.6364 0.5898 0.4926 1.0000 0.5812 0.5140 0.5368 0.7037 0.5464 0.5989 0.6801 0.6267
0.5652 0.4888 0.6314 0.5845 0.5439 0.5186 0.5506 0.6886 0.5537 0.5448 0.5654 0.5209 0.5979 0.5488 0.6467 0.5434 0.6073 0.5674 0.6007 0.5373 0.6243 0.6102 0.5525 0.4584 0.6000 0.5151 0.5871 0.5915 0.5403 0.4889 0.5613 0.4970 0.5524 0.4670 0.5139 0.5611 0.5842 0.5647 0.4665 0.6442 0.4316 0.5812 1.0000 0.5077 0.5620 0.6035 0.5585 0.5595 0.5471 0.5490
0.5751 0.5835 0.4672 0.4842 0.5710 0.6061 0.6465 0.4853 0.4280 0.5420 0.4706 0.4856 0.5870 0.7062 0.4589 0.5174 0.5695 0.4878 0.5770 0.6198 0.4810 0.5214 0.4769 0.6089 0.5386 0.5040 0.6161 0.5823 0.4880 0.6044 0.4584 0.4995 0.4848 0.6524 0.7054 0.6288 0.6426 0.5333 0.5269 0.5908 0.5048 0.5140 0.5077 1.0000 0.6413 0.4556 0.6660 0.7007 0.4798 0.5174
0.6358 0.5323 0.5210 0.5538 0.5426 0.5644 0.6378 0.5168 0.4438 0.5971 0.4968 0.5087 0.5856 0.6909 0.4896 0.5674 0.5934 0.5651 0.5751 0.7286 0.5477 0.5176 0.5658 0.5595 0.5629 0.5593 0.6040 0.6254 0.5021 0.5616 0.4471 0.5511 0.5326 0.5609 0.6420 0.6953 0.5693 0.5604 0.5540 0.6348 0.4713 0.5368 0.5620 0.6413 1.0000 0.5201 0.6559 0.7108 0.5068 0.5288
0.5404 0.4369 0.5798 0.6133 0.4826 0.4648 0.5008 0.6335 0.5600 0.5578 0.6540 0.5828 0.5326 0.5433 0.5956 0.4984 0.5633 0.6765 0.5799 0.5417 0.6497 0.6351 0.6009 0.4806 0.5434 0.5227 0.5786 0.5167 0.5634 0.4677 0.4888 0.5147 0.4968 0.4915 0.4601 0.5471 0.5289 0.5196 0.5546 0.5632 0.4523 0.7037 0.6035 0.4556 0.5201 1.0000 0.5033 0.5570 0.6093 0.5708
0.6238 0.5387 0.5286 0.5497 0.5782 0.5716 0.6555 0.5372 0.4746 0.6181 0.5087 0.5221 0.6219 0.6765 0.5118 0.5750 0.6670 0.5441 0.5533 0.6260 0.5475 0.5580 0.5253 0.5456 0.5692 0.5157 0.6260 0.6640 0.5392 0.5904 0.4799 0.5341 0.5624 0.5641 0.6372 0.6133 0.6179 0.6084 0.5357 0.6755 0.4925 0.5464 0.5585 0.6660 0.6559 0.5033 1.0000 0.6782 0.5198 0.5637
0.6212 0.6173 0.5331 0.5782 0.5874 0.6604 0.6841 0.5621 0.4722 0.6417 0.5394 0.5339 0.6020 0.8214 0.5327 0.5595 0.6309 0.5951 0.6511 0.7474 0.5786 0.5585 0.5270 0.6050 0.5755 0.6027 0.6782 0.6073 0.5199 0.6043 0.4658 0.5617 0.5291 0.5968 0.6932 0.7650 0.6242 0.5940 0.6182 0.6346 0.5411 0.5989 0.5595 0.7007 0.7108 0.5570 0.6782 1.0000 0.5482 0.5332
0.5915 0.4314 0.6841 0.5843 0.4941 0.4436 0.4979 0.5957 0.6189 0.5628 0.6566 0.5383 0.5589 0.5510 0.5633 0.5871 0.5544 0.6280 0.5466 0.4973 0.6258 0.5923 0.5370 0.5928 0.5601 0.5380 0.6024 0.5249 0.5607 0.5233 0.5942 0.5481 0.5003 0.5997 0.5101 0.5134 0.5363 0.5356 0.5793 0.5651 0.4404 0.6801 0.5471 0.4798 0.5068 0.6093 0.5198 0.5482 1.0000 0.7040
0.5397 0.4433 0.6403 0.5385 0.5323 0.4544 0.5484 0.5486 0.6498 0.5152 0.5995 0.5624 0.5884 0.5278 0.5256 0.6133 0.5750 0.6011 0.5035 0.5065 0.5603 0.6344 0.5538 0.6250 0.5774 0.5358 0.5352 0.5946 0.5785 0.5642 0.5964 0.5281 0.5432 0.6278 0.5582 0.5179 0.5768 0.5484 0.5722 0.6165 0.4635 0.6267 0.5490 0.5174 0.5288 0.5708 0.5637 0.5332 0.7040 1.0000
