
Using the parameter settings in the file: 
''1763151095/clumpp.paramfile''

Parameter settings
----------------------- Main parameters -------------------------
DATATYPE = 0
INDFILE = 1763151095/ClumppIndFile
POPFILE = 
OUTFILE = 1763151095/ClumppIndFile.output
MISCFILE = 1763151095/ClumppIndFile.misc
K = 8
C = 76
R = 50
M = 3
W = 0
S = 2
- Additional options for the Greedy and LargeKGreedy algorithms -
GREEDY_OPTION = 2
REPEATS = 2000
PERMUTATIONFILE = 
----------------------- Optional outputs ------------------------
PRINT_PERMUTED_DATA = 0
PERMUTED_DATAFILE = 
PRINT_EVERY_PERM = 0
EVERY_PERMFILE = 
PRINT_RANDOM_INPUTORDER = 0
RANDOM_INPUTORDERFILE = 
----------------------- Advanced options ------------------------
OVERRIDE_WARNINGS = 0
ORDER_BY_RUN = 1


In total, 2000 configurations of runs and clusters will be tested.

Results
------------------------------
The highest value of H' is: 0.42528119921900

The list of permutations of the clusters that produces that
H' value is (runs are listed sequentially on separate rows)

1 2 3 4 5 6 7 8 
1 6 7 4 3 5 8 2 
5 4 8 7 1 3 2 6 
8 4 2 1 5 3 6 7 
8 4 5 6 2 1 7 3 
8 3 1 4 6 5 7 2 
1 5 7 4 6 8 3 2 
7 3 5 6 8 1 2 4 
5 4 2 8 1 7 3 6 
8 6 4 1 3 5 7 2 
1 8 2 3 5 4 7 6 
2 5 1 8 6 3 4 7 
7 6 5 2 8 1 4 3 
2 6 8 3 7 1 4 5 
1 5 6 8 2 3 7 4 
5 7 2 3 6 8 1 4 
5 2 6 8 3 7 1 4 
4 2 1 6 3 5 8 7 
3 2 8 7 6 5 4 1 
4 6 7 1 3 8 5 2 
2 3 5 8 4 7 6 1 
2 4 1 8 7 6 3 5 
5 2 6 7 4 1 3 8 
4 3 6 1 8 7 5 2 
2 6 5 3 8 4 1 7 
2 8 5 1 7 6 4 3 
5 7 8 2 6 1 3 4 
5 8 1 4 3 7 6 2 
7 5 1 6 2 8 4 3 
6 2 1 4 5 7 3 8 
8 5 7 1 2 3 4 6 
5 2 1 4 7 6 3 8 
6 8 3 1 4 5 2 7 
4 2 7 3 8 5 6 1 
2 7 5 1 4 6 8 3 
1 3 2 8 4 6 5 7 
4 3 5 7 1 6 8 2 
4 6 5 1 2 3 8 7 
1 7 5 3 2 4 6 8 
3 7 1 5 6 4 8 2 
6 8 4 3 1 7 5 2 
5 7 1 6 2 4 8 3 
5 3 6 8 2 7 1 4 
7 3 5 8 2 4 1 6 
3 1 6 5 4 2 7 8 
2 8 3 7 4 1 5 6 
1 4 8 2 5 3 7 6 
3 1 7 2 5 8 6 4 
6 8 5 3 1 4 7 2 
4 3 5 8 1 6 2 7 

The pairwise G' values for each pair of runs where the clusters
of each run are permuted according to the list of permutations above

1.0000 0.4158 0.4516 0.4216 0.4017 0.4758 0.4413 0.4561 0.4981 0.5380 0.4170 0.4808 0.3765 0.4336 0.4161 0.5147 0.4573 0.4239 0.4107 0.4613 0.4102 0.4603 0.4445 0.3930 0.4228 0.4327 0.4675 0.4856 0.4403 0.4204 0.5108 0.5608 0.4071 0.4094 0.4351 0.4360 0.5201 0.3982 0.4791 0.3891 0.4180 0.5230 0.4908 0.4787 0.4269 0.4095 0.4553 0.4562 0.4654 0.3790 
0.4158 1.0000 0.4435 0.4265 0.4906 0.4318 0.4584 0.3983 0.4227 0.4124 0.4307 0.4171 0.3573 0.3877 0.3969 0.4491 0.4084 0.4047 0.3277 0.4733 0.3885 0.4642 0.4238 0.3871 0.3823 0.4667 0.4363 0.4300 0.3594 0.3752 0.4680 0.4483 0.3670 0.4098 0.4071 0.4492 0.3985 0.4149 0.3915 0.4589 0.4612 0.5148 0.4237 0.4433 0.4111 0.4689 0.4195 0.3968 0.4200 0.3619 
0.4516 0.4435 1.0000 0.4528 0.4204 0.4377 0.4592 0.4474 0.4793 0.4528 0.4427 0.4615 0.4218 0.4495 0.3735 0.4213 0.4080 0.4072 0.3963 0.4185 0.4912 0.5227 0.5013 0.3896 0.4044 0.3790 0.4201 0.4510 0.4272 0.4639 0.4808 0.4405 0.4695 0.5119 0.4905 0.4564 0.4361 0.4656 0.4768 0.3973 0.3848 0.5383 0.4509 0.4401 0.4109 0.4155 0.4741 0.4691 0.4471 0.3757 
0.4216 0.4265 0.4528 1.0000 0.3919 0.4198 0.4223 0.3850 0.4430 0.4758 0.4073 0.3632 0.3427 0.3873 0.3582 0.4968 0.3604 0.3687 0.3515 0.3884 0.3876 0.3948 0.3986 0.3375 0.3491 0.4003 0.3987 0.3757 0.3567 0.3961 0.4596 0.3944 0.3594 0.4074 0.4247 0.4011 0.4014 0.3615 0.3819 0.3770 0.3424 0.4670 0.4018 0.3964 0.4632 0.3712 0.3631 0.3927 0.4054 0.3192 
0.4017 0.4906 0.4204 0.3919 1.0000 0.4434 0.4441 0.4329 0.4189 0.3855 0.4079 0.3977 0.3927 0.4107 0.3874 0.4833 0.4298 0.4479 0.3817 0.4087 0.4090 0.4996 0.4053 0.4068 0.4566 0.4238 0.4971 0.4516 0.3599 0.4374 0.4861 0.4798 0.3632 0.4187 0.4000 0.4398 0.4233 0.4224 0.4013 0.4496 0.4758 0.4932 0.4425 0.4180 0.4026 0.4565 0.4225 0.4080 0.4198 0.3686 
0.4758 0.4318 0.4377 0.4198 0.4434 1.0000 0.3881 0.3968 0.4447 0.4116 0.4162 0.3910 0.3432 0.4198 0.3327 0.4532 0.3895 0.4031 0.3631 0.4540 0.4174 0.4471 0.3826 0.3551 0.3723 0.4017 0.4351 0.4808 0.3495 0.4719 0.4477 0.4616 0.4695 0.4848 0.4839 0.3895 0.4299 0.3930 0.3902 0.3826 0.4190 0.4725 0.4462 0.4423 0.4843 0.3888 0.3850 0.5020 0.4588 0.3334 
0.4413 0.4584 0.4592 0.4223 0.4441 0.3881 1.0000 0.4356 0.4295 0.4323 0.3771 0.4676 0.4277 0.4681 0.3913 0.4259 0.4266 0.5022 0.4101 0.3984 0.4881 0.5033 0.5098 0.3570 0.3978 0.4744 0.3971 0.4054 0.4262 0.3591 0.4675 0.4745 0.4220 0.4422 0.3750 0.4776 0.4926 0.4553 0.4638 0.4806 0.3936 0.4953 0.4520 0.4499 0.3849 0.4635 0.4703 0.3965 0.4525 0.4234 
0.4561 0.3983 0.4474 0.3850 0.4329 0.3968 0.4356 1.0000 0.4773 0.5484 0.3920 0.4813 0.3745 0.4539 0.4403 0.4361 0.4249 0.4356 0.4091 0.4134 0.4267 0.4232 0.4956 0.4478 0.4571 0.4181 0.4936 0.4731 0.3749 0.4294 0.5043 0.4918 0.4344 0.4413 0.4368 0.4914 0.4774 0.4399 0.5128 0.4095 0.4510 0.4982 0.4082 0.4769 0.3723 0.4257 0.4932 0.3917 0.4612 0.3982 
0.4981 0.4227 0.4793 0.4430 0.4189 0.4447 0.4295 0.4773 1.0000 0.4942 0.4203 0.4760 0.4062 0.5456 0.4151 0.4558 0.4518 0.4090 0.3779 0.4374 0.4365 0.4454 0.5267 0.3787 0.4443 0.4104 0.4237 0.4219 0.3771 0.3729 0.5153 0.4928 0.4272 0.4619 0.4704 0.4678 0.4487 0.4154 0.4577 0.4244 0.4167 0.5182 0.4654 0.5113 0.4217 0.3777 0.4116 0.4453 0.4926 0.3809 
0.5380 0.4124 0.4528 0.4758 0.3855 0.4116 0.4323 0.5484 0.4942 1.0000 0.4119 0.4665 0.4198 0.4668 0.4366 0.4344 0.4812 0.4090 0.4091 0.4195 0.4392 0.3971 0.4431 0.4233 0.4168 0.4417 0.4580 0.4352 0.3979 0.4144 0.4938 0.5301 0.4434 0.4140 0.4291 0.4657 0.4512 0.4790 0.5203 0.3837 0.4204 0.5004 0.4117 0.4451 0.3997 0.3777 0.4623 0.4295 0.4335 0.3750 
0.4170 0.4307 0.4427 0.4073 0.4079 0.4162 0.3771 0.3920 0.4203 0.4119 1.0000 0.4006 0.3489 0.3959 0.3805 0.4166 0.3448 0.3707 0.3344 0.3762 0.3904 0.4358 0.4158 0.4047 0.3731 0.3820 0.5069 0.4974 0.3356 0.4574 0.4201 0.3789 0.4280 0.4154 0.4036 0.4325 0.4031 0.3706 0.3949 0.3997 0.4137 0.4161 0.4246 0.4265 0.4191 0.3911 0.4845 0.4362 0.4356 0.3200 
0.4808 0.4171 0.4615 0.3632 0.3977 0.3910 0.4676 0.4813 0.4760 0.4665 0.4006 1.0000 0.4260 0.5132 0.3807 0.4097 0.4380 0.4191 0.4431 0.3803 0.4375 0.4598 0.4422 0.3799 0.3733 0.4015 0.4055 0.4263 0.4374 0.4110 0.4648 0.4564 0.4099 0.4439 0.4163 0.4434 0.4888 0.4749 0.4703 0.4500 0.4369 0.4553 0.4732 0.4903 0.4112 0.3919 0.4541 0.3944 0.5020 0.3796 
0.3765 0.3573 0.4218 0.3427 0.3927 0.3432 0.4277 0.3745 0.4062 0.4198 0.3489 0.4260 1.0000 0.4226 0.3628 0.3313 0.4330 0.3556 0.3591 0.3567 0.4562 0.4107 0.3776 0.3084 0.4284 0.3238 0.3473 0.3309 0.3629 0.3322 0.4542 0.4064 0.3936 0.3998 0.3722 0.4222 0.3811 0.4192 0.4139 0.4001 0.3762 0.3904 0.3972 0.4201 0.3516 0.3354 0.3609 0.4160 0.4136 0.3196 
0.4336 0.3877 0.4495 0.3873 0.4107 0.4198 0.4681 0.4539 0.5456 0.4668 0.3959 0.5132 0.4226 1.0000 0.3737 0.3881 0.4492 0.4243 0.4062 0.3584 0.4893 0.4429 0.5200 0.3645 0.4253 0.4235 0.3917 0.4067 0.3751 0.3763 0.4880 0.4440 0.4331 0.4181 0.4326 0.4827 0.4632 0.4301 0.5023 0.4263 0.4154 0.4302 0.4624 0.4510 0.4330 0.3922 0.4293 0.4016 0.4708 0.4259 
0.4161 0.3969 0.3735 0.3582 0.3874 0.3327 0.3913 0.4403 0.4151 0.4366 0.3805 0.3807 0.3628 0.3737 1.0000 0.4326 0.3838 0.4489 0.3412 0.3959 0.3887 0.4027 0.4490 0.4475 0.4574 0.3798 0.4312 0.4577 0.3499 0.3541 0.4661 0.3928 0.3437 0.3572 0.3927 0.4499 0.4068 0.3554 0.4219 0.4030 0.3755 0.4304 0.4167 0.4329 0.3184 0.3785 0.4032 0.4372 0.3797 0.3655 
0.5147 0.4491 0.4213 0.4968 0.4833 0.4532 0.4259 0.4361 0.4558 0.4344 0.4166 0.4097 0.3313 0.3881 0.4326 1.0000 0.3926 0.5009 0.3626 0.4378 0.3851 0.4556 0.4361 0.4019 0.4049 0.4252 0.4907 0.5115 0.3735 0.4003 0.4716 0.4901 0.3634 0.4230 0.4223 0.4228 0.4510 0.3675 0.4257 0.4253 0.4706 0.4490 0.4688 0.4554 0.3853 0.4689 0.4357 0.4188 0.4459 0.3353 
0.4573 0.4084 0.4080 0.3604 0.4298 0.3895 0.4266 0.4249 0.4518 0.4812 0.3448 0.4380 0.4330 0.4492 0.3838 0.3926 1.0000 0.3767 0.4502 0.3854 0.3844 0.4111 0.4090 0.3453 0.4448 0.3755 0.3901 0.3854 0.3833 0.3451 0.5202 0.5265 0.3753 0.3687 0.3849 0.4401 0.3982 0.4381 0.4511 0.4129 0.4160 0.4846 0.4282 0.4082 0.3716 0.3710 0.4115 0.4235 0.4429 0.4231 
0.4239 0.4047 0.4072 0.3687 0.4479 0.4031 0.5022 0.4356 0.4090 0.4090 0.3707 0.4191 0.3556 0.4243 0.4489 0.5009 0.3767 1.0000 0.3840 0.3801 0.4286 0.4668 0.4289 0.3961 0.3719 0.4104 0.4471 0.4747 0.3571 0.3817 0.4211 0.4798 0.3791 0.4535 0.3915 0.3986 0.4795 0.4092 0.4401 0.4250 0.4255 0.4466 0.4294 0.4190 0.3511 0.4384 0.4579 0.4214 0.3790 0.4044 
0.4107 0.3277 0.3963 0.3515 0.3817 0.3631 0.4101 0.4091 0.3779 0.4091 0.3344 0.4431 0.3591 0.4062 0.3412 0.3626 0.4502 0.3840 1.0000 0.3393 0.3754 0.3870 0.3849 0.3724 0.3702 0.3568 0.3660 0.3723 0.3663 0.3496 0.3992 0.4177 0.3702 0.3868 0.3736 0.3580 0.4203 0.3842 0.3747 0.3705 0.3440 0.4083 0.3524 0.3537 0.3584 0.3399 0.4006 0.3565 0.3970 0.4285 
0.4613 0.4733 0.4185 0.3884 0.4087 0.4540 0.3984 0.4134 0.4374 0.4195 0.3762 0.3803 0.3567 0.3584 0.3959 0.4378 0.3854 0.3801 0.3393 1.0000 0.4304 0.4093 0.3681 0.4036 0.4071 0.4410 0.4330 0.4447 0.4014 0.3881 0.4556 0.4657 0.4017 0.4177 0.5128 0.3691 0.4292 0.3663 0.4114 0.3695 0.4303 0.4482 0.3978 0.4629 0.3928 0.4203 0.3637 0.4605 0.4309 0.3383 
0.4102 0.3885 0.4912 0.3876 0.4090 0.4174 0.4881 0.4267 0.4365 0.4392 0.3904 0.4375 0.4562 0.4893 0.3887 0.3851 0.3844 0.4286 0.3754 0.4304 1.0000 0.4784 0.4353 0.4129 0.4090 0.4463 0.4084 0.4200 0.4303 0.4306 0.4609 0.4247 0.4485 0.4577 0.4370 0.4190 0.4743 0.4272 0.4301 0.3924 0.3666 0.4615 0.4359 0.4562 0.3779 0.3851 0.4241 0.4691 0.4283 0.3938 
0.4603 0.4642 0.5227 0.3948 0.4996 0.4471 0.5033 0.4232 0.4454 0.3971 0.4358 0.4598 0.4107 0.4429 0.4027 0.4556 0.4111 0.4668 0.3870 0.4093 0.4784 1.0000 0.4735 0.3925 0.4152 0.4208 0.4516 0.4560 0.3817 0.4620 0.4834 0.4438 0.3979 0.4823 0.4122 0.4892 0.4761 0.4020 0.4357 0.4539 0.4379 0.5471 0.5230 0.4557 0.4193 0.4930 0.4578 0.4525 0.4569 0.4357 
0.4445 0.4238 0.5013 0.3986 0.4053 0.3826 0.5098 0.4956 0.5267 0.4431 0.4158 0.4422 0.3776 0.5200 0.4490 0.4361 0.4090 0.4289 0.3849 0.3681 0.4353 0.4735 1.0000 0.4171 0.4581 0.4075 0.4375 0.4627 0.3930 0.3657 0.4933 0.4495 0.4201 0.4537 0.4124 0.5620 0.4430 0.3860 0.4887 0.4232 0.4055 0.4765 0.4601 0.4746 0.3658 0.4016 0.4691 0.4174 0.4319 0.4224 
0.3930 0.3871 0.3896 0.3375 0.4068 0.3551 0.3570 0.4478 0.3787 0.4233 0.4047 0.3799 0.3084 0.3645 0.4475 0.4019 0.3453 0.3961 0.3724 0.4036 0.4129 0.3925 0.4171 1.0000 0.4060 0.3994 0.4960 0.5289 0.3583 0.4239 0.4303 0.3971 0.3554 0.3817 0.4315 0.4157 0.4227 0.3953 0.4281 0.3465 0.3898 0.4326 0.3904 0.3826 0.3319 0.3822 0.4337 0.4086 0.3849 0.4172 
0.4228 0.3823 0.4044 0.3491 0.4566 0.3723 0.3978 0.4571 0.4443 0.4168 0.3731 0.3733 0.4284 0.4253 0.4574 0.4049 0.4448 0.3719 0.3702 0.4071 0.4090 0.4152 0.4581 0.4060 1.0000 0.3592 0.4134 0.4049 0.3579 0.3623 0.4912 0.4403 0.4024 0.4042 0.4285 0.4441 0.3843 0.3723 0.4496 0.4200 0.4193 0.4789 0.4281 0.4434 0.3510 0.4017 0.3675 0.4325 0.4258 0.4105 
0.4327 0.4667 0.3790 0.4003 0.4238 0.4017 0.4744 0.4181 0.4104 0.4417 0.3820 0.4015 0.3238 0.4235 0.3798 0.4252 0.3755 0.4104 0.3568 0.4410 0.4463 0.4208 0.4075 0.3994 0.3592 1.0000 0.4253 0.4460 0.3549 0.3929 0.4174 0.4478 0.3829 0.4032 0.4131 0.4146 0.5038 0.3937 0.3922 0.3760 0.4073 0.4436 0.4062 0.4205 0.3963 0.4100 0.4514 0.3766 0.4006 0.3821 
0.4675 0.4363 0.4201 0.3987 0.4971 0.4351 0.3971 0.4936 0.4237 0.4580 0.5069 0.4055 0.3473 0.3917 0.4312 0.4907 0.3901 0.4471 0.3660 0.4330 0.4084 0.4516 0.4375 0.4960 0.4134 0.4253 1.0000 0.6042 0.3565 0.5033 0.4544 0.4483 0.4332 0.4664 0.4496 0.4744 0.4605 0.4017 0.4209 0.4119 0.4780 0.4501 0.4251 0.4477 0.4054 0.4675 0.5303 0.4500 0.4253 0.4106 
0.4856 0.4300 0.4510 0.3757 0.4516 0.4808 0.4054 0.4731 0.4219 0.4352 0.4974 0.4263 0.3309 0.4067 0.4577 0.5115 0.3854 0.4747 0.3723 0.4447 0.4200 0.4560 0.4627 0.5289 0.4049 0.4460 0.6042 1.0000 0.3906 0.4835 0.4680 0.4502 0.4077 0.4558 0.5017 0.4481 0.4571 0.4217 0.4485 0.4393 0.5225 0.4487 0.4690 0.4642 0.4017 0.4464 0.5137 0.5231 0.4576 0.3981 
0.4403 0.3594 0.4272 0.3567 0.3599 0.3495 0.4262 0.3749 0.3771 0.3979 0.3356 0.4374 0.3629 0.3751 0.3499 0.3735 0.3833 0.3571 0.3663 0.4014 0.4303 0.3817 0.3930 0.3583 0.3579 0.3549 0.3565 0.3906 1.0000 0.3581 0.4402 0.4365 0.3714 0.4184 0.3889 0.3679 0.4003 0.4194 0.4318 0.3643 0.3616 0.4171 0.3912 0.3727 0.3196 0.3760 0.3816 0.4017 0.4059 0.3174 
0.4204 0.3752 0.4639 0.3961 0.4374 0.4719 0.3591 0.4294 0.3729 0.4144 0.4574 0.4110 0.3322 0.3763 0.3541 0.4003 0.3451 0.3817 0.3496 0.3881 0.4306 0.4620 0.3657 0.4239 0.3623 0.3929 0.5033 0.4835 0.3581 1.0000 0.4113 0.3813 0.4309 0.4989 0.4576 0.4083 0.4507 0.4199 0.4164 0.3710 0.3720 0.4149 0.3926 0.4049 0.4034 0.4230 0.4587 0.4278 0.3927 0.3283 
0.5108 0.4680 0.4808 0.4596 0.4861 0.4477 0.4675 0.5043 0.5153 0.4938 0.4201 0.4648 0.4542 0.4880 0.4661 0.4716 0.5202 0.4211 0.3992 0.4556 0.4609 0.4834 0.4933 0.4303 0.4912 0.4174 0.4544 0.4680 0.4402 0.4113 1.0000 0.5158 0.4109 0.4367 0.4541 0.5269 0.4929 0.4137 0.5025 0.4145 0.4362 0.5788 0.4834 0.4921 0.4491 0.4345 0.4546 0.4666 0.5280 0.4128 
0.5608 0.4483 0.4405 0.3944 0.4798 0.4616 0.4745 0.4918 0.4928 0.5301 0.3789 0.4564 0.4064 0.4440 0.3928 0.4901 0.5265 0.4798 0.4177 0.4657 0.4247 0.4438 0.4495 0.3971 0.4403 0.4478 0.4483 0.4502 0.4365 0.3813 0.5158 1.0000 0.4095 0.4337 0.4147 0.4356 0.4478 0.4868 0.5142 0.3983 0.4933 0.5385 0.4254 0.4390 0.3950 0.4101 0.4559 0.4468 0.4357 0.4130 
0.4071 0.3670 0.4695 0.3594 0.3632 0.4695 0.4220 0.4344 0.4272 0.4434 0.4280 0.4099 0.3936 0.4331 0.3437 0.3634 0.3753 0.3791 0.3702 0.4017 0.4485 0.3979 0.4201 0.3554 0.4024 0.3829 0.4332 0.4077 0.3714 0.4309 0.4109 0.4095 1.0000 0.5432 0.4879 0.4383 0.4404 0.4465 0.4144 0.3863 0.3904 0.4125 0.4172 0.4650 0.4040 0.3896 0.4392 0.4555 0.4570 0.3765 
0.4094 0.4098 0.5119 0.4074 0.4187 0.4848 0.4422 0.4413 0.4619 0.4140 0.4154 0.4439 0.3998 0.4181 0.3572 0.4230 0.3687 0.4535 0.3868 0.4177 0.4577 0.4823 0.4537 0.3817 0.4042 0.4032 0.4664 0.4558 0.4184 0.4989 0.4367 0.4337 0.5432 1.0000 0.4811 0.4546 0.4476 0.4378 0.4394 0.4249 0.3958 0.4791 0.4515 0.4617 0.4178 0.4277 0.4572 0.4847 0.4569 0.3610 
0.4351 0.4071 0.4905 0.4247 0.4000 0.4839 0.3750 0.4368 0.4704 0.4291 0.4036 0.4163 0.3722 0.4326 0.3927 0.4223 0.3849 0.3915 0.3736 0.5128 0.4370 0.4122 0.4124 0.4315 0.4285 0.4131 0.4496 0.5017 0.3889 0.4576 0.4541 0.4147 0.4879 0.4811 1.0000 0.3939 0.4439 0.3966 0.4335 0.3891 0.4380 0.4609 0.4410 0.4670 0.4410 0.4085 0.3909 0.5182 0.5040 0.3802 
0.4360 0.4492 0.4564 0.4011 0.4398 0.3895 0.4776 0.4914 0.4678 0.4657 0.4325 0.4434 0.4222 0.4827 0.4499 0.4228 0.4401 0.3986 0.3580 0.3691 0.4190 0.4892 0.5620 0.4157 0.4441 0.4146 0.4744 0.4481 0.3679 0.4083 0.5269 0.4356 0.4383 0.4546 0.3939 1.0000 0.4489 0.4481 0.4998 0.4371 0.4073 0.4918 0.4463 0.4850 0.3874 0.4603 0.4745 0.4237 0.4572 0.3776 
0.5201 0.3985 0.4361 0.4014 0.4233 0.4299 0.4926 0.4774 0.4487 0.4512 0.4031 0.4888 0.3811 0.4632 0.4068 0.4510 0.3982 0.4795 0.4203 0.4292 0.4743 0.4761 0.4430 0.4227 0.3843 0.5038 0.4605 0.4571 0.4003 0.4507 0.4929 0.4478 0.4404 0.4476 0.4439 0.4489 1.0000 0.3739 0.4407 0.4447 0.3978 0.4882 0.4632 0.4966 0.4200 0.4088 0.4886 0.4151 0.4464 0.3809 
0.3982 0.4149 0.4656 0.3615 0.4224 0.3930 0.4553 0.4399 0.4154 0.4790 0.3706 0.4749 0.4192 0.4301 0.3554 0.3675 0.4381 0.4092 0.3842 0.3663 0.4272 0.4020 0.3860 0.3953 0.3723 0.3937 0.4017 0.4217 0.4194 0.4199 0.4137 0.4868 0.4465 0.4378 0.3966 0.4481 0.3739 1.0000 0.4823 0.4448 0.4255 0.4459 0.3906 0.4035 0.3678 0.4143 0.4313 0.4311 0.4246 0.3876 
0.4791 0.3915 0.4768 0.3819 0.4013 0.3902 0.4638 0.5128 0.4577 0.5203 0.3949 0.4703 0.4139 0.5023 0.4219 0.4257 0.4511 0.4401 0.3747 0.4114 0.4301 0.4357 0.4887 0.4281 0.4496 0.3922 0.4209 0.4485 0.4318 0.4164 0.5025 0.5142 0.4144 0.4394 0.4335 0.4998 0.4407 0.4823 1.0000 0.4081 0.4092 0.4839 0.4255 0.4419 0.3596 0.4506 0.4620 0.4556 0.4602 0.3840 
0.3891 0.4589 0.3973 0.3770 0.4496 0.3826 0.4806 0.4095 0.4244 0.3837 0.3997 0.4500 0.4001 0.4263 0.4030 0.4253 0.4129 0.4250 0.3705 0.3695 0.3924 0.4539 0.4232 0.3465 0.4200 0.3760 0.4119 0.4393 0.3643 0.3710 0.4145 0.3983 0.3863 0.4249 0.3891 0.4371 0.4447 0.4448 0.4081 1.0000 0.4782 0.4490 0.4981 0.4745 0.3902 0.4440 0.3819 0.4194 0.4772 0.3611 
0.4180 0.4612 0.3848 0.3424 0.4758 0.4190 0.3936 0.4510 0.4167 0.4204 0.4137 0.4369 0.3762 0.4154 0.3755 0.4706 0.4160 0.4255 0.3440 0.4303 0.3666 0.4379 0.4055 0.3898 0.4193 0.4073 0.4780 0.5225 0.3616 0.3720 0.4362 0.4933 0.3904 0.3958 0.4380 0.4073 0.3978 0.4255 0.4092 0.4782 1.0000 0.4277 0.4785 0.4838 0.3883 0.4475 0.4247 0.4218 0.4869 0.3634 
0.5230 0.5148 0.5383 0.4670 0.4932 0.4725 0.4953 0.4982 0.5182 0.5004 0.4161 0.4553 0.3904 0.4302 0.4304 0.4490 0.4846 0.4466 0.4083 0.4482 0.4615 0.5471 0.4765 0.4326 0.4789 0.4436 0.4501 0.4487 0.4171 0.4149 0.5788 0.5385 0.4125 0.4791 0.4609 0.4918 0.4882 0.4459 0.4839 0.4490 0.4277 1.0000 0.4535 0.4571 0.4779 0.4654 0.4613 0.4534 0.4759 0.4433 
0.4908 0.4237 0.4509 0.4018 0.4425 0.4462 0.4520 0.4082 0.4654 0.4117 0.4246 0.4732 0.3972 0.4624 0.4167 0.4688 0.4282 0.4294 0.3524 0.3978 0.4359 0.5230 0.4601 0.3904 0.4281 0.4062 0.4251 0.4690 0.3912 0.3926 0.4834 0.4254 0.4172 0.4515 0.4410 0.4463 0.4632 0.3906 0.4255 0.4981 0.4785 0.4535 1.0000 0.5294 0.4330 0.4203 0.4129 0.4739 0.5378 0.4025 
0.4787 0.4433 0.4401 0.3964 0.4180 0.4423 0.4499 0.4769 0.5113 0.4451 0.4265 0.4903 0.4201 0.4510 0.4329 0.4554 0.4082 0.4190 0.3537 0.4629 0.4562 0.4557 0.4746 0.3826 0.4434 0.4205 0.4477 0.4642 0.3727 0.4049 0.4921 0.4390 0.4650 0.4617 0.4670 0.4850 0.4966 0.4035 0.4419 0.4745 0.4838 0.4571 0.5294 1.0000 0.4110 0.4075 0.4157 0.4628 0.5330 0.3663 
0.4269 0.4111 0.4109 0.4632 0.4026 0.4843 0.3849 0.3723 0.4217 0.3997 0.4191 0.4112 0.3516 0.4330 0.3184 0.3853 0.3716 0.3511 0.3584 0.3928 0.3779 0.4193 0.3658 0.3319 0.3510 0.3963 0.4054 0.4017 0.3196 0.4034 0.4491 0.3950 0.4040 0.4178 0.4410 0.3874 0.4200 0.3678 0.3596 0.3902 0.3883 0.4779 0.4330 0.4110 1.0000 0.3526 0.3654 0.3903 0.4290 0.3597 
0.4095 0.4689 0.4155 0.3712 0.4565 0.3888 0.4635 0.4257 0.3777 0.3777 0.3911 0.3919 0.3354 0.3922 0.3785 0.4689 0.3710 0.4384 0.3399 0.4203 0.3851 0.4930 0.4016 0.3822 0.4017 0.4100 0.4675 0.4464 0.3760 0.4230 0.4345 0.4101 0.3896 0.4277 0.4085 0.4603 0.4088 0.4143 0.4506 0.4440 0.4475 0.4654 0.4203 0.4075 0.3526 1.0000 0.4758 0.3756 0.4496 0.3641 
0.4553 0.4195 0.4741 0.3631 0.4225 0.3850 0.4703 0.4932 0.4116 0.4623 0.4845 0.4541 0.3609 0.4293 0.4032 0.4357 0.4115 0.4579 0.4006 0.3637 0.4241 0.4578 0.4691 0.4337 0.3675 0.4514 0.5303 0.5137 0.3816 0.4587 0.4546 0.4559 0.4392 0.4572 0.3909 0.4745 0.4886 0.4313 0.4620 0.3819 0.4247 0.4613 0.4129 0.4157 0.3654 0.4758 1.0000 0.3915 0.4097 0.3934 
0.4562 0.3968 0.4691 0.3927 0.4080 0.5020 0.3965 0.3917 0.4453 0.4295 0.4362 0.3944 0.4160 0.4016 0.4372 0.4188 0.4235 0.4214 0.3565 0.4605 0.4691 0.4525 0.4174 0.4086 0.4325 0.3766 0.4500 0.5231 0.4017 0.4278 0.4666 0.4468 0.4555 0.4847 0.5182 0.4237 0.4151 0.4311 0.4556 0.4194 0.4218 0.4534 0.4739 0.4628 0.3903 0.3756 0.3915 1.0000 0.4504 0.3476 
0.4654 0.4200 0.4471 0.4054 0.4198 0.4588 0.4525 0.4612 0.4926 0.4335 0.4356 0.5020 0.4136 0.4708 0.3797 0.4459 0.4429 0.3790 0.3970 0.4309 0.4283 0.4569 0.4319 0.3849 0.4258 0.4006 0.4253 0.4576 0.4059 0.3927 0.5280 0.4357 0.4570 0.4569 0.5040 0.4572 0.4464 0.4246 0.4602 0.4772 0.4869 0.4759 0.5378 0.5330 0.4290 0.4496 0.4097 0.4504 1.0000 0.3510 
0.3790 0.3619 0.3757 0.3192 0.3686 0.3334 0.4234 0.3982 0.3809 0.3750 0.3200 0.3796 0.3196 0.4259 0.3655 0.3353 0.4231 0.4044 0.4285 0.3383 0.3938 0.4357 0.4224 0.4172 0.4105 0.3821 0.4106 0.3981 0.3174 0.3283 0.4128 0.4130 0.3765 0.3610 0.3802 0.3776 0.3809 0.3876 0.3840 0.3611 0.3634 0.4433 0.4025 0.3663 0.3597 0.3641 0.3934 0.3476 0.3510 1.0000 
