
Using the parameter settings in the file: 
''1763145196/clumpp.paramfile''

Parameter settings
----------------------- Main parameters -------------------------
DATATYPE = 0
INDFILE = 1763145196/ClumppIndFile
POPFILE = 
OUTFILE = 1763145196/ClumppIndFile.output
MISCFILE = 1763145196/ClumppIndFile.misc
K = 14
C = 94
R = 50
M = 3
W = 0
S = 2
- Additional options for the Greedy and LargeKGreedy algorithms -
GREEDY_OPTION = 2
REPEATS = 2000
PERMUTATIONFILE = 
----------------------- Optional outputs ------------------------
PRINT_PERMUTED_DATA = 0
PERMUTED_DATAFILE = 
PRINT_EVERY_PERM = 0
EVERY_PERMFILE = 
PRINT_RANDOM_INPUTORDER = 0
RANDOM_INPUTORDERFILE = 
----------------------- Advanced options ------------------------
OVERRIDE_WARNINGS = 0
ORDER_BY_RUN = 1


In total, 2000 configurations of runs and clusters will be tested.

Results
------------------------------
The highest value of H' is: 0.35146990311520

The list of permutations of the clusters that produces that
H' value is (runs are listed sequentially on separate rows)

1 2 3 4 5 6 7 8 9 10 11 12 13 14 
4 7 1 8 11 14 6 2 10 5 3 9 13 12 
8 1 14 6 3 13 10 5 9 12 11 7 4 2 
2 4 10 7 6 8 3 11 1 14 12 9 13 5 
6 7 3 11 5 1 9 13 10 12 8 4 2 14 
6 8 9 2 1 12 10 4 13 11 3 7 5 14 
13 11 2 10 12 7 4 1 9 5 14 8 3 6 
5 12 3 14 1 10 7 2 11 6 8 13 9 4 
13 10 8 11 12 1 5 4 7 2 9 14 6 3 
8 6 7 1 5 10 3 12 11 2 13 14 9 4 
2 1 9 3 12 13 8 11 14 7 5 10 4 6 
12 1 9 8 10 3 6 5 13 4 7 11 2 14 
3 12 10 2 9 4 7 14 6 1 13 8 11 5 
3 11 12 2 7 8 9 4 10 13 1 14 5 6 
10 13 8 2 14 11 3 6 4 1 7 5 9 12 
14 4 5 9 6 13 11 3 7 2 8 1 10 12 
14 13 6 8 5 12 11 7 3 9 4 10 1 2 
4 12 8 6 7 1 9 14 10 13 2 11 5 3 
9 8 11 14 4 3 13 6 5 10 1 2 7 12 
9 7 1 14 10 4 12 11 3 2 6 13 5 8 
7 6 14 3 2 12 8 13 11 5 9 4 10 1 
11 14 12 5 1 4 7 13 6 10 9 3 2 8 
9 2 5 8 4 10 6 11 13 3 14 1 12 7 
11 13 1 9 14 3 5 8 7 4 2 6 10 12 
3 12 13 1 2 7 10 9 5 11 6 4 8 14 
7 5 8 6 3 10 4 11 14 1 9 12 13 2 
12 14 8 3 11 1 4 7 13 5 2 6 10 9 
9 8 6 7 3 11 1 13 2 14 5 12 10 4 
6 8 9 3 2 12 10 4 13 5 14 7 11 1 
2 13 8 10 5 4 9 14 7 11 6 3 1 12 
4 12 1 14 9 8 13 7 10 11 2 6 5 3 
6 1 5 3 9 14 8 11 7 12 4 2 13 10 
11 14 4 10 6 5 3 2 1 8 13 9 12 7 
7 13 14 11 12 6 3 4 10 5 2 1 8 9 
13 11 4 7 12 8 9 1 2 14 6 5 3 10 
3 4 2 12 11 13 8 9 7 5 14 1 10 6 
7 3 6 1 13 8 9 5 10 12 14 4 2 11 
10 5 6 13 4 12 11 3 14 8 9 2 7 1 
12 9 11 6 10 13 3 5 14 4 1 7 8 2 
1 6 14 8 4 10 2 7 5 9 11 12 13 3 
4 8 11 13 1 2 6 14 12 7 9 10 3 5 
12 6 11 5 2 1 14 4 8 9 3 7 13 10 
12 2 8 9 5 13 1 10 4 6 7 11 3 14 
13 14 11 5 3 4 8 9 7 10 12 1 2 6 
13 3 9 5 11 8 1 14 12 7 2 10 4 6 
10 14 4 11 6 7 3 12 9 8 5 13 1 2 
1 3 14 4 10 12 6 5 13 8 7 2 9 11 
12 6 10 4 9 14 8 1 7 11 2 3 13 5 
14 8 7 4 10 11 13 2 3 6 5 9 1 12 
6 14 1 4 7 3 9 12 5 8 10 2 11 13 

The pairwise G' values for each pair of runs where the clusters
of each run are permuted according to the list of permutations above

1.0000 0.3405 0.3593 0.3767 0.2977 0.3369 0.3375 0.3590 0.3799 0.3620 0.3906 0.3891 0.3934 0.3535 0.3378 0.3288 0.3645 0.3907 0.3441 0.3982 0.3793 0.3837 0.3352 0.3352 0.3325 0.3634 0.3471 0.3889 0.3699 0.3877 0.3811 0.3512 0.3302 0.3691 0.3429 0.3154 0.3392 0.3594 0.3822 0.3842 0.3624 0.4018 0.3245 0.3685 0.3455 0.3705 0.3711 0.3149 0.3526 0.4006 
0.3405 1.0000 0.3094 0.3769 0.3491 0.3477 0.3743 0.3294 0.3449 0.3805 0.3824 0.3447 0.3906 0.3771 0.3110 0.2984 0.3574 0.3187 0.3410 0.3101 0.3222 0.3318 0.3355 0.3401 0.2935 0.3217 0.3527 0.3923 0.3547 0.3460 0.3596 0.3117 0.3321 0.3100 0.3055 0.3104 0.3068 0.3042 0.3330 0.3513 0.3417 0.3047 0.3824 0.2978 0.3471 0.3830 0.2981 0.3634 0.3031 0.3599 
0.3593 0.3094 1.0000 0.4118 0.3144 0.3492 0.3319 0.3274 0.4084 0.3430 0.3872 0.3947 0.3111 0.3122 0.2955 0.4069 0.2965 0.3291 0.3959 0.3455 0.3548 0.3886 0.3442 0.3169 0.2851 0.3364 0.3717 0.3841 0.3815 0.3711 0.3330 0.3173 0.3519 0.3218 0.3069 0.3483 0.3808 0.3293 0.3403 0.3519 0.3724 0.3582 0.3273 0.2799 0.3111 0.3716 0.3501 0.3320 0.3191 0.3404 
0.3767 0.3769 0.4118 1.0000 0.3050 0.3545 0.4076 0.3704 0.3850 0.3304 0.4540 0.4483 0.4057 0.3483 0.3241 0.3657 0.3288 0.4013 0.3970 0.3891 0.4109 0.4263 0.3638 0.3390 0.3758 0.4052 0.3696 0.4306 0.4001 0.3996 0.4190 0.3588 0.3676 0.3349 0.3513 0.3395 0.3877 0.3437 0.3702 0.4062 0.3283 0.3960 0.3707 0.3375 0.3439 0.4426 0.3659 0.3519 0.3640 0.3651 
0.2977 0.3491 0.3144 0.3050 1.0000 0.3458 0.3875 0.2946 0.3136 0.3291 0.3044 0.3280 0.3680 0.3557 0.3863 0.3248 0.3545 0.3250 0.3365 0.2993 0.2810 0.3129 0.3209 0.3174 0.3159 0.3091 0.3517 0.3761 0.2958 0.3652 0.3104 0.3285 0.3188 0.3003 0.2824 0.3623 0.2815 0.2816 0.2826 0.3443 0.3253 0.2937 0.2917 0.3451 0.2927 0.3197 0.3502 0.3363 0.2909 0.3062 
0.3369 0.3477 0.3492 0.3545 0.3458 1.0000 0.3425 0.3167 0.3485 0.3802 0.3572 0.3714 0.3421 0.3602 0.3310 0.3331 0.3197 0.4014 0.3389 0.3768 0.3613 0.3576 0.3406 0.3706 0.3276 0.3863 0.3786 0.3821 0.3738 0.4249 0.3752 0.3517 0.3600 0.3505 0.3407 0.3409 0.3427 0.3546 0.3480 0.3380 0.4442 0.3479 0.3898 0.3170 0.3857 0.3414 0.3875 0.3537 0.3285 0.3363 
0.3375 0.3743 0.3319 0.4076 0.3875 0.3425 1.0000 0.3923 0.3984 0.3532 0.4018 0.3581 0.3766 0.3456 0.3602 0.3295 0.3894 0.3940 0.4053 0.3583 0.3632 0.4364 0.3517 0.3119 0.3592 0.3753 0.3396 0.4163 0.4269 0.3419 0.3478 0.3484 0.3448 0.3138 0.3424 0.3764 0.3511 0.3193 0.3519 0.4003 0.3381 0.3310 0.3027 0.3323 0.3460 0.4167 0.3705 0.3557 0.3505 0.3549 
0.3590 0.3294 0.3274 0.3704 0.2946 0.3167 0.3923 1.0000 0.3454 0.3229 0.3299 0.3305 0.3676 0.2964 0.2996 0.3206 0.3220 0.4412 0.3487 0.3514 0.3293 0.3801 0.3171 0.3297 0.3492 0.3604 0.3538 0.3332 0.3593 0.3312 0.3588 0.3727 0.3506 0.2865 0.3117 0.3822 0.3510 0.3072 0.3265 0.3450 0.3322 0.3332 0.3009 0.3607 0.3194 0.3140 0.3834 0.3035 0.3303 0.3336 
0.3799 0.3449 0.4084 0.3850 0.3136 0.3485 0.3984 0.3454 1.0000 0.3863 0.4249 0.3596 0.3736 0.3600 0.3049 0.3760 0.3300 0.3700 0.3706 0.3671 0.3495 0.4023 0.3495 0.3246 0.3211 0.3398 0.3911 0.4391 0.3998 0.3707 0.3458 0.3137 0.3262 0.3533 0.3423 0.3426 0.3257 0.3525 0.3215 0.3529 0.3574 0.3574 0.3628 0.2936 0.3407 0.3681 0.3420 0.3448 0.3387 0.3564 
0.3620 0.3805 0.3430 0.3304 0.3291 0.3802 0.3532 0.3229 0.3863 1.0000 0.3816 0.3528 0.3265 0.3785 0.2772 0.3488 0.3168 0.3420 0.3675 0.3565 0.3394 0.3601 0.3274 0.3357 0.3162 0.3292 0.3516 0.3543 0.3800 0.3653 0.3486 0.3578 0.3692 0.3398 0.3544 0.3278 0.3316 0.3184 0.3388 0.3462 0.3587 0.3462 0.3695 0.3134 0.3602 0.3837 0.3313 0.3746 0.2923 0.3223 
0.3906 0.3824 0.3872 0.4540 0.3044 0.3572 0.4018 0.3299 0.4249 0.3816 1.0000 0.4511 0.3859 0.3164 0.3193 0.3913 0.4039 0.3499 0.4052 0.3831 0.3769 0.4369 0.3496 0.3374 0.3836 0.3536 0.3605 0.4351 0.4075 0.3893 0.3917 0.3545 0.3539 0.3304 0.3867 0.3087 0.3543 0.4095 0.3584 0.3737 0.3316 0.3537 0.3766 0.2863 0.3082 0.4049 0.3333 0.3849 0.3478 0.3591 
0.3891 0.3447 0.3947 0.4483 0.3280 0.3714 0.3581 0.3305 0.3596 0.3528 0.4511 1.0000 0.3823 0.3272 0.3704 0.4618 0.4180 0.3349 0.3743 0.3838 0.4218 0.4104 0.4051 0.3619 0.3724 0.3957 0.3880 0.4393 0.3993 0.4339 0.4431 0.3379 0.3539 0.3662 0.3515 0.2917 0.4106 0.4061 0.4345 0.4237 0.3531 0.3787 0.3782 0.3085 0.3523 0.4132 0.3533 0.3610 0.3863 0.4149 
0.3934 0.3906 0.3111 0.4057 0.3680 0.3421 0.3766 0.3676 0.3736 0.3265 0.3859 0.3823 1.0000 0.3426 0.3559 0.3317 0.3644 0.3705 0.3653 0.3330 0.3427 0.3831 0.4074 0.3040 0.3624 0.3589 0.3832 0.4274 0.3759 0.3872 0.3852 0.3256 0.3506 0.3478 0.3194 0.3545 0.3209 0.3235 0.3555 0.4321 0.3190 0.3477 0.3740 0.3655 0.3475 0.3677 0.3542 0.3293 0.3569 0.3307 
0.3535 0.3771 0.3122 0.3483 0.3557 0.3602 0.3456 0.2964 0.3600 0.3785 0.3164 0.3272 0.3426 1.0000 0.2900 0.3051 0.2685 0.3470 0.3413 0.3364 0.3273 0.3327 0.3243 0.3685 0.3079 0.3464 0.3192 0.3575 0.3237 0.3655 0.3359 0.3349 0.3393 0.3492 0.3005 0.3214 0.3388 0.3033 0.3446 0.3462 0.3469 0.3898 0.4366 0.3088 0.3540 0.3766 0.3481 0.4151 0.3228 0.3529 
0.3378 0.3110 0.2955 0.3241 0.3863 0.3310 0.3602 0.2996 0.3049 0.2772 0.3193 0.3704 0.3559 0.2900 1.0000 0.2941 0.3736 0.3482 0.3135 0.3155 0.3328 0.3043 0.3616 0.3007 0.3125 0.3906 0.2986 0.3594 0.3191 0.3354 0.3711 0.2922 0.3037 0.3118 0.3156 0.3250 0.3018 0.2961 0.3197 0.3466 0.3185 0.3107 0.2692 0.3163 0.3629 0.3185 0.3249 0.3459 0.3511 0.3062 
0.3288 0.2984 0.4069 0.3657 0.3248 0.3331 0.3295 0.3206 0.3760 0.3488 0.3913 0.4618 0.3317 0.3051 0.2941 1.0000 0.3429 0.3288 0.3507 0.3486 0.3606 0.3887 0.3240 0.3207 0.3306 0.3193 0.3569 0.3995 0.3593 0.4273 0.3425 0.3160 0.3029 0.3336 0.3311 0.2987 0.3295 0.3322 0.3435 0.3532 0.3053 0.3882 0.3209 0.2727 0.3166 0.4065 0.3238 0.3669 0.4135 0.3599 
0.3645 0.3574 0.2965 0.3288 0.3545 0.3197 0.3894 0.3220 0.3300 0.3168 0.4039 0.4180 0.3644 0.2685 0.3736 0.3429 1.0000 0.3380 0.3117 0.3184 0.3142 0.3589 0.2874 0.2912 0.3450 0.3287 0.3770 0.4008 0.3770 0.3247 0.3239 0.3763 0.3279 0.2897 0.3245 0.2885 0.3219 0.3223 0.3148 0.3252 0.3351 0.2984 0.3096 0.3084 0.3158 0.3709 0.3366 0.3467 0.3112 0.3176 
0.3907 0.3187 0.3291 0.4013 0.3250 0.4014 0.3940 0.4412 0.3700 0.3420 0.3499 0.3349 0.3705 0.3470 0.3482 0.3288 0.3380 1.0000 0.3702 0.3473 0.3736 0.3957 0.3246 0.3868 0.3875 0.3670 0.3417 0.3781 0.3760 0.3368 0.3657 0.4177 0.3767 0.3342 0.3186 0.3954 0.3430 0.3273 0.3449 0.3637 0.4394 0.3577 0.3200 0.4055 0.4070 0.3732 0.4156 0.3225 0.3566 0.3951 
0.3441 0.3410 0.3959 0.3970 0.3365 0.3389 0.4053 0.3487 0.3706 0.3675 0.4052 0.3743 0.3653 0.3413 0.3135 0.3507 0.3117 0.3702 1.0000 0.4294 0.3318 0.4410 0.3592 0.3182 0.3684 0.3619 0.3106 0.3559 0.3941 0.3511 0.3617 0.3392 0.3658 0.3331 0.3442 0.3483 0.3733 0.3270 0.3397 0.3787 0.3774 0.3346 0.3299 0.2938 0.3196 0.4234 0.3281 0.3539 0.3287 0.3199 
0.3982 0.3101 0.3455 0.3891 0.2993 0.3768 0.3583 0.3514 0.3671 0.3565 0.3831 0.3838 0.3330 0.3364 0.3155 0.3486 0.3184 0.3473 0.4294 1.0000 0.3326 0.3737 0.3508 0.3260 0.3492 0.4059 0.3330 0.3425 0.3760 0.3858 0.4256 0.3381 0.3493 0.3419 0.4170 0.3103 0.3392 0.3546 0.3967 0.3468 0.3523 0.3666 0.3181 0.3193 0.3318 0.3953 0.3100 0.3064 0.3806 0.2999 
0.3793 0.3222 0.3548 0.4109 0.2810 0.3613 0.3632 0.3293 0.3495 0.3394 0.3769 0.4218 0.3427 0.3273 0.3328 0.3606 0.3142 0.3736 0.3318 0.3326 1.0000 0.3693 0.3681 0.3774 0.3252 0.3498 0.3281 0.4045 0.3620 0.4156 0.3855 0.3324 0.3365 0.3508 0.3435 0.3176 0.4045 0.3885 0.3935 0.3697 0.3222 0.4016 0.3540 0.3356 0.3290 0.3393 0.3882 0.3448 0.3823 0.3919 
0.3837 0.3318 0.3886 0.4263 0.3129 0.3576 0.4364 0.3801 0.4023 0.3601 0.4369 0.4104 0.3831 0.3327 0.3043 0.3887 0.3589 0.3957 0.4410 0.3737 0.3693 1.0000 0.3214 0.3488 0.4073 0.3815 0.3353 0.3943 0.4301 0.3776 0.3651 0.3698 0.3323 0.3607 0.3620 0.3627 0.3642 0.3772 0.3834 0.3726 0.3698 0.3926 0.3691 0.3279 0.3262 0.4536 0.3488 0.4039 0.3560 0.3811 
0.3352 0.3355 0.3442 0.3638 0.3209 0.3406 0.3517 0.3171 0.3495 0.3274 0.3496 0.4051 0.4074 0.3243 0.3616 0.3240 0.2874 0.3246 0.3592 0.3508 0.3681 0.3214 1.0000 0.3253 0.3296 0.3863 0.3844 0.3908 0.3554 0.3835 0.3945 0.3026 0.3578 0.3171 0.3094 0.3301 0.3179 0.3455 0.3443 0.3657 0.3700 0.3245 0.3501 0.3408 0.3781 0.3380 0.3647 0.3037 0.3166 0.3282 
0.3352 0.3401 0.3169 0.3390 0.3174 0.3706 0.3119 0.3297 0.3246 0.3357 0.3374 0.3619 0.3040 0.3685 0.3007 0.3207 0.2912 0.3868 0.3182 0.3260 0.3774 0.3488 0.3253 1.0000 0.3215 0.3216 0.3531 0.3113 0.3082 0.3912 0.3586 0.4047 0.3228 0.3558 0.2822 0.3964 0.3317 0.3895 0.3746 0.3476 0.3713 0.3724 0.3718 0.3816 0.3813 0.3324 0.3339 0.3303 0.3135 0.3630 
0.3325 0.2935 0.2851 0.3758 0.3159 0.3276 0.3592 0.3492 0.3211 0.3162 0.3836 0.3724 0.3624 0.3079 0.3125 0.3306 0.3450 0.3875 0.3684 0.3492 0.3252 0.4073 0.3296 0.3215 1.0000 0.3642 0.3147 0.3474 0.3302 0.3637 0.3558 0.3289 0.3131 0.3153 0.3600 0.3361 0.2988 0.3071 0.3099 0.3330 0.3249 0.3172 0.3302 0.3135 0.3157 0.3969 0.3698 0.3369 0.3371 0.3397 
0.3634 0.3217 0.3364 0.4052 0.3091 0.3863 0.3753 0.3604 0.3398 0.3292 0.3536 0.3957 0.3589 0.3464 0.3906 0.3193 0.3287 0.3670 0.3619 0.4059 0.3498 0.3815 0.3863 0.3216 0.3642 1.0000 0.3424 0.3725 0.3690 0.3956 0.4005 0.3050 0.3377 0.3326 0.3621 0.3488 0.3207 0.3310 0.3495 0.3721 0.3721 0.3927 0.3353 0.3140 0.3642 0.4176 0.3359 0.3218 0.3548 0.3174 
0.3471 0.3527 0.3717 0.3696 0.3517 0.3786 0.3396 0.3538 0.3911 0.3516 0.3605 0.3880 0.3832 0.3192 0.2986 0.3569 0.3770 0.3417 0.3106 0.3330 0.3281 0.3353 0.3844 0.3531 0.3147 0.3424 1.0000 0.4046 0.3808 0.4137 0.3418 0.3556 0.4155 0.3201 0.3144 0.3421 0.3270 0.3583 0.3125 0.3258 0.3575 0.3299 0.3697 0.3287 0.3719 0.3579 0.3776 0.3318 0.3053 0.3211 
0.3889 0.3923 0.3841 0.4306 0.3761 0.3821 0.4163 0.3332 0.4391 0.3543 0.4351 0.4393 0.4274 0.3575 0.3594 0.3995 0.4008 0.3781 0.3559 0.3425 0.4045 0.3943 0.3908 0.3113 0.3474 0.3725 0.4046 1.0000 0.3946 0.4102 0.3967 0.3090 0.3805 0.3447 0.3397 0.3160 0.3608 0.3501 0.3677 0.3865 0.3589 0.3405 0.3835 0.3166 0.3718 0.3970 0.4039 0.3578 0.3733 0.3805 
0.3699 0.3547 0.3815 0.4001 0.2958 0.3738 0.4269 0.3593 0.3998 0.3800 0.4075 0.3993 0.3759 0.3237 0.3191 0.3593 0.3770 0.3760 0.3941 0.3760 0.3620 0.4301 0.3554 0.3082 0.3302 0.3690 0.3808 0.3946 1.0000 0.3671 0.3648 0.3508 0.3359 0.3542 0.3724 0.3814 0.3905 0.3383 0.3702 0.3811 0.3504 0.3599 0.3486 0.3238 0.3465 0.4162 0.3551 0.3578 0.3536 0.3722 
0.3877 0.3460 0.3711 0.3996 0.3652 0.4249 0.3419 0.3312 0.3707 0.3653 0.3893 0.4339 0.3872 0.3655 0.3354 0.4273 0.3247 0.3368 0.3511 0.3858 0.4156 0.3776 0.3835 0.3912 0.3637 0.3956 0.4137 0.4102 0.3671 1.0000 0.3927 0.3330 0.3411 0.3913 0.3500 0.3333 0.3525 0.3771 0.3710 0.4155 0.3731 0.4631 0.3809 0.3354 0.3722 0.3913 0.3807 0.3446 0.3608 0.3995 
0.3811 0.3596 0.3330 0.4190 0.3104 0.3752 0.3478 0.3588 0.3458 0.3486 0.3917 0.4431 0.3852 0.3359 0.3711 0.3425 0.3239 0.3657 0.3617 0.4256 0.3855 0.3651 0.3945 0.3586 0.3558 0.4005 0.3418 0.3967 0.3648 0.3927 1.0000 0.3581 0.3249 0.3817 0.3754 0.3090 0.3840 0.3560 0.4288 0.4144 0.3396 0.3715 0.3443 0.3321 0.3587 0.3857 0.3723 0.3719 0.4072 0.3674 
0.3512 0.3117 0.3173 0.3588 0.3285 0.3517 0.3484 0.3727 0.3137 0.3578 0.3545 0.3379 0.3256 0.3349 0.2922 0.3160 0.3763 0.4177 0.3392 0.3381 0.3324 0.3698 0.3026 0.4047 0.3289 0.3050 0.3556 0.3090 0.3508 0.3330 0.3581 1.0000 0.3385 0.3699 0.2919 0.3441 0.3385 0.3510 0.3307 0.3334 0.3408 0.3402 0.3193 0.3605 0.3233 0.3357 0.3331 0.3414 0.3193 0.3442 
0.3302 0.3321 0.3519 0.3676 0.3188 0.3600 0.3448 0.3506 0.3262 0.3692 0.3539 0.3539 0.3506 0.3393 0.3037 0.3029 0.3279 0.3767 0.3658 0.3493 0.3365 0.3323 0.3578 0.3228 0.3131 0.3377 0.4155 0.3805 0.3359 0.3411 0.3249 0.3385 1.0000 0.3100 0.3240 0.3120 0.3586 0.3259 0.3353 0.3117 0.3593 0.3416 0.3520 0.3315 0.3574 0.3527 0.3708 0.3507 0.2934 0.3158 
0.3691 0.3100 0.3218 0.3349 0.3003 0.3505 0.3138 0.2865 0.3533 0.3398 0.3304 0.3662 0.3478 0.3492 0.3118 0.3336 0.2897 0.3342 0.3331 0.3419 0.3508 0.3607 0.3171 0.3558 0.3153 0.3326 0.3201 0.3447 0.3542 0.3913 0.3817 0.3699 0.3100 1.0000 0.3040 0.3050 0.3327 0.3666 0.4002 0.3865 0.3585 0.4225 0.3347 0.2979 0.3101 0.3600 0.2977 0.3584 0.3624 0.3680 
0.3429 0.3055 0.3069 0.3513 0.2824 0.3407 0.3424 0.3117 0.3423 0.3544 0.3867 0.3515 0.3194 0.3005 0.3156 0.3311 0.3245 0.3186 0.3442 0.4170 0.3435 0.3620 0.3094 0.2822 0.3600 0.3621 0.3144 0.3397 0.3724 0.3500 0.3754 0.2919 0.3240 0.3040 1.0000 0.2991 0.3757 0.3537 0.3664 0.3230 0.3178 0.3220 0.3446 0.3150 0.3472 0.3648 0.3691 0.3522 0.3757 0.3005 
0.3154 0.3104 0.3483 0.3395 0.3623 0.3409 0.3764 0.3822 0.3426 0.3278 0.3087 0.2917 0.3545 0.3214 0.3250 0.2987 0.2885 0.3954 0.3483 0.3103 0.3176 0.3627 0.3301 0.3964 0.3361 0.3488 0.3421 0.3160 0.3814 0.3333 0.3090 0.3441 0.3120 0.3050 0.2991 1.0000 0.3011 0.2983 0.3002 0.3263 0.3633 0.2989 0.3403 0.3963 0.3485 0.3429 0.3220 0.3501 0.2848 0.2981 
0.3392 0.3068 0.3808 0.3877 0.2815 0.3427 0.3511 0.3510 0.3257 0.3316 0.3543 0.4106 0.3209 0.3388 0.3018 0.3295 0.3219 0.3430 0.3733 0.3392 0.4045 0.3642 0.3179 0.3317 0.2988 0.3207 0.3270 0.3608 0.3905 0.3525 0.3840 0.3385 0.3586 0.3327 0.3757 0.3011 1.0000 0.3437 0.3784 0.3603 0.3329 0.3287 0.3558 0.3100 0.3274 0.3636 0.3509 0.3616 0.3473 0.3269 
0.3594 0.3042 0.3293 0.3437 0.2816 0.3546 0.3193 0.3072 0.3525 0.3184 0.4095 0.4061 0.3235 0.3033 0.2961 0.3322 0.3223 0.3273 0.3270 0.3546 0.3885 0.3772 0.3455 0.3895 0.3071 0.3310 0.3583 0.3501 0.3383 0.3771 0.3560 0.3510 0.3259 0.3666 0.3537 0.2983 0.3437 1.0000 0.3851 0.3407 0.3702 0.3693 0.3170 0.3174 0.3314 0.3432 0.3038 0.3342 0.3339 0.3172 
0.3822 0.3330 0.3403 0.3702 0.2826 0.3480 0.3519 0.3265 0.3215 0.3388 0.3584 0.4345 0.3555 0.3446 0.3197 0.3435 0.3148 0.3449 0.3397 0.3967 0.3935 0.3834 0.3443 0.3746 0.3099 0.3495 0.3125 0.3677 0.3702 0.3710 0.4288 0.3307 0.3353 0.4002 0.3664 0.3002 0.3784 0.3851 1.0000 0.3811 0.3473 0.3847 0.3624 0.3650 0.3160 0.3710 0.3242 0.3752 0.4232 0.4053 
0.3842 0.3513 0.3519 0.4062 0.3443 0.3380 0.4003 0.3450 0.3529 0.3462 0.3737 0.4237 0.4321 0.3462 0.3466 0.3532 0.3252 0.3637 0.3787 0.3468 0.3697 0.3726 0.3657 0.3476 0.3330 0.3721 0.3258 0.3865 0.3811 0.4155 0.4144 0.3334 0.3117 0.3865 0.3230 0.3263 0.3603 0.3407 0.3811 1.0000 0.3271 0.3935 0.3496 0.3507 0.3344 0.3836 0.3336 0.3149 0.3479 0.3541 
0.3624 0.3417 0.3724 0.3283 0.3253 0.4442 0.3381 0.3322 0.3574 0.3587 0.3316 0.3531 0.3190 0.3469 0.3185 0.3053 0.3351 0.4394 0.3774 0.3523 0.3222 0.3698 0.3700 0.3713 0.3249 0.3721 0.3575 0.3589 0.3504 0.3731 0.3396 0.3408 0.3593 0.3585 0.3178 0.3633 0.3329 0.3702 0.3473 0.3271 1.0000 0.3501 0.3546 0.3160 0.3865 0.3581 0.3523 0.3250 0.3232 0.3422 
0.4018 0.3047 0.3582 0.3960 0.2937 0.3479 0.3310 0.3332 0.3574 0.3462 0.3537 0.3787 0.3477 0.3898 0.3107 0.3882 0.2984 0.3577 0.3346 0.3666 0.4016 0.3926 0.3245 0.3724 0.3172 0.3927 0.3299 0.3405 0.3599 0.4631 0.3715 0.3402 0.3416 0.4225 0.3220 0.2989 0.3287 0.3693 0.3847 0.3935 0.3501 1.0000 0.3343 0.3349 0.3270 0.3885 0.3220 0.3578 0.3195 0.4473 
0.3245 0.3824 0.3273 0.3707 0.2917 0.3898 0.3027 0.3009 0.3628 0.3695 0.3766 0.3782 0.3740 0.4366 0.2692 0.3209 0.3096 0.3200 0.3299 0.3181 0.3540 0.3691 0.3501 0.3718 0.3302 0.3353 0.3697 0.3835 0.3486 0.3809 0.3443 0.3193 0.3520 0.3347 0.3446 0.3403 0.3558 0.3170 0.3624 0.3496 0.3546 0.3343 1.0000 0.3658 0.3836 0.3702 0.3329 0.3817 0.3291 0.3623 
0.3685 0.2978 0.2799 0.3375 0.3451 0.3170 0.3323 0.3607 0.2936 0.3134 0.2863 0.3085 0.3655 0.3088 0.3163 0.2727 0.3084 0.4055 0.2938 0.3193 0.3356 0.3279 0.3408 0.3816 0.3135 0.3140 0.3287 0.3166 0.3238 0.3354 0.3321 0.3605 0.3315 0.2979 0.3150 0.3963 0.3100 0.3174 0.3650 0.3507 0.3160 0.3349 0.3658 1.0000 0.3507 0.3123 0.3666 0.3188 0.3318 0.3619 
0.3455 0.3471 0.3111 0.3439 0.2927 0.3857 0.3460 0.3194 0.3407 0.3602 0.3082 0.3523 0.3475 0.3540 0.3629 0.3166 0.3158 0.4070 0.3196 0.3318 0.3290 0.3262 0.3781 0.3813 0.3157 0.3642 0.3719 0.3718 0.3465 0.3722 0.3587 0.3233 0.3574 0.3101 0.3472 0.3485 0.3274 0.3314 0.3160 0.3344 0.3865 0.3270 0.3836 0.3507 1.0000 0.3267 0.3846 0.3147 0.3310 0.3278 
0.3705 0.3830 0.3716 0.4426 0.3197 0.3414 0.4167 0.3140 0.3681 0.3837 0.4049 0.4132 0.3677 0.3766 0.3185 0.4065 0.3709 0.3732 0.4234 0.3953 0.3393 0.4536 0.3380 0.3324 0.3969 0.4176 0.3579 0.3970 0.4162 0.3913 0.3857 0.3357 0.3527 0.3600 0.3648 0.3429 0.3636 0.3432 0.3710 0.3836 0.3581 0.3885 0.3702 0.3123 0.3267 1.0000 0.3165 0.3873 0.3406 0.3542 
0.3711 0.2981 0.3501 0.3659 0.3502 0.3875 0.3705 0.3834 0.3420 0.3313 0.3333 0.3533 0.3542 0.3481 0.3249 0.3238 0.3366 0.4156 0.3281 0.3100 0.3882 0.3488 0.3647 0.3339 0.3698 0.3359 0.3776 0.4039 0.3551 0.3807 0.3723 0.3331 0.3708 0.2977 0.3691 0.3220 0.3509 0.3038 0.3242 0.3336 0.3523 0.3220 0.3329 0.3666 0.3846 0.3165 1.0000 0.3261 0.3333 0.3776 
0.3149 0.3634 0.3320 0.3519 0.3363 0.3537 0.3557 0.3035 0.3448 0.3746 0.3849 0.3610 0.3293 0.4151 0.3459 0.3669 0.3467 0.3225 0.3539 0.3064 0.3448 0.4039 0.3037 0.3303 0.3369 0.3218 0.3318 0.3578 0.3578 0.3446 0.3719 0.3414 0.3507 0.3584 0.3522 0.3501 0.3616 0.3342 0.3752 0.3149 0.3250 0.3578 0.3817 0.3188 0.3147 0.3873 0.3261 1.0000 0.3612 0.3671 
0.3526 0.3031 0.3191 0.3640 0.2909 0.3285 0.3505 0.3303 0.3387 0.2923 0.3478 0.3863 0.3569 0.3228 0.3511 0.4135 0.3112 0.3566 0.3287 0.3806 0.3823 0.3560 0.3166 0.3135 0.3371 0.3548 0.3053 0.3733 0.3536 0.3608 0.4072 0.3193 0.2934 0.3624 0.3757 0.2848 0.3473 0.3339 0.4232 0.3479 0.3232 0.3195 0.3291 0.3318 0.3310 0.3406 0.3333 0.3612 1.0000 0.3394 
0.4006 0.3599 0.3404 0.3651 0.3062 0.3363 0.3549 0.3336 0.3564 0.3223 0.3591 0.4149 0.3307 0.3529 0.3062 0.3599 0.3176 0.3951 0.3199 0.2999 0.3919 0.3811 0.3282 0.3630 0.3397 0.3174 0.3211 0.3805 0.3722 0.3995 0.3674 0.3442 0.3158 0.3680 0.3005 0.2981 0.3269 0.3172 0.4053 0.3541 0.3422 0.4473 0.3623 0.3619 0.3278 0.3542 0.3776 0.3671 0.3394 1.0000 
