1.0000 0.2812 0.2920 0.3116 0.2937 0.2686 0.2996 0.2813 0.3029 0.2863 0.2723 0.2806 0.2768 0.3180 0.2809 0.3425 0.2504 0.3270 0.3116 0.3153 0.2759 0.2646 0.2750 0.2799 0.2733 0.2983 0.3250 0.3107 0.2757 0.3453 0.3413 0.2618 0.2998 0.2921 0.3114 0.3105 0.3303 0.2778 0.3287 0.2746 0.2723 0.3232 0.2853 0.3360 0.2852 0.3069 0.3237 0.3232 0.2579 0.2926
0.2812 1.0000 0.3283 0.3514 0.3386 0.3357 0.3090 0.3173 0.3378 0.2822 0.2519 0.3122 0.3447 0.2888 0.3143 0.3140 0.2823 0.3015 0.3022 0.3244 0.2536 0.3506 0.2850 0.3117 0.3351 0.3522 0.3157 0.3401 0.3032 0.3279 0.2849 0.2452 0.3117 0.2988 0.3451 0.3205 0.3383 0.2482 0.3042 0.3178 0.3292 0.3847 0.3194 0.3424 0.2836 0.2908 0.3794 0.2857 0.3426 0.2963
0.2920 0.3283 1.0000 0.3117 0.3121 0.3800 0.3553 0.3098 0.3525 0.3113 0.2688 0.3527 0.3165 0.3729 0.3611 0.3168 0.3265 0.3680 0.3270 0.3012 0.2858 0.3057 0.2948 0.4036 0.2482 0.3407 0.3415 0.3214 0.3847 0.3204 0.3440 0.3791 0.2776 0.3454 0.4020 0.3206 0.3306 0.2668 0.3307 0.3252 0.3253 0.3813 0.2938 0.3122 0.3133 0.2795 0.3130 0.3398 0.3397 0.3984
0.3116 0.3514 0.3117 1.0000 0.3559 0.3536 0.3017 0.3619 0.3285 0.3115 0.2835 0.3483 0.3469 0.3180 0.3014 0.2833 0.3838 0.3196 0.3214 0.3022 0.3387 0.2780 0.3395 0.2928 0.3621 0.3245 0.3586 0.3368 0.3108 0.3237 0.3596 0.3259 0.2780 0.3001 0.3087 0.3319 0.3816 0.2577 0.2836 0.3348 0.3061 0.3475 0.2826 0.3261 0.3240 0.3205 0.3667 0.3363 0.3734 0.3476
0.2937 0.3386 0.3121 0.3559 1.0000 0.3655 0.2763 0.3824 0.3517 0.2963 0.2936 0.3418 0.3553 0.3305 0.2919 0.3003 0.3215 0.3896 0.3012 0.2248 0.2970 0.3802 0.3247 0.2696 0.2938 0.2780 0.3739 0.3399 0.2830 0.3819 0.3119 0.3207 0.2942 0.3584 0.3325 0.3155 0.3152 0.2982 0.2854 0.3466 0.3081 0.3904 0.3058 0.2845 0.3063 0.3025 0.3335 0.3297 0.3421 0.3105
0.2686 0.3357 0.3800 0.3536 0.3655 1.0000 0.3081 0.3067 0.3431 0.2830 0.2633 0.3100 0.3424 0.3259 0.2949 0.3224 0.3652 0.3161 0.3212 0.2693 0.3372 0.3418 0.3453 0.3887 0.2928 0.3354 0.3235 0.3257 0.3204 0.3373 0.3100 0.3322 0.3009 0.3455 0.3458 0.3854 0.3305 0.2572 0.3164 0.3476 0.3726 0.4024 0.3156 0.3390 0.3801 0.3211 0.3436 0.3173 0.3404 0.3017
0.2996 0.3090 0.3553 0.3017 0.2763 0.3081 1.0000 0.2860 0.3257 0.2875 0.3081 0.3421 0.3472 0.3266 0.3232 0.3146 0.3227 0.2601 0.3085 0.2827 0.2706 0.2560 0.2545 0.2876 0.2737 0.3138 0.2735 0.3066 0.3157 0.3122 0.3019 0.3004 0.3043 0.3580 0.3356 0.3260 0.3567 0.3023 0.2967 0.3780 0.3528 0.3218 0.3049 0.3347 0.2901 0.2508 0.3162 0.3244 0.3007 0.2866
0.2813 0.3173 0.3098 0.3619 0.3824 0.3067 0.2860 1.0000 0.3556 0.2717 0.2380 0.3222 0.3336 0.3600 0.2977 0.2851 0.3515 0.2943 0.2922 0.2872 0.3104 0.3524 0.2589 0.2714 0.2691 0.3029 0.3585 0.3593 0.3107 0.2980 0.2856 0.2735 0.3092 0.2703 0.3418 0.3540 0.3500 0.2683 0.2669 0.3221 0.2972 0.3447 0.2872 0.3302 0.3431 0.3096 0.3177 0.3027 0.3140 0.2881
0.3029 0.3378 0.3525 0.3285 0.3517 0.3431 0.3257 0.3556 1.0000 0.3016 0.2626 0.3109 0.3902 0.3862 0.3529 0.2977 0.3686 0.3553 0.3450 0.3107 0.3549 0.3266 0.3269 0.3072 0.3322 0.3298 0.3687 0.3495 0.3478 0.3711 0.3223 0.3381 0.2594 0.3453 0.3966 0.3724 0.3152 0.2775 0.3003 0.3688 0.3693 0.3597 0.3067 0.3242 0.3393 0.3494 0.3744 0.3668 0.3122 0.3101
0.2863 0.2822 0.3113 0.3115 0.2963 0.2830 0.2875 0.2717 0.3016 1.0000 0.3524 0.2958 0.3058 0.3444 0.3532 0.3066 0.3273 0.3528 0.3350 0.3044 0.3747 0.2743 0.3043 0.2941 0.2969 0.2759 0.3257 0.3180 0.3495 0.3329 0.3507 0.3162 0.2910 0.3526 0.3151 0.3116 0.2863 0.3112 0.3003 0.3031 0.3179 0.3006 0.2859 0.3271 0.2959 0.3203 0.3598 0.2953 0.2891 0.3359
0.2723 0.2519 0.2688 0.2835 0.2936 0.2633 0.3081 0.2380 0.2626 0.3524 1.0000 0.2974 0.3336 0.3071 0.3469 0.3013 0.3434 0.2786 0.3232 0.2629 0.2470 0.2590 0.2576 0.2809 0.2779 0.2463 0.2762 0.2621 0.3081 0.3071 0.3021 0.3200 0.3009 0.3365 0.2578 0.3101 0.3027 0.3463 0.2840 0.3202 0.2522 0.2823 0.2671 0.3251 0.2730 0.2790 0.2960 0.2431 0.2541 0.3187
0.2806 0.3122 0.3527 0.3483 0.3418 0.3100 0.3421 0.3222 0.3109 0.2958 0.2974 1.0000 0.3116 0.2873 0.3048 0.2904 0.2781 0.3218 0.3545 0.2833 0.2596 0.2890 0.3633 0.3041 0.2946 0.3138 0.3338 0.3016 0.3099 0.3484 0.3180 0.3353 0.3020 0.3383 0.3102 0.2887 0.3163 0.3281 0.3188 0.3527 0.3268 0.3429 0.2885 0.3134 0.2665 0.2873 0.3221 0.3546 0.3608 0.3117
0.2768 0.3447 0.3165 0.3469 0.3553 0.3424 0.3472 0.3336 0.3902 0.3058 0.3336 0.3116 1.0000 0.3251 0.3225 0.3057 0.3676 0.3051 0.3183 0.3341 0.3169 0.3053 0.2776 0.2757 0.3599 0.3752 0.3159 0.3368 0.3094 0.3428 0.3516 0.3108 0.3164 0.3720 0.3819 0.4065 0.3319 0.2778 0.3171 0.3578 0.4105 0.3527 0.3549 0.3019 0.3052 0.3208 0.3475 0.3074 0.2943 0.2791
0.3180 0.2888 0.3729 0.3180 0.3305 0.3259 0.3266 0.3600 0.3862 0.3444 0.3071 0.2873 0.3251 1.0000 0.3950 0.3789 0.3853 0.3422 0.3412 0.3044 0.3289 0.2833 0.2987 0.3107 0.3221 0.3096 0.4369 0.3051 0.3780 0.3348 0.3206 0.3407 0.3370 0.3444 0.3904 0.4402 0.3370 0.3163 0.2825 0.3852 0.3120 0.3412 0.2997 0.3264 0.3212 0.2985 0.3089 0.3536 0.3221 0.3214
0.2809 0.3143 0.3611 0.3014 0.2919 0.2949 0.3232 0.2977 0.3529 0.3532 0.3469 0.3048 0.3225 0.3950 1.0000 0.3479 0.2952 0.2530 0.3242 0.3543 0.2954 0.2380 0.2299 0.3195 0.2978 0.2755 0.3399 0.3299 0.3572 0.2832 0.3057 0.2715 0.3192 0.3423 0.3367 0.3410 0.3360 0.3076 0.2784 0.3541 0.3087 0.3053 0.2669 0.3280 0.2871 0.2952 0.3253 0.3406 0.3602 0.3141
0.3425 0.3140 0.3168 0.2833 0.3003 0.3224 0.3146 0.2851 0.2977 0.3066 0.3013 0.2904 0.3057 0.3789 0.3479 1.0000 0.2787 0.2915 0.3483 0.2870 0.3123 0.2408 0.3011 0.3071 0.3060 0.2559 0.3272 0.2891 0.3002 0.3049 0.3261 0.2943 0.3528 0.3159 0.3529 0.4016 0.3338 0.2913 0.3239 0.3105 0.3052 0.3664 0.2631 0.2931 0.2831 0.3038 0.3165 0.3103 0.2612 0.3157
0.2504 0.2823 0.3265 0.3838 0.3215 0.3652 0.3227 0.3515 0.3686 0.3273 0.3434 0.2781 0.3676 0.3853 0.2952 0.2787 1.0000 0.3592 0.2926 0.2706 0.3523 0.2945 0.3458 0.2971 0.3440 0.2826 0.3534 0.2877 0.3047 0.3691 0.3304 0.3726 0.2765 0.3182 0.3424 0.3479 0.3193 0.2722 0.2726 0.3660 0.3229 0.3211 0.2813 0.3182 0.3778 0.2782 0.2971 0.2961 0.2928 0.3487
0.3270 0.3015 0.3680 0.3196 0.3896 0.3161 0.2601 0.2943 0.3553 0.3528 0.2786 0.3218 0.3051 0.3422 0.2530 0.2915 0.3592 1.0000 0.3557 0.2505 0.3107 0.3142 0.3442 0.3154 0.2907 0.2958 0.3614 0.3226 0.3187 0.4718 0.3674 0.3351 0.2554 0.3419 0.3292 0.3193 0.2775 0.2491 0.3243 0.3003 0.3244 0.3599 0.2955 0.2871 0.3249 0.3409 0.3263 0.3653 0.2615 0.3377
0.3116 0.3022 0.3270 0.3214 0.3012 0.3212 0.3085 0.2922 0.3450 0.3350 0.3232 0.3545 0.3183 0.3412 0.3242 0.3483 0.2926 0.3557 1.0000 0.3098 0.2860 0.3323 0.3516 0.3394 0.2927 0.2895 0.3575 0.3134 0.3352 0.3751 0.2873 0.3174 0.2834 0.3319 0.3497 0.3691 0.3078 0.3223 0.3163 0.3098 0.3557 0.3693 0.2642 0.3073 0.2890 0.3148 0.3054 0.3380 0.2749 0.3234
0.3153 0.3244 0.3012 0.3022 0.2248 0.2693 0.2827 0.2872 0.3107 0.3044 0.2629 0.2833 0.3341 0.3044 0.3543 0.2870 0.2706 0.2505 0.3098 1.0000 0.2590 0.2368 0.2817 0.3616 0.3049 0.3467 0.2986 0.3111 0.2661 0.2926 0.2959 0.2441 0.2802 0.3327 0.3286 0.3716 0.3257 0.2387 0.2995 0.3265 0.2911 0.2958 0.2874 0.3745 0.2680 0.2705 0.3154 0.2763 0.2823 0.2776
0.2759 0.2536 0.2858 0.3387 0.2970 0.3372 0.2706 0.3104 0.3549 0.3747 0.2470 0.2596 0.3169 0.3289 0.2954 0.3123 0.3523 0.3107 0.2860 0.2590 1.0000 0.2794 0.2583 0.2907 0.2777 0.2653 0.3534 0.3356 0.3096 0.3691 0.2885 0.2843 0.2637 0.3418 0.3209 0.3253 0.2763 0.2677 0.2374 0.2892 0.2977 0.3127 0.2890 0.3085 0.3229 0.3324 0.3142 0.2824 0.3215 0.2973
0.2646 0.3506 0.3057 0.2780 0.3802 0.3418 0.2560 0.3524 0.3266 0.2743 0.2590 0.2890 0.3053 0.2833 0.2380 0.2408 0.2945 0.3142 0.3323 0.2368 0.2794 1.0000 0.3103 0.3167 0.2984 0.3067 0.3371 0.3505 0.3270 0.3220 0.2930 0.3015 0.3027 0.3034 0.3431 0.2876 0.2941 0.2696 0.3081 0.3044 0.3457 0.3698 0.3489 0.2738 0.3226 0.2963 0.3079 0.3115 0.2745 0.2729
0.2750 0.2850 0.2948 0.3395 0.3247 0.3453 0.2545 0.2589 0.3269 0.3043 0.2576 0.3633 0.2776 0.2987 0.2299 0.3011 0.3458 0.3442 0.3516 0.2817 0.2583 0.3103 1.0000 0.3480 0.3595 0.2939 0.3275 0.2826 0.3321 0.3196 0.3113 0.3823 0.2584 0.2993 0.3255 0.3005 0.3015 0.2754 0.2890 0.3329 0.3095 0.3477 0.3179 0.2847 0.3151 0.2860 0.2694 0.3499 0.2938 0.3049
0.2799 0.3117 0.4036 0.2928 0.2696 0.3887 0.2876 0.2714 0.3072 0.2941 0.2809 0.3041 0.2757 0.3107 0.3195 0.3071 0.2971 0.3154 0.3394 0.3616 0.2907 0.3167 0.3480 1.0000 0.2579 0.2877 0.3027 0.3374 0.3315 0.3295 0.2875 0.3141 0.2733 0.3348 0.2887 0.3133 0.3138 0.2783 0.3302 0.2847 0.3095 0.3542 0.3125 0.3133 0.3188 0.3489 0.3147 0.2936 0.2993 0.3210
0.2733 0.3351 0.2482 0.3621 0.2938 0.2928 0.2737 0.2691 0.3322 0.2969 0.2779 0.2946 0.3599 0.3221 0.2978 0.3060 0.3440 0.2907 0.2927 0.3049 0.2777 0.2984 0.3595 0.2579 1.0000 0.2625 0.3297 0.2691 0.3440 0.2933 0.3452 0.2857 0.3167 0.2932 0.2918 0.3090 0.3940 0.2365 0.2695 0.3296 0.3463 0.2918 0.3087 0.2629 0.3168 0.2774 0.2966 0.3046 0.3139 0.2997
0.2983 0.3522 0.3407 0.3245 0.2780 0.3354 0.3138 0.3029 0.3298 0.2759 0.2463 0.3138 0.3752 0.3096 0.2755 0.2559 0.2826 0.2958 0.2895 0.3467 0.2653 0.3067 0.2939 0.2877 0.2625 1.0000 0.3076 0.3319 0.3291 0.2767 0.3296 0.2524 0.2872 0.3282 0.3435 0.3351 0.2903 0.2614 0.3036 0.3414 0.3260 0.3612 0.3207 0.3263 0.2941 0.2954 0.3452 0.3139 0.2579 0.2525
0.3250 0.3157 0.3415 0.3586 0.3739 0.3235 0.2735 0.3585 0.3687 0.3257 0.2762 0.3338 0.3159 0.4369 0.3399 0.3272 0.3534 0.3614 0.3575 0.2986 0.3534 0.3371 0.3275 0.3027 0.3297 0.3076 1.0000 0.3426 0.3781 0.4039 0.3666 0.3487 0.2580 0.3423 0.3682 0.3796 0.3583 0.2634 0.2280 0.3739 0.3334 0.3690 0.3184 0.3410 0.3382 0.3096 0.2886 0.3610 0.3071 0.3242
0.3107 0.3401 0.3214 0.3368 0.3399 0.3257 0.3066 0.3593 0.3495 0.3180 0.2621 0.3016 0.3368 0.3051 0.3299 0.2891 0.2877 0.3226 0.3134 0.3111 0.3356 0.3505 0.2826 0.3374 0.2691 0.3319 0.3426 1.0000 0.3237 0.3321 0.3337 0.2674 0.3183 0.3247 0.3570 0.3820 0.3104 0.2928 0.2862 0.3228 0.3421 0.3540 0.3276 0.3488 0.3788 0.3993 0.3799 0.3147 0.3131 0.2719
0.2757 0.3032 0.3847 0.3108 0.2830 0.3204 0.3157 0.3107 0.3478 0.3495 0.3081 0.3099 0.3094 0.3780 0.3572 0.3002 0.3047 0.3187 0.3352 0.2661 0.3096 0.3270 0.3321 0.3315 0.3440 0.3291 0.3781 0.3237 1.0000 0.2705 0.3218 0.3691 0.2889 0.3154 0.3708 0.3295 0.3678 0.3040 0.2764 0.3221 0.3522 0.3423 0.3561 0.2895 0.3336 0.3048 0.3214 0.3432 0.2914 0.3466
0.3453 0.3279 0.3204 0.3237 0.3819 0.3373 0.3122 0.2980 0.3711 0.3329 0.3071 0.3484 0.3428 0.3348 0.2832 0.3049 0.3691 0.4718 0.3751 0.2926 0.3691 0.3220 0.3196 0.3295 0.2933 0.2767 0.4039 0.3321 0.2705 1.0000 0.3388 0.3317 0.2565 0.3754 0.3858 0.3234 0.2684 0.2621 0.3124 0.3336 0.3461 0.3829 0.3050 0.3917 0.3356 0.3284 0.3319 0.3577 0.2825 0.2882
0.3413 0.2849 0.3440 0.3596 0.3119 0.3100 0.3019 0.2856 0.3223 0.3507 0.3021 0.3180 0.3516 0.3206 0.3057 0.3261 0.3304 0.3674 0.2873 0.2959 0.2885 0.2930 0.3113 0.2875 0.3452 0.3296 0.3666 0.3337 0.3218 0.3388 1.0000 0.3248 0.3274 0.3485 0.3482 0.3066 0.3113 0.2676 0.3050 0.3064 0.3206 0.3492 0.3164 0.3084 0.3062 0.3404 0.3635 0.3900 0.2386 0.3039
0.2618 0.2452 0.3791 0.3259 0.3207 0.3322 0.3004 0.2735 0.3381 0.3162 0.3200 0.3353 0.3108 0.3407 0.2715 0.2943 0.3726 0.3351 0.3174 0.2441 0.2843 0.3015 0.3823 0.3141 0.2857 0.2524 0.3487 0.2674 0.3691 0.3317 0.3248 1.0000 0.2367 0.3383 0.3355 0.2953 0.3035 0.3061 0.2960 0.3262 0.2966 0.3190 0.2869 0.3040 0.3173 0.2880 0.2847 0.3031 0.2953 0.3867
0.2998 0.3117 0.2776 0.2780 0.2942 0.3009 0.3043 0.3092 0.2594 0.2910 0.3009 0.3020 0.3164 0.3370 0.3192 0.3528 0.2765 0.2554 0.2834 0.2802 0.2637 0.3027 0.2584 0.2733 0.3167 0.2872 0.2580 0.3183 0.2889 0.2565 0.3274 0.2367 1.0000 0.2850 0.3408 0.3127 0.2796 0.2802 0.3348 0.3130 0.3180 0.3210 0.2844 0.3036 0.3167 0.3196 0.3712 0.2733 0.2573 0.2522
0.2921 0.2988 0.3454 0.3001 0.3584 0.3455 0.3580 0.2703 0.3453 0.3526 0.3365 0.3383 0.3720 0.3444 0.3423 0.3159 0.3182 0.3419 0.3319 0.3327 0.3418 0.3034 0.2993 0.3348 0.2932 0.3282 0.3423 0.3247 0.3154 0.3754 0.3485 0.3383 0.2850 1.0000 0.3524 0.3444 0.3147 0.3313 0.3099 0.3604 0.3193 0.3568 0.3613 0.3133 0.3076 0.2853 0.3490 0.3799 0.3427 0.2681
0.3114 0.3451 0.4020 0.3087 0.3325 0.3458 0.3356 0.3418 0.3966 0.3151 0.2578 0.3102 0.3819 0.3904 0.3367 0.3529 0.3424 0.3292 0.3497 0.3286 0.3209 0.3431 0.3255 0.2887 0.2918 0.3435 0.3682 0.3570 0.3708 0.3858 0.3482 0.3355 0.3408 0.3524 1.0000 0.4131 0.2965 0.2650 0.3086 0.3988 0.3724 0.4008 0.3208 0.3831 0.3223 0.3065 0.3628 0.3927 0.3057 0.3128
0.3105 0.3205 0.3206 0.3319 0.3155 0.3854 0.3260 0.3540 0.3724 0.3116 0.3101 0.2887 0.4065 0.4402 0.3410 0.4016 0.3479 0.3193 0.3691 0.3716 0.3253 0.2876 0.3005 0.3133 0.3090 0.3351 0.3796 0.3820 0.3295 0.3234 0.3066 0.2953 0.3127 0.3444 0.4131 1.0000 0.3605 0.2866 0.3137 0.4294 0.3916 0.3883 0.3197 0.4101 0.3376 0.3179 0.3571 0.3225 0.3112 0.2992
0.3303 0.3383 0.3306 0.3816 0.3152 0.3305 0.3567 0.3500 0.3152 0.2863 0.3027 0.3163 0.3319 0.3370 0.3360 0.3338 0.3193 0.2775 0.3078 0.3257 0.2763 0.2941 0.3015 0.3138 0.3940 0.2903 0.3583 0.3104 0.3678 0.2684 0.3113 0.3035 0.2796 0.3147 0.2965 0.3605 1.0000 0.2891 0.2811 0.3180 0.3155 0.3341 0.3253 0.3065 0.3266 0.2843 0.2922 0.3419 0.3532 0.3413
0.2778 0.2482 0.2668 0.2577 0.2982 0.2572 0.3023 0.2683 0.2775 0.3112 0.3463 0.3281 0.2778 0.3163 0.3076 0.2913 0.2722 0.2491 0.3223 0.2387 0.2677 0.2696 0.2754 0.2783 0.2365 0.2614 0.2634 0.2928 0.3040 0.2621 0.2676 0.3061 0.2802 0.3313 0.2650 0.2866 0.2891 1.0000 0.2799 0.3071 0.2733 0.2739 0.2991 0.2917 0.2934 0.2472 0.2935 0.2834 0.2518 0.2559
0.3287 0.3042 0.3307 0.2836 0.2854 0.3164 0.2967 0.2669 0.3003 0.3003 0.2840 0.3188 0.3171 0.2825 0.2784 0.3239 0.2726 0.3243 0.3163 0.2995 0.2374 0.3081 0.2890 0.3302 0.2695 0.3036 0.2280 0.2862 0.2764 0.3124 0.3050 0.2960 0.3348 0.3099 0.3086 0.3137 0.2811 0.2799 1.0000 0.3109 0.3663 0.3734 0.3012 0.3445 0.2795 0.3139 0.2953 0.3060 0.2735 0.2896
0.2746 0.3178 0.3252 0.3348 0.3466 0.3476 0.3780 0.3221 0.3688 0.3031 0.3202 0.3527 0.3578 0.3852 0.3541 0.3105 0.3660 0.3003 0.3098 0.3265 0.2892 0.3044 0.3329 0.2847 0.3296 0.3414 0.3739 0.3228 0.3221 0.3336 0.3064 0.3262 0.3130 0.3604 0.3988 0.4294 0.3180 0.3071 0.3109 1.0000 0.3928 0.3874 0.3476 0.4117 0.3481 0.2795 0.3672 0.3342 0.3086 0.2841
0.2723 0.3292 0.3253 0.3061 0.3081 0.3726 0.3528 0.2972 0.3693 0.3179 0.2522 0.3268 0.4105 0.3120 0.3087 0.3052 0.3229 0.3244 0.3557 0.2911 0.2977 0.3457 0.3095 0.3095 0.3463 0.3260 0.3334 0.3421 0.3522 0.3461 0.3206 0.2966 0.3180 0.3193 0.3724 0.3916 0.3155 0.2733 0.3663 0.3928 1.0000 0.3524 0.3236 0.3260 0.3727 0.2904 0.3479 0.3358 0.2644 0.2537
0.3232 0.3847 0.3813 0.3475 0.3904 0.4024 0.3218 0.3447 0.3597 0.3006 0.2823 0.3429 0.3527 0.3412 0.3053 0.3664 0.3211 0.3599 0.3693 0.2958 0.3127 0.3698 0.3477 0.3542 0.2918 0.3612 0.3690 0.3540 0.3423 0.3829 0.3492 0.3190 0.3210 0.3568 0.4008 0.3883 0.3341 0.2739 0.3734 0.3874 0.3524 1.0000 0.3796 0.3514 0.3278 0.3447 0.3457 0.3623 0.3067 0.3239
0.2853 0.3194 0.2938 0.2826 0.3058 0.3156 0.3049 0.2872 0.3067 0.2859 0.2671 0.2885 0.3549 0.2997 0.2669 0.2631 0.2813 0.2955 0.2642 0.2874 0.2890 0.3489 0.3179 0.3125 0.3087 0.3207 0.3184 0.3276 0.3561 0.3050 0.3164 0.2869 0.2844 0.3613 0.3208 0.3197 0.3253 0.2991 0.3012 0.3476 0.3236 0.3796 1.0000 0.2924 0.3280 0.2799 0.2997 0.2823 0.3371 0.2686
0.3360 0.3424 0.3122 0.3261 0.2845 0.3390 0.3347 0.3302 0.3242 0.3271 0.3251 0.3134 0.3019 0.3264 0.3280 0.2931 0.3182 0.2871 0.3073 0.3745 0.3085 0.2738 0.2847 0.3133 0.2629 0.3263 0.3410 0.3488 0.2895 0.3917 0.3084 0.3040 0.3036 0.3133 0.3831 0.4101 0.3065 0.2917 0.3445 0.4117 0.3260 0.3514 0.2924 1.0000 0.3347 0.3243 0.3754 0.2932 0.3106 0.2827
0.2852 0.2836 0.3133 0.3240 0.3063 0.3801 0.2901 0.3431 0.3393 0.2959 0.2730 0.2665 0.3052 0.3212 0.2871 0.2831 0.3778 0.3249 0.2890 0.2680 0.3229 0.3226 0.3151 0.3188 0.3168 0.2941 0.3382 0.3788 0.3336 0.3356 0.3062 0.3173 0.3167 0.3076 0.3223 0.3376 0.3266 0.2934 0.2795 0.3481 0.3727 0.3278 0.3280 0.3347 1.0000 0.3033 0.3472 0.2919 0.2859 0.2682
0.3069 0.2908 0.2795 0.3205 0.3025 0.3211 0.2508 0.3096 0.3494 0.3203 0.2790 0.2873 0.3208 0.2985 0.2952 0.3038 0.2782 0.3409 0.3148 0.2705 0.3324 0.2963 0.2860 0.3489 0.2774 0.2954 0.3096 0.3993 0.3048 0.3284 0.3404 0.2880 0.3196 0.2853 0.3065 0.3179 0.2843 0.2472 0.3139 0.2795 0.2904 0.3447 0.2799 0.3243 0.3033 1.0000 0.3878 0.3248 0.2622 0.2729
0.3237 0.3794 0.3130 0.3667 0.3335 0.3436 0.3162 0.3177 0.3744 0.3598 0.2960 0.3221 0.3475 0.3089 0.3253 0.3165 0.2971 0.3263 0.3054 0.3154 0.3142 0.3079 0.2694 0.3147 0.2966 0.3452 0.2886 0.3799 0.3214 0.3319 0.3635 0.2847 0.3712 0.3490 0.3628 0.3571 0.2922 0.2935 0.2953 0.3672 0.3479 0.3457 0.2997 0.3754 0.3472 0.3878 1.0000 0.3370 0.2839 0.2803
0.3232 0.2857 0.3398 0.3363 0.3297 0.3173 0.3244 0.3027 0.3668 0.2953 0.2431 0.3546 0.3074 0.3536 0.3406 0.3103 0.2961 0.3653 0.3380 0.2763 0.2824 0.3115 0.3499 0.2936 0.3046 0.3139 0.3610 0.3147 0.3432 0.3577 0.3900 0.3031 0.2733 0.3799 0.3927 0.3225 0.3419 0.2834 0.3060 0.3342 0.3358 0.3623 0.2823 0.2932 0.2919 0.3248 0.3370 1.0000 0.2631 0.2802
0.2579 0.3426 0.3397 0.3734 0.3421 0.3404 0.3007 0.3140 0.3122 0.2891 0.2541 0.3608 0.2943 0.3221 0.3602 0.2612 0.2928 0.2615 0.2749 0.2823 0.3215 0.2745 0.2938 0.2993 0.3139 0.2579 0.3071 0.3131 0.2914 0.2825 0.2386 0.2953 0.2573 0.3427 0.3057 0.3112 0.3532 0.2518 0.2735 0.3086 0.2644 0.3067 0.3371 0.3106 0.2859 0.2622 0.2839 0.2631 1.0000 0.3174
0.2926 0.2963 0.3984 0.3476 0.3105 0.3017 0.2866 0.2881 0.3101 0.3359 0.3187 0.3117 0.2791 0.3214 0.3141 0.3157 0.3487 0.3377 0.3234 0.2776 0.2973 0.2729 0.3049 0.3210 0.2997 0.2525 0.3242 0.2719 0.3466 0.2882 0.3039 0.3867 0.2522 0.2681 0.3128 0.2992 0.3413 0.2559 0.2896 0.2841 0.2537 0.3239 0.2686 0.2827 0.2682 0.2729 0.2803 0.2802 0.3174 1.0000
