1:	0.2035 0.0000 0.0052 0.3155 0.0045 0.1899 0.1630 0.1185 	13
2:	0.2568 0.0000 0.0688 0.2173 0.0714 0.2458 0.0158 0.1240 	14
3:	0.1591 0.0774 0.1961 0.0813 0.3115 0.1006 0.0217 0.0523 	18
4:	0.0895 0.1819 0.0662 0.0854 0.0000 0.1502 0.0460 0.3808 	11
5:	0.1036 0.3396 0.0169 0.1073 0.1370 0.1522 0.0384 0.1052 	6
6:	0.0236 0.4722 0.0591 0.0288 0.3466 0.0546 0.0008 0.0144 	17
7:	0.1000 0.0000 0.0000 0.7421 0.0000 0.0416 0.0000 0.1163 	1
8:	0.0504 0.0000 0.0273 0.3187 0.0000 0.2517 0.1000 0.2519 	1
9:	0.0000 0.0000 1.0000 0.0000 0.0000 0.0000 0.0000 0.0000 	1
10:	0.1240 0.0000 0.1154 0.1626 0.0000 0.2035 0.0201 0.3744 	1
11:	0.2793 0.0000 0.2245 0.2665 0.0000 0.2026 0.0000 0.0271 	2
12:	0.0907 0.0000 0.0956 0.1972 0.1244 0.2994 0.0193 0.1733 	8
13:	0.5964 0.0000 0.0000 0.2037 0.0000 0.0950 0.0229 0.0820 	1
